TV;KL
1.2567811012268066;4.388869285583496
0.2099134474992752;0.06301390379667282
0.12605319917201996;0.013109833002090454
0.11247327923774719;0.01049889624118805
0.10910513997077942;0.008883651345968246
0.1139306128025055;0.00923212245106697
0.111113540828228;0.009356439113616943
0.1094094067811966;0.009092945605516434
0.10789552330970764;0.009198620915412903
0.11085662245750427;0.009363293647766113
0.1121063083410263;0.009127654135227203
0.1187034323811531;0.010189637541770935
0.11165465414524078;0.008957423269748688
0.1225241869688034;0.011184357106685638
0.11296074092388153;0.009978380054235458
0.1128481850028038;0.010209091007709503
0.11090296506881714;0.009733743965625763
0.11566384136676788;0.010218746960163116
0.11286450922489166;0.00983872264623642
0.11314860731363297;0.009824201464653015
0.11349233984947205;0.009788651019334793
0.11202188581228256;0.010289058089256287
0.11296334862709045;0.010043594986200333
0.10874257981777191;0.009676478803157806
0.1136612668633461;0.009981364011764526
0.11154188215732574;0.00998087227344513
0.11242390424013138;0.009690038859844208
0.11358298361301422;0.009973481297492981
0.1104588657617569;0.009777102619409561
0.11471010744571686;0.010009489953517914
0.11054207384586334;0.00923595204949379
0.1153946965932846;0.00950845330953598
0.11689364910125732;0.010729003697633743
0.11228355765342712;0.009306378662586212
0.11570477485656738;0.010431505739688873
0.11634615808725357;0.010089319199323654
0.1111159697175026;0.009513955563306808
0.11306917667388916;0.009987372905015945
0.11592158675193787;0.010255791246891022
0.10963164269924164;0.009550374001264572
0.11754129827022552;0.010097023099660873
0.10962621122598648;0.01011693850159645
0.11948169767856598;0.010273873805999756
0.11356393247842789;0.010264981538057327
0.11129146069288254;0.009528007358312607
0.11204986274242401;0.00975579023361206
0.11163319647312164;0.009581703692674637
0.11495904624462128;0.010864857584238052
0.11669483035802841;0.010101642459630966
0.11388687789440155;0.008937440812587738
0.11091654747724533;0.00957706943154335
0.11247768998146057;0.010271720588207245
0.10795818269252777;0.009127754718065262
0.11562103033065796;0.010244656354188919
0.10863390564918518;0.008968077600002289
0.1106439158320427;0.008804310113191605
0.11879569292068481;0.010426513850688934
0.1106683760881424;0.009414702653884888
0.11959411203861237;0.010421667248010635
0.11240366846323013;0.009218741208314896
0.11712761968374252;0.010539919137954712
0.11240887641906738;0.009786643087863922
0.11372163891792297;0.009774170815944672
0.11965169757604599;0.010071057826280594
0.1178789883852005;0.01029573380947113
0.1121836006641388;0.009935982525348663
0.11499490588903427;0.010318554937839508
0.11247342824935913;0.009918950498104095
0.11364191025495529;0.009724240750074387
0.1178513839840889;0.010305974632501602
0.11260384321212769;0.009792856872081757
0.1149786189198494;0.009514402598142624
0.11274595558643341;0.009148791432380676
0.11219757795333862;0.009831015020608902
0.11327207088470459;0.009870558977127075
0.11260879039764404;0.009488843381404877
0.1121419370174408;0.009265966713428497
0.11826924234628677;0.010464932769536972
0.1164059191942215;0.010844547301530838
0.11512050777673721;0.011098820716142654
0.11809828877449036;0.010243501514196396
0.11423206329345703;0.009948257356882095
0.11291217803955078;0.009521212428808212
0.11336857825517654;0.009814873337745667
0.11340771615505219;0.01025097444653511
0.11835335195064545;0.010481040924787521
0.1125800833106041;0.009155616164207458
0.11740924417972565;0.010033279657363892
0.11549094319343567;0.010080374777317047
0.1108531504869461;0.009306304156780243
0.1163635402917862;0.010140109807252884
0.11443321406841278;0.00980057567358017
0.11149106919765472;0.009574346244335175
0.112919881939888;0.009522326290607452
0.11439773440361023;0.00991390272974968
0.11551851034164429;0.009856972843408585
0.11459759622812271;0.009662821888923645
0.11450117826461792;0.00998881459236145
0.1181909367442131;0.010389164090156555
0.11325578391551971;0.009512577205896378
0.11450158059597015;0.010230500251054764
0.11312568932771683;0.009323682636022568
0.11370334774255753;0.010141454637050629
0.11544598639011383;0.010042436420917511
0.11434990167617798;0.009963210672140121
0.11474592983722687;0.010033972561359406
0.11531003564596176;0.010358251631259918
0.1132025271654129;0.010008864104747772
0.11389561742544174;0.009310446679592133
0.11140314489603043;0.009398430585861206
0.1179903969168663;0.00994890183210373
0.11685506999492645;0.010231636464595795
0.11091980338096619;0.010176587849855423
0.10846883803606033;0.009653091430664062
0.11154958605766296;0.009212534874677658
0.11172542721033096;0.009046904742717743
0.11977684497833252;0.010432489216327667
0.11213517189025879;0.009447578340768814
0.10945828258991241;0.009650714695453644
0.11564862728118896;0.010088909417390823
0.11849246919155121;0.009988080710172653
0.11223884671926498;0.009196549654006958
0.11276654154062271;0.009298961609601974
0.1094750463962555;0.009053949266672134
0.1139795333147049;0.009733714163303375
0.11031641811132431;0.009676516056060791
0.10865117609500885;0.00904751569032669
0.11368554830551147;0.009957283735275269
0.10960136353969574;0.009154371917247772
0.11272003501653671;0.009125743061304092
0.11778678745031357;0.01011236384510994
0.11436053365468979;0.009730204939842224
0.11678668856620789;0.010556016117334366
0.11798131465911865;0.010416340082883835
0.1148194819688797;0.009353652596473694
0.109737828373909;0.009884059429168701
0.11085134744644165;0.009227853268384933
0.11830539256334305;0.010125558823347092
0.11320313811302185;0.009377628564834595
0.11770855635404587;0.010749302804470062
0.11660844832658768;0.010244794189929962
0.11998048424720764;0.011090502142906189
0.10904751718044281;0.008643992245197296
0.11480759084224701;0.010823868215084076
0.11558061838150024;0.010009914636611938
0.11710458248853683;0.01001647487282753
0.11439631134271622;0.010504484176635742
0.11171485483646393;0.009778495877981186
0.11702492833137512;0.010430634021759033
0.11685477197170258;0.0094711072742939
0.1178814023733139;0.010181762278079987
0.11308281123638153;0.009360164403915405
0.11476896703243256;0.00920228660106659
0.10991844534873962;0.008756477385759354
0.11534053087234497;0.00987604632973671
0.11427924036979675;0.00995827466249466
0.11652113497257233;0.011025842279195786
0.11744242906570435;0.01012863963842392
0.10986894369125366;0.00912584736943245
0.1123863160610199;0.009595796465873718
0.11207740008831024;0.009989526122808456
0.11285839229822159;0.009503073990345001
0.11099565029144287;0.009525932371616364
0.11115001887083054;0.009448505938053131
0.1162235364317894;0.009581170976161957
0.1143050417304039;0.00981496274471283
0.1183881163597107;0.010396935045719147
0.1164335384964943;0.010741796344518661
0.11639109998941422;0.009890679270029068
0.11638674139976501;0.010196946561336517
0.11132869124412537;0.009159080684185028
0.11824383586645126;0.01023547351360321
0.1136394813656807;0.00982104241847992
0.11211307346820831;0.010122913867235184
0.11698988825082779;0.010003481060266495
0.11700627207756042;0.01024945080280304
0.11075270175933838;0.009494014084339142
0.11142296344041824;0.009195208549499512
0.11522429436445236;0.009902238845825195
0.11689898371696472;0.010811861604452133
0.11536993086338043;0.010463554412126541
0.11769207566976547;0.010034818202257156
0.11265890300273895;0.009805198758840561
0.11396332085132599;0.009732358157634735
0.11116279661655426;0.009388390928506851
0.11443860083818436;0.010848499834537506
0.11876315623521805;0.009852275252342224
0.11932691186666489;0.009946849197149277
0.11222528666257858;0.009458206593990326
0.1127828061580658;0.009725045412778854
0.11281228810548782;0.008731856942176819
0.11661199480295181;0.010557644069194794
0.11105606704950333;0.009611032903194427
0.11537477374076843;0.009397458285093307
0.11459384113550186;0.009937625378370285
0.1151144802570343;0.009943261742591858
0.11290137469768524;0.00967206060886383
0.11024506390094757;0.009432025253772736
0.11716976016759872;0.01008598878979683
0.1169438362121582;0.010556165128946304
0.11361159384250641;0.009862560778856277
0.11115524917840958;0.010069161653518677
0.1150282546877861;0.009513616561889648
0.11633152514696121;0.009823434054851532
0.11191186308860779;0.00951676070690155
0.11674287915229797;0.00997379794716835
0.11379928886890411;0.00969751924276352
0.11092916131019592;0.009344782680273056
0.11347596347332001;0.0101318359375
0.11269058287143707;0.00948767364025116
0.11150307953357697;0.009823262691497803
0.11047787964344025;0.009566165506839752
0.11231686919927597;0.009461939334869385
0.1091366559267044;0.009442415088415146
0.11418645828962326;0.009315446019172668
0.11321425437927246;0.009465761482715607
0.11123031377792358;0.009353749454021454
0.11103471368551254;0.009800814092159271
0.11458243429660797;0.010218240320682526
0.11451958864927292;0.009678024798631668
0.1139870434999466;0.009640850126743317
0.11890214681625366;0.010543204843997955
0.11323969066143036;0.009503792971372604
0.11239991337060928;0.009554814547300339
0.11263725161552429;0.010086245834827423
0.11561228334903717;0.009782209992408752
0.11885786056518555;0.010605406016111374
0.11505545675754547;0.009876005351543427
0.11708337813615799;0.010004952549934387
0.11566634476184845;0.01004033163189888
0.11349047720432281;0.010544002056121826
0.11611604690551758;0.010336630046367645
0.1133844405412674;0.009929940104484558
0.11430275440216064;0.009469237178564072
0.11662888526916504;0.010103844106197357
0.11301034688949585;0.010253652930259705
0.11490089446306229;0.010182365775108337
0.11267490684986115;0.009325414896011353
0.12033821642398834;0.010326452553272247
0.11807884275913239;0.01045994833111763
0.11592020094394684;0.010236717760562897
0.10979969054460526;0.009356558322906494
0.1178344115614891;0.010616958141326904
0.12159702926874161;0.010609682649374008
0.11387157440185547;0.00961916521191597
0.11605103313922882;0.010130319744348526
0.11230500042438507;0.009515762329101562
0.11551325768232346;0.010226964950561523
0.1169372946023941;0.01034039631485939
0.1161472350358963;0.010119199752807617
0.11189678311347961;0.009178917855024338
0.11462858319282532;0.009296257048845291
0.11427618563175201;0.009532302618026733
0.1114828884601593;0.009920448064804077
0.11699914932250977;0.01022624596953392
0.11546794325113297;0.010066188871860504
0.116736501455307;0.010063830763101578
0.11244004219770432;0.009198781102895737
0.11309900134801865;0.009322922676801682
0.11292656511068344;0.009589031338691711
0.11188149452209473;0.009764432907104492
0.1102714091539383;0.009386993944644928
0.11473453044891357;0.009522676467895508
0.11465739458799362;0.009934920817613602
0.1148013323545456;0.00980384275317192
0.11526234447956085;0.009972449392080307
0.11614860594272614;0.010309811681509018
0.11226283758878708;0.00942646712064743
0.11468634009361267;0.009919129312038422
0.11217250674962997;0.009227465838193893
0.1154111996293068;0.009883228689432144
0.1151910200715065;0.009962070733308792
0.11463220417499542;0.010014533996582031
0.11327660828828812;0.010182168334722519
0.12025706470012665;0.01061147078871727
0.11301177740097046;0.010238207876682281
0.11352449655532837;0.009883858263492584
0.1158398985862732;0.01037653535604477
0.11828400939702988;0.011117294430732727
0.11527729779481888;0.009991053491830826
0.11783138662576675;0.011136163026094437
0.11443009972572327;0.009791150689125061
0.1165514662861824;0.010044712573289871
0.11350463330745697;0.009884588420391083
0.11474810540676117;0.010342352092266083
0.11755246669054031;0.009763102978467941
0.11364221572875977;0.010040652006864548
0.11630301177501678;0.010037027299404144
0.1115567684173584;0.009657155722379684
0.11600084602832794;0.010410726070404053
0.11497443914413452;0.009990442544221878
0.11585120856761932;0.009816206991672516
0.11348883807659149;0.009566765278577805
0.1168404370546341;0.01054605096578598
0.11570185422897339;0.010164745151996613
0.11309242993593216;0.009848631918430328
0.11455637216567993;0.010356176644563675
0.11426016688346863;0.009716331958770752
0.11353369057178497;0.00958837941288948
0.11464588344097137;0.010508492588996887
0.11461194604635239;0.009765271097421646
0.11713225394487381;0.010003019124269485
0.11546887457370758;0.009503021836280823
0.11760447174310684;0.01064121350646019
0.11603042483329773;0.010126382112503052
0.11662401258945465;0.010600026696920395
0.11450788378715515;0.010132156312465668
0.11416846513748169;0.009574659168720245
0.12159447371959686;0.010352130979299545
0.11814320832490921;0.010872632265090942
0.11675757169723511;0.01061561331152916
0.11268813908100128;0.009025555104017258
0.11228011548519135;0.009238101541996002
0.12206435948610306;0.010936912149190903
0.11224998533725739;0.009305085986852646
0.11361856758594513;0.010385394096374512
0.11240920424461365;0.010078541934490204
0.11585021018981934;0.009845878928899765
0.11166255176067352;0.009583447128534317
0.11185961961746216;0.008998814970254898
0.11459635198116302;0.009758524596691132
0.11902542412281036;0.009966414421796799
0.11388608068227768;0.010014444589614868
0.11385978758335114;0.009559035301208496
0.11375387758016586;0.009950391948223114
0.11573202908039093;0.00992155447602272
0.11604433506727219;0.010112069547176361
0.11602538824081421;0.009769409894943237
0.11191518604755402;0.009660735726356506
0.11287643015384674;0.009467609226703644
0.1150229200720787;0.009795300662517548
0.11058206856250763;0.009125329554080963
0.11709783971309662;0.01034601405262947
0.11173838376998901;0.009455390274524689
0.11732816696166992;0.010300658643245697
0.11460036039352417;0.009937483817338943
0.11435157060623169;0.009649638086557388
0.11698783189058304;0.010351937264204025
0.11146605759859085;0.00949380174279213
0.11489079892635345;0.010260306298732758
0.11626949906349182;0.010619822889566422
0.11406359076499939;0.0106290802359581
0.11494269967079163;0.010085221379995346
0.11500376462936401;0.009704072028398514
0.11498884111642838;0.010269932448863983
0.11153733730316162;0.010173209011554718
0.10973048955202103;0.009151861071586609
0.11608171463012695;0.009868200868368149
0.11688708513975143;0.01054053008556366
0.11403042823076248;0.009562380611896515
0.11748121678829193;0.009944122284650803
0.11179487407207489;0.009333409368991852
0.11656107008457184;0.010336305946111679
0.1151227205991745;0.00971493124961853
0.11550167202949524;0.01004345715045929
0.11554427444934845;0.01031874492764473
0.11294208467006683;0.009606610983610153
0.1228405013680458;0.011327937245368958
0.11270241439342499;0.010105010122060776
0.11628331243991852;0.009746253490447998
0.11717123538255692;0.010426990687847137
0.11360521614551544;0.010286573320627213
0.11747774481773376;0.010085687041282654
0.11414986848831177;0.010252028703689575
0.11382588744163513;0.009831584990024567
0.11279943585395813;0.009521272033452988
0.11639959365129471;0.01060573011636734
0.11138316988945007;0.009265653789043427
0.11539499461650848;0.010062377899885178
0.11285866796970367;0.009528055787086487
0.10873645544052124;0.009224522858858109
0.11845022439956665;0.01050800085067749
0.11154454946517944;0.009514816105365753
0.11451330780982971;0.009276453405618668
0.11896564066410065;0.01031913235783577
0.11732597649097443;0.010209903120994568
0.11741968989372253;0.00966288149356842
0.1164226084947586;0.01013357937335968
0.11581951379776001;0.009884994477033615
0.11172143369913101;0.009628891944885254
0.11390894651412964;0.009074542671442032
0.11487534642219543;0.009952284395694733
0.11258473247289658;0.00945241004228592
0.11299952864646912;0.010081134736537933
0.11597743630409241;0.01015038788318634
0.11255000531673431;0.009756796061992645
0.11426672339439392;0.0102999247610569
0.116398386657238;0.009989570826292038
0.1133219450712204;0.010159686207771301
0.11537384986877441;0.00984349474310875
0.11702471226453781;0.010720789432525635
0.11162052303552628;0.008875090628862381
0.11344099044799805;0.009918559342622757
0.11716945469379425;0.009999345988035202
0.1166929081082344;0.009830113500356674
0.11292673647403717;0.009615015238523483
0.11585398018360138;0.009738311171531677
0.11372165381908417;0.00997203215956688
0.10907189548015594;0.009066671133041382
0.11688104271888733;0.010115034878253937
0.11422465741634369;0.009682558476924896
0.11472062766551971;0.00984099879860878
0.11654825508594513;0.009983275085687637
0.11671271920204163;0.010270930826663971
0.11558634042739868;0.00954301655292511
0.11340231448411942;0.009163875132799149
0.11916767805814743;0.010170258581638336
0.11404488980770111;0.009814880788326263
0.1127360463142395;0.010083042085170746
0.11609238386154175;0.009645391255617142
0.11435046792030334;0.010051596909761429
0.11683954298496246;0.009929627180099487
0.11551599204540253;0.009967535734176636
0.11114049702882767;0.009464055299758911
0.11453603208065033;0.010101936757564545
0.11672496050596237;0.010160744190216064
0.10891475528478622;0.009833693504333496
0.1149636059999466;0.010618560016155243
0.11416774243116379;0.009604103863239288
0.11552610248327255;0.010011378675699234
0.11902741342782974;0.010163720697164536
0.11631849408149719;0.01091262698173523
0.11521291732788086;0.010075699537992477
0.11505516618490219;0.009738989174365997
0.11320029199123383;0.009341385215520859
0.11689649522304535;0.009794831275939941
0.11854287981987;0.009988520294427872
0.11502323299646378;0.009505316615104675
0.11595763266086578;0.010518670082092285
0.11464902758598328;0.009450383484363556
0.11367395520210266;0.009437110275030136
0.11281731724739075;0.00981498509645462
0.11301471292972565;0.009942460805177689
0.11538438498973846;0.010219760239124298
0.11359813809394836;0.009833138436079025
0.11126124858856201;0.009756721556186676
0.11318635195493698;0.009409736841917038
0.11978831142187119;0.010438479483127594
0.11585377156734467;0.009744841605424881
0.1127198189496994;0.010063458234071732
0.11813947558403015;0.010057833045721054
0.11748962104320526;0.010474301874637604
0.11467988044023514;0.009525857865810394
0.1131487637758255;0.009541958570480347
0.11444628983736038;0.009577427059412003
0.11669127643108368;0.01073034480214119
0.11717134714126587;0.010175816714763641
0.11458301544189453;0.010298997163772583
0.11434018611907959;0.010707419365644455
0.11602969467639923;0.010359466075897217
0.10938332974910736;0.009365063160657883
0.11263816058635712;0.009277239441871643
0.11259745061397552;0.00960838794708252
0.11343203485012054;0.009915381669998169
0.11700232326984406;0.010576751083135605
0.1152481734752655;0.010296087712049484
0.11611305922269821;0.010004304349422455
0.10991904884576797;0.00878412276506424
0.1122877225279808;0.009922642260789871
0.11578460782766342;0.009768776595592499
0.11546848714351654;0.010342199355363846
0.11260077357292175;0.010074015706777573
0.11209562420845032;0.009481701999902725
0.11524322628974915;0.009917177259922028
0.11620527505874634;0.01036544144153595
0.11430072784423828;0.009814023971557617
0.11094167828559875;0.009789839386940002
0.11253537237644196;0.009556524455547333
0.11446996033191681;0.010147765278816223
0.11395643651485443;0.009614191949367523
0.11153309792280197;0.009467463940382004
0.11472703516483307;0.01016351580619812
0.11436834931373596;0.009480275213718414
0.11605896055698395;0.00939655676484108
0.11428415030241013;0.009434398263692856
0.11629068851470947;0.010146714746952057
0.11919046938419342;0.010103132575750351
0.11816663295030594;0.00989171490073204
0.11875493824481964;0.010151922702789307
0.11511868238449097;0.009391631931066513
0.11715920269489288;0.009885817766189575
0.11977402120828629;0.01044004037976265
0.11483357846736908;0.010283689945936203
0.11903143674135208;0.010320469737052917
0.11425989866256714;0.009921349585056305
0.1089668720960617;0.008819401264190674
0.11287061870098114;0.00984145700931549
0.1137751117348671;0.009662304073572159
0.112859807908535;0.009454410523176193
0.11480928212404251;0.009941745549440384
0.1149107962846756;0.010075964033603668
0.11793243139982224;0.010287538170814514
0.11430822312831879;0.0098043754696846
0.11614303290843964;0.009934008121490479
0.11464790999889374;0.009897276759147644
0.11438417434692383;0.010496001690626144
0.11339247226715088;0.010195225477218628
0.11363343149423599;0.009948238730430603
0.11312244832515717;0.009854696691036224
0.11412313580513;0.010344471782445908
0.11402489244937897;0.009495772421360016
0.112808957695961;0.009828969836235046
0.1127023845911026;0.009136795997619629
0.11846037209033966;0.010434594005346298
0.11413247883319855;0.009453900158405304
0.11507406830787659;0.009775809943675995
0.1123281791806221;0.009957090020179749
0.11504402756690979;0.009384505450725555
0.11343660950660706;0.009553954005241394
0.11130465567111969;0.009800586849451065
0.1126050129532814;0.009494975209236145
0.11385814845561981;0.009698975831270218
0.11553886532783508;0.009675055742263794
0.11449675261974335;0.009971775114536285
0.11252395063638687;0.008905056864023209
0.11552812159061432;0.009698297828435898
0.11411742120981216;0.009448513388633728
0.114760622382164;0.010414816439151764
0.11091217398643494;0.009473301470279694
0.11307365447282791;0.009910844266414642
0.11560460925102234;0.010501679033041
0.11912190914154053;0.010385777801275253
0.11913538724184036;0.010810647159814835
0.11726204305887222;0.01010216772556305
0.11723081767559052;0.01009213924407959
0.11784383654594421;0.010096222162246704
0.11437365412712097;0.010004032403230667
0.12012401223182678;0.010462414473295212
0.11271392554044724;0.010061778128147125
0.1119460016489029;0.00951743870973587
0.11366556584835052;0.00991974025964737
0.1114489883184433;0.0099496990442276
0.11616099625825882;0.009797465056180954
0.1142374575138092;0.009788796305656433
0.1244305968284607;0.011543210595846176
0.11729396134614944;0.010436881333589554
0.12257304042577744;0.011221576482057571
0.11560158431529999;0.010396722704172134
0.112686887383461;0.009454578161239624
0.11199578642845154;0.009438220411539078
0.11276435106992722;0.0096229687333107
0.11412142217159271;0.009192850440740585
0.11622824519872665;0.009964101016521454
0.1154935285449028;0.01044359803199768
0.11195411533117294;0.009851481765508652
0.10997086763381958;0.009511835873126984
0.11707253754138947;0.010312981903553009
0.11783403158187866;0.010828398168087006
0.11809241771697998;0.0100795216858387
0.11396921426057816;0.00935780256986618
0.11495549976825714;0.009966306388378143
0.11510243266820908;0.010177087038755417
0.11341436207294464;0.009531714022159576
0.11419022083282471;0.009910933673381805
0.11509418487548828;0.010689787566661835
0.11512337625026703;0.009592104703187943
0.11385709792375565;0.009987760335206985
0.11184936761856079;0.009017650038003922
0.11737824976444244;0.01059103012084961
0.11521614342927933;0.009899035096168518
0.1161491721868515;0.01009669154882431
0.11058885604143143;0.009021330624818802
0.11414416134357452;0.009392168372869492
0.1132267415523529;0.009775899350643158
0.10879451036453247;0.009352155029773712
0.11144275963306427;0.009549684822559357
0.1140737235546112;0.009696971625089645
0.11672370135784149;0.011186107993125916
0.11457079648971558;0.010538440197706223
0.11372615396976471;0.010146122425794601
0.11351894587278366;0.009447865188121796
0.11530746519565582;0.010591838508844376
0.11333716660737991;0.009634148329496384
0.11041605472564697;0.010209005326032639
0.11561411619186401;0.010564960539340973
0.11693917959928513;0.01030508428812027
0.11821100115776062;0.010138381272554398
0.11456334590911865;0.009786128997802734
0.11370241641998291;0.010191012173891068
0.11222529411315918;0.009259883314371109
0.11669963598251343;0.00972401350736618
0.11211574077606201;0.009889516979455948
0.11428873986005783;0.009622745215892792
0.11841345578432083;0.010684020817279816
0.11512552201747894;0.01040647178888321
0.1091548353433609;0.008828721940517426
0.1126827597618103;0.010029707103967667
0.11458858102560043;0.009999807924032211
0.11368906497955322;0.010070394724607468
0.11293679475784302;0.009258769452571869
0.11622690409421921;0.00943438708782196
0.1146966740489006;0.009826697409152985
0.11693855375051498;0.010030202567577362
0.11708860099315643;0.010176453739404678
0.11803852021694183;0.011106088757514954
0.11500908434391022;0.009779635816812515
0.1143130362033844;0.010322600603103638
0.11260894685983658;0.009744498878717422
0.11337444931268692;0.009666163474321365
0.11639223992824554;0.009443901479244232
0.11266063153743744;0.009992487728595734
0.11318561434745789;0.0092339888215065
0.11322005838155746;0.009176358580589294
0.11066552251577377;0.009245593100786209
0.11256556212902069;0.010200437158346176
0.11720553040504456;0.010031573474407196
0.11109775304794312;0.009495623409748077
0.11005032062530518;0.00971267744898796
0.11351398378610611;0.00891149789094925
0.10998335480690002;0.009654320776462555
0.11572659015655518;0.009853281080722809
0.11479087173938751;0.010073371231555939
0.11798983812332153;0.010992668569087982
0.11328265070915222;0.00949348509311676
0.11511605978012085;0.009639263153076172
0.11346036195755005;0.009461242705583572
0.10919874161481857;0.009844817221164703
0.11210522800683975;0.009473826736211777
0.11462894082069397;0.010323800146579742
0.11503808945417404;0.010200165212154388
0.11512074619531631;0.010109953582286835
0.11158062517642975;0.009216643869876862
0.11434624344110489;0.010216288268566132
0.11535168439149857;0.010093919932842255
0.1133769154548645;0.009871356189250946
0.11194021999835968;0.00896916538476944
0.1108211874961853;0.009478013962507248
0.11766186356544495;0.01055172085762024
0.11266624927520752;0.010132666677236557
0.11218561977148056;0.009253732860088348
0.11527113616466522;0.010392915457487106
0.1144140213727951;0.009623661637306213
0.11720503866672516;0.010526981204748154
0.11180855333805084;0.009221866726875305
0.11567153036594391;0.009940676391124725
0.11038260161876678;0.009252727031707764
0.11438384652137756;0.009819284081459045
0.11759214103221893;0.010585401207208633
0.11651046574115753;0.009921681135892868
0.11430883407592773;0.009513892233371735
0.1129320040345192;0.010117381811141968
0.111727274954319;0.009789600968360901
0.11896409094333649;0.0101279616355896
0.11363628506660461;0.010012686252593994
0.1173255518078804;0.010318562388420105
0.11493735015392303;0.00992533564567566
0.11396197974681854;0.009982246905565262
0.11355429887771606;0.009946979582309723
0.11660418659448624;0.010214649140834808
0.1136961281299591;0.009894419461488724
0.11743799597024918;0.010006692260503769
0.12051846086978912;0.010115053504705429
0.11583980917930603;0.009777501225471497
0.1149512529373169;0.00999545305967331
0.11611731350421906;0.009872667491436005
0.11642977595329285;0.009964492172002792
0.11608827114105225;0.00948120653629303
0.11866608262062073;0.010961432009935379
0.11244818568229675;0.009768929332494736
0.11941953748464584;0.010797388851642609
0.11351705342531204;0.009335890412330627
0.11648541688919067;0.00989890843629837
0.11635319888591766;0.010049659758806229
0.11633393168449402;0.009928040206432343
0.12036869674921036;0.011323690414428711
0.11415122449398041;0.010583553463220596
0.12312302738428116;0.010517634451389313
0.11332835257053375;0.00928923487663269
0.1180155873298645;0.010433889925479889
0.11520428210496902;0.00961446762084961
0.11109520494937897;0.009655643254518509
0.11411219835281372;0.010070301592350006
0.11371250450611115;0.010175824165344238
0.11399105936288834;0.0098300501704216
0.11466828733682632;0.009918935596942902
0.1184588372707367;0.010499037802219391
0.11321375519037247;0.008893739432096481
0.1195753663778305;0.009992051869630814
0.11645155400037766;0.010623522102832794
0.11678209900856018;0.009889323264360428
0.11821602284908295;0.01057552918791771
0.11738096177577972;0.010368473827838898
0.11591650545597076;0.009482912719249725
0.11245273798704147;0.009971123188734055
0.11713210493326187;0.009809933602809906
0.11757732927799225;0.01003623753786087
0.1150532215833664;0.010033216327428818
0.11725898087024689;0.010247856378555298
0.11574660241603851;0.010112322866916656
0.11402943730354309;0.010452769696712494
0.11267611384391785;0.00954313576221466
0.11611680686473846;0.010714340955018997
0.1148693859577179;0.009892560541629791
0.11577153205871582;0.01013047993183136
0.11415476351976395;0.009421810507774353
0.11151514947414398;0.00932895764708519
0.11920573562383652;0.011160939931869507
0.11495666950941086;0.009790565818548203
0.11405980587005615;0.00975869596004486
0.11208236217498779;0.009442344307899475
0.11268818378448486;0.009784474968910217
0.12013643234968185;0.010457780212163925
0.11683958768844604;0.010048232972621918
0.12296045571565628;0.011019553989171982
0.11591348797082901;0.010048378258943558
0.11477288603782654;0.009839050471782684
0.11996006965637207;0.010137144476175308
0.11375516653060913;0.009720392525196075
0.11294501274824142;0.010556187480688095
0.12438298761844635;0.01114608347415924
0.11921052634716034;0.010220512747764587
0.11421045660972595;0.009820863604545593
0.11852622777223587;0.010543689131736755
0.11259973049163818;0.010121483355760574
0.11580391228199005;0.009381979703903198
0.1121860221028328;0.00932161882519722
0.11588113754987717;0.010450948029756546
0.11458884179592133;0.009751543402671814
0.11292366683483124;0.009667851030826569
0.11485852301120758;0.010015472769737244
0.11895886063575745;0.009911295026540756
0.1148061454296112;0.01046236976981163
0.11513088643550873;0.009693048894405365
0.11583857983350754;0.010203588753938675
0.11383527517318726;0.009434223175048828
0.11189360171556473;0.009748745709657669
0.11380060017108917;0.0098830945789814
0.11465664207935333;0.010164692997932434
0.11306429654359818;0.010363440960645676
0.11579590290784836;0.009951427578926086
0.11423373222351074;0.009673204272985458
0.1151483878493309;0.010167732834815979
0.1157677099108696;0.009622260928153992
0.11221060156822205;0.009380016475915909
0.10990139842033386;0.009687505662441254
0.11598038673400879;0.010345235466957092
0.11365017294883728;0.010691128671169281
0.11964690685272217;0.010417915880680084
0.1099320650100708;0.009477827697992325
0.11390455067157745;0.009808551520109177
0.11495132744312286;0.009442459791898727
0.11614948511123657;0.010499287396669388
0.11813467741012573;0.010670855641365051
0.11389385163784027;0.010090641677379608
0.11499769985675812;0.009521782398223877
0.11418338119983673;0.010367408394813538
0.11464014649391174;0.009511210024356842
0.11462023854255676;0.009862225502729416
0.11391499638557434;0.009995989501476288
0.11277460306882858;0.00997767224907875
0.1185370609164238;0.01029660552740097
0.1132986769080162;0.010282333940267563
0.10898648202419281;0.009194456040859222
0.11075672507286072;0.009055722504854202
0.11872212588787079;0.010862689465284348
0.1122315526008606;0.010478317737579346
0.11312159895896912;0.009752202779054642
0.11868293583393097;0.010499481111764908
0.11211234331130981;0.010276582092046738
0.1189286857843399;0.010004926472902298
0.114174023270607;0.009531538933515549
0.11176852881908417;0.009509172290563583
0.11889342218637466;0.010278798639774323
0.11369535326957703;0.009884610772132874
0.11911772191524506;0.01084667444229126
0.11356639862060547;0.009877964854240417
0.11132270097732544;0.009710893034934998
0.11374042928218842;0.010140795260667801
0.11097607016563416;0.009951405227184296
0.11501407623291016;0.009678453207015991
0.11417663097381592;0.009547624737024307
0.11898311972618103;0.011004187166690826
0.11619961261749268;0.009778693318367004
0.11346490681171417;0.009763218462467194
0.11650268733501434;0.009832292795181274
0.11530666053295135;0.010126333683729172
0.11561401933431625;0.009915444999933243
0.11742521822452545;0.01035616546869278
0.11694002151489258;0.009682197123765945
0.11595069617033005;0.010229993611574173
0.1148834303021431;0.009961523115634918
0.11449237167835236;0.010186497122049332
0.11567367613315582;0.010089997202157974
0.11318199336528778;0.009528040885925293
0.11354920268058777;0.01048218086361885
0.11438494175672531;0.010174751281738281
0.11329706013202667;0.010315604507923126
0.11601842939853668;0.010121673345565796
0.12337671965360641;0.010975029319524765
0.11420601606369019;0.009363655000925064
0.11276226490736008;0.009754016995429993
0.11345983296632767;0.00941714271903038
0.12064194679260254;0.01059769093990326
0.1178990975022316;0.0097210593521595
0.11354553699493408;0.009500831365585327
0.11033156514167786;0.009347502142190933
0.11430379748344421;0.009981762617826462
0.11513996124267578;0.010010231286287308
0.11697365343570709;0.009507760405540466
0.11729858070611954;0.010012388229370117
0.11505690217018127;0.010028671473264694
0.11290210485458374;0.009683817625045776
0.1131887137889862;0.010024495422840118
0.11424515396356583;0.010905798524618149
0.11677242815494537;0.009706012904644012
0.11449673026800156;0.009509194642305374
0.11874840408563614;0.010054551064968109
0.1137266606092453;0.009429652243852615
0.11736291646957397;0.010496746748685837
0.12087906897068024;0.01103261485695839
0.11442996561527252;0.01085011288523674
0.11523005366325378;0.010244745761156082
0.11653617024421692;0.010202579200267792
0.11640822142362595;0.009971193969249725
0.11399001628160477;0.00988847017288208
0.11394646763801575;0.010335713624954224
0.12439826130867004;0.011136949062347412
0.1159074530005455;0.009969934821128845
0.1159602701663971;0.010679997503757477
0.1127319261431694;0.00925428420305252
0.11168702691793442;0.010142218321561813
0.1124144196510315;0.010084163397550583
0.11241188645362854;0.009447641670703888
0.11593380570411682;0.009783197194337845
0.11293412744998932;0.00920284166932106
0.11869142949581146;0.011002004146575928
0.11286181211471558;0.009763341397047043
0.11709653586149216;0.010026521980762482
0.1111072450876236;0.00916685163974762
0.11318016052246094;0.009197980165481567
0.11686734110116959;0.010124027729034424
0.11524122208356857;0.00962948426604271
0.1112455427646637;0.008895669132471085
0.11203169077634811;0.009696811437606812
0.11301171779632568;0.009762503206729889
0.11854693293571472;0.010479286313056946
0.11194512248039246;0.00966734066605568
0.11682622134685516;0.009879417717456818
0.11800707131624222;0.010399699211120605
0.11220245063304901;0.009870152920484543
0.11575935781002045;0.009975515305995941
0.10920393466949463;0.009403076022863388
0.11455550789833069;0.010508738458156586
0.1114455983042717;0.009537994861602783
0.11807799339294434;0.010681863874197006
0.11586609482765198;0.010673429816961288
0.1165177971124649;0.009812165051698685
0.1158575490117073;0.010107606649398804
0.11650043725967407;0.010225672274827957
0.11551696062088013;0.010005369782447815
0.11659073829650879;0.00999818742275238
0.11307069659233093;0.009987279772758484
0.11988256871700287;0.010970689356327057
0.11513883620500565;0.009529978036880493
0.11365240812301636;0.009799428284168243
0.11638949811458588;0.009777292609214783
0.11133866012096405;0.009929109364748001
0.1134878471493721;0.010115008801221848
0.11158228665590286;0.009526249021291733
0.1168639063835144;0.0104396753013134
0.11063611507415771;0.009014610201120377
0.114566370844841;0.010410457849502563
0.11695124208927155;0.010620180517435074
0.11313772946596146;0.009742073714733124
0.11786501109600067;0.010561604052782059
0.12124554812908173;0.010889105498790741
0.11094879359006882;0.009684484452009201
0.11528844386339188;0.010510683059692383
0.11942578852176666;0.009943656623363495
0.11383036524057388;0.010509926825761795
0.1143830269575119;0.009789127856492996
0.11780203878879547;0.009872779250144958
0.11416293680667877;0.009775601327419281
0.11216627061367035;0.010061394423246384
0.1155150756239891;0.009974092245101929
0.12002376466989517;0.010787509381771088
0.11254974454641342;0.01017482578754425
0.11162042617797852;0.009349338710308075
0.11657772213220596;0.00971304252743721
0.11061358451843262;0.009616680443286896
0.11895432323217392;0.010456815361976624
0.11540007591247559;0.01024540513753891
0.11724422872066498;0.009633071720600128
0.11408156901597977;0.010005846619606018
0.11329387873411179;0.009171441197395325
0.11615525186061859;0.01028481125831604
0.11776594817638397;0.01091993972659111
0.11387056112289429;0.009635739028453827
0.11914519965648651;0.010202132165431976
0.11469074338674545;0.009801231324672699
0.11796648800373077;0.009740248322486877
0.1173648089170456;0.010481763631105423
0.11132338643074036;0.009919382631778717
0.11718790233135223;0.01008778065443039
0.11529023945331573;0.0103001669049263
0.1156768724322319;0.010781873017549515
0.11336523294448853;0.009628228843212128
0.11390474438667297;0.009860202670097351
0.11374332010746002;0.00988103449344635
0.12011556327342987;0.011786255985498428
0.11688393354415894;0.010690558701753616
0.11115506291389465;0.00977996364235878
0.11051773279905319;0.009269855916500092
0.11486617475748062;0.009931012988090515
0.11844871193170547;0.010410130023956299
0.11105790734291077;0.009530819952487946
0.11649315059185028;0.010211896151304245
0.11953914165496826;0.010396964848041534
0.11206743121147156;0.009494397789239883
0.11293212324380875;0.009859979152679443
0.11202310025691986;0.008968856185674667
0.1113521158695221;0.009520474821329117
0.1145227700471878;0.01023099571466446
0.1141294538974762;0.00963541865348816
0.11391295492649078;0.009836804121732712
0.11012504994869232;0.009500809013843536
0.1131947860121727;0.009992111474275589
0.11317788064479828;0.009437482804059982
0.11483970284461975;0.00989370048046112
0.11879045516252518;0.010407485067844391
0.11331459879875183;0.009731240570545197
0.11402362585067749;0.00937112420797348
0.11605989933013916;0.009435109794139862
0.1143520399928093;0.009478539228439331
0.11506211757659912;0.009843345731496811
0.11461038887500763;0.009960170835256577
0.11740989983081818;0.010248128324747086
0.11611588299274445;0.00997212529182434
0.11577346920967102;0.010033104568719864
0.11472884565591812;0.009915672242641449
0.1155855730175972;0.009841158986091614
0.11455515027046204;0.009700775146484375
0.11314956843852997;0.009410861879587173
0.11873631179332733;0.010600320994853973
0.1115725040435791;0.0098186694085598
0.11302511394023895;0.009488213807344437
0.11408349126577377;0.010697156190872192
0.11623983085155487;0.009675554931163788
0.12196263670921326;0.010807931423187256
0.11107494682073593;0.009807389229536057
0.1154450923204422;0.009744908660650253
0.1167164295911789;0.009844373911619186
0.11468365788459778;0.010771427303552628
0.11134257912635803;0.00958319753408432
0.11437734961509705;0.010061211884021759
0.11424426734447479;0.009921424090862274
0.11602906137704849;0.009488433599472046
0.11263619363307953;0.009528890252113342
0.11220216751098633;0.01015782356262207
0.11538390815258026;0.010308727622032166
0.11592308431863785;0.011113211512565613
0.11541782319545746;0.01019236445426941
0.11315900832414627;0.00971541553735733
0.11628276109695435;0.009428359568119049
0.11682552099227905;0.010522879660129547
0.1148814707994461;0.010923679918050766
0.11356566101312637;0.009701341390609741
0.11351946741342545;0.009929344058036804
0.1159907728433609;0.010360009968280792
0.1162288561463356;0.010231252759695053
0.11260198056697845;0.009874820709228516
0.12166233360767365;0.011009864509105682
0.11364132165908813;0.009964976459741592
0.11226648092269897;0.009508345276117325
0.11423662304878235;0.009940043091773987
0.10960850119590759;0.009158719331026077
0.11426462233066559;0.01077912375330925
0.11062837392091751;0.009784135967493057
0.11081171035766602;0.009566430002450943
0.1110239326953888;0.009926553815603256
0.11586903035640717;0.010567501187324524
0.11149846017360687;0.009808003902435303
0.11705166101455688;0.010686606168746948
0.11615714430809021;0.010141722857952118
0.11659926176071167;0.010667465627193451
0.11162638664245605;0.00909075140953064
0.1116965040564537;0.010297253727912903
0.11523062735795975;0.009695485234260559
0.11470212042331696;0.010241799056529999
0.11980223655700684;0.010394562035799026
0.11957302689552307;0.010075114667415619
0.1168626993894577;0.010037004947662354
0.11407901346683502;0.009951740503311157
0.1131797581911087;0.009709440171718597
0.11885520070791245;0.010633688420057297
0.115418940782547;0.0097229965031147
0.11284931749105453;0.009426940232515335
0.1137297973036766;0.009807854890823364
0.1141958236694336;0.009899165481328964
0.12063151597976685;0.01080402359366417
0.11632829159498215;0.010173365473747253
0.11295607686042786;0.009659118950366974
0.11549261957406998;0.010072082281112671
0.11568325757980347;0.010273061692714691
0.11273697018623352;0.010285995900630951
0.1147879958152771;0.009669143706560135
0.1132601797580719;0.009370259940624237
0.11164683103561401;0.009551625698804855
0.11290359497070312;0.009899064898490906
0.11525972187519073;0.009987421333789825
0.11051318049430847;0.009378597140312195
0.11585280299186707;0.010401628911495209
0.11395268887281418;0.009872186928987503
0.11715832352638245;0.010216943919658661
0.12198604643344879;0.011114388704299927
0.1115223616361618;0.00978410616517067
0.11899054050445557;0.010175526142120361
0.11375105381011963;0.00978059321641922
0.11532755941152573;0.009898543357849121
0.11298201233148575;0.009467069059610367
0.11247096210718155;0.00934649258852005
0.11313904076814651;0.009390577673912048
0.11409711092710495;0.009868938475847244
0.1152852326631546;0.010085482150316238
0.11072372645139694;0.009489860385656357
0.1172337457537651;0.009422041475772858
0.11751559376716614;0.010440364480018616
0.11488138139247894;0.009796708822250366
0.11568544059991837;0.009834006428718567
0.11673590540885925;0.010803218930959702
0.11348996311426163;0.010452896356582642
0.11393675208091736;0.009793385863304138
0.11718128621578217;0.010239847004413605
0.11620895564556122;0.00967763364315033
0.11407060921192169;0.010099925100803375
0.11609140038490295;0.009851563721895218
0.121181420981884;0.010348714888095856
0.11288678646087646;0.00960410013794899
0.11411236226558685;0.010485731065273285
0.1174866184592247;0.010374750941991806
0.11501911282539368;0.010419443249702454
0.11280728876590729;0.009775254875421524
0.11571034789085388;0.010158143937587738
0.11314362287521362;0.009804356843233109
0.11044395714998245;0.009592823684215546
0.11198288202285767;0.009345866739749908
0.11512598395347595;0.01010989397764206
0.11840168386697769;0.010697022080421448
0.11746414005756378;0.010107617825269699
0.11616694927215576;0.009767483919858932
0.11178003251552582;0.009975310415029526
0.1171208918094635;0.01028434932231903
0.1148151382803917;0.009733535349369049
0.11203114688396454;0.00943361222743988
0.1200140118598938;0.010464310646057129
0.10950034856796265;0.009039390832185745
0.1153070330619812;0.00964430719614029
0.11139915883541107;0.009563744068145752
0.11551640927791595;0.009909726679325104
0.11126865446567535;0.010099507868289948
0.11675304174423218;0.00975625216960907
0.11557817459106445;0.009614713490009308
0.11257340013980865;0.009127497673034668
0.11593944579362869;0.009993039071559906
0.11243580281734467;0.010140221565961838
0.11798888444900513;0.010411396622657776
0.11431236565113068;0.010325122624635696
0.11323864758014679;0.00907018780708313
0.11750571429729462;0.00984995812177658
0.1177157610654831;0.01027313619852066
0.1212448850274086;0.010901272296905518
0.11348199844360352;0.009994957596063614
0.11537188291549683;0.009760014712810516
0.11391489207744598;0.010642025619745255
0.11662174761295319;0.010161731392145157
0.1137448251247406;0.010491468012332916
0.11893440783023834;0.01027088612318039
0.12126444280147552;0.010313067585229874
0.11446461081504822;0.009468693286180496
0.11538783460855484;0.010525766760110855
0.11364622414112091;0.00970318540930748
0.11625289916992188;0.010203644633293152
0.1147117167711258;0.010037537664175034
0.11659590154886246;0.010345369577407837
0.11437320709228516;0.009945839643478394
0.1165296882390976;0.009829331189393997
0.11703888326883316;0.009937785565853119
0.1146940290927887;0.009617768228054047
0.1106414645910263;0.009703438729047775
0.11357724666595459;0.009852815419435501
0.11463850736618042;0.009665727615356445
0.11512847244739532;0.010115083307027817
0.11116144806146622;0.009713824838399887
0.11246595531702042;0.009689927101135254
0.11482144892215729;0.010379236191511154
0.1129998117685318;0.010096479207277298
0.11052994430065155;0.009656094014644623
0.11777649819850922;0.010232783854007721
0.1143176406621933;0.010010246187448502
0.11129237711429596;0.009786102920770645
0.11421650648117065;0.009861979633569717
0.11088074743747711;0.010040011256933212
0.11627309024333954;0.010040149092674255
0.11362053453922272;0.010175283998250961
0.1151769608259201;0.0106181800365448
0.12136927992105484;0.010628931224346161
0.115684874355793;0.009728111326694489
0.11513560265302658;0.01043962687253952
0.1131114661693573;0.010145563632249832
0.1113283634185791;0.009882356971502304
0.11270827800035477;0.009629763662815094
0.11666973680257797;0.010279309004545212
0.11571170389652252;0.010144196450710297
0.11115849018096924;0.010059785097837448
0.11543256789445877;0.0105355903506279
0.11631353199481964;0.009866546839475632
0.11119912564754486;0.009976822882890701
0.11127309501171112;0.010203659534454346
0.1189710795879364;0.010557439178228378
0.11783139407634735;0.009816944599151611
0.1196412444114685;0.010637927800416946
0.11345750093460083;0.010333683341741562
0.11429230868816376;0.010003924369812012
0.11155766993761063;0.009937409311532974
0.11471126973628998;0.009914703667163849
0.11510562896728516;0.010233495384454727
0.11542192101478577;0.00963371992111206
0.11194472014904022;0.009648948907852173
0.1123584657907486;0.010194208472967148
0.11327506601810455;0.010441303253173828
0.10910845547914505;0.009053200483322144
0.11592273414134979;0.010035626590251923
0.11946181952953339;0.011162705719470978
0.1130693256855011;0.010173473507165909
0.11477256566286087;0.009435679763555527
0.11219948530197144;0.009913608431816101
0.11137014627456665;0.009890742599964142
0.11085626482963562;0.009280703961849213
0.11576969176530838;0.010420296341180801
0.1155063658952713;0.010072216391563416
0.11549827456474304;0.01033218577504158
0.11184412986040115;0.010100223124027252
0.11248549818992615;0.00955527275800705
0.1128775104880333;0.009472008794546127
0.1162567213177681;0.009653210639953613
0.11688581109046936;0.01064719632267952
0.11745945364236832;0.00996200367808342
0.11457866430282593;0.01003706082701683
0.11187785118818283;0.010435018688440323
0.11680397391319275;0.010378643870353699
0.11767592281103134;0.010449361056089401
0.11277733743190765;0.009755648672580719
0.11525016278028488;0.009654324501752853
0.11342597007751465;0.010058760643005371
0.11164580285549164;0.009751800447702408
0.11321049928665161;0.009824633598327637
0.11531678587198257;0.009768590331077576
0.11282810568809509;0.009843427687883377
0.1136554703116417;0.009573660790920258
0.11292560398578644;0.010182347148656845
0.1189509928226471;0.010668233036994934
0.11483007669448853;0.009806975722312927
0.11147372424602509;0.009779438376426697
0.11570408195257187;0.010455511510372162
0.11505699157714844;0.009212374687194824
0.11376621574163437;0.009500939399003983
0.11181269586086273;0.00989837571978569
0.11477749049663544;0.010433293879032135
0.11273728311061859;0.009950496256351471
0.10917245596647263;0.009889747947454453
0.11989980936050415;0.009963270276784897
0.11885598301887512;0.010304585099220276
0.11107151210308075;0.010395266115665436
0.11490345001220703;0.009983520954847336
0.11494264751672745;0.009898591786623001
0.11711834371089935;0.010397866368293762
0.12339995056390762;0.011200208216905594
0.11165141314268112;0.009564574807882309
0.11434821784496307;0.010332159698009491
0.11411052197217941;0.01003948226571083
0.11679688096046448;0.010328546166419983
0.11307761073112488;0.010385699570178986
0.11571536958217621;0.009827185422182083
0.11629252135753632;0.009728901088237762
0.11449600756168365;0.009865283966064453
0.117686428129673;0.010364700108766556
0.115035779774189;0.010264329612255096
0.11529960483312607;0.009422972798347473
0.11682680249214172;0.011018477380275726
0.11491262912750244;0.010578591376543045
0.11631500720977783;0.009632579982280731
0.11279710382223129;0.009163837879896164
0.11504548788070679;0.010339409112930298
0.11692911386489868;0.010317247360944748
0.11614171415567398;0.010235622525215149
0.11819145828485489;0.011246513575315475
0.11578753590583801;0.009961642324924469
0.11836491525173187;0.010338466614484787
0.11508573591709137;0.010184265673160553
0.116111159324646;0.010551877319812775
0.11651021242141724;0.009858932346105576
0.11692339181900024;0.010344177484512329
0.11404094099998474;0.009494267404079437
0.1141965240240097;0.00997980311512947
0.11416373401880264;0.00969913974404335
0.11806336045265198;0.010133303701877594
0.11792661249637604;0.010185733437538147
0.11226829886436462;0.009812410920858383
0.11480177938938141;0.00992625206708908
0.11338788270950317;0.009566962718963623
0.11699951440095901;0.009594447910785675
0.11323173344135284;0.01018686592578888
0.1117529571056366;0.009726107120513916
0.11968901753425598;0.010122574865818024
0.11101663112640381;0.009028784930706024
0.11499537527561188;0.009755413979291916
0.11863839626312256;0.009687703102827072
0.11279517412185669;0.01027599349617958
0.11477501690387726;0.010314323008060455
0.1164894849061966;0.009970773011446
0.1106666848063469;0.009704161435365677
0.11323260515928268;0.009398043155670166
0.11170416325330734;0.009322844445705414
0.11518927663564682;0.009797640144824982
0.11718599498271942;0.01010950654745102
0.11300545930862427;0.01047954335808754
0.11199450492858887;0.009422335773706436
0.11643373966217041;0.009959757328033447
0.11808591336011887;0.010827504098415375
0.11246369034051895;0.009467408061027527
0.11520460993051529;0.010629471391439438
0.11488604545593262;0.010116931051015854
0.11568643897771835;0.01071036234498024
0.1159239411354065;0.010897442698478699
0.11115145683288574;0.009702116250991821
0.11856510490179062;0.010786831378936768
0.11366496235132217;0.009859725832939148
0.1125764325261116;0.009782172739505768
0.11620637029409409;0.010004781186580658
0.10995177924633026;0.009402275085449219
0.11706246435642242;0.010617446154356003
0.11787080764770508;0.010232362896203995
0.11828458309173584;0.009951286017894745
0.11483541131019592;0.010505348443984985
0.11493751406669617;0.009669791907072067
0.11619032919406891;0.010480351746082306
0.11780338734388351;0.010262057185173035
0.10956187546253204;0.009762514382600784
0.11527273058891296;0.010129626840353012
0.11291605234146118;0.010145202279090881
0.11268636584281921;0.00983208417892456
0.116082102060318;0.01011567935347557
0.11597541719675064;0.010302230715751648
0.11544428765773773;0.009692031890153885
0.11299507319927216;0.009692445397377014
0.11739000678062439;0.009966172277927399
0.11377096176147461;0.010000709444284439
0.11012428998947144;0.00942276418209076
0.11735278367996216;0.009975548833608627
0.11331960558891296;0.01015554741024971
0.11246493458747864;0.009580090641975403
0.11359338462352753;0.009819507598876953
0.11789385229349136;0.010580353438854218
0.11785731464624405;0.010578207671642303
0.11942658573389053;0.010341141372919083
0.11398977786302567;0.009705454111099243
0.11595559865236282;0.01022094115614891
0.11142528802156448;0.009056750684976578
0.11588255316019058;0.010054346174001694
0.11419615149497986;0.010572567582130432
0.11487823724746704;0.009620994329452515
0.11488258093595505;0.010365437716245651
0.11452197283506393;0.009851552546024323
0.11387799680233002;0.010284971445798874
0.11655154824256897;0.009605862200260162
0.1139996275305748;0.009883258491754532
0.11503182351589203;0.010085806250572205
0.11344806849956512;0.009416412562131882
0.11795653402805328;0.01056274026632309
0.11384895443916321;0.010085947811603546
0.11471906304359436;0.010458048433065414
0.11932208389043808;0.010622233152389526
0.11131779104471207;0.009095598012208939
0.11999960243701935;0.010148435831069946
0.11461934447288513;0.009392347186803818
0.11553025245666504;0.010303206741809845
0.11683094501495361;0.009908247739076614
0.1204519122838974;0.011188775300979614
0.11614109575748444;0.010314717888832092
0.11857827007770538;0.010894715785980225
0.11391601711511612;0.009468980133533478
0.11758100241422653;0.010544512420892715
0.11548091471195221;0.009991947561502457
0.1180679202079773;0.010098140686750412
0.11775065958499908;0.009769909083843231
0.11361059546470642;0.011270355433225632
0.11861441284418106;0.010828733444213867
0.1120385155081749;0.00990542396903038
0.12078836560249329;0.01006525382399559
0.1118028461933136;0.009255301207304
0.1190057247877121;0.010439258068799973
0.11493762582540512;0.009730041027069092
0.11431723833084106;0.009589899331331253
0.11673883348703384;0.009738288819789886
0.11183471977710724;0.009282011538743973
0.11020322144031525;0.00910276547074318
0.11354662477970123;0.009326152503490448
0.11326350271701813;0.010344341397285461
0.11691679060459137;0.010110005736351013
0.11448344588279724;0.009745225310325623
0.11232021450996399;0.009490732103586197
0.11358734220266342;0.009561054408550262
0.11766663193702698;0.011156521737575531
0.1175779178738594;0.010315846651792526
0.11811122298240662;0.010002784430980682
0.11063625663518906;0.0098341703414917
0.11677499860525131;0.010224800556898117
0.11412157118320465;0.009552184492349625
0.1183646097779274;0.009781882166862488
0.116581991314888;0.010860048234462738
0.11368826031684875;0.009762726724147797
0.11407741159200668;0.0098075270652771
0.11118528246879578;0.009639564901590347
0.11995638161897659;0.01046309620141983
0.11549985408782959;0.010276112705469131
0.11240342259407043;0.009898293763399124
0.12041030824184418;0.010056879371404648
0.11421810835599899;0.009431470185518265
0.11021383851766586;0.00954030454158783
0.11480355262756348;0.010178439319133759
0.11176741123199463;0.00975615531206131
0.11415764689445496;0.009597066789865494
0.11581829935312271;0.009293518960475922
0.11686282604932785;0.009910490363836288
0.112547367811203;0.009512525051832199
0.11527232825756073;0.009145677089691162
0.11443948745727539;0.009791526943445206
0.1126737892627716;0.009896963834762573
0.11434033513069153;0.009446974843740463
0.1131717711687088;0.009635284543037415
0.11506473273038864;0.010327287018299103
0.11562914401292801;0.010275423526763916
0.11541640758514404;0.009623158723115921
0.11039011925458908;0.00891796499490738
0.1174340546131134;0.010425575077533722
0.11508038640022278;0.009669221937656403
0.11529155820608139;0.010338272899389267
0.11994549632072449;0.010264337062835693
0.11242946982383728;0.00877954438328743
0.11558052152395248;0.01022908091545105
