TV;KL
1.4740687608718872;6.675093173980713
0.5184347629547119;0.3054724633693695
0.5139312744140625;0.2515890300273895
0.5140436291694641;0.2473757266998291
0.5126570463180542;0.24587640166282654
0.5142405033111572;0.24651961028575897
0.5130301117897034;0.246077761054039
0.5151757001876831;0.24777568876743317
0.5127779245376587;0.24653905630111694
0.5128574371337891;0.24567334353923798
0.5126206278800964;0.24611257016658783
0.5119394063949585;0.24606359004974365
0.5117366909980774;0.24649691581726074
0.5120769739151001;0.24543556571006775
0.5137696266174316;0.2465067207813263
0.5132911801338196;0.24659490585327148
0.5122492909431458;0.24562875926494598
0.5120874047279358;0.24611514806747437
0.5134913921356201;0.24673938751220703
0.5121161937713623;0.24608923494815826
0.5118953585624695;0.24559733271598816
0.512658953666687;0.24573031067848206
0.5125505328178406;0.24560511112213135
0.5112957954406738;0.24562311172485352
0.5114522576332092;0.24568140506744385
0.5119382739067078;0.24617451429367065
0.5119594931602478;0.24619457125663757
0.5133990049362183;0.2457352578639984
0.5116307139396667;0.24578037858009338
0.5121620297431946;0.24588815867900848
0.5120261907577515;0.24622243642807007
0.5120300054550171;0.24567921459674835
0.5119122266769409;0.24650709331035614
0.5136913657188416;0.24606521427631378
0.5118370056152344;0.2464887499809265
0.5148173570632935;0.2464952915906906
0.5129794478416443;0.245548278093338
0.5121108889579773;0.24575099349021912
0.5129024982452393;0.24595484137535095
0.5119772553443909;0.24570918083190918
0.5118285417556763;0.24567626416683197
0.5119166970252991;0.24609576165676117
0.5116021037101746;0.24557732045650482
0.511553943157196;0.24496705830097198
0.5148980617523193;0.2452762871980667
0.5118474960327148;0.24508623778820038
0.5161640644073486;0.2456953227519989
0.5123902559280396;0.24580393731594086
0.5132237076759338;0.2467198669910431
0.5131998062133789;0.24589450657367706
0.5142061710357666;0.24565425515174866
0.513565719127655;0.24602994322776794
0.5113571286201477;0.24491667747497559
0.5111855864524841;0.2453715205192566
0.5130650997161865;0.2455635517835617
0.5115392804145813;0.2450931817293167
0.5137420296669006;0.2463369518518448
0.514724612236023;0.2450990080833435
0.5135820508003235;0.2462296485900879
0.5114321112632751;0.2457129806280136
0.5114426612854004;0.2456953227519989
0.5124093890190125;0.24554648995399475
0.5149357914924622;0.24584808945655823
0.5125707387924194;0.24544230103492737
0.5162710547447205;0.2457757294178009
0.5138062834739685;0.24568679928779602
0.5113646984100342;0.24516883492469788
0.5109651684761047;0.24597018957138062
0.5117842555046082;0.24540597200393677
0.5139647722244263;0.2454427033662796
0.5125146508216858;0.24630707502365112
0.5118898153305054;0.24572797119617462
0.5116656422615051;0.24558989703655243
0.5118119716644287;0.2450314313173294
0.5130999088287354;0.24556642770767212
0.5128259658813477;0.24540717899799347
0.5125330090522766;0.24446961283683777
0.5116767287254333;0.2458978295326233
0.5112146735191345;0.24516402184963226
0.5114915370941162;0.24491067230701447
0.5167628526687622;0.24499455094337463
0.5112720727920532;0.2455817312002182
0.5127190947532654;0.24575060606002808
0.5125318169593811;0.2452145367860794
0.5136288404464722;0.24613690376281738
0.5110665559768677;0.24483472108840942
0.5127840638160706;0.24584226310253143
0.5119050145149231;0.24514561891555786
0.5126684904098511;0.24579906463623047
0.5114193558692932;0.24527893960475922
0.5120480060577393;0.2458564043045044
0.5113063454627991;0.2448437213897705
0.5122562646865845;0.24537332355976105
0.5122556090354919;0.24577626585960388
0.5116692781448364;0.24579444527626038
0.511305570602417;0.24595381319522858
0.511232316493988;0.2452971339225769
0.5113716125488281;0.24592053890228271
0.5110539793968201;0.24543826282024384
0.5111703872680664;0.24507524073123932
0.511336624622345;0.24565348029136658
0.5114215016365051;0.24621205031871796
0.5117116570472717;0.245488703250885
0.5114117860794067;0.2451808601617813
0.5111067295074463;0.245123952627182
0.5117361545562744;0.24619673192501068
0.511695146560669;0.24637103080749512
0.5122251510620117;0.24563542008399963
0.511569619178772;0.24620561301708221
0.5119105577468872;0.24552294611930847
0.5139526724815369;0.24556630849838257
0.5141262412071228;0.24539215862751007
0.5128690004348755;0.24548882246017456
0.513111412525177;0.2451775074005127
0.5118587017059326;0.2452937364578247
0.5121699571609497;0.24558977782726288
0.5142231583595276;0.24538929760456085
0.511588454246521;0.24500833451747894
0.5116073489189148;0.24519994854927063
0.5115517377853394;0.24574598670005798
0.5110228061676025;0.24455121159553528
0.5121335983276367;0.2454160749912262
0.5110726952552795;0.24573419988155365
0.511658251285553;0.2453005462884903
0.5133836269378662;0.2450658231973648
0.5113866925239563;0.2455054223537445
0.5113173127174377;0.24491733312606812
0.5114561915397644;0.2449033558368683
0.5125857591629028;0.24541766941547394
0.5107731223106384;0.2448202222585678
0.5149341225624084;0.24532833695411682
0.5116041302680969;0.24539929628372192
0.512427806854248;0.2452036738395691
0.5111145377159119;0.24521146714687347
0.5106207728385925;0.24478836357593536
0.5112062096595764;0.24521474540233612
0.5109654664993286;0.2451537698507309
0.5112401247024536;0.2444547861814499
0.5115429162979126;0.24476152658462524
0.5116747617721558;0.2451276332139969
0.5129972100257874;0.24515122175216675
0.5130077600479126;0.24549220502376556
0.5112144947052002;0.24487856030464172
0.510812520980835;0.24543899297714233
0.5117611885070801;0.24561229348182678
0.5112176537513733;0.24435490369796753
0.5117771625518799;0.24509291350841522
0.5107600092887878;0.24588312208652496
0.5113310813903809;0.24587997794151306
0.5108968019485474;0.24441944062709808
0.5105501413345337;0.24458056688308716
0.5118358135223389;0.24555844068527222
0.5105868577957153;0.244395911693573
0.5113490223884583;0.24506913125514984
0.511405885219574;0.24539589881896973
0.5121013522148132;0.24564409255981445
0.5120458006858826;0.24525633454322815
0.5136274099349976;0.24583175778388977
0.511677622795105;0.24515506625175476
0.5128520727157593;0.24546363949775696
0.5114433169364929;0.24537785351276398
0.5105350613594055;0.2458302229642868
0.5146961212158203;0.24615828692913055
0.5113884806632996;0.24533706903457642
0.5117014050483704;0.2446279674768448
0.511065661907196;0.24480170011520386
0.5110394358634949;0.24477329850196838
0.5108619332313538;0.24494382739067078
0.51104736328125;0.24472473561763763
0.5129613876342773;0.24525289237499237
0.5128929018974304;0.2455938160419464
0.5114741921424866;0.2454526126384735
0.5111740827560425;0.24593991041183472
0.514022946357727;0.24523644149303436
0.5111007690429688;0.2451973557472229
0.5117367506027222;0.2450554072856903
0.5125808119773865;0.2454712837934494
0.5116351842880249;0.24535584449768066
0.5112219452857971;0.24583442509174347
0.5111249685287476;0.24384815990924835
0.5117340683937073;0.24506694078445435
0.5126845836639404;0.24561575055122375
0.5111148953437805;0.2462765872478485
0.5123142600059509;0.24519644677639008
0.5122836828231812;0.24559339880943298
0.5113747119903564;0.24493402242660522
0.5121184587478638;0.2452763468027115
0.5123381614685059;0.2447216957807541
0.5127506852149963;0.24553383886814117
0.5112401843070984;0.24503269791603088
0.5103912949562073;0.24465590715408325
0.5110287070274353;0.24440810084342957
0.5111658573150635;0.2453460693359375
0.511223316192627;0.24524253606796265
0.512608528137207;0.2455196976661682
0.5121801495552063;0.2455207109451294
0.5109966993331909;0.2449515461921692
0.5105271935462952;0.24467319250106812
0.5117678046226501;0.24475353956222534
0.5124441385269165;0.24498163163661957
0.5123767852783203;0.24516981840133667
0.5127291679382324;0.24499854445457458
0.5132236480712891;0.24520617723464966
0.510909914970398;0.2443801909685135
0.5126780867576599;0.24538947641849518
0.5148149728775024;0.24627086520195007
0.512824535369873;0.24482038617134094
0.5111591815948486;0.24511614441871643
0.5138199925422668;0.24596813321113586
0.5156316757202148;0.24542661011219025
0.5137358903884888;0.24529367685317993
0.51100754737854;0.24501805007457733
0.5141024589538574;0.24503415822982788
0.5112591981887817;0.24503767490386963
0.5108658671379089;0.24478153884410858
0.5123345255851746;0.24559105932712555
0.5126791000366211;0.24492089450359344
0.5106140971183777;0.2443811297416687
0.513595700263977;0.24503032863140106
0.5110153555870056;0.24505561590194702
0.5118118524551392;0.24515677988529205
0.5106370449066162;0.2442953735589981
0.510863721370697;0.24524998664855957
0.5131634473800659;0.244472935795784
0.5107971429824829;0.24470588564872742
0.5119202136993408;0.24463900923728943
0.5113468766212463;0.24366217851638794
0.5125196576118469;0.2446274757385254
0.5115306973457336;0.2438652515411377
0.5148009061813354;0.24460411071777344
0.5129505395889282;0.24585139751434326
0.5111961960792542;0.24525851011276245
0.5112219452857971;0.24419638514518738
0.510407030582428;0.24522782862186432
0.5142339468002319;0.24453555047512054
0.5103443264961243;0.2444857805967331
0.5108357071876526;0.24515889585018158
0.5163853168487549;0.2449204921722412
0.5102133750915527;0.24498769640922546
0.5134980082511902;0.24505792558193207
0.512516975402832;0.2444816678762436
0.5102880597114563;0.24412402510643005
0.5103570222854614;0.24445755779743195
0.5108959674835205;0.24485331773757935
0.5130594372749329;0.24431303143501282
0.5132244229316711;0.24497511982917786
0.5107272863388062;0.24487105011940002
0.5101703405380249;0.2444833666086197
0.5141948461532593;0.2455795705318451
0.5113091468811035;0.24461686611175537
0.5117354393005371;0.24521860480308533
0.5101980566978455;0.24421678483486176
0.5102453231811523;0.2446511685848236
0.5099469423294067;0.2444567084312439
0.5106527805328369;0.2441844344139099
0.510831356048584;0.24434012174606323
0.5143665075302124;0.2443600445985794
0.5103045105934143;0.24511165916919708
0.5146040916442871;0.2453894019126892
0.5110674500465393;0.2445835918188095
0.5100908279418945;0.24515989422798157
0.5128222107887268;0.2445402294397354
0.5101107358932495;0.2436712235212326
0.5100981593132019;0.2436486780643463
0.5102329850196838;0.24426737427711487
0.5099504590034485;0.2431991845369339
0.5102105140686035;0.24482259154319763
0.5101397037506104;0.24396757781505585
0.5099396705627441;0.2454104721546173
0.5112784504890442;0.24490565061569214
0.5134377479553223;0.2441035658121109
0.5102588534355164;0.24409542977809906
0.5106281042098999;0.24454312026500702
0.5127606391906738;0.24535804986953735
0.5116426348686218;0.24560679495334625
0.5107057690620422;0.2442871332168579
0.5130186080932617;0.2448170930147171
0.5098519325256348;0.24484480917453766
0.510058581829071;0.24399015307426453
0.510114312171936;0.24429596960544586
0.5104802250862122;0.24482883512973785
0.5102108716964722;0.244209885597229
0.5105184316635132;0.2445710152387619
0.5120390057563782;0.2456933706998825
0.5101633667945862;0.2440967559814453
0.510936975479126;0.24444904923439026
0.5127518773078918;0.24455705285072327
0.5111718773841858;0.2442673295736313
0.511139988899231;0.24444016814231873
0.5097970962524414;0.24377526342868805
0.5115665197372437;0.24413305521011353
0.5102331042289734;0.24452196061611176
0.5119073987007141;0.2438722550868988
0.5107223987579346;0.2444353699684143
0.5143315196037292;0.2442399114370346
0.5108252167701721;0.24428825080394745
0.5102126002311707;0.2436092048883438
0.5102903246879578;0.24402320384979248
0.5101157426834106;0.24396654963493347
0.5100854635238647;0.24381811916828156
0.5100155472755432;0.24412374198436737
0.5098586678504944;0.24406138062477112
0.511634349822998;0.24462205171585083
0.5113003849983215;0.24371732771396637
0.5104060173034668;0.24456031620502472
0.5107828378677368;0.2436797320842743
0.5122101902961731;0.24392250180244446
0.5102471709251404;0.2452716827392578
0.5101215839385986;0.24367773532867432
0.5096150040626526;0.24378888309001923
0.5104449987411499;0.24388465285301208
0.5101626515388489;0.244238942861557
0.5103912353515625;0.24399474263191223
0.5098690390586853;0.24397611618041992
0.510265052318573;0.24337728321552277
0.5105822086334229;0.24440406262874603
0.511480450630188;0.24412748217582703
0.5104663968086243;0.24405743181705475
0.5129051804542542;0.24404485523700714
0.5120813846588135;0.24434903264045715
0.5106722712516785;0.24408961832523346
0.5097140073776245;0.2440042793750763
0.5099161267280579;0.2439725697040558
0.511624813079834;0.24363571405410767
0.5100820660591125;0.24467521905899048
0.513661801815033;0.2436111569404602
0.5103801488876343;0.2438402622938156
0.5112920999526978;0.24328330159187317
0.5116050839424133;0.24349118769168854
0.5121113061904907;0.24398043751716614
0.5098050832748413;0.24412375688552856
0.5094138979911804;0.24294807016849518
0.5114505887031555;0.2445843368768692
0.5126329064369202;0.2438974380493164
0.510686457157135;0.24504241347312927
0.5125752687454224;0.24450594186782837
0.5142704844474792;0.2443653643131256
0.5123280882835388;0.243831068277359
0.5099707841873169;0.24486789107322693
0.5115381479263306;0.24415938556194305
0.5094096660614014;0.24334168434143066
0.509303867816925;0.24433304369449615
0.5103968381881714;0.24436214566230774
0.5102646350860596;0.24452462792396545
0.5095419883728027;0.2437966763973236
0.5108239054679871;0.2434598207473755
0.5100575685501099;0.24418507516384125
0.5120168328285217;0.24464766681194305
0.5124607086181641;0.24321457743644714
0.5097249150276184;0.2439098358154297
0.5093380212783813;0.24385035037994385
0.5092957019805908;0.24323686957359314
0.5107855200767517;0.24307000637054443
0.5115780234336853;0.24412275850772858
0.5098401308059692;0.24422529339790344
0.5104932188987732;0.24365383386611938
0.510781466960907;0.24416111409664154
0.5099737644195557;0.24422027170658112
0.5093840956687927;0.24375779926776886
0.5101525187492371;0.24352359771728516
0.5104339718818665;0.24364125728607178
0.5111210346221924;0.24367092549800873
0.5102295279502869;0.2440710812807083
0.5101938247680664;0.2437729835510254
0.5098843574523926;0.24398165941238403
0.5099257230758667;0.24350878596305847
0.5105642676353455;0.2432573437690735
0.5109237432479858;0.24380497634410858
0.5108243823051453;0.24410836398601532
0.5094214677810669;0.2439819723367691
0.5101388692855835;0.24353213608264923
0.5129162073135376;0.24399559199810028
0.5122995376586914;0.24396607279777527
0.50992751121521;0.24393649399280548
0.5102468132972717;0.24419066309928894
0.5097999572753906;0.24349871277809143
0.5114230513572693;0.24406369030475616
0.5117161273956299;0.24370111525058746
0.5103757381439209;0.24368628859519958
0.5102302432060242;0.24369476735591888
0.5112445950508118;0.24450333416461945
0.5106922388076782;0.24334295094013214
0.5108852982521057;0.24406863749027252
0.5092500448226929;0.24252808094024658
0.511490523815155;0.24409539997577667
0.5095730423927307;0.24415838718414307
0.5106175541877747;0.24400976300239563
0.5109575390815735;0.2430323213338852
0.5111513733863831;0.24385617673397064
0.508897602558136;0.2435043603181839
0.5137202739715576;0.2438211441040039
0.5087974071502686;0.24333298206329346
0.5092096328735352;0.24380287528038025
0.5088868141174316;0.24309313297271729
0.511670708656311;0.2431076467037201
0.5089812874794006;0.24420908093452454
0.5091528296470642;0.24321100115776062
0.5088443160057068;0.24368435144424438
0.5094090700149536;0.24316425621509552
0.5101722478866577;0.24297142028808594
0.5116140246391296;0.24322067201137543
0.510332465171814;0.24468792974948883
0.5097178816795349;0.24278147518634796
0.5091351866722107;0.24248731136322021
0.509218692779541;0.2426176369190216
0.5108453631401062;0.24433857202529907
0.5108590126037598;0.2434260994195938
0.5089483857154846;0.24338126182556152
0.5100252032279968;0.24212348461151123
0.5086560249328613;0.2433120161294937
0.511328399181366;0.24404865503311157
0.5107292532920837;0.24349135160446167
0.5125414729118347;0.2433505356311798
0.5091555714607239;0.24327310919761658
0.5091755390167236;0.24313083291053772
0.5087825059890747;0.24331901967525482
0.5122890472412109;0.24285641312599182
0.5106154680252075;0.24335697293281555
0.5123798251152039;0.2434312254190445
0.5128863453865051;0.24378128349781036
0.5166138410568237;0.24390800297260284
0.5092282295227051;0.2437530905008316
0.5091277360916138;0.24348768591880798
0.509014368057251;0.24344098567962646
0.5107386112213135;0.24432480335235596
0.5091782808303833;0.24296365678310394
0.5149641633033752;0.2444494217634201
0.5089694857597351;0.24294966459274292
0.5088385343551636;0.24279242753982544
0.5095524787902832;0.24324366450309753
0.5097318291664124;0.2429594248533249
0.5098556280136108;0.24321499466896057
0.5087752938270569;0.24357503652572632
0.5093453526496887;0.24276070296764374
0.5094155073165894;0.24283349514007568
0.5097979307174683;0.24309414625167847
0.5120401978492737;0.24256539344787598
0.5097682476043701;0.24340598285198212
0.5103941559791565;0.24323926866054535
0.5103971362113953;0.24286620318889618
0.5120002031326294;0.24282607436180115
0.5097576379776001;0.24341639876365662
0.5089747905731201;0.24225276708602905
0.5117366909980774;0.2436148077249527
0.5097172856330872;0.2423170804977417
0.5084927678108215;0.2435201108455658
0.5092372894287109;0.2429567128419876
0.5168067216873169;0.2437063455581665
0.5086396932601929;0.24290311336517334
0.5092815160751343;0.24263793230056763
0.5088624358177185;0.24300126731395721
0.509094774723053;0.24243712425231934
0.5089132785797119;0.24222305417060852
0.5089702606201172;0.2423281967639923
0.5093775987625122;0.2425893098115921
0.5081747174263;0.2422269731760025
0.5084442496299744;0.24294927716255188
0.5090577602386475;0.24303266406059265
0.5120617151260376;0.2430516928434372
0.5089309215545654;0.24328719079494476
0.5087366700172424;0.24308070540428162
0.5102016925811768;0.24312540888786316
0.509276807308197;0.24331560730934143
0.5088444948196411;0.2424861192703247
0.510986864566803;0.24339285492897034
0.5094757080078125;0.2428044080734253
0.5087458491325378;0.24151325225830078
0.5102853178977966;0.2436203807592392
0.5081743001937866;0.241977259516716
0.507983922958374;0.2427598237991333
0.5100694298744202;0.24243909120559692
0.5103152990341187;0.24163194000720978
0.510259211063385;0.24229633808135986
0.5103604197502136;0.2423752248287201
0.508246898651123;0.24161654710769653
0.5111964344978333;0.24212303757667542
0.5125399827957153;0.243247389793396
0.5087792277336121;0.24237915873527527
0.5080539584159851;0.24192823469638824
0.5085718631744385;0.24232237040996552
0.50857013463974;0.24209469556808472
0.5086711049079895;0.24278803169727325
0.5087959170341492;0.24315619468688965
0.5112444162368774;0.24302099645137787
0.5098556280136108;0.24291840195655823
0.5099130272865295;0.24230380356311798
0.5084526538848877;0.2430400848388672
0.5101597905158997;0.2430587261915207
0.5102015733718872;0.24238042533397675
0.5113806128501892;0.24293012917041779
0.5088504552841187;0.24205656349658966
0.5092536807060242;0.24252843856811523
0.5082501769065857;0.24165493249893188
0.5092745423316956;0.24224504828453064
0.5092898011207581;0.24338945746421814
0.5090191960334778;0.2422635704278946
0.5088845491409302;0.2423771768808365
0.507809042930603;0.24150395393371582
0.5082675218582153;0.24201548099517822
0.5086596012115479;0.24196502566337585
0.5084273815155029;0.24267348647117615
0.5077785849571228;0.24208322167396545
0.5082061290740967;0.24234649538993835
0.5100372433662415;0.24252910912036896
0.5091289281845093;0.2423238456249237
0.5094395279884338;0.24268805980682373
0.508070170879364;0.24174723029136658
0.5083401799201965;0.24231785535812378
0.5112354159355164;0.2418668121099472
0.5103135704994202;0.24185621738433838
0.5083911418914795;0.24196696281433105
0.5086303353309631;0.24343961477279663
0.5080617070198059;0.24214524030685425
0.5076003670692444;0.24161666631698608
0.5087490677833557;0.2421819567680359
0.5097122192382812;0.2414722442626953
0.50890052318573;0.2428194284439087
0.5086880922317505;0.24200105667114258
0.5118524432182312;0.2425490766763687
0.5091776847839355;0.2415582686662674
0.50905442237854;0.2419750690460205
0.5079077482223511;0.24195849895477295
0.5084043741226196;0.24209386110305786
0.5080412030220032;0.24233491718769073
0.5160366892814636;0.2425726354122162
0.5080703496932983;0.2424105703830719
0.5090795159339905;0.24279628694057465
0.508241593837738;0.24199798703193665
0.5078179836273193;0.24278965592384338
0.509295642375946;0.2421834021806717
0.5083966255187988;0.24249795079231262
0.5086658000946045;0.2418729066848755
0.5083115696907043;0.2422100007534027
0.5084465742111206;0.2423524707555771
0.5078597664833069;0.24223411083221436
0.508751630783081;0.2420286238193512
0.5082512497901917;0.24166642129421234
0.5074896216392517;0.24203772842884064
0.5083062052726746;0.2423449605703354
0.5097485780715942;0.2424086183309555
0.5089362263679504;0.2429015189409256
0.5086953043937683;0.2423517107963562
0.5079965591430664;0.24198949337005615
0.5078355669975281;0.2415173053741455
0.5089668035507202;0.24239835143089294
0.51199871301651;0.24182549118995667
0.5084068775177002;0.2420305609703064
0.5084735751152039;0.2423880249261856
0.5081219673156738;0.2412867695093155
0.5112705230712891;0.2419467568397522
0.5103835463523865;0.24183595180511475
0.5077318549156189;0.24177870154380798
0.5089362263679504;0.24171513319015503
0.5094990134239197;0.2428247332572937
0.5076032280921936;0.24143575131893158
0.5099644660949707;0.24197012186050415
0.5079022645950317;0.24106991291046143
0.5083461999893188;0.24220769107341766
0.511588454246521;0.24281224608421326
0.5078058242797852;0.241690993309021
0.5092785954475403;0.24251127243041992
0.5090847611427307;0.24267446994781494
0.5091075897216797;0.24229201674461365
0.5076783299446106;0.2423020899295807
0.5076414346694946;0.24217666685581207
0.510527491569519;0.24206030368804932
0.5107103586196899;0.24231009185314178
0.5101395845413208;0.2424861490726471
0.5111489295959473;0.24265024065971375
0.5076360106468201;0.24184748530387878
0.5082309246063232;0.24220098555088043
0.5077798366546631;0.24190129339694977
0.5123745203018188;0.24236048758029938
0.5076242089271545;0.24238494038581848
0.5077501535415649;0.24157780408859253
0.5094449520111084;0.2428063154220581
0.5078459978103638;0.24247345328330994
0.5083001255989075;0.2417668104171753
0.5079999566078186;0.24235104024410248
0.5076038837432861;0.24176734685897827
0.5087071657180786;0.24162518978118896
0.5083808898925781;0.24255457520484924
0.5080609917640686;0.24173109233379364
0.5133985877037048;0.24251338839530945
0.5079869031906128;0.24173185229301453
0.5085903406143188;0.24238580465316772
0.5078692436218262;0.24136576056480408
0.5077285766601562;0.24139399826526642
0.5086504220962524;0.24185623228549957
0.5072460174560547;0.2416113018989563
0.5084220767021179;0.24173952639102936
0.5092484354972839;0.24207676947116852
0.5135181546211243;0.24203349649906158
0.5073216557502747;0.2414923459291458
0.5076042413711548;0.24167166650295258
0.5080167055130005;0.24156105518341064
0.5078171491622925;0.24178446829319
0.5079073309898376;0.24070768058300018
0.5077608227729797;0.24122151732444763
0.5080183148384094;0.24122321605682373
0.507463812828064;0.24214774370193481
0.5096627473831177;0.24127112329006195
0.507258951663971;0.2413197010755539
0.5079642534255981;0.24143636226654053
0.5077335834503174;0.24147118628025055
0.5081746578216553;0.24264992773532867
0.5070928335189819;0.24121832847595215
0.5084485411643982;0.2414034605026245
0.5106921792030334;0.24180912971496582
0.5077100992202759;0.24145954847335815
0.5130366683006287;0.24147988855838776
0.508868932723999;0.24256974458694458
0.5092202425003052;0.24151761829853058
0.507297694683075;0.2411249428987503
0.5089157223701477;0.24211500585079193
0.5081807971000671;0.24183377623558044
0.5081505179405212;0.24126669764518738
0.5070788264274597;0.24138696491718292
0.5070229768753052;0.24076460301876068
0.5085641145706177;0.24116140604019165
0.507612407207489;0.2415427267551422
0.5121291875839233;0.24235346913337708
0.5077311992645264;0.2410888820886612
0.5079418420791626;0.24156153202056885
0.5076654553413391;0.24178247153759003
0.5100830793380737;0.2417655885219574
0.5076287388801575;0.24124972522258759
0.5089659690856934;0.24172987043857574
0.5080231428146362;0.2414056956768036
0.5074600577354431;0.24116626381874084
0.5096474289894104;0.24182245135307312
0.5078356862068176;0.24156969785690308
0.5077649354934692;0.2417753040790558
0.511915922164917;0.2413148283958435
0.5100529789924622;0.24139092862606049
0.5098513960838318;0.241141214966774
0.5068521499633789;0.24031159281730652
0.5085808038711548;0.2407563179731369
0.5075780153274536;0.24183201789855957
0.5074170231819153;0.24115875363349915
0.5080155730247498;0.24246345460414886
0.5072720646858215;0.24134685099124908
0.5082639455795288;0.24154046177864075
0.5081982016563416;0.24143151938915253
0.5086126923561096;0.24108555912971497
0.5071073770523071;0.24078088998794556
0.5076369047164917;0.24199430644512177
0.5076311230659485;0.2410230040550232
0.5066779255867004;0.24099941551685333
0.5075364708900452;0.24077418446540833
0.5073530077934265;0.24072358012199402
0.5067933201789856;0.24000544846057892
0.5068327188491821;0.24105866253376007
0.5080903172492981;0.24093246459960938
0.5086694359779358;0.24117010831832886
0.5079238414764404;0.24137651920318604
0.5075867772102356;0.240517720580101
0.5121095180511475;0.24195875227451324
0.5084923505783081;0.24046847224235535
0.5064711570739746;0.24087512493133545
0.508424699306488;0.24091050028800964
0.5076147317886353;0.240682452917099
0.5083333253860474;0.24076248705387115
0.5082950592041016;0.24156510829925537
0.5064120888710022;0.2410307228565216
0.5067532658576965;0.24031810462474823
0.5066652297973633;0.24100090563297272
0.5065165162086487;0.24016164243221283
0.50704026222229;0.24078431725502014
0.5068547129631042;0.24035413563251495
0.5132758021354675;0.2411119043827057
0.5076229572296143;0.2408035397529602
0.5111376643180847;0.2417624592781067
0.5075629949569702;0.24151939153671265
0.5082773566246033;0.2414206564426422
0.5079236626625061;0.2408304512500763
0.5065342783927917;0.24042557179927826
0.507609486579895;0.241667702794075
0.5097846388816833;0.24134057760238647
0.5083772540092468;0.24159298837184906
0.506773054599762;0.24079060554504395
0.5070325136184692;0.24194298684597015
0.5091268420219421;0.24113790690898895
0.5071309208869934;0.24079887568950653
0.5074321031570435;0.24114109575748444
0.5092902779579163;0.2409180849790573
0.5071516036987305;0.24065238237380981
0.5120721459388733;0.24184760451316833
0.5085178017616272;0.2425696700811386
0.5075672268867493;0.2404102385044098
0.5087648034095764;0.24107089638710022
0.5066996812820435;0.24111686646938324
0.5067090392112732;0.2408716082572937
0.5076455473899841;0.24055178463459015
0.5068110823631287;0.2413434535264969
0.5066637992858887;0.2409260869026184
0.5088635087013245;0.24068902432918549
0.5077340602874756;0.24171186983585358
0.5076608657836914;0.24123266339302063
0.5067234635353088;0.24094820022583008
0.5099213719367981;0.24175630509853363
0.5093921422958374;0.24120110273361206
0.5068770051002502;0.2408999502658844
0.5087514519691467;0.24069739878177643
0.5070686936378479;0.24037598073482513
0.5064459443092346;0.24174319207668304
0.5069664716720581;0.24045903980731964
0.5065116882324219;0.24125364422798157
0.5093696117401123;0.24178622663021088
0.5114272236824036;0.24125854671001434
0.5085190534591675;0.24146349728107452
0.5067154169082642;0.2408440113067627
0.5064835548400879;0.2402525246143341
0.5116259455680847;0.2406638115644455
0.5064973831176758;0.24066349864006042
0.5065388083457947;0.24057157337665558
0.5071420073509216;0.2403019368648529
0.5083035826683044;0.2408716082572937
0.5064290761947632;0.24075883626937866
0.5059959888458252;0.2401583194732666
0.5067799091339111;0.2406899333000183
0.5068439841270447;0.2405204325914383
0.5061419010162354;0.24129149317741394
0.5096406936645508;0.24072971940040588
0.5074076652526855;0.23976820707321167
0.5079857110977173;0.24022884666919708
0.5085559487342834;0.24084414541721344
0.5063138008117676;0.24014736711978912
0.5071563720703125;0.24120590090751648
0.5096589922904968;0.24096867442131042
0.5063861012458801;0.240687757730484
0.5066888332366943;0.24041804671287537
0.5088995695114136;0.240287646651268
0.5067363381385803;0.24020768702030182
0.5067480802536011;0.24000413715839386
0.5070557594299316;0.23966503143310547
0.5097367167472839;0.24062992632389069
0.506901204586029;0.24058116972446442
0.5083703398704529;0.24047614634037018
0.508199155330658;0.24091960489749908
0.5075439214706421;0.24062667787075043
0.5064623951911926;0.24059592187404633
0.506393313407898;0.24004563689231873
0.5060775279998779;0.2411123812198639
0.5061465501785278;0.24023082852363586
0.5068615078926086;0.2401944100856781
0.5061109662055969;0.24006544053554535
0.5073636770248413;0.2406378984451294
0.5075947642326355;0.24035561084747314
0.5059252381324768;0.24003392457962036
0.5057803988456726;0.2405702918767929
0.5060877203941345;0.24056674540042877
0.5065692663192749;0.24003665149211884
0.5080915689468384;0.24014505743980408
0.507531464099884;0.24086332321166992
0.5084801912307739;0.24108625948429108
0.5063962340354919;0.2402862161397934
0.5063003301620483;0.24168848991394043
0.507540225982666;0.24028190970420837
0.5062816739082336;0.2404080331325531
0.5072842240333557;0.24039539694786072
0.5082879066467285;0.2412758320569992
0.5108400583267212;0.24022337794303894
0.5075293779373169;0.24001367390155792
0.5058759450912476;0.23985905945301056
0.5061686635017395;0.240390345454216
0.5085738897323608;0.24080975353717804
0.5087865591049194;0.24030639231204987
0.5084049105644226;0.24078911542892456
0.5071840286254883;0.24053312838077545
0.5072698593139648;0.23956909775733948
0.5077718496322632;0.2406524419784546
0.5065155029296875;0.2407681941986084
0.50710129737854;0.24110551178455353
0.5063542127609253;0.24010194838047028
0.5078000426292419;0.24040819704532623
0.5083020329475403;0.2403409630060196
0.5067722201347351;0.24156233668327332
0.5133521556854248;0.2398940622806549
0.5058982968330383;0.2392018437385559
0.5075867176055908;0.24134165048599243
0.506706178188324;0.24073785543441772
0.5060932040214539;0.23961395025253296
0.5098036527633667;0.24021095037460327
0.507151186466217;0.2401828169822693
0.5101102590560913;0.24079212546348572
0.5064406991004944;0.2408222258090973
0.5078463554382324;0.24027563631534576
0.5063613653182983;0.23958900570869446
0.5071669220924377;0.24029381573200226
0.506044328212738;0.2403276115655899
0.5082861185073853;0.24124400317668915
0.5069456696510315;0.24037283658981323
0.5063133239746094;0.24069438874721527
0.5067439675331116;0.24070444703102112
0.5077391266822815;0.24048633873462677
0.505855143070221;0.24058257043361664
0.5064991116523743;0.24025489389896393
0.5079829692840576;0.24115118384361267
0.506322979927063;0.2401294708251953
0.5059096813201904;0.2401689887046814
0.5064182281494141;0.2402839958667755
0.5075300335884094;0.240288645029068
0.5061569809913635;0.24092088639736176
0.5086988210678101;0.24092581868171692
0.507203996181488;0.24096469581127167
0.5111043453216553;0.24074874818325043
0.5096710324287415;0.240657240152359
0.5067245364189148;0.24036332964897156
0.507087230682373;0.24054396152496338
0.5066990256309509;0.24141159653663635
0.5087125301361084;0.2399596869945526
0.5059860348701477;0.2404000461101532
0.50613933801651;0.24025633931159973
0.5074182152748108;0.2409946769475937
0.5077313184738159;0.24012748897075653
0.506125807762146;0.24054363369941711
0.506585419178009;0.24053914844989777
0.5060356259346008;0.2405875027179718
0.5058156251907349;0.2413620799779892
0.5084102749824524;0.24036680161952972
0.5080375075340271;0.23964139819145203
0.5065372586250305;0.2401600182056427
0.5086852312088013;0.2411755621433258
0.5093532800674438;0.24052204191684723
0.5096957683563232;0.24088411033153534
0.507800281047821;0.23989823460578918
0.5059002041816711;0.24171534180641174
0.5081048011779785;0.24015474319458008
0.5059995651245117;0.24039427936077118
0.5074731111526489;0.24065841734409332
0.5068098902702332;0.23973053693771362
0.5058988332748413;0.23976804316043854
0.5077845454216003;0.24004413187503815
0.5061885714530945;0.24021492898464203
0.5073316097259521;0.24057038128376007
0.5064842104911804;0.24050144851207733
0.5091451406478882;0.24077683687210083
0.5063251852989197;0.24063383042812347
0.5062553286552429;0.24021044373512268
0.5075706839561462;0.2406858503818512
0.5075446963310242;0.2402881532907486
0.5055122375488281;0.23975400626659393
0.5061975121498108;0.24047954380512238
0.505993664264679;0.2398349493741989
0.5114100575447083;0.24030739068984985
0.5076688528060913;0.24016767740249634
0.5056392550468445;0.24037721753120422
0.5057991743087769;0.2394845187664032
0.5056514739990234;0.2401408702135086
0.5107926726341248;0.24057871103286743
0.5059996247291565;0.2392810881137848
0.5054675340652466;0.23936396837234497
0.5075819492340088;0.2405335158109665
0.509055495262146;0.23981808125972748
0.5061479210853577;0.23971813917160034
0.5089331865310669;0.24010196328163147
0.5061486959457397;0.23954688012599945
0.5088923573493958;0.23962238430976868
0.5061321258544922;0.24029502272605896
0.5063745975494385;0.23950818181037903
0.50543612241745;0.24005474150180817
0.5072245597839355;0.23945601284503937
0.5058649778366089;0.23974137008190155
0.5068300366401672;0.2388555258512497
0.5065163969993591;0.23993821442127228
0.5053344964981079;0.24040749669075012
0.5056312680244446;0.24062831699848175
0.5084070563316345;0.24013946950435638
0.5058490037918091;0.24000953137874603
0.507070004940033;0.24009129405021667
0.5062697529792786;0.23975016176700592
0.5056589841842651;0.2404685616493225
0.5084221959114075;0.23975859582424164
0.5057928562164307;0.23926813900470734
0.5052765607833862;0.239302396774292
0.5056880712509155;0.239058256149292
0.5063650608062744;0.23973175883293152
0.5086550712585449;0.23972240090370178
0.5063211917877197;0.23868998885154724
0.5075139999389648;0.239074245095253
0.5064460635185242;0.23946267366409302
0.5059027671813965;0.2390160858631134
0.50688236951828;0.2402958869934082
0.5061230659484863;0.23928432166576385
0.5111104846000671;0.24056082963943481
0.5054875016212463;0.23877260088920593
0.5051069259643555;0.24010571837425232
0.5072033405303955;0.23977291584014893
0.5071951746940613;0.23963657021522522
0.5102161169052124;0.23931702971458435
0.5073046088218689;0.24013599753379822
0.5054265260696411;0.23909702897071838
0.5057225227355957;0.23988765478134155
0.5058851838111877;0.23933985829353333
0.5076982975006104;0.23911722004413605
0.5073444247245789;0.2391485869884491
0.5058654546737671;0.23970723152160645
0.5049371123313904;0.23988868296146393
0.5110330581665039;0.2404039204120636
0.506495475769043;0.2399958074092865
0.5075491666793823;0.2400161623954773
0.5051511526107788;0.2388502061367035
0.5068066120147705;0.23914781212806702
0.5063782930374146;0.23892098665237427
0.5053001642227173;0.2387910783290863
0.5054440498352051;0.23939251899719238
0.5049600005149841;0.2395104169845581
0.5093175172805786;0.23981302976608276
0.505486249923706;0.23941570520401
0.5067193508148193;0.2385663390159607
0.5064717531204224;0.23875179886817932
0.5049816370010376;0.23901042342185974
0.5047937035560608;0.23887039721012115
0.5048599243164062;0.23974648118019104
0.5050827264785767;0.23912908136844635
0.50533127784729;0.24006369709968567
0.5061587691307068;0.23953433334827423
0.5053993463516235;0.2408333420753479
0.5082612037658691;0.24034762382507324
0.5086185932159424;0.2393474578857422
0.5064274668693542;0.23897555470466614
0.5062222480773926;0.23979143798351288
0.5047063231468201;0.23930305242538452
0.5045161843299866;0.2385404407978058
0.5049565434455872;0.23929506540298462
0.506212055683136;0.23931758105754852
0.504456639289856;0.23875205218791962
0.5061474442481995;0.23917125165462494
0.5042699575424194;0.23847262561321259
0.5049455165863037;0.23936179280281067
0.5068598389625549;0.23906821012496948
0.5056889057159424;0.23906323313713074
0.5085400938987732;0.23894913494586945
0.5048210620880127;0.23856307566165924
0.5082070827484131;0.23987720906734467
0.5059343576431274;0.2388858199119568
0.5052334666252136;0.2383844256401062
0.5074378848075867;0.2396724373102188
0.5049009323120117;0.23877489566802979
0.5069367289543152;0.2392166405916214
0.506922721862793;0.23875783383846283
0.5067597031593323;0.2388327419757843
0.5057620406150818;0.23922421038150787
0.5069767236709595;0.23879367113113403
0.5060150027275085;0.23997443914413452
0.5045745372772217;0.23906834423542023
0.5123010277748108;0.23960627615451813
0.5051039457321167;0.23875053226947784
0.5062447786331177;0.23897822201251984
0.5060279965400696;0.23900741338729858
0.5048457980155945;0.2398723065853119
0.5085263252258301;0.23948271572589874
0.5061231851577759;0.23969264328479767
0.5051922798156738;0.23888155817985535
0.5061206817626953;0.2389979362487793
0.5045809149742126;0.23942747712135315
0.5050628781318665;0.2391527146100998
0.5054879188537598;0.23880483210086823
0.5067673921585083;0.23888424038887024
0.5091413259506226;0.2395399510860443
0.5070169568061829;0.23881909251213074
0.504717230796814;0.23853445053100586
0.5042766332626343;0.2387402057647705
0.5082948803901672;0.2385987639427185
0.5049335360527039;0.2384929358959198
0.5045198202133179;0.23919090628623962
0.5051429271697998;0.23904293775558472
0.5043225288391113;0.23820023238658905
0.5045307874679565;0.23878327012062073
0.5048701763153076;0.23864080011844635
0.5047821998596191;0.23857738077640533
0.5060030221939087;0.2376282811164856
0.5046660304069519;0.23863931000232697
0.5056008100509644;0.2387763112783432
0.5045506954193115;0.2388002723455429
0.5046985745429993;0.23989224433898926
0.504352331161499;0.2386239618062973
0.5081915259361267;0.238863006234169
0.5072333812713623;0.23907801508903503
0.5046312212944031;0.23871508240699768
0.5047953128814697;0.23882201313972473
0.5047577619552612;0.23780903220176697
0.5051571726799011;0.2384660691022873
0.5056827068328857;0.23896604776382446
0.5053903460502625;0.23849979043006897
0.506633460521698;0.23902949690818787
0.5081924796104431;0.2384367138147354
0.5064131021499634;0.2390018254518509
0.5070374608039856;0.2386564165353775
0.508796215057373;0.23859086632728577
0.5061994194984436;0.2383846938610077
0.5041310787200928;0.23826391994953156
0.5085641741752625;0.23943953216075897
0.5045305490493774;0.23838964104652405
0.5077527165412903;0.23866748809814453
0.5057200193405151;0.2395058125257492
0.5067079067230225;0.23836660385131836
0.5058561563491821;0.23880638182163239
0.5055973529815674;0.23848196864128113
0.5050134658813477;0.23892873525619507
0.5039118528366089;0.23876751959323883
0.5046342015266418;0.23868155479431152
0.5054647326469421;0.23880568146705627
0.5055674910545349;0.23877409100532532
0.5040798783302307;0.2381124645471573
0.5048689842224121;0.23831066489219666
0.5086830258369446;0.23807983100414276
0.5064225196838379;0.23868906497955322
0.5043014287948608;0.23831380903720856
0.5039671659469604;0.23827633261680603
0.5052677989006042;0.23789282143115997
0.5041012763977051;0.23769283294677734
0.5063315629959106;0.2380250096321106
0.5088645219802856;0.23778089880943298
0.503837525844574;0.2381310909986496
0.5043950080871582;0.2381482720375061
0.5074605941772461;0.23882029950618744
0.5079160332679749;0.23832504451274872
0.5043654441833496;0.23821507394313812
0.504605233669281;0.2382003366947174
0.5059366822242737;0.23832157254219055
0.503745973110199;0.2378867119550705
0.5071918368339539;0.23853503167629242
0.5069177150726318;0.23834776878356934
0.5048933625221252;0.2379419356584549
0.5051279664039612;0.2381613403558731
0.504128098487854;0.23802067339420319
0.5079752206802368;0.23954956233501434
0.5045464038848877;0.23802199959754944
0.5043858289718628;0.23910939693450928
0.5040141344070435;0.2384066879749298
0.5047605037689209;0.2381291687488556
0.5075104236602783;0.23875685036182404
0.5062975287437439;0.23846904933452606
0.5042481422424316;0.2380068004131317
0.5065997838973999;0.23829421401023865
0.5039119124412537;0.23868852853775024
0.5039884448051453;0.2381506860256195
0.5044722557067871;0.23863524198532104
0.5051504373550415;0.2387724071741104
0.5039708614349365;0.23843930661678314
0.5040267705917358;0.2376188039779663
0.5079129338264465;0.2378164678812027
0.5033565163612366;0.23761087656021118
0.5064921975135803;0.23846285045146942
0.5039075016975403;0.23707470297813416
0.506776750087738;0.23872752487659454
0.5047156810760498;0.23793262243270874
0.5047720074653625;0.2388480007648468
0.5056506991386414;0.23827886581420898
0.5066642165184021;0.2380390614271164
0.5047620534896851;0.2381160706281662
0.5050593614578247;0.23745496571063995
0.5062889456748962;0.23805858194828033
0.5045342445373535;0.2383318394422531
0.5045161247253418;0.2382529079914093
0.5038912892341614;0.23836252093315125
0.5051040053367615;0.23783963918685913
0.5035666227340698;0.2379448115825653
0.5061330199241638;0.2381839007139206
0.506885826587677;0.23792360723018646
0.5049902200698853;0.2386699616909027
0.5055240392684937;0.23885904252529144
0.5058897733688354;0.23817184567451477
0.5045915246009827;0.23826360702514648
0.5059288144111633;0.23759427666664124
0.5049525499343872;0.237981379032135
0.5042722225189209;0.23760759830474854
0.505233645439148;0.23817512392997742
0.5045596957206726;0.23868682980537415
0.5043283104896545;0.23763485252857208
0.504715085029602;0.23792585730552673
0.5047785043716431;0.23801685869693756
0.5040666460990906;0.23805877566337585
0.5063502788543701;0.23817838728427887
0.5037422776222229;0.23782460391521454
0.505104124546051;0.23760995268821716
0.5050187706947327;0.23790434002876282
0.5035111904144287;0.23802277445793152
0.5052575469017029;0.23807375133037567
0.5033014416694641;0.23728889226913452
0.5034862160682678;0.23828688263893127
0.5040227174758911;0.23742833733558655
0.5064160227775574;0.2386080026626587
0.5036342144012451;0.23858101665973663
0.5047209858894348;0.23705090582370758
0.5037468671798706;0.2375614047050476
0.503645122051239;0.23767194151878357
0.5038735866546631;0.23827381432056427
0.5043519139289856;0.238139808177948
0.5063618421554565;0.2373652309179306
0.5037266612052917;0.2371935248374939
0.5033377408981323;0.2384657859802246
0.5042766332626343;0.23862069845199585
0.5035781860351562;0.2383393794298172
0.5032620429992676;0.2377236932516098
0.5043336749076843;0.23731054365634918
0.5066636800765991;0.23828589916229248
0.5044284462928772;0.23825983703136444
0.5043346285820007;0.2386212795972824
0.5038326382637024;0.23851871490478516
0.5118414163589478;0.23865477740764618
0.5031798481941223;0.23816153407096863
0.5039792060852051;0.2374585121870041
0.5051960349082947;0.23903882503509521
0.5065758228302002;0.23851974308490753
0.5037800073623657;0.2381373643875122
0.5038965940475464;0.23832277953624725
0.5064404606819153;0.23845912516117096
0.5051804780960083;0.23748734593391418
0.50287264585495;0.2377731055021286
0.5040796995162964;0.23741452395915985
0.5049089193344116;0.23891723155975342
0.5068706274032593;0.2381778359413147
0.5035867691040039;0.23702383041381836
0.5071311593055725;0.23850423097610474
0.5066619515419006;0.23759695887565613
0.5056303143501282;0.23740483820438385
0.5048965215682983;0.23766109347343445
0.5039690732955933;0.23758690059185028
0.5048575401306152;0.23774445056915283
0.5042687058448792;0.23820078372955322
0.5042027831077576;0.23819546401500702
0.5066689252853394;0.23855449259281158
0.5071491003036499;0.23795486986637115
0.5042826533317566;0.23728056252002716
0.5035726428031921;0.23801499605178833
0.5046796202659607;0.23862600326538086
0.5028302669525146;0.23741918802261353
0.5052427649497986;0.23743629455566406
0.5034960508346558;0.23772017657756805
0.5065571069717407;0.23777005076408386
0.5038810968399048;0.2369687706232071
0.5041071772575378;0.23738405108451843
0.5036442875862122;0.23742565512657166
0.502955436706543;0.2362692803144455
0.5049760341644287;0.23757639527320862
0.5026340484619141;0.23791392147541046
0.5036832094192505;0.23737941682338715
0.5037084221839905;0.2372349351644516
0.503919780254364;0.23780634999275208
0.5064112544059753;0.2379283308982849
0.5044753551483154;0.237081840634346
0.505394458770752;0.23774966597557068
0.5032030344009399;0.2375953495502472
0.505355179309845;0.23795416951179504
0.5028159618377686;0.23756852746009827
0.5066033601760864;0.23782339692115784
0.5046088695526123;0.2377757579088211
0.5025829672813416;0.23761551082134247
0.5042514204978943;0.23731279373168945
0.5043874979019165;0.23661503195762634
0.5069211721420288;0.23804306983947754
0.5050023794174194;0.23755943775177002
0.5046519637107849;0.23847980797290802
0.5059219598770142;0.2382991909980774
0.5048927068710327;0.23755154013633728
0.5037883520126343;0.23737704753875732
0.5043283700942993;0.23758164048194885
0.5047023296356201;0.23815391957759857
0.5036646723747253;0.23731276392936707
0.5062035918235779;0.2375582754611969
0.5033100843429565;0.23746360838413239
0.5041057467460632;0.23709043860435486
0.5066507458686829;0.2376246303319931
0.5031927227973938;0.23694440722465515
0.5037156939506531;0.2378324419260025
0.5031991004943848;0.2378515899181366
0.5060968399047852;0.23781195282936096
0.5056230425834656;0.23678652942180634
0.5056837797164917;0.23790986835956573
0.5052929520606995;0.23707590997219086
0.5034287571907043;0.23720282316207886
0.5041206479072571;0.23770469427108765
0.5033034086227417;0.23682862520217896
0.5059204697608948;0.23778106272220612
0.5054026246070862;0.23720775544643402
0.5041753053665161;0.23709025979042053
0.5028173327445984;0.23732542991638184
0.5031719207763672;0.23653662204742432
0.5041543245315552;0.23774224519729614
0.5025948882102966;0.23712697625160217
0.503567099571228;0.23799514770507812
0.504583477973938;0.2374754399061203
0.5053766965866089;0.23729242384433746
0.5034137964248657;0.23739658296108246
0.5038933753967285;0.2379828840494156
0.5052288174629211;0.23722481727600098
0.5057768225669861;0.2373780608177185
0.5031740069389343;0.23733440041542053
0.5035420060157776;0.2375137209892273
0.5034662485122681;0.23794406652450562
0.5065037608146667;0.23697353899478912
0.5036419630050659;0.2373303323984146
0.5033421516418457;0.23721185326576233
0.5033957958221436;0.2372664362192154
0.5051738619804382;0.2373584806919098
0.5039259791374207;0.23785805702209473
0.5037597417831421;0.23689793050289154
0.5059636831283569;0.23737382888793945
0.5034762620925903;0.23729199171066284
0.5025795102119446;0.2372898906469345
0.5039331912994385;0.2369244247674942
0.5063380599021912;0.23792365193367004
0.502871036529541;0.23712997138500214
0.5070077180862427;0.23785847425460815
0.5043368339538574;0.2372138500213623
0.5032635927200317;0.23716911673545837
0.502680242061615;0.23768682777881622
0.5021952986717224;0.2368684858083725
0.5027073621749878;0.23773840069770813
0.5047702789306641;0.23701487481594086
0.5033624172210693;0.2368766963481903
0.503720760345459;0.237760528922081
0.5033426284790039;0.23773591220378876
0.5054296255111694;0.2374265491962433
0.5048352479934692;0.236819326877594
0.504416286945343;0.23694747686386108
0.5043928623199463;0.23752953112125397
0.5045697093009949;0.23727159202098846
0.5037229061126709;0.2367914319038391
0.5028975009918213;0.23695731163024902
0.5070275068283081;0.2370833456516266
0.5042819976806641;0.23686879873275757
0.5035840272903442;0.2372756153345108
0.5046395063400269;0.23709146678447723
0.50367271900177;0.237539604306221
0.5031572580337524;0.2377091497182846
0.5058437585830688;0.23688235878944397
0.5034213066101074;0.23760579526424408
0.5030496716499329;0.2369564175605774
0.5032309293746948;0.23766744136810303
0.5039119720458984;0.23776353895664215
0.5055571794509888;0.23687608540058136
0.5043802857398987;0.23722881078720093
0.503999650478363;0.23785291612148285
0.5034399628639221;0.2368774712085724
0.5033975839614868;0.23654040694236755
0.5046128034591675;0.2366856038570404
0.5042023658752441;0.23676201701164246
0.5044136643409729;0.23714789748191833
0.5055636763572693;0.23720967769622803
0.5030409693717957;0.23741094768047333
0.5032939910888672;0.23699207603931427
0.5046491622924805;0.23762384057044983
0.5036777257919312;0.2380908876657486
0.5027730464935303;0.23755398392677307
0.5069402456283569;0.23754188418388367
0.5041049122810364;0.23670487105846405
0.5034327507019043;0.23718641698360443
0.5083176493644714;0.23856915533542633
0.5033000111579895;0.23795631527900696
0.5037750601768494;0.23679181933403015
0.5057870745658875;0.2381640374660492
0.5026782155036926;0.23708629608154297
0.5035069584846497;0.23673050105571747
0.5038924813270569;0.23732636868953705
0.5055030584335327;0.2374231517314911
0.5038644671440125;0.2384796440601349
0.5044634938240051;0.23711150884628296
0.5026605725288391;0.2368277609348297
0.5027567148208618;0.23717644810676575
0.5038076639175415;0.23709402978420258
0.5023981928825378;0.23696663975715637
0.5054147243499756;0.23701338469982147
0.5052298307418823;0.2366471290588379
0.5053465366363525;0.237288236618042
0.5031370520591736;0.23707032203674316
0.5029652118682861;0.2376093566417694
0.5093093514442444;0.23757848143577576
0.5038020610809326;0.23721948266029358
0.5073143243789673;0.23721054196357727
0.5038592219352722;0.23737744987010956
0.5030291676521301;0.23689576983451843
0.5048470497131348;0.23805849254131317
0.5035675764083862;0.23684996366500854
0.5031477212905884;0.23723094165325165
0.5058106780052185;0.2373477667570114
0.5039070844650269;0.23716996610164642
0.5073730945587158;0.23748032748699188
0.5026260018348694;0.2370993196964264
0.5074905157089233;0.2378411740064621
0.5052910447120667;0.23777145147323608
0.5058213472366333;0.237960547208786
0.5048146843910217;0.2372046411037445
0.5054545998573303;0.23695826530456543
0.5033619999885559;0.23701199889183044
0.5054476261138916;0.23737484216690063
0.507119357585907;0.23746584355831146
0.5064466595649719;0.23728987574577332
0.5024366974830627;0.2371499389410019
0.5030938386917114;0.23745281994342804
0.5024120211601257;0.23716317117214203
0.5056325793266296;0.23697739839553833
0.5050342679023743;0.23678293824195862
0.5031182169914246;0.23676510155200958
0.5039608478546143;0.23679183423519135
0.5038889050483704;0.23717160522937775
0.5031433701515198;0.2373303771018982
0.5055831670761108;0.2376989722251892
0.5070354342460632;0.23722457885742188
0.5072333812713623;0.23729242384433746
0.5028514862060547;0.23686915636062622
0.5040163993835449;0.23677243292331696
0.5041571259498596;0.23807112872600555
0.5029654502868652;0.2367212176322937
0.5030952095985413;0.23708415031433105
0.502835214138031;0.23633801937103271
0.5053992867469788;0.23775890469551086
0.5027126669883728;0.23734962940216064
0.5045734643936157;0.2375699281692505
0.5040687322616577;0.23675204813480377
0.5047265291213989;0.23764678835868835
0.5030719637870789;0.23681539297103882
0.5032525062561035;0.23719020187854767
0.5025722980499268;0.23675434291362762
0.5046238303184509;0.2371012419462204
0.5041011571884155;0.23757730424404144
0.5032147169113159;0.23657049238681793
0.5054258108139038;0.23749449849128723
0.504097044467926;0.23644821345806122
0.5027458071708679;0.2367600053548813
0.5036376714706421;0.23689046502113342
0.5048261880874634;0.23669855296611786
0.5065845251083374;0.23753052949905396
0.5061177015304565;0.2374863475561142
0.504825234413147;0.23674586415290833
0.5037919282913208;0.23653575778007507
0.5053750872612;0.23701921105384827
0.5036758780479431;0.2371557056903839
0.5048720836639404;0.2369009256362915
0.5030660629272461;0.23662354052066803
0.5035792589187622;0.2369270771741867
0.5037168860435486;0.23758181929588318
0.5027704238891602;0.23776468634605408
0.5037462711334229;0.23646533489227295
0.5037307739257812;0.237007737159729
0.5023572444915771;0.2365300953388214
0.5027148127555847;0.23674267530441284
0.5030754804611206;0.23750798404216766
0.5035994648933411;0.23651105165481567
0.5027753710746765;0.23604747653007507
0.5041605830192566;0.23623314499855042
0.5037800073623657;0.23713862895965576
0.5025659799575806;0.23697933554649353
