TV;KL
1.999999761581421;15.803815841674805
1.9999001026153564;14.273183822631836
1.9975208044052124;13.53271198272705
1.9824422597885132;13.81756591796875
1.9617079496383667;10.855220794677734
1.7699697017669678;4.2504048347473145
1.4400858879089355;1.6480201482772827
1.385603904724121;1.221377968788147
1.3856042623519897;1.1664962768554688
1.3856290578842163;1.161318302154541
1.3856127262115479;1.1611080169677734
1.3856253623962402;1.161440372467041
1.3856487274169922;1.1609175205230713
1.3855974674224854;1.161017656326294
1.385603427886963;1.1605439186096191
1.3856000900268555;1.161181092262268
1.3856301307678223;1.1605539321899414
1.3856655359268188;1.16121244430542
1.3856192827224731;1.1610381603240967
1.3856017589569092;1.1609147787094116
1.385596513748169;1.1608309745788574
1.3856451511383057;1.161026954650879
1.3856308460235596;1.160766363143921
1.3855996131896973;1.1617074012756348
1.3856964111328125;1.1612306833267212
1.3856170177459717;1.161399483680725
1.3856029510498047;1.1607571840286255
1.385596752166748;1.1608039140701294
1.3855925798416138;1.1605749130249023
1.3856345415115356;1.1613339185714722
1.3855923414230347;1.1608904600143433
1.3857020139694214;1.1617358922958374
1.385638952255249;1.161142110824585
1.3856959342956543;1.1611634492874146
1.385603666305542;1.1609240770339966
1.3855888843536377;1.1615239381790161
1.385584831237793;1.1615431308746338
1.3855937719345093;1.1617215871810913
1.3856271505355835;1.161340355873108
1.3855876922607422;1.1610347032546997
1.3856923580169678;1.1613582372665405
1.3856390714645386;1.1611264944076538
1.3855836391448975;1.16161048412323
1.3856217861175537;1.161150336265564
1.3856953382492065;1.1614296436309814
1.385624647140503;1.16082763671875
1.3856172561645508;1.161742091178894
1.3857975006103516;1.1615017652511597
1.3855884075164795;1.160861849784851
1.3856687545776367;1.1607414484024048
1.385660171508789;1.1609126329421997
1.3856326341629028;1.161250352859497
1.3855923414230347;1.1607160568237305
1.3856133222579956;1.160698652267456
1.3856713771820068;1.1612207889556885
1.3856494426727295;1.1609300374984741
1.3856208324432373;1.1621084213256836
1.385603427886963;1.1608960628509521
1.3856894969940186;1.1610372066497803
1.385590672492981;1.161455512046814
1.3855814933776855;1.1612930297851562
1.3856910467147827;1.1610289812088013
1.3856834173202515;1.161010503768921
1.3856141567230225;1.161070704460144
1.3855966329574585;1.1614981889724731
1.385622262954712;1.161250352859497
1.3856253623962402;1.1615201234817505
1.3855944871902466;1.1609514951705933
1.3856050968170166;1.1609926223754883
1.385603666305542;1.1615582704544067
1.385699987411499;1.1606857776641846
1.3855836391448975;1.1613047122955322
1.3855997323989868;1.1614208221435547
1.385732650756836;1.1616644859313965
1.3856375217437744;1.1611871719360352
1.385666847229004;1.1616926193237305
1.3855867385864258;1.161023736000061
1.385664939880371;1.160910725593567
1.3855911493301392;1.161304235458374
1.3855890035629272;1.161004900932312
1.3856134414672852;1.1607751846313477
1.3856256008148193;1.1610926389694214
1.3856301307678223;1.1607955694198608
1.3856377601623535;1.1609536409378052
1.38558030128479;1.1614733934402466
1.385697841644287;1.161017656326294
1.3856327533721924;1.1613761186599731
1.3855998516082764;1.1614633798599243
1.3855890035629272;1.1613224744796753
1.3856422901153564;1.1615145206451416
1.3856343030929565;1.1613452434539795
1.3857529163360596;1.1614280939102173
1.3856006860733032;1.160944938659668
1.3856451511383057;1.160882592201233
1.3856253623962402;1.1611735820770264
1.3856983184814453;1.1608208417892456
1.3855996131896973;1.1612809896469116
1.385638952255249;1.161551833152771
1.3858110904693604;1.161260962486267
1.385643482208252;1.1611837148666382
1.385624647140503;1.161026954650879
1.385658621788025;1.1611120700836182
1.3856050968170166;1.1614888906478882
1.3855888843536377;1.1608811616897583
1.385602593421936;1.1614084243774414
1.3855843544006348;1.1612557172775269
1.385589838027954;1.1611897945404053
1.3856263160705566;1.1611757278442383
1.3857181072235107;1.1610239744186401
1.3856173753738403;1.161332130432129
1.385605812072754;1.1610480546951294
1.3855986595153809;1.1609957218170166
1.3856275081634521;1.1609941720962524
1.3855884075164795;1.1613279581069946
1.3856275081634521;1.1618726253509521
1.3856664896011353;1.1610263586044312
1.3855807781219482;1.1609525680541992
1.3856204748153687;1.161363124847412
1.3856277465820312;1.1607592105865479
1.385614037513733;1.1611636877059937
1.3856353759765625;1.1616225242614746
1.3855959177017212;1.161278247833252
1.3856284618377686;1.1606217622756958
1.385669469833374;1.161332130432129
1.3856546878814697;1.1620457172393799
1.3855746984481812;1.1610978841781616
1.385690689086914;1.1612615585327148
1.3856444358825684;1.1612167358398438
1.3857154846191406;1.1612820625305176
1.385614037513733;1.161362648010254
1.3856472969055176;1.1609448194503784
1.3856003284454346;1.16140878200531
1.3856090307235718;1.161326289176941
1.385596513748169;1.1610459089279175
1.3855897188186646;1.161281704902649
1.3856141567230225;1.1610565185546875
1.3856287002563477;1.161523461341858
1.385596752166748;1.1610325574874878
1.385669469833374;1.1612040996551514
1.3856439590454102;1.160918116569519
1.38559091091156;1.1614656448364258
1.385603666305542;1.1613662242889404
1.3855912685394287;1.161460518836975
1.3856168985366821;1.1613094806671143
1.3856735229492188;1.1612999439239502
1.3856688737869263;1.1617268323898315
1.3858107328414917;1.1615532636642456
1.3855888843536377;1.1604686975479126
1.3856196403503418;1.1608576774597168
1.3856306076049805;1.1617404222488403
1.3856298923492432;1.1608855724334717
1.3856979608535767;1.161103367805481
1.3855937719345093;1.1609071493148804
1.3856427669525146;1.1609708070755005
1.3856828212738037;1.1611101627349854
1.3855981826782227;1.1608762741088867
1.3856556415557861;1.1611205339431763
1.3856029510498047;1.1609315872192383
1.3856910467147827;1.1616408824920654
1.3856021165847778;1.1611193418502808
1.3856854438781738;1.1609019041061401
1.3856701850891113;1.1612253189086914
1.3856158256530762;1.160733699798584
1.3856725692749023;1.1615846157073975
1.3855955600738525;1.1612210273742676
1.3856315612792969;1.1611652374267578
1.3856667280197144;1.1611460447311401
1.38559889793396;1.1605007648468018
1.3857812881469727;1.161219596862793
1.3855950832366943;1.1609796285629272
1.385596752166748;1.1606098413467407
1.3856019973754883;1.1610183715820312
1.3856841325759888;1.1611273288726807
1.3855985403060913;1.1614006757736206
1.385594367980957;1.161054015159607
1.3855990171432495;1.16133713722229
1.3856292963027954;1.1607545614242554
1.3855890035629272;1.1616402864456177
1.3855946063995361;1.1613119840621948
1.385751485824585;1.1617974042892456
1.3858884572982788;1.1615774631500244
1.3856042623519897;1.1611970663070679
1.3855845928192139;1.1612037420272827
1.3856639862060547;1.1610684394836426
1.3856173753738403;1.1607190370559692
1.3856048583984375;1.161104679107666
1.3856968879699707;1.16145920753479
1.3856018781661987;1.1607387065887451
1.3858413696289062;1.161547064781189
1.3856149911880493;1.1610288619995117
1.3856737613677979;1.1610723733901978
1.3856042623519897;1.1609724760055542
1.3856019973754883;1.160697102546692
1.3856050968170166;1.160756230354309
1.3856732845306396;1.160778522491455
1.3856568336486816;1.1613242626190186
1.385599136352539;1.160609245300293
1.3856028318405151;1.1609042882919312
1.3856042623519897;1.1608165502548218
1.3856257200241089;1.1611241102218628
1.385645866394043;1.1609126329421997
1.3855946063995361;1.1610203981399536
1.3856050968170166;1.1610145568847656
1.385941743850708;1.161533236503601
1.3857495784759521;1.161543607711792
1.3856098651885986;1.1613798141479492
1.3856390714645386;1.1613551378250122
1.3855888843536377;1.1602588891983032
1.3857096433639526;1.1620200872421265
1.3856278657913208;1.1608628034591675
1.3856124877929688;1.1612731218338013
1.3857083320617676;1.1615437269210815
1.385602355003357;1.1615830659866333
1.3856042623519897;1.1615839004516602
1.3856021165847778;1.160911202430725
1.3857159614562988;1.1612873077392578
1.385615587234497;1.1607142686843872
1.3856215476989746;1.161055564880371
1.3855867385864258;1.1608963012695312
1.3856360912322998;1.161545753479004
1.3856035470962524;1.1612309217453003
1.385638952255249;1.1608024835586548
1.3856189250946045;1.1607997417449951
1.3856736421585083;1.1609998941421509
1.385674238204956;1.1606533527374268
1.3856308460235596;1.1609286069869995
1.3856656551361084;1.161250352859497
1.3857016563415527;1.1611868143081665
1.38557767868042;1.1612943410873413
1.3855974674224854;1.1616238355636597
1.3855842351913452;1.161527395248413
1.3856018781661987;1.1610698699951172
1.3858544826507568;1.161572813987732
1.3856685161590576;1.16096031665802
1.3856570720672607;1.1618173122406006
1.385605812072754;1.1610647439956665
1.385671615600586;1.160872459411621
1.3856041431427002;1.16150963306427
1.3856194019317627;1.1612054109573364
1.3855918645858765;1.1606322526931763
1.3856563568115234;1.1608401536941528
1.3856254816055298;1.1609243154525757
1.3856838941574097;1.1612857580184937
1.3857158422470093;1.1611148118972778
1.3856117725372314;1.1609649658203125
1.3856048583984375;1.1615018844604492
1.385652780532837;1.160807728767395
1.3856630325317383;1.1610500812530518
1.3855928182601929;1.1613738536834717
1.38559889793396;1.1608606576919556
1.3856287002563477;1.1604758501052856
1.3855829238891602;1.1609523296356201
1.385603427886963;1.1606523990631104
1.3856004476547241;1.1608877182006836
1.3856589794158936;1.1611096858978271
1.385611891746521;1.1615257263183594
1.385809302330017;1.1611402034759521
1.3856837749481201;1.1617333889007568
1.3856654167175293;1.1612190008163452
1.385614037513733;1.160945177078247
1.3855867385864258;1.1611937284469604
1.3856048583984375;1.161336898803711
1.3856301307678223;1.1610318422317505
1.3855856657028198;1.1613963842391968
1.3856000900268555;1.1610547304153442
1.3857152462005615;1.1611086130142212
1.3857399225234985;1.161004662513733
1.385599970817566;1.1609342098236084
1.3855910301208496;1.1612008810043335
1.385630488395691;1.1607481241226196
1.3855788707733154;1.161238670349121
1.385661244392395;1.1614251136779785
1.385698676109314;1.1618210077285767
1.385615587234497;1.1606903076171875
1.3856251239776611;1.1615850925445557
1.3856021165847778;1.1614147424697876
1.3856315612792969;1.1609392166137695
1.3855881690979004;1.1611123085021973
1.3856480121612549;1.1613657474517822
1.385671615600586;1.1610077619552612
1.3856384754180908;1.1610606908798218
1.3856391906738281;1.1617745161056519
1.385601282119751;1.1609883308410645
1.3856406211853027;1.161749243736267
1.3855836391448975;1.1615339517593384
1.385593056678772;1.1610870361328125
1.3856369256973267;1.1613773107528687
1.3856232166290283;1.1612156629562378
1.3857406377792358;1.1611804962158203
1.3856306076049805;1.161281943321228
1.3856313228607178;1.160575032234192
1.3855881690979004;1.161184549331665
1.3856133222579956;1.160893201828003
1.3856208324432373;1.1612495183944702
1.3855953216552734;1.1609517335891724
1.3856234550476074;1.1607587337493896
1.3856676816940308;1.1610846519470215
1.3855928182601929;1.1609076261520386
1.385685682296753;1.1610831022262573
1.3856993913650513;1.1614806652069092
1.3856126070022583;1.161007285118103
1.3857409954071045;1.1610586643218994
1.3856017589569092;1.1610782146453857
1.3856016397476196;1.1614139080047607
1.385683298110962;1.1610946655273438
1.385599970817566;1.161234736442566
1.3855974674224854;1.1608953475952148
1.3855857849121094;1.1609092950820923
1.385603427886963;1.1610074043273926
1.3855953216552734;1.1610406637191772
1.3856412172317505;1.161225438117981
1.38560152053833;1.1607818603515625
1.3856189250946045;1.16126549243927
1.3855952024459839;1.1612533330917358
1.3855786323547363;1.1610366106033325
1.3856215476989746;1.1608785390853882
1.3856253623962402;1.1610093116760254
1.385643482208252;1.1612951755523682
1.38565194606781;1.1610803604125977
1.3856453895568848;1.1614511013031006
1.3856593370437622;1.161034345626831
1.385622501373291;1.16079843044281
1.3856301307678223;1.1609457731246948
1.3856399059295654;1.1612629890441895
1.3857600688934326;1.161010503768921
1.3856546878814697;1.1613531112670898
1.3856027126312256;1.1604965925216675
1.3857256174087524;1.1614069938659668
1.3855891227722168;1.161380410194397
1.385595440864563;1.160944938659668
1.3856264352798462;1.1611087322235107
1.3856157064437866;1.1606000661849976
1.3856865167617798;1.160976767539978
1.3856643438339233;1.1608930826187134
1.3857531547546387;1.1611361503601074
1.385613203048706;1.1612718105316162
1.3856189250946045;1.1610379219055176
1.3856277465820312;1.1613738536834717
1.3856287002563477;1.1608548164367676
1.3857007026672363;1.1612842082977295
1.3855936527252197;1.1609963178634644
1.3856583833694458;1.162023663520813
1.3855946063995361;1.1607115268707275
1.3855987787246704;1.161484956741333
1.3856414556503296;1.1615376472473145
1.385632038116455;1.1611547470092773
1.385589599609375;1.1607608795166016
1.3855891227722168;1.1609333753585815
1.3857715129852295;1.161081314086914
1.3856041431427002;1.1609065532684326
1.3856334686279297;1.1609282493591309
1.385728359222412;1.160601258277893
1.3855987787246704;1.1615686416625977
1.3856322765350342;1.161055326461792
1.3856021165847778;1.1614291667938232
1.385729193687439;1.1609457731246948
1.3855781555175781;1.161126971244812
1.3856279850006104;1.1609784364700317
1.3856300115585327;1.1614149808883667
1.3856465816497803;1.1608798503875732
1.3857381343841553;1.161750078201294
1.385601282119751;1.161010980606079
1.3856838941574097;1.1612567901611328
1.385598063468933;1.161285161972046
1.385648250579834;1.1610794067382812
1.3856041431427002;1.1605656147003174
1.385603427886963;1.161344051361084
1.3856022357940674;1.1617140769958496
1.3855806589126587;1.1611963510513306
1.3856292963027954;1.1610438823699951
1.3856518268585205;1.1610698699951172
1.3855799436569214;1.1609630584716797
1.3856511116027832;1.1609337329864502
1.3856667280197144;1.161534309387207
1.3856236934661865;1.1613264083862305
1.3856019973754883;1.1611343622207642
1.385641098022461;1.1610807180404663
1.3855772018432617;1.1608153581619263
1.3855868577957153;1.1610279083251953
1.385587453842163;1.1606553792953491
1.3856194019317627;1.161503553390503
1.3856232166290283;1.1606645584106445
1.385593056678772;1.1606045961380005
1.385643720626831;1.161669135093689
1.3855952024459839;1.161729335784912
1.3857381343841553;1.1613883972167969
1.3856593370437622;1.1610007286071777
1.3855888843536377;1.1610788106918335
1.3855822086334229;1.1607475280761719
1.3856329917907715;1.1613450050354004
1.385622262954712;1.162052869796753
1.3856842517852783;1.160908579826355
1.385628581047058;1.160920262336731
1.3855966329574585;1.1612430810928345
1.3856931924819946;1.161565899848938
1.3856171369552612;1.160664439201355
1.3855903148651123;1.1614357233047485
1.3856253623962402;1.16168212890625
1.3857359886169434;1.1614855527877808
1.3855767250061035;1.161179780960083
1.3856284618377686;1.161278247833252
1.3856066465377808;1.1613202095031738
1.3856933116912842;1.1611649990081787
1.3856154680252075;1.1612632274627686
1.3856189250946045;1.1609293222427368
1.3856239318847656;1.160996675491333
1.3856937885284424;1.1611377000808716
1.3856019973754883;1.1608409881591797
1.3856439590454102;1.161429524421692
1.3856048583984375;1.1606096029281616
1.385843276977539;1.1617072820663452
1.3856425285339355;1.1610170602798462
1.3856278657913208;1.161683440208435
1.3856019973754883;1.1607489585876465
1.3856291770935059;1.1608258485794067
1.385629415512085;1.1611145734786987
1.3856234550476074;1.1612340211868286
1.3855897188186646;1.1612869501113892
1.385608196258545;1.161109447479248
1.3856523036956787;1.1613270044326782
1.3856086730957031;1.160658836364746
1.3856096267700195;1.1612720489501953
1.3856408596038818;1.1608097553253174
1.3856709003448486;1.1610603332519531
1.385634422302246;1.1612728834152222
1.38563072681427;1.1607253551483154
1.3855955600738525;1.1608532667160034
1.385601282119751;1.160667896270752
1.3855888843536377;1.160978078842163
1.3856443166732788;1.1616078615188599
1.3855860233306885;1.1609382629394531
1.385633945465088;1.160846471786499
1.3856829404830933;1.1612745523452759
1.3856141567230225;1.16093909740448
1.3856430053710938;1.1610028743743896
1.3855865001678467;1.160896897315979
1.3855888843536377;1.1611690521240234
1.385597825050354;1.1604740619659424
1.3856172561645508;1.1616923809051514
1.3855857849121094;1.1609350442886353
1.3856029510498047;1.1608967781066895
1.3856583833694458;1.1607431173324585
1.385627269744873;1.1608788967132568
1.3856021165847778;1.1612356901168823
1.3858685493469238;1.16178560256958
1.3856362104415894;1.1611859798431396
1.3856549263000488;1.1613249778747559
1.3856298923492432;1.1611400842666626
1.3855966329574585;1.161306619644165
1.385600209236145;1.1613517999649048
1.3857848644256592;1.1612013578414917
1.3855973482131958;1.1608083248138428
1.3856569528579712;1.161383032798767
1.3855905532836914;1.1610348224639893
1.38559889793396;1.1606969833374023
1.3856397867202759;1.1607205867767334
1.3856263160705566;1.1618517637252808
1.3856298923492432;1.1608353853225708
1.385591983795166;1.1615656614303589
1.3856472969055176;1.161443829536438
1.385603666305542;1.160888671875
1.3857810497283936;1.1619375944137573
1.3856322765350342;1.1612510681152344
1.3856849670410156;1.1613272428512573
1.3856436014175415;1.1612073183059692
1.385633945465088;1.1614041328430176
1.385624647140503;1.1610121726989746
1.3856022357940674;1.1612682342529297
1.3856912851333618;1.1618491411209106
1.3856005668640137;1.1609643697738647
1.385657787322998;1.1612647771835327
1.3856048583984375;1.1612294912338257
1.3856043815612793;1.1609101295471191
1.385643720626831;1.1610134840011597
1.3856263160705566;1.161083459854126
1.3856287002563477;1.1608266830444336
1.3856838941574097;1.1612350940704346
1.3855867385864258;1.1614015102386475
1.3856723308563232;1.1617285013198853
1.385661005973816;1.1614811420440674
1.3856109380722046;1.1608858108520508
1.3856449127197266;1.1613250970840454
1.3856035470962524;1.1611316204071045
1.3855926990509033;1.1611764430999756
1.385683536529541;1.161369800567627
1.3857519626617432;1.161142110824585
1.3856289386749268;1.1616547107696533
1.3855805397033691;1.1614484786987305
1.3856563568115234;1.161388635635376
1.385628342628479;1.1610157489776611
1.3856186866760254;1.1609371900558472
1.3856278657913208;1.160913348197937
1.3856300115585327;1.1611294746398926
1.3855953216552734;1.1611249446868896
1.3855860233306885;1.1609055995941162
1.3856035470962524;1.1611595153808594
1.3856382369995117;1.1606186628341675
1.3856199979782104;1.1614584922790527
1.385672926902771;1.1617963314056396
1.3856425285339355;1.1612412929534912
1.3856028318405151;1.1611943244934082
1.3855884075164795;1.1610535383224487
1.3856465816497803;1.1606584787368774
1.3856289386749268;1.1614913940429688
1.385601282119751;1.160680890083313
1.385598063468933;1.1606184244155884
1.3855762481689453;1.160662055015564
1.3855959177017212;1.1607600450515747
1.3856443166732788;1.1613547801971436
1.385622501373291;1.1608473062515259
1.3856110572814941;1.1612141132354736
1.3856390714645386;1.16203773021698
1.385617733001709;1.1607838869094849
1.3856570720672607;1.1609047651290894
1.3856730461120605;1.1612532138824463
1.385628581047058;1.1608754396438599
1.385680913925171;1.1611160039901733
1.3855911493301392;1.1614928245544434
1.3856264352798462;1.1612927913665771
1.3856027126312256;1.1616368293762207
1.3856686353683472;1.1614271402359009
1.3856093883514404;1.160861611366272
1.3858295679092407;1.1615099906921387
1.3856279850006104;1.1612627506256104
1.38559889793396;1.1614689826965332
1.385603427886963;1.1613677740097046
1.3856277465820312;1.1619027853012085
1.3855938911437988;1.1613833904266357
1.3857845067977905;1.161312460899353
1.3855891227722168;1.1609761714935303
1.3856161832809448;1.1620252132415771
1.3856215476989746;1.1612064838409424
1.385643720626831;1.1607290506362915
1.3857417106628418;1.1613935232162476
1.385783314704895;1.161014199256897
1.3856096267700195;1.160707950592041
1.3855888843536377;1.161285638809204
1.385601282119751;1.1607033014297485
1.3856383562088013;1.161116123199463
1.3856419324874878;1.1618162393569946
1.3856806755065918;1.1615760326385498
1.3856250047683716;1.1604111194610596
1.385603427886963;1.1608631610870361
1.385606288909912;1.1612473726272583
1.3856563568115234;1.1618058681488037
1.3856889009475708;1.1612493991851807
1.3856163024902344;1.1612387895584106
1.3856163024902344;1.1611469984054565
1.3856124877929688;1.1609770059585571
1.3855828046798706;1.16094970703125
1.3856266736984253;1.1612051725387573
1.3855875730514526;1.1614494323730469
1.385611891746521;1.1613157987594604
1.3855807781219482;1.1613678932189941
1.385585069656372;1.1615105867385864
1.3857067823410034;1.1609560251235962
1.385596752166748;1.1610186100006104
1.3856500387191772;1.1613214015960693
1.3856327533721924;1.1615008115768433
1.3856226205825806;1.1613904237747192
1.3856178522109985;1.1612794399261475
1.3856614828109741;1.1616178750991821
1.3855875730514526;1.1606892347335815
1.3856481313705444;1.1605308055877686
1.3855867385864258;1.1612825393676758
1.3856102228164673;1.161111831665039
1.3855884075164795;1.1616520881652832
1.3856005668640137;1.1610170602798462
1.3856291770935059;1.1613733768463135
1.3856163024902344;1.161065697669983
1.3855829238891602;1.1611151695251465
1.3857123851776123;1.1619387865066528
1.385603666305542;1.1610667705535889
1.3856648206710815;1.1612838506698608
1.3856092691421509;1.1611558198928833
1.3856010437011719;1.161427617073059
1.385634422302246;1.1608400344848633
1.385627031326294;1.1609609127044678
1.3855960369110107;1.1613829135894775
1.3857035636901855;1.1613537073135376
1.3855788707733154;1.1610126495361328
1.3856474161148071;1.1610512733459473
1.3856178522109985;1.1609315872192383
1.385669469833374;1.16091787815094
1.3856580257415771;1.1611748933792114
1.385603427886963;1.1610392332077026
1.385580062866211;1.1611955165863037
1.385624647140503;1.1612684726715088
1.3856300115585327;1.1613889932632446
1.385596752166748;1.1611794233322144
1.3856472969055176;1.1612930297851562
1.3855897188186646;1.1614075899124146
1.3856048583984375;1.1609288454055786
1.3857097625732422;1.1613067388534546
1.3855886459350586;1.1609450578689575
1.3855910301208496;1.1611899137496948
1.3856279850006104;1.1608220338821411
1.3856066465377808;1.1608803272247314
1.3856431245803833;1.1612894535064697
1.3856433629989624;1.1615190505981445
1.385695219039917;1.161105990409851
1.3856450319290161;1.1611170768737793
1.3856279850006104;1.1611124277114868
1.3855922222137451;1.160881757736206
1.3856443166732788;1.1612601280212402
1.385756015777588;1.1613165140151978
1.385657787322998;1.161328911781311
1.3855985403060913;1.161068320274353
1.3856626749038696;1.1612236499786377
1.3856375217437744;1.1609855890274048
1.3856717348098755;1.1612348556518555
1.3856420516967773;1.1605290174484253
1.385599136352539;1.1615722179412842
1.3856086730957031;1.1607874631881714
1.385628581047058;1.1613483428955078
1.3857557773590088;1.16182279586792
1.3856263160705566;1.1614887714385986
1.3856438398361206;1.1609430313110352
1.3857018947601318;1.1617155075073242
1.3856905698776245;1.1612675189971924
1.3856840133666992;1.1613167524337769
1.385603666305542;1.1610008478164673
1.385613203048706;1.1611909866333008
1.385596513748169;1.1609283685684204
1.3857200145721436;1.1616512537002563
1.3856714963912964;1.1609687805175781
1.3856422901153564;1.1613579988479614
1.3855836391448975;1.161264181137085
1.3856291770935059;1.1612173318862915
1.3856556415557861;1.1612234115600586
1.385663390159607;1.1608998775482178
1.385779619216919;1.1617075204849243
1.3856092691421509;1.1609119176864624
1.3856021165847778;1.1611459255218506
1.3856226205825806;1.1610641479492188
1.385632038116455;1.1607869863510132
1.3856480121612549;1.1613792181015015
1.3856980800628662;1.161083459854126
1.3855818510055542;1.1612160205841064
1.385589599609375;1.1611244678497314
1.3856027126312256;1.1611143350601196
1.385636806488037;1.160615086555481
1.3856011629104614;1.1612870693206787
1.3856745958328247;1.161009669303894
1.3858641386032104;1.161354660987854
1.3857064247131348;1.1622198820114136
1.3856775760650635;1.1617753505706787
1.3856595754623413;1.161120891571045
1.3856267929077148;1.16116464138031
1.385589599609375;1.1612634658813477
1.385579228401184;1.1612880229949951
1.38558828830719;1.1614967584609985
1.385617733001709;1.1613608598709106
1.3856250047683716;1.160871148109436
1.3856017589569092;1.1607370376586914
1.385674238204956;1.1607866287231445
1.3856897354125977;1.161059856414795
1.3855853080749512;1.1607587337493896
1.3856111764907837;1.161759376525879
1.3856022357940674;1.1613751649856567
1.3855938911437988;1.1612180471420288
1.3856291770935059;1.1611624956130981
1.3856300115585327;1.161560297012329
1.3855867385864258;1.1611248254776
1.3857009410858154;1.1611212491989136
1.3856818675994873;1.1611865758895874
1.3857429027557373;1.1607720851898193
1.3855890035629272;1.1613670587539673
1.3856680393218994;1.16096830368042
1.3856134414672852;1.1608949899673462
1.3855868577957153;1.1613162755966187
1.3856687545776367;1.1607558727264404
1.3856587409973145;1.1614081859588623
1.3856101036071777;1.1610612869262695
1.38571298122406;1.1613413095474243
1.3856133222579956;1.1613668203353882
1.385643720626831;1.161354899406433
1.3856117725372314;1.1609735488891602
1.385587453842163;1.1612101793289185
1.3856056928634644;1.1607252359390259
1.3855916261672974;1.16074800491333
1.3856141567230225;1.1608015298843384
1.3856008052825928;1.1618773937225342
1.3855931758880615;1.1607764959335327
1.385615587234497;1.1612553596496582
1.3856232166290283;1.1613069772720337
1.385603666305542;1.1609054803848267
1.385607123374939;1.1611521244049072
1.3856005668640137;1.161374568939209
1.3856472969055176;1.1614360809326172
1.3856436014175415;1.160948634147644
1.3856292963027954;1.161041259765625
1.3858141899108887;1.1616703271865845
1.385607123374939;1.1614878177642822
1.3857367038726807;1.1612530946731567
1.3856685161590576;1.1615134477615356
1.3856867551803589;1.1612299680709839
1.3856215476989746;1.161124587059021
1.385664701461792;1.1612743139266968
1.3856133222579956;1.1614139080047607
1.3855867385864258;1.1609381437301636
1.3856583833694458;1.1610403060913086
1.3856158256530762;1.1610180139541626
1.3856147527694702;1.1609530448913574
1.3856021165847778;1.160693645477295
1.3856117725372314;1.1606789827346802
1.3856035470962524;1.1608688831329346
1.3856003284454346;1.1611378192901611
1.3856511116027832;1.1609704494476318
1.3856009244918823;1.1615148782730103
1.3855867385864258;1.1613281965255737
1.385629415512085;1.1613746881484985
1.3856265544891357;1.1608933210372925
1.3857003450393677;1.1619282960891724
1.3856043815612793;1.161164402961731
1.3856711387634277;1.1614378690719604
1.3856956958770752;1.1612519025802612
1.3855953216552734;1.1610403060913086
1.3855904340744019;1.1608250141143799
1.3857698440551758;1.1617565155029297
1.3855922222137451;1.1609177589416504
1.38563072681427;1.1611950397491455
1.3856844902038574;1.1611000299453735
1.3855793476104736;1.1610828638076782
1.385694980621338;1.1611782312393188
1.385596752166748;1.1609066724777222
1.3855851888656616;1.1616894006729126
1.3856232166290283;1.161102533340454
1.3855763673782349;1.1611809730529785
1.3857121467590332;1.1612898111343384
1.3856256008148193;1.1610658168792725
1.3856102228164673;1.1619386672973633
1.3855868577957153;1.161410927772522
1.3856573104858398;1.1616108417510986
1.3856737613677979;1.1613318920135498
1.3855875730514526;1.160691738128662
1.3856194019317627;1.1611340045928955
1.3856279850006104;1.1610063314437866
1.38558828830719;1.1611013412475586
1.3856028318405151;1.1610846519470215
1.3856619596481323;1.1618824005126953
1.3856239318847656;1.1610233783721924
1.3855960369110107;1.1611024141311646
1.385627031326294;1.1610063314437866
1.385614037513733;1.1611154079437256
1.385756492614746;1.1613435745239258
1.3855905532836914;1.1610047817230225
1.3856019973754883;1.1607060432434082
1.3857065439224243;1.1610236167907715
1.3855860233306885;1.160964846611023
1.3856233358383179;1.1610466241836548
1.3856451511383057;1.1609517335891724
1.3856217861175537;1.1608567237854004
1.3856420516967773;1.161072850227356
1.3856014013290405;1.1613560914993286
1.3856010437011719;1.161107063293457
1.3856148719787598;1.161177396774292
1.3856446743011475;1.161967158317566
1.3856028318405151;1.1612011194229126
1.3857699632644653;1.1613572835922241
1.3856232166290283;1.161166787147522
1.3856284618377686;1.1613785028457642
1.3856950998306274;1.161588430404663
1.3856127262115479;1.1608867645263672
1.3856313228607178;1.160884141921997
1.3855959177017212;1.1617262363433838
1.385584831237793;1.1615575551986694
1.3856741189956665;1.1610246896743774
1.3855959177017212;1.1610736846923828
1.3855905532836914;1.161360740661621
1.385680913925171;1.1612555980682373
1.3856289386749268;1.1615278720855713
1.3857821226119995;1.1613686084747314
1.3857086896896362;1.1616644859313965
1.385699987411499;1.161966323852539
1.3856403827667236;1.1612197160720825
1.3855974674224854;1.160825252532959
1.3857429027557373;1.1614956855773926
1.3855974674224854;1.1611818075180054
1.3856334686279297;1.1614398956298828
1.3856298923492432;1.1612499952316284
1.3855785131454468;1.1611796617507935
1.3855960369110107;1.1618070602416992
1.3855820894241333;1.1605699062347412
1.3856451511383057;1.1610472202301025
1.3855714797973633;1.1616002321243286
1.3857033252716064;1.1611273288726807
1.385627269744873;1.1610143184661865
1.3856028318405151;1.160901427268982
1.385748267173767;1.1616637706756592
1.385680913925171;1.1611227989196777
1.385678768157959;1.1611422300338745
1.3856134414672852;1.1610255241394043
1.3855931758880615;1.160915732383728
1.385591983795166;1.1614259481430054
1.3857245445251465;1.1618748903274536
1.3856139183044434;1.1608576774597168
1.3855786323547363;1.1608085632324219
1.3855806589126587;1.1611230373382568
1.3856239318847656;1.1614480018615723
1.3856042623519897;1.1608741283416748
1.3856613636016846;1.1610133647918701
1.3856587409973145;1.1607452630996704
1.3856278657913208;1.1610480546951294
1.3856027126312256;1.1605793237686157
1.3856412172317505;1.1610748767852783
1.3856297731399536;1.1614264249801636
1.3856124877929688;1.1610684394836426
1.3857672214508057;1.1611377000808716
1.3855845928192139;1.1612225770950317
1.3855760097503662;1.1611101627349854
1.3856382369995117;1.1614102125167847
1.3855953216552734;1.1612193584442139
1.385652780532837;1.1611769199371338
1.3856024742126465;1.1611698865890503
1.385671615600586;1.1609879732131958
1.3856278657913208;1.1610827445983887
1.3856594562530518;1.161360263824463
1.3856005668640137;1.161291480064392
1.3856422901153564;1.1615731716156006
1.385589599609375;1.1614868640899658
1.385611891746521;1.1615352630615234
1.3855947256088257;1.1609103679656982
1.3856210708618164;1.1612638235092163
1.385587453842163;1.1613136529922485
1.3855936527252197;1.161354660987854
1.3855952024459839;1.1614221334457397
1.385595440864563;1.1613490581512451
1.3856227397918701;1.1608072519302368
1.3856275081634521;1.1611731052398682
1.3856709003448486;1.1611098051071167
1.3856278657913208;1.1607643365859985
1.3855786323547363;1.160485863685608
1.3856260776519775;1.1612536907196045
1.3855717182159424;1.1614806652069092
1.3856488466262817;1.1616753339767456
1.3856316804885864;1.161128044128418
1.3856035470962524;1.1608943939208984
1.3856911659240723;1.1611069440841675
1.3856773376464844;1.1615930795669556
1.3856430053710938;1.1611119508743286
1.3856291770935059;1.1615486145019531
1.3856010437011719;1.1613695621490479
1.385602355003357;1.1613863706588745
1.3856301307678223;1.160970687866211
1.3855884075164795;1.160776138305664
1.3855810165405273;1.1610885858535767
1.3856345415115356;1.1612114906311035
1.3855992555618286;1.161323070526123
1.3856027126312256;1.1614023447036743
1.385672926902771;1.1610685586929321
1.3856005668640137;1.1610881090164185
1.3855847120285034;1.1610795259475708
1.385643482208252;1.1613534688949585
1.385600209236145;1.1613476276397705
1.385614037513733;1.1613261699676514
1.3856480121612549;1.1613267660140991
1.3856306076049805;1.1612389087677002
1.3856451511383057;1.161300539970398
1.3856171369552612;1.1608184576034546
1.38558828830719;1.1609439849853516
1.3856275081634521;1.1618927717208862
1.3856427669525146;1.1608752012252808
1.385800838470459;1.161464810371399
1.3855912685394287;1.1609760522842407
1.3856301307678223;1.161306381225586
1.385601282119751;1.1614325046539307
1.3856099843978882;1.1613003015518188
1.3856056928634644;1.1613658666610718
1.3856464624404907;1.161466360092163
1.3856279850006104;1.1610881090164185
1.385603427886963;1.1612411737442017
1.3856086730957031;1.1615986824035645
1.3856756687164307;1.1619216203689575
1.3856269121170044;1.1619246006011963
1.3856337070465088;1.1610393524169922
1.385588526725769;1.1612476110458374
1.385643482208252;1.161508321762085
1.385669469833374;1.1608573198318481
1.3857253789901733;1.1616846323013306
1.3856431245803833;1.1624754667282104
1.3855973482131958;1.1607716083526611
1.3857818841934204;1.1619246006011963
1.3855806589126587;1.1604548692703247
1.3857426643371582;1.1607916355133057
1.385615587234497;1.1608773469924927
1.3855946063995361;1.1611994504928589
1.3856148719787598;1.1615463495254517
1.385613203048706;1.1612392663955688
1.385598063468933;1.1607377529144287
1.3856161832809448;1.1610007286071777
1.3856006860733032;1.1609541177749634
1.3856171369552612;1.1615450382232666
1.3855814933776855;1.161586880683899
1.385575294494629;1.1609644889831543
1.3856271505355835;1.1615564823150635
1.3855829238891602;1.1611266136169434
1.385611891746521;1.1608039140701294
1.3856284618377686;1.1614649295806885
1.385613203048706;1.1610149145126343
1.3855960369110107;1.1611980199813843
1.3856161832809448;1.1613566875457764
1.3855767250061035;1.1612635850906372
1.3856061697006226;1.1616209745407104
1.385645866394043;1.161211609840393
1.3856005668640137;1.1615784168243408
1.3856042623519897;1.161245584487915
1.3856260776519775;1.1611454486846924
1.385610818862915;1.1612945795059204
1.3856377601623535;1.1617804765701294
1.3856278657913208;1.1614872217178345
1.385674238204956;1.16096830368042
1.385621190071106;1.160963773727417
1.3855853080749512;1.1613491773605347
1.385632038116455;1.1613078117370605
1.3856278657913208;1.1608340740203857
1.3856866359710693;1.1610208749771118
1.3856048583984375;1.1612560749053955
1.3856430053710938;1.1612510681152344
1.3856786489486694;1.1608699560165405
1.3856019973754883;1.1609406471252441
1.3855937719345093;1.1610804796218872
1.3856513500213623;1.1607624292373657
1.385733962059021;1.1620033979415894
1.3855911493301392;1.161221981048584
1.385650873184204;1.160603404045105
1.3856709003448486;1.160906195640564
1.38559889793396;1.1608976125717163
1.3856444358825684;1.1609256267547607
1.3856041431427002;1.1611764430999756
1.3855856657028198;1.1611559391021729
1.3856050968170166;1.1612670421600342
1.3856533765792847;1.1610748767852783
1.385705590248108;1.160921335220337
1.385706901550293;1.160783052444458
1.3856043815612793;1.1608108282089233
1.3856112957000732;1.1619105339050293
1.3856196403503418;1.1613367795944214
1.3856041431427002;1.1609786748886108
1.3856298923492432;1.160915732383728
1.3856279850006104;1.1616820096969604
1.3855860233306885;1.1610008478164673
1.385671615600586;1.1614717245101929
1.385717749595642;1.1614019870758057
1.3856148719787598;1.1612050533294678
1.3856682777404785;1.1616102457046509
1.3855888843536377;1.1614755392074585
1.3856614828109741;1.1613001823425293
1.3856582641601562;1.1608827114105225
1.385725736618042;1.1606559753417969
1.3856135606765747;1.161214828491211
1.3856041431427002;1.1611135005950928
1.3856043815612793;1.1615418195724487
1.3856842517852783;1.161539077758789
1.385615587234497;1.1609665155410767
1.3857234716415405;1.1614649295806885
1.3856232166290283;1.1608318090438843
1.385627031326294;1.1609995365142822
1.3856487274169922;1.1615490913391113
1.3856672048568726;1.1609907150268555
1.385627031326294;1.1612073183059692
1.385647177696228;1.161246657371521
1.3855950832366943;1.1607588529586792
1.3856287002563477;1.1614940166473389
1.3855814933776855;1.1605784893035889
1.3856570720672607;1.1615318059921265
1.3856284618377686;1.1618328094482422
1.385702133178711;1.1610251665115356
1.3856165409088135;1.1607286930084229
1.3856346607208252;1.1611436605453491
1.3856065273284912;1.1612504720687866
1.3856621980667114;1.1606669425964355
1.3857982158660889;1.1612358093261719
1.3857121467590332;1.1612896919250488
1.385627031326294;1.161596655845642
1.3855974674224854;1.161613941192627
1.385599970817566;1.1609079837799072
1.3855985403060913;1.1614209413528442
1.3856215476989746;1.1615087985992432
1.385623574256897;1.161110281944275
1.385632038116455;1.1616346836090088
1.3855888843536377;1.162045955657959
1.3856664896011353;1.161086082458496
1.385603666305542;1.160469889640808
1.3855998516082764;1.1607654094696045
1.3855938911437988;1.160723328590393
1.3856300115585327;1.1613692045211792
1.3856035470962524;1.161337971687317
1.3856196403503418;1.1608606576919556
1.3855992555618286;1.161229133605957
1.3856346607208252;1.1616690158843994
1.3856662511825562;1.1608405113220215
1.3856717348098755;1.161375641822815
1.3856292963027954;1.160840630531311
1.385641098022461;1.1612632274627686
1.385667324066162;1.161147952079773
1.3855793476104736;1.1612803936004639
1.3856412172317505;1.1613906621932983
1.3856443166732788;1.1615440845489502
1.3856722116470337;1.161493182182312
1.3855911493301392;1.1609811782836914
1.3856277465820312;1.161057710647583
1.3856959342956543;1.1611618995666504
1.3855935335159302;1.1609854698181152
1.3856325149536133;1.160858392715454
1.3855944871902466;1.1610649824142456
1.3856300115585327;1.160897970199585
1.3857159614562988;1.160994052886963
1.3856210708618164;1.1612597703933716
1.3855953216552734;1.16078519821167
1.3856550455093384;1.161122441291809
1.3856292963027954;1.160792350769043
1.3855760097503662;1.161002278327942
1.3856035470962524;1.1610395908355713
1.3856300115585327;1.1613596677780151
1.3856018781661987;1.1609218120574951
1.3856008052825928;1.161289095878601
1.3856334686279297;1.1610294580459595
1.3856184482574463;1.1609714031219482
1.3856093883514404;1.1609872579574585
1.3856275081634521;1.1612967252731323
1.3855819702148438;1.1608800888061523
1.3856306076049805;1.1613872051239014
1.3856035470962524;1.1610291004180908
1.3855884075164795;1.1613057851791382
1.3856072425842285;1.1612588167190552
1.3857004642486572;1.1617138385772705
1.3856573104858398;1.1613901853561401
1.3856189250946045;1.1606942415237427
1.3857475519180298;1.1617021560668945
1.3855946063995361;1.160893201828003
1.3856819868087769;1.160980463027954
1.3856048583984375;1.1607476472854614
1.3856444358825684;1.1610878705978394
1.385603427886963;1.1620092391967773
1.3856232166290283;1.161054015159607
1.3856027126312256;1.160841464996338
1.3856680393218994;1.1614658832550049
1.3856217861175537;1.161279320716858
1.3856141567230225;1.1609264612197876
1.3856611251831055;1.1609100103378296
1.3855981826782227;1.1608002185821533
1.3855881690979004;1.1613658666610718
1.3855857849121094;1.1607919931411743
1.3856021165847778;1.160725712776184
1.3856010437011719;1.1614211797714233
1.3856196403503418;1.161604642868042
1.3856008052825928;1.161352276802063
1.3856360912322998;1.1614662408828735
1.3856570720672607;1.1611303091049194
1.3856019973754883;1.1611562967300415
1.3856301307678223;1.1611558198928833
1.3856370449066162;1.1607040166854858
1.3856889009475708;1.161926507949829
1.3856003284454346;1.1614373922348022
1.385610818862915;1.161047339439392
1.3855938911437988;1.1609176397323608
1.38563871383667;1.1605223417282104
1.3856321573257446;1.161878228187561
1.3857178688049316;1.1610101461410522
1.3856028318405151;1.160879135131836
1.3856414556503296;1.1613523960113525
1.3856035470962524;1.1606475114822388
1.3856436014175415;1.1608850955963135
1.3855836391448975;1.1610116958618164
1.3856287002563477;1.1613913774490356
1.385589361190796;1.1612858772277832
1.3855949640274048;1.1615616083145142
1.3856695890426636;1.1608428955078125
1.385601282119751;1.1610723733901978
1.3856619596481323;1.1607134342193604
1.3856405019760132;1.1616135835647583
1.3856556415557861;1.1610757112503052
1.3856055736541748;1.1610419750213623
1.3856086730957031;1.161540150642395
1.38559889793396;1.1612294912338257
1.3856227397918701;1.1608716249465942
1.3856260776519775;1.1606827974319458
1.3856154680252075;1.1608552932739258
1.385604977607727;1.1610236167907715
1.385672926902771;1.1609432697296143
1.3856239318847656;1.1606847047805786
1.385613203048706;1.1606035232543945
1.3856147527694702;1.1606556177139282
1.385629415512085;1.160351037979126
1.3856282234191895;1.1613726615905762
1.38560152053833;1.1603574752807617
1.3855994939804077;1.1606292724609375
1.3856403827667236;1.1611493825912476
1.385604977607727;1.160860300064087
1.3856420516967773;1.160837173461914
1.3855938911437988;1.160876750946045
1.385732650756836;1.1609309911727905
1.385701298713684;1.1607639789581299
1.385595440864563;1.1613777875900269
1.3856195211410522;1.1605737209320068
1.3856086730957031;1.161389946937561
1.3856271505355835;1.1603494882583618
1.3856422901153564;1.1610749959945679
1.3856242895126343;1.1609890460968018
1.3856042623519897;1.161001205444336
1.3857098817825317;1.1611347198486328
1.385589599609375;1.1609442234039307
1.3856209516525269;1.1615104675292969
1.3856284618377686;1.1602869033813477
1.3856042623519897;1.1613318920135498
1.3855884075164795;1.161354422569275
1.385620355606079;1.1605674028396606
1.3856797218322754;1.1609379053115845
1.3857388496398926;1.1609971523284912
1.3856019973754883;1.1613558530807495
1.3856472969055176;1.161657452583313
1.3856042623519897;1.1605725288391113
1.3856019973754883;1.1608107089996338
1.3857431411743164;1.1608515977859497
1.3855961561203003;1.1609209775924683
1.385695219039917;1.1613004207611084
1.385604977607727;1.1608964204788208
1.3856139183044434;1.1610691547393799
1.3855890035629272;1.1608918905258179
1.385662317276001;1.1614881753921509
1.3856377601623535;1.1602541208267212
1.3856019973754883;1.1610393524169922
1.3856264352798462;1.16123366355896
1.3857102394104004;1.160912036895752
1.3856258392333984;1.161293387413025
1.3856494426727295;1.1607307195663452
1.3856037855148315;1.1609739065170288
1.3856972455978394;1.1613301038742065
1.385599136352539;1.1611725091934204
1.385596752166748;1.1608401536941528
1.3856148719787598;1.1613279581069946
1.3856345415115356;1.1608232259750366
1.3855911493301392;1.1612215042114258
1.3856427669525146;1.1614340543746948
1.3857080936431885;1.161299467086792
1.385627031326294;1.161395788192749
1.3856215476989746;1.1607396602630615
1.3856241703033447;1.1610913276672363
1.3856827020645142;1.1610544919967651
1.385608196258545;1.1609293222427368
1.385725498199463;1.1611227989196777
1.3856550455093384;1.1610422134399414
1.3856041431427002;1.1606749296188354
1.3856170177459717;1.1611531972885132
1.385695219039917;1.161341667175293
1.3856985569000244;1.1615256071090698
1.3856264352798462;1.160934329032898
1.385632038116455;1.1607584953308105
1.3855829238891602;1.1607258319854736
1.3856580257415771;1.1614106893539429
1.38558828830719;1.1613954305648804
1.3856570720672607;1.161594271659851
1.3856658935546875;1.1612346172332764
1.3855875730514526;1.161089539527893
1.3855838775634766;1.161007285118103
1.3856074810028076;1.1614423990249634
1.3857394456863403;1.1609214544296265
1.3856290578842163;1.161139726638794
1.385770559310913;1.161277413368225
1.3855973482131958;1.1609488725662231
1.3856028318405151;1.1611371040344238
1.3856042623519897;1.1615709066390991
1.3856042623519897;1.1608681678771973
1.3856778144836426;1.1612601280212402
1.3855897188186646;1.1614983081817627
1.3856256008148193;1.1612627506256104
1.3855904340744019;1.1612236499786377
1.3856569528579712;1.1606495380401611
1.3856885433197021;1.1604970693588257
1.3856284618377686;1.1615803241729736
1.3855857849121094;1.1605859994888306
1.3855804204940796;1.161133885383606
1.3855977058410645;1.1607191562652588
1.3857187032699585;1.161407232284546
1.3855911493301392;1.161392092704773
1.3856472969055176;1.1617859601974487
1.3856525421142578;1.1607434749603271
1.3855868577957153;1.16115403175354
1.3856865167617798;1.160961627960205
1.3856430053710938;1.161106824874878
1.38559889793396;1.161290168762207
1.3855890035629272;1.160926342010498
1.3856555223464966;1.1608902215957642
1.3855869770050049;1.1607401371002197
1.385658621788025;1.1611846685409546
1.385706901550293;1.1608293056488037
1.3856972455978394;1.1613094806671143
1.3856021165847778;1.1606396436691284
1.385711669921875;1.1612844467163086
1.3856202363967896;1.1609152555465698
1.385603666305542;1.1617176532745361
1.385601282119751;1.161116600036621
1.3856642246246338;1.1616053581237793
1.3855984210968018;1.1614594459533691
1.385727047920227;1.1615605354309082
1.3855878114700317;1.1608694791793823
1.3856300115585327;1.1609408855438232
1.3856375217437744;1.160367727279663
1.38568115234375;1.1611400842666626
1.3856265544891357;1.1609101295471191
1.3856608867645264;1.1611486673355103
1.385628581047058;1.1610538959503174
1.3856196403503418;1.1614344120025635
1.3856010437011719;1.1608524322509766
1.385601282119751;1.1605037450790405
1.3856399059295654;1.161253571510315
1.3857394456863403;1.1616663932800293
1.3856234550476074;1.161325454711914
1.3856549263000488;1.160879373550415
1.3856496810913086;1.160909652709961
1.385603427886963;1.161027431488037
1.385577917098999;1.1613978147506714
1.3856217861175537;1.161604881286621
1.385589838027954;1.161016821861267
1.3855810165405273;1.161215901374817
1.385675072669983;1.160666584968567
1.3856079578399658;1.1608120203018188
1.3856855630874634;1.161558747291565
1.3856236934661865;1.1607582569122314
1.3856728076934814;1.160752773284912
1.3856111764907837;1.1616249084472656
1.3856154680252075;1.1611268520355225
1.385604977607727;1.1614441871643066
1.3856184482574463;1.1609426736831665
1.3855851888656616;1.161004662513733
1.3856252431869507;1.1609792709350586
1.3857594728469849;1.162077784538269
1.3857388496398926;1.1608872413635254
1.385575532913208;1.1607375144958496
1.3855788707733154;1.1611101627349854
1.3856194019317627;1.1613004207611084
1.3856021165847778;1.1608999967575073
1.3856041431427002;1.1607204675674438
1.3856232166290283;1.1610275506973267
1.3855868577957153;1.1613038778305054
1.3856223821640015;1.1612162590026855
1.3856242895126343;1.1609869003295898
1.38559889793396;1.1610950231552124
1.3856549263000488;1.1618839502334595
1.3856388330459595;1.161407232284546
1.3856110572814941;1.1606810092926025
1.3856382369995117;1.161014199256897
1.3855839967727661;1.1616299152374268
1.3856242895126343;1.1613929271697998
1.3855910301208496;1.1605952978134155
1.3856141567230225;1.161120057106018
1.3856139183044434;1.1612162590026855
1.3856860399246216;1.1613725423812866
1.3855880498886108;1.161375880241394
1.3856111764907837;1.1606861352920532
1.3857015371322632;1.1612926721572876
1.3856412172317505;1.1608039140701294
1.3856042623519897;1.1608657836914062
1.3856019973754883;1.1609461307525635
1.3856582641601562;1.1608943939208984
1.3856730461120605;1.1605756282806396
1.3856154680252075;1.16055166721344
1.3857171535491943;1.1610032320022583
1.3856171369552612;1.1612355709075928
1.3856632709503174;1.1616495847702026
1.3856165409088135;1.1615662574768066
1.3856141567230225;1.160836100578308
1.385589599609375;1.1606602668762207
1.3856232166290283;1.1612440347671509
1.3855949640274048;1.1612167358398438
1.3856401443481445;1.1611342430114746
1.385642647743225;1.16073739528656
1.3855936527252197;1.1608994007110596
1.3856556415557861;1.1611347198486328
1.385697364807129;1.1607953310012817
1.3856024742126465;1.1608293056488037
1.385661244392395;1.161177396774292
1.3855961561203003;1.1607966423034668
1.3857102394104004;1.1610947847366333
1.3856292963027954;1.1610286235809326
1.3855869770050049;1.1608755588531494
1.3855829238891602;1.1612011194229126
1.385616421699524;1.1612883806228638
1.3856042623519897;1.1609821319580078
1.3855985403060913;1.1603825092315674
1.3855880498886108;1.1604183912277222
1.3856467008590698;1.161310076713562
1.3857486248016357;1.1616522073745728
1.3855836391448975;1.1607306003570557
1.3856911659240723;1.161182165145874
1.3856215476989746;1.1610857248306274
1.3856306076049805;1.1612406969070435
1.3857682943344116;1.161422610282898
1.3856104612350464;1.160982608795166
1.3856127262115479;1.1607880592346191
1.38560152053833;1.1611628532409668
1.385698914527893;1.1613013744354248
1.3856639862060547;1.1608954668045044
1.3856710195541382;1.1610642671585083
1.38560152053833;1.161024808883667
1.3856539726257324;1.1609262228012085
1.3855738639831543;1.1608842611312866
1.3856651782989502;1.1614137887954712
1.3857144117355347;1.1610136032104492
1.3856284618377686;1.1609586477279663
1.3855843544006348;1.1609429121017456
1.38558828830719;1.1609526872634888
1.3856250047683716;1.1611250638961792
1.3858060836791992;1.1616605520248413
1.3856933116912842;1.160943865776062
1.3856465816497803;1.160739779472351
1.3855992555618286;1.1609560251235962
1.3856050968170166;1.1608831882476807
1.3856685161590576;1.161085605621338
1.3856425285339355;1.160851240158081
1.385635495185852;1.1608632802963257
1.3856148719787598;1.1604552268981934
1.3856163024902344;1.1608672142028809
1.3856843709945679;1.1607844829559326
1.3856152296066284;1.1606723070144653
1.3856117725372314;1.1619679927825928
1.3855876922607422;1.161177635192871
1.385580062866211;1.1614835262298584
1.3856141567230225;1.1604112386703491
1.3856269121170044;1.160164713859558
1.3856457471847534;1.161447525024414
1.3855875730514526;1.1606569290161133
1.3856558799743652;1.1610440015792847
1.385643720626831;1.1610430479049683
1.3856126070022583;1.1611504554748535
1.38558828830719;1.161303162574768
1.3856056928634644;1.160886526107788
1.385604977607727;1.161454200744629
1.3856338262557983;1.1610939502716064
1.3856250047683716;1.1612533330917358
1.3857667446136475;1.1615221500396729
1.3857349157333374;1.1610263586044312
1.3855853080749512;1.1609911918640137
1.3855966329574585;1.1608020067214966
1.3856111764907837;1.161330223083496
1.3855857849121094;1.1609162092208862
1.3855805397033691;1.1609944105148315
1.3858046531677246;1.1613556146621704
1.385629415512085;1.160874366760254
1.3856182098388672;1.1605933904647827
1.3857192993164062;1.1617398262023926
1.385610818862915;1.160932183265686
1.3856403827667236;1.161431908607483
1.3857829570770264;1.1610839366912842
1.3856006860733032;1.1615999937057495
1.3856134414672852;1.1606271266937256
1.385628581047058;1.1611069440841675
1.3856185674667358;1.1611855030059814
1.3856440782546997;1.161546230316162
1.3855793476104736;1.1606237888336182
1.3856048583984375;1.1607115268707275
1.385611653327942;1.1605157852172852
