err_mean;err_cos1;err_cos2;err_cos3
1.0050081014633179;0.27492502331733704;0.6581790447235107;1.1583211421966553
0.653920590877533;0.4592107832431793;0.41012468934059143;0.2900157570838928
0.3416311740875244;0.36135584115982056;0.392377108335495;0.28983089327812195
0.31802478432655334;0.31263118982315063;0.38293927907943726;0.2908090353012085
0.3056206703186035;0.27577120065689087;0.3658657968044281;0.28304609656333923
0.3067462146282196;0.25350090861320496;0.35609403252601624;0.27939483523368835
0.2993769943714142;0.2370968908071518;0.345033198595047;0.2700761556625366
0.30104851722717285;0.21938550472259521;0.327284574508667;0.2695792317390442
0.30160224437713623;0.21076379716396332;0.320671945810318;0.2615872621536255
0.3028029501438141;0.2033766359090805;0.31617841124534607;0.2532641887664795
0.3003407120704651;0.19707098603248596;0.3118985891342163;0.24809561669826508
0.3049512505531311;0.19278372824192047;0.3043662905693054;0.24309475719928741
0.2957056164741516;0.18449723720550537;0.2996673882007599;0.23247623443603516
0.2975592017173767;0.17877334356307983;0.2943560779094696;0.23044617474079132
0.29666003584861755;0.17334391176700592;0.28920260071754456;0.22457854449748993
0.30131277441978455;0.17160342633724213;0.29055914282798767;0.21695704758167267
0.30003002285957336;0.16645343601703644;0.28605031967163086;0.21306613087654114
0.30278974771499634;0.165671706199646;0.28088200092315674;0.20849381387233734
0.2975238859653473;0.16473005712032318;0.27904945611953735;0.20191974937915802
0.2995867431163788;0.1607740968465805;0.27770835161209106;0.19594624638557434
0.30009838938713074;0.16268689930438995;0.2789320647716522;0.19619832932949066
0.30230018496513367;0.16293112933635712;0.27956563234329224;0.19888947904109955
0.3011218011379242;0.16171017289161682;0.27626684308052063;0.1961090862751007
0.29951608180999756;0.16091032326221466;0.27985307574272156;0.188940167427063
0.2991730272769928;0.1588636040687561;0.2788371741771698;0.19565539062023163
0.3009938895702362;0.16065184772014618;0.28036507964134216;0.18730810284614563
0.29977163672447205;0.15942366421222687;0.27657756209373474;0.1835423707962036
0.2995845675468445;0.15824101865291595;0.277103990316391;0.18562133610248566
0.30021631717681885;0.15803387761116028;0.27399590611457825;0.18505533039569855
0.29690080881118774;0.1553664207458496;0.2709999084472656;0.1818271428346634
0.297439306974411;0.1572064608335495;0.27387380599975586;0.18509064614772797
0.29849714040756226;0.15575385093688965;0.2705419063568115;0.1802816241979599
0.3003072440624237;0.1561768800020218;0.27278611063957214;0.18298520147800446
0.2966218888759613;0.1540077030658722;0.2731092870235443;0.18202053010463715
0.29881224036216736;0.15402959287166595;0.27013707160949707;0.1792103797197342
0.30203086137771606;0.15470068156719208;0.2744090259075165;0.1756814569234848
0.30190739035606384;0.15574227273464203;0.2720668315887451;0.1748390644788742
0.30098801851272583;0.15510110557079315;0.27184388041496277;0.172673761844635
0.2985062301158905;0.15326686203479767;0.2691894471645355;0.1747269481420517
0.3004337549209595;0.15316979587078094;0.26747164130210876;0.17169539630413055
0.29784107208251953;0.15289096534252167;0.2717292308807373;0.1692143827676773
0.29917725920677185;0.1500173807144165;0.2683727741241455;0.17143212258815765
0.30069831013679504;0.15367533266544342;0.2711634337902069;0.17206673324108124
0.298231303691864;0.15291349589824677;0.27042466402053833;0.17469924688339233
0.2988312542438507;0.1540830135345459;0.2707381248474121;0.17129962146282196
0.295141339302063;0.15280865132808685;0.2752963900566101;0.1735798865556717
0.30082225799560547;0.15413574874401093;0.2715148627758026;0.1708780974149704
0.2998037040233612;0.1533447951078415;0.2704906761646271;0.17011460661888123
0.30022576451301575;0.15293021500110626;0.2683144211769104;0.17237506806850433
0.2992587685585022;0.15134353935718536;0.2652709186077118;0.17233967781066895
0.29845255613327026;0.15200120210647583;0.26590514183044434;0.16534088551998138
0.2989916205406189;0.152205690741539;0.2713044583797455;0.16686318814754486
0.2983897626399994;0.15304484963417053;0.2675926089286804;0.1628033071756363
0.29774996638298035;0.15293748676776886;0.267451673746109;0.16169293224811554
0.29809632897377014;0.15124836564064026;0.26735225319862366;0.16265103220939636
0.2973977327346802;0.15143567323684692;0.26730814576148987;0.1662195473909378
0.29803141951560974;0.1518825739622116;0.26748013496398926;0.16734614968299866
0.2998081147670746;0.15092281997203827;0.265095978975296;0.170540913939476
0.2985212802886963;0.15075214207172394;0.26690956950187683;0.1723385453224182
0.29863882064819336;0.1512901335954666;0.26978781819343567;0.16702671349048615
0.2988121807575226;0.1501135677099228;0.26435449719429016;0.16405726969242096
0.29784125089645386;0.1498420238494873;0.26628777384757996;0.1680951565504074
0.3000454306602478;0.15000902116298676;0.2656421661376953;0.16371166706085205
0.30051878094673157;0.14943042397499084;0.26414796710014343;0.15977180004119873
0.30098628997802734;0.15135018527507782;0.26491084694862366;0.16614662110805511
0.29940107464790344;0.15072713792324066;0.2670137584209442;0.1667078286409378
0.29930970072746277;0.15058083832263947;0.2659175395965576;0.16028422117233276
0.3026370108127594;0.15131421387195587;0.2688543498516083;0.16298215091228485
0.30066099762916565;0.15034893155097961;0.26779040694236755;0.1619979590177536
0.29908210039138794;0.1506740301847458;0.2684461176395416;0.1630096286535263
0.2998502850532532;0.15056823194026947;0.26946520805358887;0.16153761744499207
0.3000643253326416;0.1500508040189743;0.26849114894866943;0.1637050360441208
0.29911866784095764;0.15021762251853943;0.2671538293361664;0.16119645535945892
0.298753947019577;0.14997871220111847;0.266637921333313;0.16086582839488983
0.29621386528015137;0.1488606482744217;0.26620715856552124;0.16242681443691254
0.30021920800209045;0.14968085289001465;0.2641010880470276;0.16439424455165863
0.30235734581947327;0.1515171080827713;0.2657686769962311;0.16385091841220856
0.30232927203178406;0.15014348924160004;0.2644173204898834;0.1608678549528122
0.3014298975467682;0.15054430067539215;0.2669619023799896;0.16427162289619446
0.2999153137207031;0.1499781757593155;0.26626458764076233;0.16161875426769257
0.2993195056915283;0.1497676819562912;0.2670865058898926;0.16227281093597412
0.29903221130371094;0.149323508143425;0.2667563557624817;0.1624681055545807
0.29995375871658325;0.14895226061344147;0.26815375685691833;0.1635628193616867
0.30006861686706543;0.1485661119222641;0.2647366523742676;0.1634698361158371
0.29916930198669434;0.14869847893714905;0.2641846835613251;0.16247402131557465
0.2996161878108978;0.14821012318134308;0.26355868577957153;0.16059254109859467
0.3000068664550781;0.14886829257011414;0.2633448839187622;0.16034488379955292
0.300027459859848;0.14960287511348724;0.2653527855873108;0.1608285754919052
0.2992197573184967;0.14843033254146576;0.2627784013748169;0.156837597489357
0.29901766777038574;0.14924097061157227;0.26428207755088806;0.1602352112531662
0.2999970018863678;0.14902770519256592;0.26435890793800354;0.1618584841489792
0.29910048842430115;0.14819978177547455;0.26595112681388855;0.16449032723903656
0.30023252964019775;0.1499941498041153;0.26777300238609314;0.16139936447143555
0.2979515492916107;0.14967705309391022;0.2665441334247589;0.16587883234024048
0.29748520255088806;0.14707422256469727;0.2629116475582123;0.16187410056591034
0.29975682497024536;0.14779673516750336;0.2645970582962036;0.1605968326330185
0.3007436990737915;0.14819687604904175;0.26495131850242615;0.1608140617609024
0.29883891344070435;0.14763641357421875;0.26473864912986755;0.15802206099033356
0.29991090297698975;0.14783306419849396;0.26559606194496155;0.16317768394947052
0.29895922541618347;0.14782379567623138;0.2642308175563812;0.1612081676721573
0.3011273443698883;0.14925798773765564;0.2654804289340973;0.1603962630033493
0.30305561423301697;0.14963996410369873;0.2657037675380707;0.16177427768707275
0.3020520806312561;0.14803488552570343;0.2629877030849457;0.16070957481861115
0.2996262013912201;0.14727282524108887;0.2649703025817871;0.16261231899261475
0.29907676577568054;0.14734691381454468;0.2645682990550995;0.15906411409378052
0.3007063567638397;0.14647944271564484;0.2609883248806;0.15805190801620483
0.2998250126838684;0.14795546233654022;0.2607830762863159;0.1586124151945114
0.29831424355506897;0.14814971387386322;0.26224517822265625;0.15715399384498596
0.29853200912475586;0.14794521033763885;0.26137232780456543;0.15652863681316376
0.29917773604393005;0.1483772248029709;0.2625867426395416;0.16034460067749023
0.29852738976478577;0.14798331260681152;0.263030081987381;0.1594720184803009
0.3014671802520752;0.14781811833381653;0.26304829120635986;0.1575605422258377
0.29996299743652344;0.14814306795597076;0.26325753331184387;0.15663161873817444
0.30130264163017273;0.1482408344745636;0.26294171810150146;0.15659065544605255
0.2993512451648712;0.14913740754127502;0.2647760212421417;0.15639059245586395
0.29967641830444336;0.14845456182956696;0.26490625739097595;0.15743790566921234
0.29891690611839294;0.14757190644741058;0.2622023820877075;0.1580059975385666
0.29989561438560486;0.14741282165050507;0.26322266459465027;0.16168981790542603
0.2998611629009247;0.14723367989063263;0.261044442653656;0.15565922856330872
0.2995510995388031;0.14711689949035645;0.26079729199409485;0.15916402637958527
0.30099523067474365;0.14690552651882172;0.2608029842376709;0.15970149636268616
0.30044350028038025;0.1470850706100464;0.26190125942230225;0.16020475327968597
0.3000226616859436;0.147132009267807;0.2611520290374756;0.15636204183101654
0.299261212348938;0.14651529490947723;0.25961360335350037;0.15622101724147797
0.3001258969306946;0.14675664901733398;0.2616520822048187;0.15781626105308533
0.2998940646648407;0.14637723565101624;0.2592107951641083;0.15901398658752441
0.2996225953102112;0.1478864997625351;0.2618670165538788;0.15949849784374237
0.2987368404865265;0.14644737541675568;0.26003214716911316;0.15887273848056793
0.29780349135398865;0.14676545560359955;0.26163026690483093;0.15606844425201416
0.2989535331726074;0.1467675417661667;0.2597731649875641;0.15465691685676575
0.2998954951763153;0.147588849067688;0.26076680421829224;0.15456508100032806
0.300946980714798;0.14790768921375275;0.2614975571632385;0.15879638493061066
0.2991798520088196;0.14724574983119965;0.26113539934158325;0.1554107815027237
0.3001827299594879;0.14821048080921173;0.2596573531627655;0.15192948281764984
0.30076828598976135;0.14761558175086975;0.26038914918899536;0.15209190547466278
0.2988604009151459;0.14662711322307587;0.25987425446510315;0.15075087547302246
0.29781171679496765;0.14692465960979462;0.26263198256492615;0.15340498089790344
0.2972467839717865;0.14663052558898926;0.2630235552787781;0.1562199592590332
0.2973169982433319;0.1475144624710083;0.26206210255622864;0.1536397486925125
0.299564003944397;0.14856550097465515;0.26360470056533813;0.1556556075811386
0.3005714416503906;0.14738117158412933;0.2622966766357422;0.15622642636299133
0.298821359872818;0.1470562219619751;0.2618311941623688;0.15792043507099152
0.29856565594673157;0.14676016569137573;0.2633785903453827;0.15818364918231964
0.2974780201911926;0.1459004133939743;0.2618350088596344;0.16009333729743958
0.29617616534233093;0.14647546410560608;0.26288527250289917;0.1601712554693222
0.29612624645233154;0.14700272679328918;0.26223045587539673;0.15876512229442596
0.2968244254589081;0.14641113579273224;0.26147904992103577;0.15917648375034332
0.2969880998134613;0.14634694159030914;0.26046162843704224;0.15784119069576263
0.2975321412086487;0.14720340073108673;0.26214835047721863;0.15711937844753265
0.29771777987480164;0.1466425359249115;0.261707067489624;0.1535795032978058
0.29939699172973633;0.14688359200954437;0.26142367720603943;0.15532033145427704
0.2973564565181732;0.14538300037384033;0.2605152726173401;0.15409496426582336
0.29921063780784607;0.14619959890842438;0.25918465852737427;0.15014353394508362
0.29991671442985535;0.14682982861995697;0.25997111201286316;0.1511894017457962
0.30036577582359314;0.14684002101421356;0.2621538043022156;0.15225838124752045
0.301694393157959;0.14550261199474335;0.261432945728302;0.1522589772939682
0.30118927359580994;0.14650394022464752;0.26320311427116394;0.15389303863048553
0.3022139072418213;0.14767037332057953;0.26478204131126404;0.15895545482635498
0.3013584315776825;0.14785225689411163;0.2655985355377197;0.15880706906318665
0.30055931210517883;0.14742809534072876;0.26400819420814514;0.15790188312530518
0.30025678873062134;0.14704225957393646;0.26505324244499207;0.15433786809444427
0.30024489760398865;0.14732567965984344;0.26411527395248413;0.15526436269283295
0.3005114495754242;0.14744611084461212;0.2637649476528168;0.15606394410133362
0.29996031522750854;0.14739304780960083;0.26527830958366394;0.1580764502286911
0.30116018652915955;0.14795824885368347;0.2628026604652405;0.15516991913318634
0.30106619000434875;0.14758409559726715;0.2627216875553131;0.15488822758197784
0.30178388953208923;0.14647886157035828;0.259238600730896;0.1525314897298813
0.30164408683776855;0.14624573290348053;0.25864464044570923;0.15169349312782288
0.3009544610977173;0.14618897438049316;0.2590857446193695;0.15260839462280273
0.29997071623802185;0.14662905037403107;0.26021289825439453;0.14973293244838715
0.30121487379074097;0.14730599522590637;0.2615160346031189;0.15318317711353302
0.30222246050834656;0.14568154513835907;0.2580779194831848;0.15203654766082764
0.3026023805141449;0.14531011879444122;0.25744497776031494;0.1508941501379013
0.30128157138824463;0.14486192166805267;0.2583391070365906;0.15121518075466156
0.30018553137779236;0.14580020308494568;0.25846976041793823;0.1507912427186966
0.3001299798488617;0.14490443468093872;0.25572431087493896;0.15001393854618073
0.3005675971508026;0.1450273096561432;0.2590755522251129;0.1522063910961151
0.2998866140842438;0.1448395699262619;0.25894901156425476;0.15299785137176514
0.2995988428592682;0.14496801793575287;0.2575342357158661;0.15051157772541046
0.29935404658317566;0.1457601636648178;0.25861239433288574;0.15406928956508636
0.29975980520248413;0.14618375897407532;0.2600766122341156;0.15648184716701508
0.30177170038223267;0.14644883573055267;0.25997239351272583;0.156437948346138
0.3012656271457672;0.14616918563842773;0.2585366368293762;0.1536615788936615
0.3033006191253662;0.14641648530960083;0.25929704308509827;0.1538795828819275
0.3024156391620636;0.14682288467884064;0.2613818347454071;0.15431828796863556
0.3015689253807068;0.14692656695842743;0.2614280879497528;0.1547224372625351
0.2997981607913971;0.1459060162305832;0.2602504789829254;0.1556333750486374
0.29845157265663147;0.14539790153503418;0.2611231505870819;0.15712173283100128
0.29831576347351074;0.14541807770729065;0.26233071088790894;0.15630300343036652
0.29920682311058044;0.14557300508022308;0.2619968354701996;0.15623438358306885
0.29966509342193604;0.14498145878314972;0.26141417026519775;0.15557001531124115
0.2989736497402191;0.1439453363418579;0.25993844866752625;0.15527258813381195
0.298584908246994;0.14441709220409393;0.26078492403030396;0.15274587273597717
0.2987278699874878;0.14567792415618896;0.26152297854423523;0.15282617509365082
0.29935064911842346;0.14562495052814484;0.2618117928504944;0.15425097942352295
0.2998456060886383;0.14521782100200653;0.2595244348049164;0.15089914202690125
0.29924827814102173;0.14531712234020233;0.26010510325431824;0.15290038287639618
0.2980557978153229;0.14459311962127686;0.25814661383628845;0.15057514607906342
0.3002043664455414;0.14489127695560455;0.25838494300842285;0.15282736718654633
0.3009122312068939;0.14515629410743713;0.2581958472728729;0.14997398853302002
0.29974719882011414;0.14559970796108246;0.258401483297348;0.1493130475282669
0.299119770526886;0.1457025110721588;0.2590637803077698;0.1496182084083557
0.30061084032058716;0.14757144451141357;0.26345786452293396;0.15428514778614044
0.30107352137565613;0.1464557945728302;0.26391229033470154;0.15424002707004547
0.29971230030059814;0.14614985883235931;0.2629740536212921;0.15611690282821655
0.2988869249820709;0.14623446762561798;0.2642970085144043;0.15407772362232208
0.29955539107322693;0.14614759385585785;0.26212283968925476;0.15592573583126068
0.29993781447410583;0.1467355340719223;0.26149389147758484;0.15313972532749176
0.29947638511657715;0.14612162113189697;0.2604614198207855;0.15201815962791443
0.2991044819355011;0.14618360996246338;0.26029133796691895;0.15071144700050354
0.29856744408607483;0.14571548998355865;0.26068341732025146;0.15035687386989594
0.30045047402381897;0.14611156284809113;0.25998055934906006;0.15225882828235626
0.29924100637435913;0.1451384276151657;0.2576235830783844;0.15102484822273254
0.29992422461509705;0.14496903121471405;0.2583259046077728;0.15050242841243744
0.2993837296962738;0.14355367422103882;0.25755831599235535;0.15232671797275543
0.2998211085796356;0.14457456767559052;0.2597457468509674;0.1527199000120163
0.2990740239620209;0.14538827538490295;0.26033344864845276;0.15373720228672028
0.29956796765327454;0.14492987096309662;0.25778278708457947;0.14836564660072327
0.3002193868160248;0.14544491469860077;0.2580466568470001;0.1510355919599533
0.3004477024078369;0.14501170814037323;0.257714182138443;0.1533927172422409
0.30074188113212585;0.14518989622592926;0.2589151859283447;0.1526750773191452
0.2995298504829407;0.14527282118797302;0.2585028111934662;0.15316398441791534
0.2967457175254822;0.14421243965625763;0.25800275802612305;0.15229952335357666
0.2977490723133087;0.1444840282201767;0.25714975595474243;0.14798472821712494
0.29614827036857605;0.14390699565410614;0.2579449713230133;0.14951014518737793
0.2954462468624115;0.1435839980840683;0.2562832236289978;0.14920571446418762
0.2966044843196869;0.14427797496318817;0.2558842897415161;0.14984910190105438
0.29797491431236267;0.14497768878936768;0.25762078166007996;0.15315274894237518
0.29710379242897034;0.1440170258283615;0.2561829686164856;0.15086595714092255
0.29707199335098267;0.144227534532547;0.2571582794189453;0.1523566097021103
0.2971969544887543;0.1436900645494461;0.256395161151886;0.15454784035682678
0.2976103723049164;0.14374655485153198;0.2569344639778137;0.15526071190834045
0.29812532663345337;0.14407451450824738;0.2580467760562897;0.15644720196723938
0.29675430059432983;0.1438869684934616;0.2590867578983307;0.15602536499500275
0.29800814390182495;0.14484135806560516;0.2604738473892212;0.15409259498119354
0.2976348102092743;0.14478516578674316;0.260597825050354;0.15348541736602783
0.29817602038383484;0.14503778517246246;0.2605753540992737;0.15313075482845306
0.29862967133522034;0.14482878148555756;0.2603089511394501;0.15037386119365692
0.2997874915599823;0.1450803577899933;0.25851893424987793;0.1514124721288681
0.29982224106788635;0.14535264670848846;0.25965744256973267;0.1520988494157791
0.30043649673461914;0.14527294039726257;0.2582515776157379;0.14813469350337982
0.30024611949920654;0.1455129235982895;0.2596406638622284;0.1507481336593628
0.29999178647994995;0.14553819596767426;0.258963406085968;0.15133745968341827
0.29939723014831543;0.1447095423936844;0.25696849822998047;0.15036654472351074
0.29957637190818787;0.14549879729747772;0.25891730189323425;0.15158461034297943
0.3001943528652191;0.14605477452278137;0.2600439488887787;0.15268325805664062
0.299822062253952;0.14575207233428955;0.2600451707839966;0.1500127911567688
0.2998080849647522;0.14582474529743195;0.26002198457717896;0.14719897508621216
0.2998863458633423;0.1456432342529297;0.259686142206192;0.1466200202703476
0.30010202527046204;0.1451759785413742;0.26037105917930603;0.14884142577648163
0.30059614777565;0.14556339383125305;0.26148396730422974;0.15138988196849823
0.3004756569862366;0.14598676562309265;0.2613930106163025;0.152252659201622
0.3008852005004883;0.14617639780044556;0.2615770697593689;0.15290527045726776
0.3009645938873291;0.14514195919036865;0.25823354721069336;0.15045224130153656
0.3018547594547272;0.1450430452823639;0.2595013976097107;0.15005624294281006
0.3007241189479828;0.14442777633666992;0.25905945897102356;0.15039779245853424
0.2999095618724823;0.14417560398578644;0.2581350803375244;0.14932581782341003
0.2987534999847412;0.14455392956733704;0.2591959536075592;0.1486670821905136
0.29825013875961304;0.14471450448036194;0.2608211934566498;0.15055526793003082
0.2977134585380554;0.14529292285442352;0.2604410648345947;0.15022240579128265
0.29859551787376404;0.1450171321630478;0.2600564658641815;0.15023072063922882
0.29896461963653564;0.1446027010679245;0.2597420811653137;0.152446910738945
0.2993212044239044;0.14449703693389893;0.25933530926704407;0.15100839734077454
0.29881247878074646;0.14432130753993988;0.2592483460903168;0.15183284878730774
0.30047550797462463;0.14437849819660187;0.25847721099853516;0.15179255604743958
0.30038389563560486;0.144456684589386;0.257828027009964;0.14977611601352692
0.298732191324234;0.14338941872119904;0.2577156722545624;0.14999693632125854
0.2981485426425934;0.142996683716774;0.256139874458313;0.15126323699951172
0.2986081540584564;0.14279882609844208;0.2563972771167755;0.15248261392116547
0.2983323037624359;0.1426001638174057;0.25660446286201477;0.1525803655385971
0.29876288771629333;0.14317458868026733;0.2587396800518036;0.1545007824897766
0.29922935366630554;0.14372311532497406;0.2577444016933441;0.15268467366695404
0.29977279901504517;0.14460696280002594;0.2579821050167084;0.1550188958644867
0.3008822500705719;0.14460860192775726;0.25851285457611084;0.15249498188495636
0.3019164800643921;0.14556483924388885;0.26008766889572144;0.1519039273262024
0.2995254099369049;0.14499296247959137;0.25951772928237915;0.15179048478603363
0.2984880208969116;0.14426656067371368;0.25906944274902344;0.1503491848707199
0.29899999499320984;0.14437463879585266;0.2587765157222748;0.15101385116577148
0.2989843785762787;0.1444210261106491;0.25930044054985046;0.1521189659833908
0.29856428503990173;0.1443231850862503;0.25895270705223083;0.15002663433551788
0.2983752489089966;0.14327974617481232;0.25728461146354675;0.15067145228385925
0.29766175150871277;0.14330492913722992;0.25745099782943726;0.15233604609966278
0.29912814497947693;0.14361537992954254;0.2574712038040161;0.15423212945461273
0.29939430952072144;0.14338456094264984;0.2569451332092285;0.15469816327095032
0.3004263937473297;0.14475946128368378;0.2593521773815155;0.15221361815929413
0.2985329329967499;0.14448769390583038;0.2599567472934723;0.15257568657398224
0.29758399724960327;0.14429177343845367;0.260211706161499;0.15331417322158813
0.29865771532058716;0.1440635472536087;0.25935712456703186;0.15302887558937073
0.29839053750038147;0.14307601749897003;0.25832173228263855;0.15122835338115692
0.29687315225601196;0.14182277023792267;0.2554749548435211;0.14928115904331207
0.2980111241340637;0.14317777752876282;0.25590720772743225;0.14785528182983398
0.29847726225852966;0.14364758133888245;0.2560550272464752;0.14854662120342255
0.29924607276916504;0.14389880001544952;0.25638753175735474;0.14903448522090912
0.2993199825286865;0.14318476617336273;0.25416117906570435;0.1494237333536148
0.30224165320396423;0.14425653219223022;0.2551640272140503;0.148890882730484
0.30159375071525574;0.14391496777534485;0.25560882687568665;0.15137794613838196
0.30217456817626953;0.14501793682575226;0.25637727975845337;0.15458594262599945
0.30187270045280457;0.14461830258369446;0.2554458677768707;0.15341317653656006
0.30092889070510864;0.1442648321390152;0.2565087080001831;0.15428905189037323
0.3017495274543762;0.14512471854686737;0.2576523721218109;0.15067459642887115
0.30067208409309387;0.14526988565921783;0.25837644934654236;0.14983491599559784
0.29919326305389404;0.14513687789440155;0.2576991021633148;0.14904507994651794
0.2994409203529358;0.14481624960899353;0.25743284821510315;0.1466943621635437
0.2989111840724945;0.14473192393779755;0.2584276497364044;0.147164449095726
0.29864826798439026;0.1446019411087036;0.25881895422935486;0.1491294950246811
0.2992635667324066;0.14526300132274628;0.2593589723110199;0.14833059906959534
0.2995907962322235;0.14500509202480316;0.2589333951473236;0.1501803696155548
0.2990683317184448;0.1448027491569519;0.259921133518219;0.15083618462085724
0.30028584599494934;0.14510518312454224;0.26074516773223877;0.15052464604377747
0.29932162165641785;0.1454344391822815;0.26023831963539124;0.15228866040706635
0.30007249116897583;0.1452496498823166;0.2606270909309387;0.15304692089557648
0.3006145656108856;0.14509990811347961;0.26082849502563477;0.15086401998996735
0.29941296577453613;0.14462681114673615;0.2610985040664673;0.15290521085262299
0.2993886172771454;0.14503322541713715;0.26095718145370483;0.1511894017457962
0.30009588599205017;0.1450171321630478;0.26011374592781067;0.1515762358903885
0.299870103597641;0.14453281462192535;0.2602376937866211;0.149911567568779
0.29945826530456543;0.1448906511068344;0.26129040122032166;0.15075521171092987
0.3003367483615875;0.14490051567554474;0.2606672942638397;0.14988426864147186
0.2996350824832916;0.14416193962097168;0.25870227813720703;0.14915461838245392
0.299478679895401;0.14375582337379456;0.25816187262535095;0.14689837396144867
0.30028122663497925;0.14384737610816956;0.2580781579017639;0.14775453507900238
0.300418496131897;0.14362075924873352;0.2578411102294922;0.15039193630218506
0.30055269598960876;0.1435142606496811;0.2573854625225067;0.14907707273960114
0.30006223917007446;0.14445911347866058;0.2600517272949219;0.1522194892168045
0.29947200417518616;0.14504459500312805;0.25995680689811707;0.15277162194252014
0.29897573590278625;0.14400725066661835;0.25949475169181824;0.15011894702911377
0.29711198806762695;0.14400255680084229;0.2601083219051361;0.14950838685035706
0.29739201068878174;0.14441664516925812;0.26074594259262085;0.15215203166007996
0.29772481322288513;0.143570214509964;0.2592252790927887;0.1535882204771042
0.29745692014694214;0.14372311532497406;0.25867828726768494;0.15388010442256927
0.29856356978416443;0.14416144788265228;0.2576805055141449;0.15157583355903625
0.29965072870254517;0.14429116249084473;0.25681939721107483;0.14883039891719818
0.3001987040042877;0.14503243565559387;0.25839096307754517;0.1493438333272934
0.3008778691291809;0.14500612020492554;0.25916168093681335;0.14980603754520416
0.30011841654777527;0.14447994530200958;0.2591373026371002;0.1489565670490265
0.29826271533966064;0.14393813908100128;0.2588520348072052;0.1508469581604004
0.29777762293815613;0.1432216316461563;0.25856754183769226;0.15015341341495514
0.29897743463516235;0.14388245344161987;0.2586759626865387;0.14675875008106232
0.3003629446029663;0.14387403428554535;0.2580605149269104;0.14591112732887268
0.30075156688690186;0.14422807097434998;0.2588014006614685;0.14467890560626984
0.3016675114631653;0.14387772977352142;0.2574854791164398;0.14846114814281464
0.3016657531261444;0.14285719394683838;0.25540879368782043;0.14981086552143097
0.30144548416137695;0.14353013038635254;0.2562904953956604;0.1500992476940155
0.3007889688014984;0.1431119441986084;0.25636541843414307;0.14998653531074524
0.3016991913318634;0.14418281614780426;0.2570696771144867;0.14855177700519562
0.30054959654808044;0.14398811757564545;0.2571609318256378;0.14822252094745636
0.30032286047935486;0.1446826308965683;0.25834619998931885;0.1473924070596695
0.2987344264984131;0.14384619891643524;0.2582285702228546;0.14797694981098175
0.29899927973747253;0.1438676416873932;0.2590961456298828;0.14909115433692932
0.29822230339050293;0.1432613581418991;0.25690507888793945;0.1476810723543167
0.29802829027175903;0.14348727464675903;0.2566932141780853;0.14863963425159454
0.29829439520835876;0.14285166561603546;0.25574272871017456;0.14735208451747894
0.29880809783935547;0.1432981789112091;0.25585561990737915;0.1456022709608078
0.29951211810112;0.1431274116039276;0.2564562261104584;0.14891409873962402
0.2982689142227173;0.142828106880188;0.256979376077652;0.15040403604507446
0.2993111312389374;0.14404045045375824;0.2584337294101715;0.1495824158191681
0.2991552948951721;0.1441766917705536;0.25906872749328613;0.14901237189769745
0.29979825019836426;0.14384236931800842;0.2581351697444916;0.15051963925361633
0.3006414473056793;0.1442601978778839;0.25846636295318604;0.1511266678571701
0.30148443579673767;0.1452839970588684;0.25954803824424744;0.14889700710773468
0.30142027139663696;0.14567652344703674;0.2605687081813812;0.1531326025724411
0.30228328704833984;0.14544887840747833;0.26024410128593445;0.15496127307415009
0.30141445994377136;0.14509540796279907;0.2603083550930023;0.15384076535701752
0.3012496531009674;0.1450631469488144;0.26070547103881836;0.15437911450862885
0.30134621262550354;0.14559412002563477;0.26126280426979065;0.1528712511062622
0.3002723753452301;0.14535896480083466;0.259747713804245;0.14995260536670685
0.30064311623573303;0.14537666738033295;0.2597247064113617;0.146779865026474
0.3005988299846649;0.14485396444797516;0.25966721773147583;0.14788246154785156
0.30104517936706543;0.14573414623737335;0.2606107294559479;0.15011870861053467
0.3009970188140869;0.14522084593772888;0.2602263391017914;0.14896613359451294
0.3009335398674011;0.14493997395038605;0.25940924882888794;0.14808408915996552
0.30028173327445984;0.14446324110031128;0.258159875869751;0.14993901550769806
0.3009488582611084;0.14434750378131866;0.2572353780269623;0.14775823056697845
0.2998024821281433;0.14417588710784912;0.2585003077983856;0.14908897876739502
0.3004276752471924;0.14452853798866272;0.2593483328819275;0.14811186492443085
0.30015668272972107;0.14481870830059052;0.25925835967063904;0.14927521347999573
0.30115267634391785;0.14532378315925598;0.2591871917247772;0.1479431390762329
0.2997274100780487;0.14476211369037628;0.2580028474330902;0.14673607051372528
0.30043861269950867;0.14585521817207336;0.25943857431411743;0.14732591807842255
0.3009890615940094;0.14650459587574005;0.2608615458011627;0.14987611770629883
0.3006100654602051;0.14633241295814514;0.2617207169532776;0.15025444328784943
0.2999899089336395;0.14532700181007385;0.2601000666618347;0.14845798909664154
0.30008894205093384;0.14507876336574554;0.25958940386772156;0.14974701404571533
0.3014911115169525;0.1454676240682602;0.25988051295280457;0.15002603828907013
0.30136916041374207;0.14452524483203888;0.25829342007637024;0.14959588646888733
0.3007473647594452;0.14451666176319122;0.2576078176498413;0.1466127634048462
0.30035924911499023;0.14394627511501312;0.25726500153541565;0.14446921646595
0.3003796637058258;0.1439322531223297;0.2569194734096527;0.1423187106847763
0.2989484369754791;0.14340737462043762;0.25676971673965454;0.1418163776397705
0.29958826303482056;0.1436213105916977;0.2569054067134857;0.14392977952957153
0.29934683442115784;0.14397335052490234;0.2572198510169983;0.14339616894721985
0.29890695214271545;0.14337190985679626;0.25622349977493286;0.1429229974746704
0.29862138628959656;0.14343737065792084;0.25645387172698975;0.14433486759662628
0.29862669110298157;0.14304682612419128;0.2562774121761322;0.14627264440059662
0.29769212007522583;0.1429562121629715;0.25719597935676575;0.14933137595653534
0.2992096543312073;0.14273348450660706;0.25604334473609924;0.1489437222480774
0.29918956756591797;0.14269660413265228;0.2560037076473236;0.14864717423915863
0.3001626431941986;0.14272411167621613;0.25549906492233276;0.14948685467243195
0.3012133836746216;0.143616184592247;0.25617438554763794;0.15045593678951263
0.3007872998714447;0.14365874230861664;0.25634893774986267;0.14937876164913177
0.3011269271373749;0.14451244473457336;0.2573187053203583;0.149636372923851
0.30119237303733826;0.1451113224029541;0.2581794261932373;0.14857900142669678
0.3019883334636688;0.1444338709115982;0.25790342688560486;0.14788877964019775
0.30104634165763855;0.14411525428295135;0.2570479214191437;0.1478048861026764
0.30174365639686584;0.14400438964366913;0.2578088939189911;0.14798177778720856
0.3028517961502075;0.14378903806209564;0.25770631432533264;0.14673550426959991
0.30219095945358276;0.14359129965305328;0.2576451897621155;0.14705345034599304
0.30199533700942993;0.1439806967973709;0.2580822706222534;0.14732502400875092
0.3006463944911957;0.1435347944498062;0.2576603889465332;0.14951299130916595
0.3005606234073639;0.14378254115581512;0.25709936022758484;0.14718711376190186
0.3005214035511017;0.1437017023563385;0.2578340470790863;0.14597217738628387
0.30010494589805603;0.1433958113193512;0.256822794675827;0.1459372341632843
0.3010217845439911;0.14411164820194244;0.25709858536720276;0.1452384889125824
0.30097219347953796;0.14509673416614532;0.25924310088157654;0.14732694625854492
0.30096450448036194;0.145412877202034;0.2601672112941742;0.1480577290058136
0.3006618022918701;0.145717054605484;0.2605021595954895;0.15019731223583221
0.30090096592903137;0.14570806920528412;0.2615128457546234;0.15005506575107574
0.3006150424480438;0.14520473778247833;0.2594990134239197;0.14998102188110352
0.3008247911930084;0.1457729935646057;0.2610679566860199;0.1509893238544464
0.3007751703262329;0.145559623837471;0.2607903778553009;0.15199141204357147
0.300059050321579;0.14484646916389465;0.2591651380062103;0.15097886323928833
0.3001116216182709;0.14398516714572906;0.258108913898468;0.1514730006456375
0.29980605840682983;0.14415501058101654;0.25858649611473083;0.1519022434949875
0.29900678992271423;0.14407114684581757;0.2596103250980377;0.1527148336172104
0.2992132902145386;0.14425888657569885;0.2582939863204956;0.1533065140247345
0.3005904257297516;0.14465247094631195;0.25811347365379333;0.15303228795528412
0.3007318079471588;0.14509566128253937;0.25849756598472595;0.1519533395767212
0.3000844120979309;0.14540719985961914;0.25942060351371765;0.15127447247505188
0.3010613024234772;0.14537814259529114;0.2590393126010895;0.15086428821086884
0.3008427023887634;0.14523489773273468;0.2591671049594879;0.14960844814777374
0.3009437024593353;0.14572463929653168;0.2593647539615631;0.148300901055336
0.3004995882511139;0.14566725492477417;0.26028141379356384;0.1479359120130539
0.2999971807003021;0.14550383388996124;0.2603535056114197;0.14713506400585175
0.2998960018157959;0.14495477080345154;0.2603147625923157;0.14824387431144714
0.3000279664993286;0.1454126089811325;0.2608849108219147;0.1494164764881134
0.30061864852905273;0.14554522931575775;0.26153191924095154;0.1499672383069992
0.3001028001308441;0.14494433999061584;0.26115283370018005;0.14981678128242493
0.29976195096969604;0.14555446803569794;0.2624934911727905;0.14987003803253174
0.2994786202907562;0.14534637331962585;0.26133546233177185;0.14934809505939484
0.299910306930542;0.14522810280323029;0.26054829359054565;0.15246076881885529
0.2994611859321594;0.14503994584083557;0.259713739156723;0.15096507966518402
0.30058568716049194;0.14503072202205658;0.2594927251338959;0.15153665840625763
0.30110350251197815;0.14547649025917053;0.26130348443984985;0.1510453075170517
0.3006296753883362;0.14494240283966064;0.26135680079460144;0.15097829699516296
0.3014920651912689;0.14592747390270233;0.26238569617271423;0.15105615556240082
0.30122604966163635;0.14602605998516083;0.26176780462265015;0.15085911750793457
0.3001900911331177;0.14531956613063812;0.25957176089286804;0.1503010243177414
0.29994961619377136;0.1450033187866211;0.2596527934074402;0.14935512840747833
0.30045807361602783;0.1443784236907959;0.2594422996044159;0.15029838681221008
0.3001340627670288;0.14501908421516418;0.2596973478794098;0.14980514347553253
0.29996418952941895;0.14500631392002106;0.259474515914917;0.14937911927700043
0.29996004700660706;0.14491398632526398;0.259694904088974;0.14899738132953644
0.29976025223731995;0.14414605498313904;0.25894245505332947;0.1482250988483429
0.3007582724094391;0.14425401389598846;0.2583458423614502;0.14845435321331024
0.30036577582359314;0.14313526451587677;0.2569504380226135;0.14684756100177765
0.2997213900089264;0.1428920328617096;0.256504625082016;0.14683645963668823
0.2990075647830963;0.14278505742549896;0.2560160756111145;0.14625298976898193
0.2989085614681244;0.14308442175388336;0.25640392303466797;0.14623910188674927
0.2978106141090393;0.14326708018779755;0.2579766511917114;0.14434757828712463
0.2986792325973511;0.14326336979866028;0.25688764452934265;0.14259131252765656
0.29865536093711853;0.1435350924730301;0.2576979100704193;0.14419618248939514
0.2993341386318207;0.14354899525642395;0.25753888487815857;0.1445602923631668
0.2994891107082367;0.14368842542171478;0.25717636942863464;0.14533622562885284
0.3001546263694763;0.1443212479352951;0.2581230401992798;0.14716236293315887
0.30001944303512573;0.14442573487758636;0.2584472596645355;0.1470695585012436
0.30023393034935;0.1443595141172409;0.25808852910995483;0.1484028398990631
0.30006733536720276;0.14409027993679047;0.25690245628356934;0.14727120101451874
0.30103591084480286;0.14489439129829407;0.2585640847682953;0.14807835221290588
0.30173736810684204;0.14468836784362793;0.257368803024292;0.14686095714569092
0.30054232478141785;0.1441735476255417;0.2584806978702545;0.14994792640209198
0.3008978068828583;0.1443740874528885;0.2587715685367584;0.1492125540971756
0.30150294303894043;0.14428360760211945;0.2586994767189026;0.14952225983142853
0.30128780007362366;0.14349357783794403;0.2571445107460022;0.14776234328746796
0.301538348197937;0.1438220739364624;0.25766658782958984;0.14963887631893158
0.30146166682243347;0.14403675496578217;0.2570299804210663;0.14804403483867645
0.30214664340019226;0.14490006864070892;0.257122278213501;0.14756344258785248
0.30195215344429016;0.14529204368591309;0.2577800750732422;0.14750872552394867
0.301228404045105;0.14446456730365753;0.2565745413303375;0.14593516290187836
0.30135056376457214;0.14539547264575958;0.25793179869651794;0.14652998745441437
0.3004072308540344;0.14524708688259125;0.25717854499816895;0.14837971329689026
0.30003252625465393;0.14538222551345825;0.2570528984069824;0.1457310914993286
0.3003261387348175;0.14482609927654266;0.2563030421733856;0.14770446717739105
0.300180047750473;0.1445331573486328;0.25787273049354553;0.14898167550563812
0.3001742959022522;0.144587904214859;0.2588854134082794;0.15072636306285858
0.3014731705188751;0.14526815712451935;0.26036468148231506;0.15145082771778107
0.3009774386882782;0.14528164267539978;0.26002222299575806;0.1506371945142746
0.30136838555336;0.1454116553068161;0.2603178918361664;0.15089254081249237
0.3005044162273407;0.14489616453647614;0.2606859803199768;0.15160328149795532
0.3010229170322418;0.14458318054676056;0.25998708605766296;0.15185444056987762
0.3008512556552887;0.14437808096408844;0.25991034507751465;0.15134106576442719
0.3007452189922333;0.14503204822540283;0.26062655448913574;0.1511712521314621
0.30002549290657043;0.14462876319885254;0.25952669978141785;0.14913704991340637
0.30072081089019775;0.14444521069526672;0.2584599554538727;0.14800792932510376
0.3010232448577881;0.14398078620433807;0.25745853781700134;0.1483841836452484
0.3003591001033783;0.143771693110466;0.2576510012149811;0.1471317857503891
0.30001434683799744;0.1437995284795761;0.2580670714378357;0.14717884361743927
0.30011990666389465;0.1437770277261734;0.25675132870674133;0.146524578332901
0.3003380596637726;0.14414183795452118;0.2573600113391876;0.14850683510303497
0.29991424083709717;0.14423754811286926;0.2575547695159912;0.14879266917705536
0.29993462562561035;0.14420701563358307;0.25724825263023376;0.14726831018924713
0.30029281973838806;0.14489677548408508;0.25719624757766724;0.148362398147583
0.2997532784938812;0.14517074823379517;0.2582089602947235;0.1500483900308609
0.30017468333244324;0.14491882920265198;0.25788944959640503;0.1492476761341095
0.3001440465450287;0.144781693816185;0.2577686905860901;0.14882990717887878
0.3004997670650482;0.1443597823381424;0.25729498267173767;0.14859820902347565
0.3012399971485138;0.14489905536174774;0.2579529881477356;0.14929239451885223
0.3008584678173065;0.14467895030975342;0.25800612568855286;0.14612217247486115
0.3000358045101166;0.14491577446460724;0.25924983620643616;0.14668598771095276
0.29929012060165405;0.14461831748485565;0.25789034366607666;0.14588768780231476
0.29939332604408264;0.14429746568202972;0.2586649954319;0.14547990262508392
0.2985430657863617;0.14435125887393951;0.2587073743343353;0.14631056785583496
0.29862871766090393;0.14449875056743622;0.25906071066856384;0.1462320238351822
0.29894930124282837;0.1443348377943039;0.25862371921539307;0.14585089683532715
0.29877135157585144;0.14466439187526703;0.2587321400642395;0.1467519998550415
0.29780492186546326;0.14420269429683685;0.25941750407218933;0.14664065837860107
0.29879045486450195;0.1443057507276535;0.25854772329330444;0.1471516638994217
0.29853948950767517;0.1444316953420639;0.25949621200561523;0.1470036804676056
0.2983371913433075;0.14398811757564545;0.2583601176738739;0.14663894474506378
0.29926496744155884;0.14426207542419434;0.25839897990226746;0.14665821194648743
0.29899612069129944;0.144396111369133;0.2590968608856201;0.14635120332241058
0.29959985613822937;0.1445605307817459;0.25941285490989685;0.14593005180358887
0.29994356632232666;0.14456407725811005;0.2600672245025635;0.14640963077545166
0.30042746663093567;0.1442544162273407;0.2593609094619751;0.14786694943904877
0.30043575167655945;0.14403025805950165;0.25903722643852234;0.14942272007465363
0.29987600445747375;0.14436815679073334;0.2591349482536316;0.14784549176692963
0.2988409996032715;0.14480379223823547;0.2598589360713959;0.14877548813819885
0.29923829436302185;0.14472070336341858;0.2604883313179016;0.14948175847530365
0.3002285063266754;0.14476478099822998;0.2590084969997406;0.1485499143600464
0.2998192608356476;0.144334077835083;0.2586442232131958;0.14607469737529755
0.3009675443172455;0.14452600479125977;0.2590499818325043;0.14697669446468353
0.30043908953666687;0.144110307097435;0.25855204463005066;0.14784975349903107
0.30025237798690796;0.1441313773393631;0.2580692172050476;0.14643721282482147
0.2999489903450012;0.14367984235286713;0.25814089179039;0.1479722112417221
0.3003009855747223;0.14367370307445526;0.25823497772216797;0.1488173007965088
0.3004539906978607;0.14366759359836578;0.257072389125824;0.14782267808914185
0.30087026953697205;0.143809512257576;0.2569705843925476;0.1489831656217575
0.30158731341362;0.1436341553926468;0.2563544809818268;0.14935289323329926
0.30260908603668213;0.14395494759082794;0.2558615803718567;0.14756140112876892
0.3024742603302002;0.14348028600215912;0.25481197237968445;0.14563189446926117
0.30259227752685547;0.1432071179151535;0.2546553611755371;0.14476092159748077
0.30249637365341187;0.1432323306798935;0.25406718254089355;0.1451014280319214
0.302044153213501;0.1432795524597168;0.25434252619743347;0.14710436761379242
0.3023049533367157;0.14346089959144592;0.25380897521972656;0.14636529982089996
0.3009182810783386;0.14339175820350647;0.2544727325439453;0.14839152991771698
0.3000660538673401;0.14351683855056763;0.2561940550804138;0.14883403480052948
0.3006763160228729;0.14337694644927979;0.25558480620384216;0.14786362648010254
0.3007594347000122;0.143337681889534;0.25557902455329895;0.14797702431678772
0.30136385560035706;0.1433621197938919;0.2571941912174225;0.14831747114658356
0.30064883828163147;0.14365772902965546;0.25743958353996277;0.14645080268383026
0.30095812678337097;0.1437300443649292;0.25655531883239746;0.1455455720424652
0.3011854588985443;0.14352300763130188;0.25627753138542175;0.14755302667617798
0.300844669342041;0.14335229992866516;0.2568478584289551;0.14764955639839172
0.30070897936820984;0.1428583711385727;0.25647562742233276;0.14758692681789398
0.29978683590888977;0.1428738236427307;0.2570807933807373;0.14800655841827393
0.29940077662467957;0.1424952745437622;0.2558940649032593;0.14659321308135986
0.30003365874290466;0.14247189462184906;0.25677987933158875;0.14793534576892853
0.30098095536231995;0.14298857748508453;0.2552354335784912;0.14555969834327698
0.3009490370750427;0.14291401207447052;0.2556228041648865;0.14647412300109863
0.3011656701564789;0.14316926896572113;0.25585871934890747;0.14460214972496033
0.30207496881484985;0.14390163123607635;0.25561559200286865;0.14352047443389893
0.3012737035751343;0.14428280293941498;0.25579139590263367;0.14411520957946777
0.30073344707489014;0.14417700469493866;0.2567995488643646;0.14513187110424042
0.3009580373764038;0.14442119002342224;0.2573460340499878;0.14508433640003204
0.30001363158226013;0.14388242363929749;0.25645360350608826;0.14556996524333954
0.30076342821121216;0.14333084225654602;0.2561562657356262;0.1460932493209839
0.30191749334335327;0.14346104860305786;0.2549545466899872;0.14495722949504852
0.30119115114212036;0.1432533711194992;0.2542215883731842;0.14360183477401733
0.3018468916416168;0.14334969222545624;0.2541980445384979;0.14198218286037445
0.3025148808956146;0.14374899864196777;0.25543567538261414;0.14316652715206146
0.30246081948280334;0.1439264416694641;0.255424827337265;0.14229753613471985
0.30175256729125977;0.14405179023742676;0.2554292380809784;0.14327946305274963
0.3019988536834717;0.14392022788524628;0.2558899521827698;0.1431598663330078
0.30146366357803345;0.14336882531642914;0.25434091687202454;0.14437642693519592
0.3005991578102112;0.1435735672712326;0.2550235390663147;0.14410732686519623
0.30046722292900085;0.14343908429145813;0.2546457350254059;0.1435178965330124
0.3004743754863739;0.1434314250946045;0.25563278794288635;0.14383448660373688
0.30045852065086365;0.14349286258220673;0.2560233175754547;0.14204175770282745
0.30004605650901794;0.14389696717262268;0.25661835074424744;0.14410196244716644
0.3002535402774811;0.14385035634040833;0.25767582654953003;0.14503908157348633
0.3011205792427063;0.14450588822364807;0.2586658298969269;0.14303699135780334
0.30034369230270386;0.14424410462379456;0.25841280817985535;0.1432528793811798
0.3007400929927826;0.14394450187683105;0.25746169686317444;0.14387241005897522
0.29966631531715393;0.14316605031490326;0.25678563117980957;0.1447283774614334
0.29952287673950195;0.14359727501869202;0.25732937455177307;0.1456858515739441
0.29972320795059204;0.14364874362945557;0.25718793272972107;0.14578375220298767
0.2997703552246094;0.14347736537456512;0.25682589411735535;0.14488278329372406
0.2997890114784241;0.14308729767799377;0.2575449049472809;0.14563822746276855
0.29944512248039246;0.14315395057201385;0.25783228874206543;0.14661642909049988
0.2995441257953644;0.14312243461608887;0.2588171064853668;0.1479167491197586
0.2995850741863251;0.14247103035449982;0.2569449841976166;0.1475679725408554
0.297857403755188;0.14268943667411804;0.25755834579467773;0.14714442193508148
0.29748257994651794;0.1426158845424652;0.2563835084438324;0.1469147652387619
0.29769167304039;0.14302563667297363;0.2574707865715027;0.14740847051143646
0.2975439131259918;0.14286400377750397;0.2562682032585144;0.14599178731441498
0.2993001341819763;0.14355479180812836;0.25730857253074646;0.14610622823238373
0.2990013062953949;0.14423628151416779;0.258521169424057;0.1476103514432907
0.2991521656513214;0.14428052306175232;0.25903964042663574;0.14759229123592377
0.29889780282974243;0.1442469209432602;0.25798308849334717;0.14680269360542297
0.29876402020454407;0.14375679194927216;0.258261501789093;0.14769403636455536
0.29868021607398987;0.1436077505350113;0.2576323449611664;0.14448462426662445
0.2988525927066803;0.14309780299663544;0.25685474276542664;0.14480316638946533
0.2998336851596832;0.14361120760440826;0.2583748996257782;0.14596720039844513
0.29899054765701294;0.14347419142723083;0.2585248053073883;0.14548353850841522
0.2987017333507538;0.14342527091503143;0.25895223021507263;0.14535947144031525
0.29821959137916565;0.14323842525482178;0.25836238265037537;0.14509646594524384
0.2978706955909729;0.1431003361940384;0.25878700613975525;0.14524899423122406
0.2982242703437805;0.14322525262832642;0.25936347246170044;0.14667895436286926
0.2986012399196625;0.14321988821029663;0.25885891914367676;0.14721213281154633
0.29956477880477905;0.14292240142822266;0.25833985209465027;0.1461271494626999
0.2990792989730835;0.14266379177570343;0.2573752701282501;0.14504821598529816
0.29867464303970337;0.14242897927761078;0.2567391097545624;0.14531837403774261
0.29783231019973755;0.14221684634685516;0.25591662526130676;0.14383183419704437
0.2983265221118927;0.14193886518478394;0.25486934185028076;0.14257897436618805
0.29925522208213806;0.14250965416431427;0.2551984488964081;0.14268933236598969
0.29932016134262085;0.14266303181648254;0.2549585700035095;0.1431572288274765
0.2992978096008301;0.14369535446166992;0.2563648819923401;0.1467590481042862
0.29848790168762207;0.14373664557933807;0.2565809488296509;0.14677421748638153
0.29974040389060974;0.14415232837200165;0.2572603225708008;0.14774014055728912
0.30031710863113403;0.144540935754776;0.258308082818985;0.14747677743434906
0.3000827729701996;0.14414523541927338;0.2583373486995697;0.14843009412288666
0.2994825839996338;0.14376400411128998;0.25778961181640625;0.1473255306482315
0.29923149943351746;0.14350685477256775;0.25756415724754333;0.1469276398420334
0.29901739954948425;0.1439654678106308;0.2577987611293793;0.14614273607730865
0.299140989780426;0.1441066712141037;0.25779828429222107;0.14625084400177002
0.29924872517585754;0.14384552836418152;0.2572964131832123;0.1455722600221634
0.2994098365306854;0.143883615732193;0.2564319968223572;0.14399869740009308
0.2988913655281067;0.14402984082698822;0.25745540857315063;0.14680607616901398
0.2991917133331299;0.14407984912395477;0.2580853998661041;0.14698241651058197
0.2980458438396454;0.14379094541072845;0.25913006067276;0.14744870364665985
0.2981770634651184;0.14368970692157745;0.2585139870643616;0.1473211795091629
0.2979873716831207;0.14340613782405853;0.2578504979610443;0.14542724192142487
0.29877325892448425;0.14355115592479706;0.25740548968315125;0.144730806350708
0.29919683933258057;0.14326415956020355;0.2563352584838867;0.14303182065486908
0.3001326620578766;0.14355170726776123;0.25637152791023254;0.14248493313789368
0.3000701367855072;0.14390960335731506;0.25709566473960876;0.14288245141506195
0.3009580671787262;0.14393456280231476;0.25745221972465515;0.1435879021883011
0.30160436034202576;0.1440064162015915;0.25828835368156433;0.1455228626728058
0.3005967140197754;0.14452379941940308;0.25907084345817566;0.1461925059556961
0.3008442521095276;0.14436447620391846;0.2582889497280121;0.1451585292816162
0.30049338936805725;0.14383988082408905;0.2579703629016876;0.1452491134405136
0.3011234402656555;0.1441735327243805;0.25954222679138184;0.14650236070156097
0.3015519082546234;0.1438751220703125;0.25779280066490173;0.14721746742725372
0.301116943359375;0.14382819831371307;0.2577880024909973;0.1470184177160263
0.30085310339927673;0.14429862797260284;0.25754520297050476;0.14570200443267822
0.3006865680217743;0.14382396638393402;0.2570261061191559;0.1444000005722046
0.30070760846138;0.1427001804113388;0.2551213502883911;0.14468322694301605
0.30105963349342346;0.14304916560649872;0.25564223527908325;0.1469833254814148
0.3014807403087616;0.14291933178901672;0.2552841305732727;0.14808860421180725
0.3018702566623688;0.14384345710277557;0.25636783242225647;0.14716292917728424
0.3012514114379883;0.14339783787727356;0.25739166140556335;0.14612261950969696
0.30052024126052856;0.14325056970119476;0.2568433880805969;0.14574070274829865
0.30080071091651917;0.14340858161449432;0.2563064694404602;0.14553368091583252
0.3000940978527069;0.1430448591709137;0.2557448148727417;0.145767942070961
0.30053845047950745;0.14339792728424072;0.25613272190093994;0.1465984582901001
0.3002238869667053;0.14365580677986145;0.25717630982398987;0.14643804728984833
0.2999734580516815;0.14341001212596893;0.25629696249961853;0.14507703483104706
0.2999248206615448;0.14301364123821259;0.2566656768321991;0.14547871053218842
0.30018043518066406;0.14362607896327972;0.25787264108657837;0.14514146745204926
0.30089932680130005;0.14378322660923004;0.25784361362457275;0.14460699260234833
0.30026838183403015;0.1442912220954895;0.25863078236579895;0.142774298787117
0.30105867981910706;0.14427931606769562;0.2580879330635071;0.1434965431690216
0.29973986744880676;0.1444585770368576;0.2583501636981964;0.1440749615430832
0.29926180839538574;0.14443078637123108;0.2578444182872772;0.14392319321632385
0.2987390160560608;0.14394570887088776;0.25731360912323;0.1441618949174881
0.2979782521724701;0.14313678443431854;0.2556043565273285;0.14267010986804962
0.29791948199272156;0.1434355080127716;0.25608906149864197;0.14247407019138336
0.2972260117530823;0.1434360295534134;0.2563880681991577;0.14230358600616455
0.29670295119285583;0.14329588413238525;0.2568921744823456;0.1419512778520584
0.29733943939208984;0.14372743666172028;0.2579459846019745;0.1427239030599594
0.2976185083389282;0.1434371918439865;0.2578774392604828;0.14485879242420197
0.29787972569465637;0.14363832771778107;0.25746476650238037;0.14635641872882843
0.2978185713291168;0.14358071982860565;0.25758418440818787;0.14725545048713684
0.2979902923107147;0.14407020807266235;0.2583906352519989;0.14673049747943878
0.29808902740478516;0.14435839653015137;0.25921329855918884;0.14718718826770782
0.298631489276886;0.14437298476696014;0.2583436965942383;0.14674410223960876
0.29870232939720154;0.1441246122121811;0.2582263648509979;0.14579474925994873
0.29925474524497986;0.1449964940547943;0.2599981725215912;0.14819955825805664
0.29864051938056946;0.14486144483089447;0.26029691100120544;0.14818385243415833
0.29912295937538147;0.14476080238819122;0.25942614674568176;0.14590363204479218
0.29876428842544556;0.1446942538022995;0.2594366669654846;0.1455160677433014
0.29794007539749146;0.14415208995342255;0.25850215554237366;0.1443774253129959
0.2974264621734619;0.14371860027313232;0.2587290406227112;0.14540620148181915
0.29737353324890137;0.14311133325099945;0.2576189935207367;0.1442674845457077
0.297590970993042;0.14338825643062592;0.2576734721660614;0.14526724815368652
0.29633522033691406;0.1428990662097931;0.256974995136261;0.14631111919879913
0.29715287685394287;0.143015056848526;0.2569979727268219;0.1466689109802246
0.29813432693481445;0.1431519091129303;0.25756528973579407;0.14878959953784943
0.2986176609992981;0.14357315003871918;0.2574290335178375;0.14758382737636566
0.2980380654335022;0.1434696763753891;0.2585746943950653;0.14771687984466553
0.29872724413871765;0.14355458319187164;0.2578190267086029;0.14757125079631805
0.2984001338481903;0.14379003643989563;0.25825202465057373;0.14795362949371338
0.29902446269989014;0.14355765283107758;0.25756269693374634;0.14747397601604462
0.29888203740119934;0.14318369328975677;0.25692182779312134;0.1474764198064804
0.2991403341293335;0.1428326666355133;0.25591784715652466;0.14624729752540588
0.2986890375614166;0.14347252249717712;0.25659629702568054;0.14680765569210052
0.2977375090122223;0.1429911106824875;0.2563167214393616;0.14866118133068085
0.2973705530166626;0.14276982843875885;0.25613120198249817;0.14938688278198242
0.2973199486732483;0.14247079193592072;0.2559977173805237;0.1481538563966751
0.2972695231437683;0.14240865409374237;0.2557551860809326;0.1465059071779251
0.29789090156555176;0.14220117032527924;0.25551310181617737;0.14728687703609467
0.2974366843700409;0.14270058274269104;0.25495362281799316;0.1475469321012497
0.29756030440330505;0.1428297609090805;0.25524353981018066;0.14765511453151703
0.29712018370628357;0.1427737921476364;0.2561433017253876;0.1483878493309021
0.29830852150917053;0.14347706735134125;0.25583410263061523;0.14852842688560486
0.29863056540489197;0.1435011625289917;0.2559376657009125;0.14954552054405212
0.2995729148387909;0.1441108137369156;0.25702109932899475;0.14689937233924866
0.2998882830142975;0.1441430300474167;0.25694331526756287;0.14681780338287354
0.30083900690078735;0.1443336308002472;0.2571050524711609;0.14566631615161896
0.29938971996307373;0.14401638507843018;0.2575146555900574;0.1447775512933731
0.2985020577907562;0.14400599896907806;0.25730082392692566;0.14467661082744598
0.29812607169151306;0.14420822262763977;0.2567806839942932;0.14393213391304016
0.2984803020954132;0.14450377225875854;0.2569669187068939;0.14430582523345947
0.2990058958530426;0.14383506774902344;0.2569076716899872;0.1452452838420868
0.29878026247024536;0.14363378286361694;0.2561928927898407;0.14280349016189575
0.2987610399723053;0.14365461468696594;0.2574394643306732;0.14364902675151825
0.29859495162963867;0.14333811402320862;0.2567683160305023;0.14370456337928772
0.2988584339618683;0.14333763718605042;0.2573103606700897;0.14363913238048553
0.2987428605556488;0.14340974390506744;0.2568415105342865;0.14292597770690918
0.2982189357280731;0.1434061974287033;0.25736746191978455;0.14232201874256134
0.2989519536495209;0.14301960170269012;0.25659552216529846;0.1414489895105362
0.2991611957550049;0.14288614690303802;0.2565586268901825;0.14329726994037628
0.2995400130748749;0.1430184692144394;0.25688669085502625;0.14536622166633606
0.29983773827552795;0.14323745667934418;0.2571869194507599;0.14471597969532013
0.30017414689064026;0.1429019272327423;0.25687551498413086;0.14425377547740936
0.3000388741493225;0.14343492686748505;0.25797873735427856;0.14603784680366516
0.29980921745300293;0.1435273438692093;0.2573893666267395;0.14632412791252136
0.3003843426704407;0.14391402900218964;0.2583220303058624;0.14723645150661469
0.3012777268886566;0.1440502256155014;0.2579323649406433;0.14660072326660156
0.30131593346595764;0.1437031477689743;0.25773921608924866;0.145552858710289
0.3009556233882904;0.1434771865606308;0.2583019435405731;0.1474502682685852
0.30060699582099915;0.14419960975646973;0.25959649682044983;0.14890038967132568
0.30084821581840515;0.1442369967699051;0.25949591398239136;0.1495155245065689
0.2996048629283905;0.14387743175029755;0.2596978545188904;0.148654505610466
0.29987916350364685;0.14439523220062256;0.26000693440437317;0.14734363555908203
0.29975366592407227;0.1438852846622467;0.2589648962020874;0.14649371802806854
0.29913124442100525;0.14404290914535522;0.25998803973197937;0.1472971886396408
0.30026546120643616;0.14453089237213135;0.2606258690357208;0.14787890017032623
0.2994489073753357;0.1441626250743866;0.26067808270454407;0.14674337208271027
0.2993498742580414;0.14404921233654022;0.2607416808605194;0.14765389263629913
0.2991851270198822;0.14395426213741302;0.26050859689712524;0.1483004093170166
0.29878997802734375;0.14415688812732697;0.2605481743812561;0.14806722104549408
0.29903730750083923;0.14441175758838654;0.26041853427886963;0.14861583709716797
0.2995550334453583;0.14488919079303741;0.26065322756767273;0.14961223304271698
0.29946818947792053;0.145027294754982;0.2606007158756256;0.14942775666713715
0.30031636357307434;0.14505279064178467;0.26122578978538513;0.14959950745105743
0.2998031675815582;0.14463487267494202;0.261604368686676;0.1482439488172531
0.30016663670539856;0.1450222283601761;0.2620726525783539;0.1482628583908081
0.2997370660305023;0.14477935433387756;0.2613467872142792;0.1477539986371994
0.3000662326812744;0.1444510966539383;0.26064959168434143;0.14626352488994598
0.29899826645851135;0.14442968368530273;0.2600368857383728;0.1466842144727707
0.29958993196487427;0.1452033966779709;0.2615419328212738;0.14906172454357147
0.29963216185569763;0.14541153609752655;0.26083847880363464;0.1492549329996109
0.2993627190589905;0.14518900215625763;0.26097485423088074;0.14905689656734467
0.30035749077796936;0.14524506032466888;0.2606605589389801;0.146649569272995
0.3004089295864105;0.14530405402183533;0.2609514892101288;0.14839455485343933
0.3000015318393707;0.14538279175758362;0.26152703166007996;0.14856620132923126
0.3000975549221039;0.14518223702907562;0.2614784836769104;0.1465863734483719
0.29979726672172546;0.1452559232711792;0.26180586218833923;0.14625631272792816
0.2999522387981415;0.14535517990589142;0.2613501250743866;0.14585204422473907
0.2998819351196289;0.14554719626903534;0.26122793555259705;0.14637885987758636
0.29933059215545654;0.14515648782253265;0.2612617313861847;0.14725641906261444
0.2997961640357971;0.14479081332683563;0.26045486330986023;0.14712293446063995
0.29983314871788025;0.1447862684726715;0.2605076730251312;0.14733044803142548
0.29998621344566345;0.14507794380187988;0.26073071360588074;0.14777354896068573
0.2995440661907196;0.1448180377483368;0.2609362304210663;0.1489727944135666
0.29982271790504456;0.14456842839717865;0.2596510052680969;0.1496105194091797
0.3003048002719879;0.14455322921276093;0.2592228651046753;0.1508171111345291
0.3005187213420868;0.14440147578716278;0.25856316089630127;0.1513410359621048
0.30003973841667175;0.14444909989833832;0.25923773646354675;0.15214715898036957
0.3001402020454407;0.14431288838386536;0.25944143533706665;0.15117470920085907
0.3003300726413727;0.14406172931194305;0.25890448689460754;0.1513926386833191
0.3007395267486572;0.1445315182209015;0.2595619857311249;0.1535954475402832
0.30014950037002563;0.14450187981128693;0.2595520317554474;0.153122678399086
0.30014514923095703;0.14428593218326569;0.2599448263645172;0.15421584248542786
0.30000194907188416;0.1441984474658966;0.2601623833179474;0.1537552922964096
0.30021029710769653;0.1446084827184677;0.259646475315094;0.15267257392406464
0.30062806606292725;0.14423207938671112;0.2592097818851471;0.15287543833255768
0.30029335618019104;0.14390471577644348;0.2584836184978485;0.15282650291919708
0.300248384475708;0.14374499022960663;0.25723889470100403;0.15029124915599823
0.2998538911342621;0.14366500079631805;0.25662529468536377;0.14905808866024017
0.30078524351119995;0.14449858665466309;0.2576538324356079;0.15077905356884003
0.3012196123600006;0.1446446180343628;0.2576203942298889;0.15002787113189697
0.30039289593696594;0.14439404010772705;0.2576644718647003;0.14891169965267181
0.29981204867362976;0.14408095180988312;0.2569269835948944;0.14805905520915985
0.3005615174770355;0.1437859982252121;0.25625231862068176;0.14682649075984955
0.29998549818992615;0.1433960199356079;0.25620898604393005;0.14757417142391205
0.3005053400993347;0.14339105784893036;0.25668105483055115;0.14858031272888184
0.30099034309387207;0.14311359822750092;0.2567225396633148;0.14882008731365204
0.3002346158027649;0.14326243102550507;0.2567877471446991;0.14797447621822357
0.300428181886673;0.14325618743896484;0.2562968134880066;0.14763374626636505
0.2997046411037445;0.1430656909942627;0.256551593542099;0.14909137785434723
0.2994234263896942;0.1425536423921585;0.2562449276447296;0.14990952610969543
0.3002466857433319;0.14254514873027802;0.2558203339576721;0.14946484565734863
0.2991057336330414;0.14227449893951416;0.2559700012207031;0.14862565696239471
0.29915115237236023;0.14241111278533936;0.2562335431575775;0.14989343285560608
0.298967570066452;0.1429845094680786;0.25639641284942627;0.15215419232845306
0.29839611053466797;0.14255967736244202;0.25593340396881104;0.15236710011959076
0.2988063395023346;0.14298495650291443;0.25699862837791443;0.1519351452589035
0.29863443970680237;0.14232073724269867;0.2560625970363617;0.15081143379211426
0.2987014949321747;0.14275957643985748;0.25644451379776;0.1508512794971466
0.29785844683647156;0.14264698326587677;0.2562372386455536;0.15151618421077728
0.297515869140625;0.14245770871639252;0.25551706552505493;0.15149597823619843
0.2982040047645569;0.14277128875255585;0.255979984998703;0.15028534829616547
0.29838019609451294;0.14306023716926575;0.2552933096885681;0.14925722777843475
0.29873016476631165;0.1432827115058899;0.2556220591068268;0.1505206972360611
0.29812097549438477;0.14314208924770355;0.25692811608314514;0.15153725445270538
0.2982271611690521;0.14312492311000824;0.2567984163761139;0.1514580249786377
0.2981315553188324;0.14284107089042664;0.25645706057548523;0.15140649676322937
0.29857131838798523;0.14296865463256836;0.2558780908584595;0.14943407475948334
0.29868656396865845;0.14301632344722748;0.25641342997550964;0.1494911015033722
0.2989290654659271;0.14267002046108246;0.2554650604724884;0.15088950097560883
0.299517959356308;0.14334602653980255;0.25622186064720154;0.15013809502124786
0.2991218566894531;0.14294520020484924;0.25603795051574707;0.14879374206066132
0.2988259792327881;0.14277422428131104;0.2557124197483063;0.1477774828672409
0.29903027415275574;0.14319530129432678;0.2567298114299774;0.14864295721054077
0.2992866039276123;0.14306631684303284;0.2567524313926697;0.14765425026416779
0.2991136312484741;0.14257214963436127;0.2555583417415619;0.14677490293979645
0.2984406650066376;0.1423133909702301;0.255056768655777;0.145340234041214
0.29775169491767883;0.14162300527095795;0.2546443045139313;0.14590318500995636
0.29773011803627014;0.14187991619110107;0.25421521067619324;0.1464979499578476
0.29849496483802795;0.14205299317836761;0.2539331912994385;0.14650212228298187
0.29836055636405945;0.1415664404630661;0.2532890737056732;0.14574387669563293
0.29807594418525696;0.14184406399726868;0.25431761145591736;0.14537572860717773
0.29868388175964355;0.14254692196846008;0.2555634081363678;0.14583109319210052
0.29883405566215515;0.14259853959083557;0.25617530941963196;0.1473010629415512
0.2987440526485443;0.14215488731861115;0.2562769055366516;0.14692668616771698
0.2994537949562073;0.14239035546779633;0.25704270601272583;0.14819084107875824
0.29930925369262695;0.14187562465667725;0.2572161853313446;0.14945295453071594
0.2994498610496521;0.1426391899585724;0.25688600540161133;0.14879219233989716
0.2991810441017151;0.1424601525068283;0.2566013038158417;0.14846321940422058
0.29988613724708557;0.14273901283740997;0.2561800181865692;0.14876572787761688
0.3001961410045624;0.1429155319929123;0.25675544142723083;0.1479613333940506
0.29991331696510315;0.1424463838338852;0.2567565143108368;0.14963486790657043
0.2997339069843292;0.14277642965316772;0.257977694272995;0.1502041220664978
0.3000476062297821;0.1427302211523056;0.25666165351867676;0.14951860904693604
0.2996337413787842;0.1426406353712082;0.25668731331825256;0.14974234998226166
0.29987189173698425;0.14255450665950775;0.25617799162864685;0.14851191639900208
0.29999667406082153;0.1425880640745163;0.256695419549942;0.14696688950061798
0.30064162611961365;0.14354683458805084;0.2572181224822998;0.14646108448505402
0.30039462447166443;0.14353084564208984;0.2567431628704071;0.14721108973026276
0.3011488914489746;0.14357060194015503;0.2561112344264984;0.14655879139900208
0.3012913763523102;0.14371459186077118;0.2562912404537201;0.1478884518146515
0.3018013536930084;0.14358259737491608;0.2557360529899597;0.14773166179656982
0.3007884919643402;0.1432848423719406;0.25535818934440613;0.14910255372524261
0.3007494807243347;0.14331825077533722;0.25633129477500916;0.15062491595745087
0.30069050192832947;0.14329677820205688;0.2560459077358246;0.14998893439769745
0.30015408992767334;0.14346010982990265;0.25589844584465027;0.15116555988788605
0.3001043498516083;0.14354197680950165;0.2552431523799896;0.15009985864162445
0.3000473082065582;0.1432173103094101;0.2553478181362152;0.15015959739685059
0.3004327714443207;0.14360396564006805;0.2563977837562561;0.15311066806316376
0.2996166944503784;0.14362846314907074;0.2570517063140869;0.1532927304506302
0.30036789178848267;0.14417484402656555;0.2573053240776062;0.15251687169075012
0.29959791898727417;0.14401285350322723;0.2574077248573303;0.15140166878700256
0.3001338541507721;0.14431717991828918;0.2573370039463043;0.14989694952964783
0.2998986542224884;0.14363253116607666;0.25686100125312805;0.14912095665931702
0.3003351390361786;0.14357732236385345;0.2564356327056885;0.14818648993968964
0.29999199509620667;0.14348919689655304;0.2567562758922577;0.14913736283779144
0.29968422651290894;0.14298899471759796;0.25639480352401733;0.14804412424564362
0.3000386357307434;0.1431339532136917;0.2567678391933441;0.14873671531677246
0.29997506737709045;0.14331944286823273;0.2571464478969574;0.14946894347667694
0.299577921628952;0.14375156164169312;0.2572978436946869;0.1474304050207138
0.2996382415294647;0.1439303606748581;0.25713396072387695;0.14667463302612305
0.2996142506599426;0.14386096596717834;0.25702592730522156;0.14690205454826355
0.2991043031215668;0.1439472734928131;0.2572108805179596;0.1451711803674698
0.29883918166160583;0.14364278316497803;0.25673148036003113;0.14446839690208435
0.2988855540752411;0.14402548968791962;0.2578912675380707;0.14593730866909027
0.29835277795791626;0.14357736706733704;0.2577546238899231;0.14704060554504395
0.29746970534324646;0.1435181349515915;0.25805869698524475;0.1462325155735016
0.29772818088531494;0.143637016415596;0.25809404253959656;0.14657600224018097
0.2981058657169342;0.14422039687633514;0.2593331038951874;0.14794258773326874
0.2983473539352417;0.1441112756729126;0.26002538204193115;0.1510453075170517
0.29842957854270935;0.14415767788887024;0.25977823138237;0.14997830986976624
0.29827409982681274;0.14400242269039154;0.25885316729545593;0.1504305899143219
0.29814764857292175;0.14394915103912354;0.2593803405761719;0.1500764787197113
0.29879030585289;0.14393925666809082;0.25853511691093445;0.14777205884456635
0.298470139503479;0.1438797563314438;0.2585468888282776;0.14741353690624237
0.29933950304985046;0.14393837749958038;0.2582610249519348;0.14814956486225128
