err_mean;err_cos1;err_cos2;err_cos3
1.0305391550064087;0.32087454199790955;0.7337202429771423;1.1760228872299194
0.5876030325889587;0.5103850364685059;0.4684517979621887;0.3286375403404236
0.5799304246902466;0.5527898669242859;0.46953096985816956;0.32936331629753113
0.5758212804794312;0.5739498138427734;0.4708944261074066;0.33219394087791443
0.585699200630188;0.5904563665390015;0.47700929641723633;0.3282139003276825
0.5944578051567078;0.5935322642326355;0.47158247232437134;0.32829806208610535
0.6049310564994812;0.5996493101119995;0.47443991899490356;0.32816576957702637
0.609536349773407;0.5967485308647156;0.46947214007377625;0.32584348320961
0.6087429523468018;0.5933552384376526;0.4696301519870758;0.33041247725486755
0.6090989112854004;0.5939177870750427;0.4687289297580719;0.32343631982803345
0.6158230900764465;0.5970962643623352;0.4750494062900543;0.33162617683410645
0.6155492067337036;0.6018592119216919;0.47293493151664734;0.3298702538013458
0.6092671751976013;0.6007667779922485;0.47405219078063965;0.32600924372673035
0.6051509380340576;0.6014000773429871;0.47585001587867737;0.3242766857147217
0.6042937636375427;0.5956396460533142;0.47196274995803833;0.3279500901699066
0.6021471619606018;0.5981694459915161;0.4704910218715668;0.32443106174468994
0.6021410226821899;0.5981632471084595;0.4712215065956116;0.32224902510643005
0.6082767248153687;0.6024360656738281;0.47272244095802307;0.32631126046180725
0.6077378988265991;0.6012448668479919;0.4695027470588684;0.3188043534755707
0.6045116782188416;0.5996281504631042;0.4719691276550293;0.32761716842651367
0.6040515303611755;0.5995962023735046;0.4717995822429657;0.3230985105037689
0.6048523783683777;0.6030918955802917;0.4737020432949066;0.32001620531082153
0.6047118306159973;0.60328608751297;0.47335100173950195;0.3229352533817291
0.603463351726532;0.6002978682518005;0.4702175259590149;0.32342538237571716
0.6019871234893799;0.600619375705719;0.4699159562587738;0.3243754506111145
0.597785472869873;0.599983811378479;0.47139111161231995;0.3281586766242981
0.598039448261261;0.6024377942085266;0.46818289160728455;0.3165144920349121
0.5962552428245544;0.6022531986236572;0.4689554274082184;0.31942999362945557
0.6025550961494446;0.6035751700401306;0.47045478224754333;0.32542163133621216
0.6051475405693054;0.6031902432441711;0.46848616003990173;0.3216830790042877
0.6019430160522461;0.6038982272148132;0.4687972664833069;0.31897076964378357
0.6000992655754089;0.6022036075592041;0.4696107506752014;0.32271263003349304
0.5971423387527466;0.6021979451179504;0.4745129644870758;0.32133039832115173
0.5956791639328003;0.603487491607666;0.47199326753616333;0.3179876208305359
0.5948488116264343;0.6089401841163635;0.4743761122226715;0.32614436745643616
0.592909574508667;0.6078998446464539;0.4714556634426117;0.3209307789802551
0.5935804843902588;0.6050885915756226;0.47466206550598145;0.3220263719558716
0.5924767851829529;0.6079907417297363;0.4742594361305237;0.31923505663871765
0.5937828421592712;0.6081013083457947;0.47057023644447327;0.3225272595882416
0.59190434217453;0.6047841310501099;0.4708057940006256;0.3229353129863739
0.59562748670578;0.6043407917022705;0.47164079546928406;0.3248022198677063
0.5933281779289246;0.6014021039009094;0.4679005742073059;0.3265610337257385
0.5938872694969177;0.6021227240562439;0.47209620475769043;0.3221059739589691
0.5938336253166199;0.5999784469604492;0.4733104407787323;0.31979337334632874
0.5928542613983154;0.5991148352622986;0.4709571897983551;0.32271599769592285
0.59617680311203;0.5982811450958252;0.4733600318431854;0.32404404878616333
0.5984127521514893;0.5973383784294128;0.472191721200943;0.32790738344192505
0.5954648852348328;0.5997626781463623;0.47314101457595825;0.32236453890800476
0.5945265889167786;0.5973333716392517;0.46943598985671997;0.32081446051597595
0.5898799300193787;0.5954499244689941;0.470201313495636;0.32316872477531433
0.5881894826889038;0.5941494703292847;0.47802433371543884;0.32009822130203247
0.5883960127830505;0.595166802406311;0.4730120599269867;0.32279935479164124
0.5875236988067627;0.5962232947349548;0.4738030433654785;0.3206510543823242
0.5857815146446228;0.5962637066841125;0.4766479432582855;0.3205887973308563
0.5807523727416992;0.5960226058959961;0.47048836946487427;0.3214017152786255
0.5840653777122498;0.5995649695396423;0.47271376848220825;0.3194270133972168
0.5841270685195923;0.6019400954246521;0.47237473726272583;0.3251255452632904
0.5871383547782898;0.5999147295951843;0.4747900068759918;0.32073378562927246
0.5851417779922485;0.5998321771621704;0.4735594391822815;0.3209931254386902
0.5850070714950562;0.6027238965034485;0.46916913986206055;0.31667640805244446
0.5853764414787292;0.604485034942627;0.46797630190849304;0.3155916631221771
0.5833322405815125;0.6030091047286987;0.4701393246650696;0.32145342230796814
0.5831947326660156;0.6020053029060364;0.4699218273162842;0.3221536874771118
0.5813498497009277;0.6028261780738831;0.47280263900756836;0.32116591930389404
0.5792517066001892;0.6039525866508484;0.4714839458465576;0.3208554685115814
0.5791467428207397;0.6045687794685364;0.46950674057006836;0.3227148950099945
0.5823098421096802;0.6057519912719727;0.4691621959209442;0.3249974250793457
0.5831872820854187;0.6060115098953247;0.47676801681518555;0.31882449984550476
0.5816779136657715;0.604234516620636;0.47531476616859436;0.32549408078193665
0.5829900503158569;0.6022664308547974;0.4767213761806488;0.32481566071510315
0.5827967524528503;0.599575936794281;0.47621971368789673;0.32103583216667175
0.5794246792793274;0.5984455943107605;0.47272467613220215;0.319328635931015
0.5799219012260437;0.5989277958869934;0.4738687574863434;0.31922560930252075
0.5816404223442078;0.597984254360199;0.4737687110900879;0.31817853450775146
0.5820156335830688;0.5985969305038452;0.4736071527004242;0.3210747539997101
0.584333598613739;0.5974904894828796;0.4751552641391754;0.3194003403186798
0.5857929587364197;0.5973514914512634;0.4723599851131439;0.3176422715187073
0.585500955581665;0.5966044068336487;0.4731094539165497;0.32551631331443787
0.5853409767150879;0.5948594808578491;0.47192081809043884;0.32715365290641785
0.5855794548988342;0.5943614840507507;0.47201448678970337;0.32087573409080505
0.5853567719459534;0.5944647192955017;0.46946021914482117;0.3244834840297699
0.5867858529090881;0.5958909392356873;0.47292348742485046;0.3202148377895355
0.5859444737434387;0.5975261330604553;0.4704038202762604;0.31496378779411316
0.583105206489563;0.5997671484947205;0.47138234972953796;0.31635209918022156
0.5806261897087097;0.6000611782073975;0.47390976548194885;0.31629300117492676
0.5798978209495544;0.5996160507202148;0.4742840826511383;0.31836509704589844
0.5840957760810852;0.6006290316581726;0.4720228314399719;0.3225350081920624
0.5825456976890564;0.6003647446632385;0.47377386689186096;0.31606802344322205
0.5821756720542908;0.5979302525520325;0.47362661361694336;0.3203127980232239
0.5786070227622986;0.5985656976699829;0.4749569892883301;0.3213224709033966
0.5778401494026184;0.599776566028595;0.47610577940940857;0.31921395659446716
0.5786780714988708;0.5994963049888611;0.47573691606521606;0.3193090856075287
0.5761027336120605;0.6007682681083679;0.47544175386428833;0.31722885370254517
0.5728182196617126;0.5998290181159973;0.47701239585876465;0.3246402442455292
0.5720906257629395;0.5994440317153931;0.47843438386917114;0.3240962624549866
0.571023166179657;0.5997471809387207;0.4764633774757385;0.3232176899909973
0.5709599852561951;0.6002022624015808;0.4755435585975647;0.323477178812027
0.5728352665901184;0.6002971529960632;0.47528648376464844;0.32187119126319885
0.5743169188499451;0.5995165705680847;0.47143611311912537;0.3243062496185303
0.5743579268455505;0.6010102033615112;0.47685152292251587;0.3210964798927307
0.5758153796195984;0.6009429097175598;0.47594261169433594;0.32067176699638367
0.5752738118171692;0.5996713638305664;0.4783264100551605;0.31986910104751587
0.5770249366760254;0.5993947982788086;0.4771903455257416;0.32214266061782837
0.5760078430175781;0.5985720753669739;0.476694792509079;0.32129788398742676
0.5758630633354187;0.5988100171089172;0.47404128313064575;0.32216697931289673
0.5732842087745667;0.5981905460357666;0.47179514169692993;0.3195239007472992
0.5716550946235657;0.5973647236824036;0.4698242247104645;0.32323339581489563
0.5719351768493652;0.5961238145828247;0.47186318039894104;0.32030951976776123
0.5697583556175232;0.5964449048042297;0.4717446267604828;0.3190109431743622
0.5685386657714844;0.5964023470878601;0.47248774766921997;0.32008302211761475
0.5678099989891052;0.5974650382995605;0.47300681471824646;0.32127973437309265
0.569553017616272;0.5975556969642639;0.47197410464286804;0.32180020213127136
0.5681601762771606;0.5977237224578857;0.47174692153930664;0.321098655462265
0.5686836242675781;0.5988830924034119;0.4694572389125824;0.3199199438095093
0.5714432001113892;0.5988523364067078;0.47426947951316833;0.3197404742240906
0.5705372095108032;0.5990080833435059;0.4728614389896393;0.31887444853782654
0.569197416305542;0.5987963676452637;0.47346431016921997;0.31580033898353577
0.5715553164482117;0.5984684824943542;0.47099778056144714;0.3196607530117035
0.5754825472831726;0.5986177325248718;0.47139689326286316;0.31692853569984436
0.5760380625724792;0.5987080931663513;0.471895307302475;0.31819531321525574
0.5764244198799133;0.599839985370636;0.4708336889743805;0.31916871666908264
0.5765305757522583;0.6001381278038025;0.47361379861831665;0.3221578598022461
0.5758246779441833;0.6013178825378418;0.47517600655555725;0.3226158320903778
0.5732002258300781;0.601535439491272;0.4742088317871094;0.32164058089256287
0.5744378566741943;0.6024903655052185;0.4738682806491852;0.3220227360725403
0.573225736618042;0.6012501120567322;0.4754069447517395;0.3209493160247803
0.5753312110900879;0.6007542014122009;0.4775387942790985;0.32659482955932617
0.5742184519767761;0.6009933352470398;0.47838935256004333;0.3234333395957947
0.574018120765686;0.6003090739250183;0.47713351249694824;0.32412955164909363
0.5742432475090027;0.600590169429779;0.4725966453552246;0.3248631954193115
0.5740776658058167;0.6005141139030457;0.4740264117717743;0.31722113490104675
0.5758960843086243;0.6024491190910339;0.4738933742046356;0.32528144121170044
0.5740374326705933;0.6020021438598633;0.47250649333000183;0.3218061327934265
0.573762059211731;0.6015080809593201;0.4713897407054901;0.3247736096382141
0.5751372575759888;0.601593017578125;0.4709281623363495;0.32115864753723145
0.5772823691368103;0.6022472381591797;0.47454366087913513;0.3205878436565399
0.577436625957489;0.6015867590904236;0.469902366399765;0.32279300689697266
0.5742432475090027;0.6025711894035339;0.47040167450904846;0.3221927285194397
0.573165237903595;0.6021963953971863;0.47256284952163696;0.32112637162208557
0.571747899055481;0.6036457419395447;0.47287675738334656;0.3253128230571747
0.5720819234848022;0.6042737364768982;0.476652055978775;0.3217830955982208
0.5698769688606262;0.6029185652732849;0.47443610429763794;0.3184013366699219
0.5713910460472107;0.6034358143806458;0.47307252883911133;0.3198884427547455
0.5713302493095398;0.6025282740592957;0.4774065911769867;0.31912341713905334
0.5704900026321411;0.6015446782112122;0.47348514199256897;0.31942692399024963
0.5705376863479614;0.6007935404777527;0.4735153317451477;0.3189717233181
0.5721419453620911;0.6008133888244629;0.47064754366874695;0.31900331377983093
0.5743578672409058;0.5989734530448914;0.4704785943031311;0.3208633363246918
0.5723580718040466;0.5979951024055481;0.4672416150569916;0.3230631351470947
0.5735040307044983;0.599029004573822;0.4666542112827301;0.3150012195110321
0.5719926953315735;0.5981205105781555;0.4664994180202484;0.32238253951072693
0.572577178478241;0.5987036824226379;0.46871671080589294;0.32036954164505005
0.5732406377792358;0.5991698503494263;0.4666444957256317;0.32297539710998535
0.5729565620422363;0.6004115343093872;0.46947726607322693;0.32260796427726746
0.5708073377609253;0.5984966158866882;0.4679419696331024;0.3190004527568817
0.5721406936645508;0.5986139178276062;0.47037240862846375;0.32009369134902954
0.5739743113517761;0.5980829000473022;0.4705674350261688;0.31898948550224304
0.574894368648529;0.5976942181587219;0.47285032272338867;0.3199104964733124
0.5752148628234863;0.5973617434501648;0.47482964396476746;0.3191830813884735
0.5759244561195374;0.5982391238212585;0.4732002317905426;0.3181954026222229
0.5773953795433044;0.5983036160469055;0.47146138548851013;0.31802016496658325
0.578102171421051;0.5988318920135498;0.4748934805393219;0.32134926319122314
0.575137197971344;0.5992202758789062;0.47654756903648376;0.32356271147727966
0.5776336193084717;0.6000484824180603;0.47515565156936646;0.3216334283351898
0.5790512561798096;0.5993779301643372;0.47399646043777466;0.3163091838359833
0.5778422951698303;0.5987789034843445;0.47320279479026794;0.32084324955940247
0.5774412155151367;0.5977087020874023;0.47356516122817993;0.3199884295463562
0.5755184292793274;0.597646951675415;0.47652101516723633;0.32019591331481934
0.5759351849555969;0.5980028510093689;0.47458693385124207;0.31859272718429565
0.5747157335281372;0.5994335412979126;0.47736307978630066;0.3157411217689514
0.5745552182197571;0.6006956100463867;0.4756004512310028;0.3218963146209717
0.5762481093406677;0.5975500345230103;0.47391968965530396;0.3197133243083954
0.5729740858078003;0.5982363224029541;0.47251397371292114;0.31914255023002625
0.5727773308753967;0.598921000957489;0.4710696339607239;0.31700119376182556
0.5726253390312195;0.5988584160804749;0.47242194414138794;0.3195032775402069
0.571569561958313;0.5993165969848633;0.4727976322174072;0.316742867231369
0.5695476531982422;0.5982218980789185;0.474459171295166;0.31199556589126587
0.5707560777664185;0.5999059081077576;0.472300261259079;0.31145745515823364
0.5711408257484436;0.5983902812004089;0.47253045439720154;0.3116946816444397
0.5711272358894348;0.5999979972839355;0.4718055725097656;0.3149801790714264
0.5719041228294373;0.6011075973510742;0.47565945982933044;0.3158358633518219
0.5726803541183472;0.6004825234413147;0.4736906588077545;0.3153343200683594
0.5725452303886414;0.5989376306533813;0.47504955530166626;0.3189886212348938
0.5755218863487244;0.5990990996360779;0.47753944993019104;0.32126957178115845
0.5749832987785339;0.5995747447013855;0.4768218994140625;0.32071736454963684
0.5738546252250671;0.5982123613357544;0.47382640838623047;0.3185974061489105
0.5743687152862549;0.5987083315849304;0.47712093591690063;0.3204004764556885
0.5760971307754517;0.5992067456245422;0.4766916334629059;0.32165515422821045
0.5748763084411621;0.5991549491882324;0.4735530912876129;0.32178136706352234
0.5753880739212036;0.5988034605979919;0.473123699426651;0.3197591006755829
0.5737295150756836;0.5983709692955017;0.4707823693752289;0.3197050392627716
0.5732142925262451;0.5979179739952087;0.4730752408504486;0.31791672110557556
0.5747283101081848;0.5969111323356628;0.47205850481987;0.3178934156894684
0.5747184753417969;0.5983289480209351;0.472205251455307;0.31941065192222595
0.573980987071991;0.5990898013114929;0.47228407859802246;0.3149593472480774
0.5748389363288879;0.5980567336082458;0.4724501669406891;0.31713971495628357
0.5755314230918884;0.5975747108459473;0.47465142607688904;0.3165297210216522
0.5728083252906799;0.5979976654052734;0.47603970766067505;0.311735600233078
0.5719544291496277;0.5977360606193542;0.4768739342689514;0.3155096173286438
0.5700230598449707;0.5992722511291504;0.4784988462924957;0.3149002194404602
0.5701585412025452;0.5993252992630005;0.4769078195095062;0.31492435932159424
0.5712676048278809;0.6003881096839905;0.4771040081977844;0.3169216811656952
0.5708919167518616;0.6011497974395752;0.47703948616981506;0.319216787815094
0.5707069635391235;0.599990963935852;0.4749963879585266;0.3205101191997528
0.5736160278320312;0.6008170247077942;0.47285374999046326;0.3151867091655731
0.5750600695610046;0.6007147431373596;0.47087812423706055;0.31645718216896057
0.575480043888092;0.6011294722557068;0.46964725852012634;0.3200616240501404
0.5744930505752563;0.6008509993553162;0.474985808134079;0.31937941908836365
0.5752994418144226;0.6012592911720276;0.4744991958141327;0.31216922402381897
0.5765140056610107;0.6012648940086365;0.4752531945705414;0.31816229224205017
0.5740358233451843;0.6008561253547668;0.47586938738822937;0.31765511631965637
0.5749408602714539;0.6022864580154419;0.4727145731449127;0.3204990029335022
0.5757717490196228;0.6024045348167419;0.4734749495983124;0.32210636138916016
0.5767411589622498;0.6028703451156616;0.472095251083374;0.32379236817359924
0.5773850083351135;0.6019861102104187;0.4728216230869293;0.32145974040031433
0.5786681175231934;0.6027057766914368;0.4703063666820526;0.3162117898464203
0.5773688554763794;0.6023969054222107;0.46956077218055725;0.31868916749954224
0.5756518244743347;0.6027069091796875;0.4704671800136566;0.3208353519439697
0.5757885575294495;0.602275550365448;0.4704326093196869;0.3240952491760254
0.5761429667472839;0.6026412844657898;0.4695447087287903;0.32236170768737793
0.5760573744773865;0.6031061410903931;0.4674522578716278;0.3194780945777893
0.5791845917701721;0.6029537320137024;0.46452561020851135;0.32203617691993713
0.5782224535942078;0.6049199104309082;0.46370697021484375;0.32331332564353943
0.5775782465934753;0.6055489778518677;0.46655702590942383;0.3231995105743408
0.5798227787017822;0.605451762676239;0.465563029050827;0.3187928795814514
0.5785667300224304;0.6065112948417664;0.4691498875617981;0.31940436363220215
0.5790516138076782;0.6050353646278381;0.4703803062438965;0.3153757154941559
0.581080436706543;0.6056210398674011;0.46949753165245056;0.318668931722641
0.5807830691337585;0.606043815612793;0.47129321098327637;0.31638121604919434
0.582126259803772;0.6051614880561829;0.47063905000686646;0.3189590573310852
0.5822396278381348;0.6059728264808655;0.4693557322025299;0.3186456263065338
0.5816727876663208;0.6058897972106934;0.4695378243923187;0.3198951184749603
0.5814440250396729;0.6050488352775574;0.47073522210121155;0.3216783404350281
0.5808963179588318;0.6047114729881287;0.4714837968349457;0.321689248085022
0.5811067819595337;0.6059747934341431;0.471293181180954;0.31948375701904297
0.5817334055900574;0.6060552000999451;0.47337865829467773;0.3216594159603119
0.5804627537727356;0.6063918471336365;0.47474437952041626;0.32275012135505676
0.5799460411071777;0.6058675646781921;0.47458121180534363;0.32108157873153687
0.5807907581329346;0.6048415303230286;0.47657662630081177;0.319935142993927
0.5798318982124329;0.6053010821342468;0.47762855887413025;0.3220679759979248
0.5788607001304626;0.6043698191642761;0.476222425699234;0.3223573863506317
0.5779798030853271;0.6042677760124207;0.4735303819179535;0.3209497630596161
0.5785453915596008;0.6047555208206177;0.4747241139411926;0.32187652587890625
0.5799164175987244;0.6052114367485046;0.4743765890598297;0.3167395293712616
0.5782825350761414;0.6051008701324463;0.47069427371025085;0.3187488615512848
0.5775412917137146;0.6049737930297852;0.47221261262893677;0.32405027747154236
0.5793584585189819;0.6044665575027466;0.4721103608608246;0.32505521178245544
0.580104410648346;0.6036993861198425;0.47010260820388794;0.32576408982276917
0.5797640085220337;0.6030465364456177;0.46909967064857483;0.32470062375068665
0.5803931355476379;0.6031268835067749;0.4704453945159912;0.3268400728702545
0.5808921456336975;0.6038275957107544;0.47022485733032227;0.327562540769577
0.582000195980072;0.6040836572647095;0.4704152047634125;0.32872945070266724
0.5826223492622375;0.604512095451355;0.4691626727581024;0.3259948492050171
0.5821728110313416;0.6044828295707703;0.46842342615127563;0.3221558630466461
0.5821861028671265;0.6040274500846863;0.4684472680091858;0.3222714364528656
0.5818569660186768;0.6038560271263123;0.46966028213500977;0.3215509355068207
0.579628586769104;0.603736162185669;0.4721139967441559;0.3238828182220459
0.5799505114555359;0.6040634512901306;0.47302350401878357;0.3235631585121155
0.5794994831085205;0.6046719551086426;0.4725922644138336;0.3249020576477051
0.5771679878234863;0.6038112640380859;0.4731898307800293;0.3195432126522064
0.5777437686920166;0.6041127443313599;0.47349652647972107;0.31899234652519226
0.5784429311752319;0.6049114465713501;0.47390252351760864;0.3173130452632904
0.5777252316474915;0.6048601269721985;0.47497159242630005;0.31761467456817627
0.5776395797729492;0.6047664880752563;0.47369909286499023;0.31982484459877014
0.5782553553581238;0.6035270094871521;0.47323185205459595;0.32101741433143616
0.5784417986869812;0.6041554808616638;0.47418642044067383;0.32017838954925537
0.5772628784179688;0.6034594774246216;0.4730568826198578;0.3216492831707001
0.5751224160194397;0.6039997339248657;0.47083359956741333;0.32056519389152527
0.5756773948669434;0.604414165019989;0.4720092713832855;0.32066473364830017
0.5771746635437012;0.6054574847221375;0.47268110513687134;0.32482463121414185
0.5777183175086975;0.6056147217750549;0.4723208546638489;0.32076868414878845
0.5791451334953308;0.6055632829666138;0.4734559953212738;0.31847262382507324
0.5783235430717468;0.6057608723640442;0.4728251099586487;0.31889304518699646
0.5778005719184875;0.605284571647644;0.47139772772789;0.320305734872818
0.5779836773872375;0.6058650016784668;0.4719414710998535;0.32098183035850525
0.5783889889717102;0.607101559638977;0.4715385437011719;0.32296237349510193
0.5781674385070801;0.6057769656181335;0.4703183174133301;0.3224572241306305
0.5761375427246094;0.6052247881889343;0.4663383662700653;0.31677672266960144
0.5760356187820435;0.6054927110671997;0.4683222770690918;0.3150600492954254
0.5749695301055908;0.6047545671463013;0.4680657386779785;0.31392213702201843
0.5739856362342834;0.6031058430671692;0.46976715326309204;0.3135065734386444
0.5743138790130615;0.6047695279121399;0.46960410475730896;0.31449970602989197
0.5738117098808289;0.6027724742889404;0.4682233929634094;0.31400415301322937
0.5746914744377136;0.6028986573219299;0.4669223725795746;0.31412473320961
0.574578583240509;0.6025938391685486;0.4661882519721985;0.3164495825767517
0.5734444856643677;0.6029461026191711;0.4664149284362793;0.3178994655609131
0.5723487138748169;0.6027563810348511;0.46675166487693787;0.318238228559494
0.5725898146629333;0.6020179986953735;0.46845754981040955;0.3179274797439575
0.5707929134368896;0.6026855707168579;0.46850767731666565;0.3188420236110687
0.5716966986656189;0.6032370924949646;0.4676290452480316;0.3150906562805176
0.572665810585022;0.6018972396850586;0.4685244560241699;0.3146398961544037
0.5741733908653259;0.602152407169342;0.46668797731399536;0.3151761591434479
0.5747344493865967;0.6018397808074951;0.46827173233032227;0.31622543931007385
0.5761853456497192;0.602721095085144;0.468331903219223;0.3154180645942688
0.5762810707092285;0.6028427481651306;0.4684503674507141;0.3192311227321625
0.5759986042976379;0.6033584475517273;0.4711500108242035;0.3214447498321533
0.5771439671516418;0.6037498712539673;0.4710073471069336;0.32072314620018005
0.5774849057197571;0.6037850379943848;0.47104397416114807;0.32172009348869324
0.5775673985481262;0.6031374931335449;0.46951499581336975;0.31781649589538574
0.5777787566184998;0.6038569808006287;0.47034499049186707;0.3184170424938202
0.5787146091461182;0.6034292578697205;0.4708739221096039;0.316465824842453
0.5793378949165344;0.6023477911949158;0.4712928831577301;0.31754010915756226
0.578757107257843;0.6019901633262634;0.4699140191078186;0.31561094522476196
0.5786377787590027;0.6016092300415039;0.4690801203250885;0.3149235248565674
0.5794128775596619;0.6004549860954285;0.4691317677497864;0.3157123029232025
0.5797712206840515;0.6000485420227051;0.4669187664985657;0.3180463910102844
0.5805110931396484;0.6006509065628052;0.46690842509269714;0.3192397654056549
0.5803136229515076;0.6002658009529114;0.46702060103416443;0.3159683048725128
0.5798999667167664;0.5999366641044617;0.4692045748233795;0.31658774614334106
0.5791375637054443;0.6004876494407654;0.4696032702922821;0.3184644281864166
0.5787953734397888;0.6008825898170471;0.4696570336818695;0.3164196312427521
0.5776031613349915;0.6014235019683838;0.46827244758605957;0.3154172897338867
0.578090250492096;0.6006788611412048;0.46880999207496643;0.3175966441631317
0.5784154534339905;0.5995497703552246;0.4694438576698303;0.31906527280807495
0.578754723072052;0.5988957285881042;0.46930456161499023;0.31718119978904724
0.5787736773490906;0.5997881889343262;0.4687327444553375;0.31775709986686707
0.5791876316070557;0.6003515124320984;0.4697161614894867;0.3147944509983063
0.5777990221977234;0.5992845296859741;0.47208118438720703;0.3140251636505127
0.5766267776489258;0.599137008190155;0.47230061888694763;0.3155665099620819
0.576023519039154;0.5994866490364075;0.4735749661922455;0.314874529838562
0.5762538909912109;0.6003651022911072;0.47272077202796936;0.31542739272117615
0.5773212909698486;0.6011301875114441;0.47228947281837463;0.31619057059288025
0.5783131718635559;0.5999870896339417;0.4712265133857727;0.31729331612586975
0.5776532292366028;0.6004685759544373;0.4728390872478485;0.3191152513027191
0.5761349201202393;0.6003929376602173;0.4710286259651184;0.3181632459163666
0.576683759689331;0.6013839840888977;0.4733087122440338;0.3179141581058502
0.5748969316482544;0.6015026569366455;0.47354379296302795;0.3164643943309784
0.5741679072380066;0.6012119650840759;0.47498154640197754;0.3176245391368866
0.5749366879463196;0.6017211675643921;0.47588443756103516;0.3156474232673645
0.5751833915710449;0.6020359396934509;0.47587719559669495;0.3182489573955536
0.5748721957206726;0.6029840707778931;0.4746977388858795;0.31954705715179443
0.5754050612449646;0.6013500094413757;0.47241416573524475;0.3195818364620209
0.574985146522522;0.6018471121788025;0.47397223114967346;0.317007452249527
0.5756095051765442;0.6012126207351685;0.4748269021511078;0.3174963593482971
0.5764217376708984;0.6012757420539856;0.4769178330898285;0.31916433572769165
0.5762449502944946;0.6015521287918091;0.475531667470932;0.3170347511768341
0.5757080316543579;0.6025310754776001;0.47455906867980957;0.3216222822666168
0.5759433507919312;0.6026710867881775;0.47275635600090027;0.32215070724487305
0.5753369331359863;0.6033230423927307;0.4737476408481598;0.3199971318244934
0.5755854845046997;0.6023064255714417;0.4746764302253723;0.31867116689682007
0.5762190818786621;0.6019205451011658;0.4771333336830139;0.3194393217563629
0.5751289129257202;0.6009486317634583;0.4780888557434082;0.3212556540966034
0.5750371217727661;0.6011978983879089;0.4769938588142395;0.32057249546051025
0.574141800403595;0.6007884740829468;0.4769348204135895;0.31761378049850464
0.5737048983573914;0.6002210974693298;0.47676411271095276;0.3174465298652649
0.5764535069465637;0.6002157330513;0.473637193441391;0.31866809725761414
0.5760198831558228;0.5997863411903381;0.4724675118923187;0.31937965750694275
0.5761175155639648;0.6001681685447693;0.47262364625930786;0.32112157344818115
0.5768875479698181;0.600317120552063;0.47281357645988464;0.31984731554985046
0.5767397880554199;0.5996975898742676;0.4723970890045166;0.32126712799072266
0.5751118063926697;0.5999590158462524;0.473888635635376;0.32058990001678467
0.5764786005020142;0.6009644269943237;0.4756234586238861;0.3228604793548584
0.5764875411987305;0.6018152236938477;0.47401681542396545;0.3230293095111847
0.5759885907173157;0.6018032431602478;0.4739818572998047;0.3218706250190735
0.5752288103103638;0.6023464202880859;0.4739854335784912;0.3202948570251465
0.5743281245231628;0.6015480160713196;0.47137007117271423;0.32014626264572144
0.5735146403312683;0.6014265418052673;0.4694209098815918;0.3193468749523163
0.5731686949729919;0.6007813811302185;0.47123295068740845;0.31815364956855774
0.5735436677932739;0.6002451181411743;0.46990546584129333;0.31847408413887024
0.5732037425041199;0.5995424389839172;0.47138023376464844;0.3168829381465912
0.5723190307617188;0.5999512076377869;0.46957072615623474;0.3139183521270752
0.571513831615448;0.598913848400116;0.4711536467075348;0.3168581426143646
0.5720025897026062;0.599403977394104;0.4690259099006653;0.3150077760219574
0.5729925036430359;0.5998455882072449;0.470764696598053;0.31525760889053345
0.5726526379585266;0.6006073951721191;0.46949464082717896;0.31662482023239136
0.5718718767166138;0.6014978885650635;0.46992072463035583;0.31573301553726196
0.5716254115104675;0.6023792624473572;0.47075343132019043;0.31618574261665344
0.5705330967903137;0.6025719046592712;0.4673139154911041;0.31872138381004333
0.5711311101913452;0.6034135818481445;0.4682302474975586;0.31912073493003845
0.5714594721794128;0.6028424501419067;0.4690265655517578;0.31864237785339355
0.5708968043327332;0.6030146479606628;0.4705018997192383;0.31813380122184753
0.5706729292869568;0.6030358672142029;0.47090569138526917;0.31566280126571655
0.5689846873283386;0.6035997271537781;0.47138556838035583;0.31328293681144714
0.5695446133613586;0.6031736731529236;0.4682856500148773;0.3127029836177826
0.5710281729698181;0.6036037802696228;0.4690702557563782;0.31423336267471313
0.5698336362838745;0.602222740650177;0.47020936012268066;0.3184797167778015
0.5703375935554504;0.6020222902297974;0.46958228945732117;0.31494054198265076
0.5715648531913757;0.602357029914856;0.46957263350486755;0.3150610625743866
0.572905957698822;0.6029271483421326;0.47176018357276917;0.31432095170021057
0.5723991394042969;0.60297030210495;0.47260022163391113;0.31417402625083923
0.5724073648452759;0.6027895212173462;0.4740629196166992;0.3170703947544098
0.5734269022941589;0.6023362278938293;0.4769803583621979;0.316087931394577
0.5728258490562439;0.6019614934921265;0.47433027625083923;0.31759727001190186
0.5726672410964966;0.6015746593475342;0.4735988676548004;0.31691819429397583
0.5721146464347839;0.6022536158561707;0.4727923572063446;0.3146551251411438
0.5716881155967712;0.6024035811424255;0.4734254777431488;0.3164629638195038
0.5713157057762146;0.6017478108406067;0.4724907875061035;0.3168153762817383
0.5707219839096069;0.6022858619689941;0.47340354323387146;0.3147343099117279
0.56988525390625;0.601819634437561;0.4710453152656555;0.3134267032146454
0.5700654983520508;0.6015313267707825;0.47273188829421997;0.31343188881874084
0.570801854133606;0.6014694571495056;0.47047677636146545;0.31165722012519836
0.5711042284965515;0.6018202900886536;0.4710453152656555;0.31427210569381714
0.5711981058120728;0.6006960272789001;0.47089073061943054;0.31361958384513855
0.571372926235199;0.6003293395042419;0.47400426864624023;0.3133730888366699
0.5710057616233826;0.6001489758491516;0.4762331545352936;0.314679354429245
0.5696308016777039;0.5990390777587891;0.47298556566238403;0.31589165329933167
0.568936824798584;0.5990307927131653;0.4722941517829895;0.3172647953033447
0.569520890712738;0.5992189645767212;0.4717324674129486;0.31313905119895935
0.5697614550590515;0.5989744663238525;0.4700411856174469;0.315791517496109
0.5694457292556763;0.5978847742080688;0.4708251953125;0.31633901596069336
0.5707352161407471;0.5977815389633179;0.4707029461860657;0.31334811449050903
0.5710417628288269;0.5972332954406738;0.46988770365715027;0.3149486184120178
0.5732828974723816;0.5973923802375793;0.47078344225883484;0.31749987602233887
0.5731589198112488;0.598558247089386;0.472755491733551;0.31970643997192383
0.5737396478652954;0.5987797379493713;0.471302330493927;0.31815916299819946
0.5732170343399048;0.5974868535995483;0.46990489959716797;0.3176518976688385
0.573437511920929;0.5970321893692017;0.4708192050457001;0.3150438368320465
0.5727758407592773;0.5962117314338684;0.4718608856201172;0.3142307698726654
0.574229896068573;0.5963565111160278;0.47267937660217285;0.31803804636001587
0.5758684277534485;0.596433162689209;0.474515438079834;0.31878790259361267
0.5759835839271545;0.5961694121360779;0.47538065910339355;0.31820398569107056
0.5767655372619629;0.595763087272644;0.47450485825538635;0.31908661127090454
0.5776360034942627;0.5965765118598938;0.4764001965522766;0.3153644800186157
0.5773849487304688;0.5976786017417908;0.4762033522129059;0.3148919939994812
0.5774884223937988;0.5975269675254822;0.4764631390571594;0.3168024718761444
0.5781123042106628;0.5975847244262695;0.476828008890152;0.3192065954208374
0.5775341987609863;0.5959065556526184;0.47713255882263184;0.316807359457016
0.5755979418754578;0.5954393744468689;0.4769006669521332;0.3155008554458618
0.5765895247459412;0.5957660675048828;0.4764333665370941;0.3150564134120941
0.5764970183372498;0.5960173606872559;0.475980281829834;0.31470972299575806
0.5756377577781677;0.595643937587738;0.475546270608902;0.3165670335292816
0.5749111175537109;0.5948389172554016;0.4756239056587219;0.31461167335510254
0.5756095051765442;0.5953309535980225;0.4754960536956787;0.31622132658958435
0.5755879878997803;0.5967194437980652;0.4756444990634918;0.3140374422073364
0.5749601721763611;0.596944272518158;0.47532129287719727;0.31217533349990845
0.5736457705497742;0.5973695516586304;0.47461357712745667;0.3164249360561371
0.5749147534370422;0.5974074602127075;0.47707971930503845;0.3172740936279297
0.574465811252594;0.5981758236885071;0.47689518332481384;0.317874550819397
0.5739973783493042;0.5992591977119446;0.47775211930274963;0.31814709305763245
0.5743553042411804;0.5996487140655518;0.47659555077552795;0.3167121112346649
0.5746960043907166;0.5995559096336365;0.4771897494792938;0.31594428420066833
0.5753694772720337;0.5997727513313293;0.47673970460891724;0.31789904832839966
0.5767185091972351;0.6002682447433472;0.47513705492019653;0.31811124086380005
0.5757984519004822;0.6006588339805603;0.4743664860725403;0.3194692134857178
0.574930727481842;0.6009592413902283;0.47574636340141296;0.31837472319602966
0.5730566382408142;0.6003729701042175;0.47541600465774536;0.3179972767829895
0.572867214679718;0.6014586687088013;0.47543206810951233;0.31605657935142517
0.571452260017395;0.6007795929908752;0.47527050971984863;0.3188009262084961
0.5717436671257019;0.600303590297699;0.4747762382030487;0.3161095082759857
0.5729846358299255;0.6008166670799255;0.47337856888771057;0.31731343269348145
0.5723845362663269;0.6010961532592773;0.47447314858436584;0.3186586797237396
0.5727797746658325;0.6003124117851257;0.4720957279205322;0.31783172488212585
0.5724255442619324;0.6003431677818298;0.47362253069877625;0.3166680335998535
0.5729772448539734;0.5994214415550232;0.47340622544288635;0.31675633788108826
0.5719167590141296;0.6000686883926392;0.47500309348106384;0.3185437321662903
0.5712045431137085;0.6001384854316711;0.4768570065498352;0.31679263710975647
0.571302056312561;0.5996188521385193;0.47621479630470276;0.3206939697265625
0.5702293515205383;0.5998015403747559;0.4759392738342285;0.32260867953300476
0.5709942579269409;0.5994740724563599;0.4759438633918762;0.3212800920009613
0.569783627986908;0.5982144474983215;0.4723381996154785;0.32110512256622314
0.5685665011405945;0.5972604155540466;0.47205668687820435;0.32076871395111084
0.5691882967948914;0.5974101424217224;0.4715121388435364;0.31826868653297424
0.5684853792190552;0.5974451303482056;0.4724942147731781;0.3191664218902588
0.5688146948814392;0.5977404713630676;0.4724824130535126;0.3186512589454651
0.568778932094574;0.5979658365249634;0.4733145833015442;0.3186782896518707
0.5689539313316345;0.5969645380973816;0.47132402658462524;0.3162672221660614
0.5678892135620117;0.5967718362808228;0.4721149504184723;0.31651410460472107
0.5669293403625488;0.5973635911941528;0.4721923768520355;0.3173268437385559
0.5666087865829468;0.5977329611778259;0.47261929512023926;0.3163048028945923
0.5671001672744751;0.5977405905723572;0.4724764823913574;0.3188278377056122
0.5659776926040649;0.5978183746337891;0.4733184278011322;0.3192621171474457
0.5663201212882996;0.598163902759552;0.4738452136516571;0.3166721761226654
0.565883457660675;0.598355233669281;0.4740159213542938;0.31646963953971863
0.5643908381462097;0.5985369682312012;0.4748510420322418;0.3156464695930481
0.5657939910888672;0.5975735187530518;0.47614166140556335;0.3144122064113617
0.5661495327949524;0.5979211926460266;0.47690582275390625;0.3121509850025177
0.5660189986228943;0.5982272028923035;0.47719794511795044;0.309933066368103
0.5640515685081482;0.5971834063529968;0.4753018319606781;0.31160804629325867
0.5643453598022461;0.5962783694267273;0.47455835342407227;0.3140586018562317
0.564922034740448;0.597263514995575;0.47400522232055664;0.3138244152069092
0.5653315782546997;0.5982034802436829;0.47347956895828247;0.31539186835289
0.5663421154022217;0.5976797342300415;0.47288256883621216;0.3150474727153778
0.5654250979423523;0.5972748398780823;0.47340211272239685;0.3167414367198944
0.5652434229850769;0.5977759957313538;0.47470399737358093;0.31746575236320496
0.5658521056175232;0.5973710417747498;0.47474321722984314;0.31696271896362305
0.5645891427993774;0.5980019569396973;0.4727642238140106;0.31825652718544006
0.5638594031333923;0.5974947810173035;0.4708308279514313;0.3201613128185272
0.5637047290802002;0.5975383520126343;0.4713500142097473;0.3206702172756195
0.5638913512229919;0.5973288416862488;0.4716208875179291;0.3209684491157532
0.5642485618591309;0.5976845622062683;0.47256502509117126;0.3208308815956116
0.5639175772666931;0.5969011187553406;0.47121378779411316;0.31920117139816284
0.5638355016708374;0.5959003567695618;0.470975786447525;0.31667324900627136
0.5651547312736511;0.5965308547019958;0.4697507321834564;0.3160462975502014
0.5658414959907532;0.5968475937843323;0.4687257707118988;0.3175540864467621
0.5643110275268555;0.5971662402153015;0.4691940248012543;0.3156253397464752
0.5645584464073181;0.5968446731567383;0.4682944416999817;0.31694120168685913
0.5650878548622131;0.5970384478569031;0.46930620074272156;0.3178413212299347
0.5659610629081726;0.5968509912490845;0.4692109227180481;0.31916138529777527
0.5658621788024902;0.5972787737846375;0.46866169571876526;0.319564551115036
0.5662447810173035;0.5975356101989746;0.46870842576026917;0.31902000308036804
0.564991295337677;0.5982192158699036;0.468985378742218;0.31881076097488403
0.5654117465019226;0.5983838438987732;0.4696463644504547;0.3169286251068115
0.5652616620063782;0.5982422828674316;0.46996352076530457;0.31766438484191895
0.5658149123191833;0.5977689027786255;0.46977636218070984;0.31512534618377686
0.5654005408287048;0.5969085097312927;0.4692705571651459;0.31620079278945923
0.5654973387718201;0.5974757671356201;0.46885761618614197;0.3168320059776306
0.5666710734367371;0.5973385572433472;0.4696464240550995;0.3177388906478882
0.5674378275871277;0.596691906452179;0.46933624148368835;0.31911274790763855
0.5674817562103271;0.597540557384491;0.46875476837158203;0.31741616129875183
0.5683439373970032;0.5978321433067322;0.4676186144351959;0.32110172510147095
0.5677005052566528;0.5975893139839172;0.4685218036174774;0.3199364244937897
0.5683614015579224;0.5981341600418091;0.4712446331977844;0.32000958919525146
0.5691716074943542;0.597724974155426;0.47040778398513794;0.321280837059021
0.568701982498169;0.5981636047363281;0.46906349062919617;0.32149404287338257
0.5684823393821716;0.5978407263755798;0.47010716795921326;0.31976625323295593
0.5675169825553894;0.5975696444511414;0.4710482656955719;0.3183325529098511
0.5687481164932251;0.5983408093452454;0.4700474739074707;0.319136381149292
0.5679478049278259;0.5986685156822205;0.4690888822078705;0.31742653250694275
0.568593442440033;0.5995963215827942;0.4685245454311371;0.31573355197906494
0.5676974654197693;0.6001344323158264;0.4683178961277008;0.31699368357658386
0.5680739283561707;0.6000850796699524;0.46733999252319336;0.3168763816356659
0.5677788853645325;0.6009727120399475;0.46947914361953735;0.3131411671638489
0.5679780840873718;0.6012032628059387;0.4689955413341522;0.3154573440551758
0.5671793818473816;0.6014255881309509;0.46986767649650574;0.31563299894332886
0.5661175847053528;0.6015464067459106;0.4680803418159485;0.31622907519340515
0.566097617149353;0.6013504862785339;0.4682702124118805;0.3165157735347748
0.5650297999382019;0.600634753704071;0.4699709117412567;0.3189789354801178
0.5651777386665344;0.6011850237846375;0.47178754210472107;0.31910908222198486
0.5642926096916199;0.6006251573562622;0.4726440906524658;0.3197660446166992
0.5650138258934021;0.6003648638725281;0.47231966257095337;0.3172747790813446
0.5650510191917419;0.6001769304275513;0.4729721248149872;0.31767019629478455
0.5639018416404724;0.599700391292572;0.4746674597263336;0.3206869661808014
0.5649601817131042;0.5996537208557129;0.4755055904388428;0.32026124000549316
0.5652766227722168;0.5993756055831909;0.47476726770401;0.3179846405982971
0.5660770535469055;0.5990043878555298;0.47371894121170044;0.3182673454284668
0.5669314861297607;0.5987051129341125;0.4738788306713104;0.3173140585422516
0.564493715763092;0.5980252623558044;0.4738885462284088;0.31588682532310486
0.5635129809379578;0.5983971953392029;0.4748848080635071;0.31582751870155334
0.5635117888450623;0.5983855128288269;0.4735123813152313;0.3128903806209564
0.5638659596443176;0.5985137820243835;0.47362032532691956;0.31367141008377075
0.5637537240982056;0.598686695098877;0.47157594561576843;0.31525078415870667
0.5637895464897156;0.5984496474266052;0.4711897075176239;0.3198162913322449
0.5639778971672058;0.5983945727348328;0.47291693091392517;0.3197893798351288
0.5651871562004089;0.5987417101860046;0.4732190668582916;0.31852418184280396
0.5661957263946533;0.5986392498016357;0.4722132682800293;0.3201886713504791
0.565666913986206;0.5984792113304138;0.47290802001953125;0.3215400278568268
0.5659862160682678;0.5989123582839966;0.4733099937438965;0.3216385245323181
0.5666875243186951;0.5974951386451721;0.4712313711643219;0.3206969201564789
0.566489577293396;0.5980368256568909;0.47117024660110474;0.3201688230037689
0.5660290122032166;0.5971174240112305;0.47292110323905945;0.3187335431575775
0.5660969614982605;0.5979912877082825;0.4718404710292816;0.31934991478919983
0.5663203597068787;0.5973982214927673;0.4710899293422699;0.31981968879699707
0.5652219653129578;0.5976236462593079;0.4715579152107239;0.321130633354187
0.5659597516059875;0.5973572134971619;0.4707612991333008;0.321481853723526
0.5645668506622314;0.597963273525238;0.47222742438316345;0.3217581808567047
0.5638644099235535;0.5978521704673767;0.4704504907131195;0.32028689980506897
0.5629356503486633;0.5976898074150085;0.4732365608215332;0.321368545293808
0.5632703900337219;0.5984224081039429;0.47301244735717773;0.320821076631546
0.5631583333015442;0.5984756946563721;0.47315070033073425;0.32097482681274414
0.5635117888450623;0.599163293838501;0.4746205508708954;0.3224402368068695
0.5629296898841858;0.5990797877311707;0.4745102822780609;0.3230513632297516
0.5645751953125;0.5991983413696289;0.4733429551124573;0.32242685556411743
0.5636821985244751;0.5984215140342712;0.4730163514614105;0.322584331035614
0.5619820952415466;0.5984877943992615;0.47323569655418396;0.32276636362075806
0.5623489618301392;0.5990442633628845;0.47170424461364746;0.3253073990345001
0.5627797245979309;0.5988487601280212;0.47225600481033325;0.3225642144680023
0.5613572001457214;0.5990247130393982;0.4714333713054657;0.32250893115997314
0.5612863898277283;0.5988998413085938;0.47336912155151367;0.3222275674343109
0.5601763129234314;0.598503053188324;0.4728511869907379;0.3208158016204834
0.5597143173217773;0.598728597164154;0.47308349609375;0.3208725154399872
0.5577239394187927;0.5996576547622681;0.4713440537452698;0.3217640519142151
0.5594801306724548;0.5998256802558899;0.4731191098690033;0.3212771415710449
0.5591396689414978;0.5992383360862732;0.4718168377876282;0.3222304582595825
0.558399498462677;0.5991126894950867;0.4726559817790985;0.3230176866054535
0.5581688284873962;0.5998506546020508;0.47179728746414185;0.3216378390789032
0.5575514435768127;0.6002148985862732;0.4730454087257385;0.32222890853881836
0.5570310354232788;0.5991706252098083;0.4748968183994293;0.3213191330432892
0.5580518841743469;0.5991764068603516;0.474260151386261;0.31931015849113464
0.5583876967430115;0.5998798608779907;0.47208353877067566;0.31865036487579346
0.5592827200889587;0.6002456545829773;0.4722604751586914;0.31596627831459045
0.5601961612701416;0.600380003452301;0.47224709391593933;0.3145827353000641
0.5600544810295105;0.6008594632148743;0.47222253680229187;0.31443360447883606
0.5602068305015564;0.6010153889656067;0.47289443016052246;0.31427431106567383
0.5584471225738525;0.6004709601402283;0.4721352159976959;0.3152688443660736
0.5594953894615173;0.6003866195678711;0.4716525971889496;0.3138958513736725
0.5599623918533325;0.6005997657775879;0.4717622399330139;0.31283172965049744
0.558618426322937;0.6006328463554382;0.47172385454177856;0.315157413482666
0.5582002401351929;0.6003696322441101;0.4711492955684662;0.316462904214859
0.5591550469398499;0.6003953814506531;0.4703409671783447;0.3184446394443512
0.5585187077522278;0.5997538566589355;0.46908608078956604;0.31764957308769226
0.5581933856010437;0.5995310544967651;0.4700227677822113;0.3195589482784271
0.5583040118217468;0.6002876162528992;0.46906325221061707;0.3203182518482208
0.557785153388977;0.6005548238754272;0.46966561675071716;0.31949660181999207
0.5586824417114258;0.6006290316581726;0.4691663682460785;0.3166513442993164
0.5590834021568298;0.6009305715560913;0.4682115614414215;0.3177090585231781
0.558456301689148;0.6002733111381531;0.4680384695529938;0.31698641180992126
0.5582134127616882;0.600028932094574;0.4698583781719208;0.3171245753765106
0.5591539740562439;0.6001579165458679;0.4709656834602356;0.3176341950893402
0.5593211054801941;0.5997239351272583;0.4720652103424072;0.3169994056224823
0.5586733818054199;0.599898636341095;0.4724525511264801;0.3177127540111542
0.5590381622314453;0.5997061729431152;0.47272592782974243;0.3159170150756836
0.5592330694198608;0.5999431610107422;0.47231101989746094;0.3149433732032776
0.5594618916511536;0.5991690158843994;0.47229310870170593;0.3137708306312561
0.5601513981819153;0.5982280969619751;0.4737170338630676;0.3164186179637909
0.5599370002746582;0.5985063910484314;0.4734064042568207;0.31796202063560486
0.5613517761230469;0.5986393094062805;0.474081426858902;0.31940168142318726
0.5619975328445435;0.5982457399368286;0.47439906001091003;0.32047024369239807
0.5618160963058472;0.5980664491653442;0.4745548367500305;0.3186299800872803
0.5627842545509338;0.5977621674537659;0.4726090133190155;0.31749287247657776
0.5636208653450012;0.5973085761070251;0.472219318151474;0.3191591501235962
0.5625106692314148;0.5972632765769958;0.47189950942993164;0.31744489073753357
0.5622610449790955;0.5970009565353394;0.47309762239456177;0.31710273027420044
0.561181902885437;0.5964521765708923;0.47202691435813904;0.31921109557151794
0.5616416335105896;0.5956595540046692;0.4709639549255371;0.3175700306892395
0.5606061816215515;0.5952772498130798;0.472246378660202;0.31960341334342957
0.5606036186218262;0.5950777530670166;0.4732913672924042;0.32055217027664185
0.5604896545410156;0.5952003002166748;0.47345152497291565;0.3193022310733795
0.5606670379638672;0.5961927771568298;0.47316208481788635;0.3182215392589569
0.5614705085754395;0.5956409573554993;0.4733915328979492;0.3177088797092438
0.5619550943374634;0.5959274172782898;0.47288987040519714;0.3166205585002899
0.564058244228363;0.596574068069458;0.4715576171875;0.3180243670940399
0.5626972317695618;0.5965971946716309;0.47229933738708496;0.3192407786846161
0.562700629234314;0.5963877439498901;0.47423115372657776;0.31902340054512024
0.5625991225242615;0.5958593487739563;0.47540298104286194;0.3173973262310028
0.5622650980949402;0.5955536961555481;0.4742277264595032;0.3177216947078705
0.5619329810142517;0.5955256819725037;0.4743153154850006;0.3180646598339081
0.5616419911384583;0.5967226028442383;0.4733704626560211;0.3188745081424713
0.5624145269393921;0.5967951416969299;0.47305580973625183;0.3209524154663086
0.5619239211082458;0.5969331860542297;0.4734303057193756;0.3199819028377533
0.5615127682685852;0.5974432229995728;0.4726427495479584;0.31897875666618347
0.5617445707321167;0.5978673100471497;0.47248750925064087;0.3210063874721527
0.5606244206428528;0.5980371832847595;0.4738770127296448;0.32040005922317505
0.560208797454834;0.5987061858177185;0.4724888503551483;0.318134605884552
0.5598110556602478;0.5988717079162598;0.47104594111442566;0.31717410683631897
0.5585755109786987;0.59925377368927;0.4722611606121063;0.317354291677475
0.5595312714576721;0.5997409224510193;0.4716201722621918;0.31769347190856934
0.5599157214164734;0.5995002388954163;0.47204452753067017;0.3198738992214203
0.5600317716598511;0.6005997657775879;0.4707568287849426;0.318643182516098
0.5602668523788452;0.6009508967399597;0.47106534242630005;0.3168128430843353
0.5598185658454895;0.6000358462333679;0.4719032347202301;0.3153587579727173
0.5589689612388611;0.5997742414474487;0.4720798134803772;0.31574416160583496
0.5579339861869812;0.6001378893852234;0.47275328636169434;0.31426793336868286
0.5575113296508789;0.6004877686500549;0.47198009490966797;0.31434375047683716
0.5581169128417969;0.6003863215446472;0.4719592034816742;0.3135729730129242
0.5580673217773438;0.6000255942344666;0.4712374806404114;0.3142664432525635
0.5573899149894714;0.6002522110939026;0.47141703963279724;0.3125797212123871
0.5564575791358948;0.6003250479698181;0.4692736566066742;0.3140932023525238
0.5566084980964661;0.6003357172012329;0.47013625502586365;0.31453076004981995
0.5568022727966309;0.6008149981498718;0.47196826338768005;0.3160388171672821
0.5572769045829773;0.5998643636703491;0.47137686610221863;0.3145979046821594
0.5567716956138611;0.5998677611351013;0.4710051119327545;0.31774458289146423
0.5565716624259949;0.5997185111045837;0.4717060625553131;0.31985798478126526
0.5567481517791748;0.5991329550743103;0.4722312092781067;0.3192652463912964
0.5559924244880676;0.5991404056549072;0.4728027284145355;0.31917500495910645
0.5560029149055481;0.5997117161750793;0.47337064146995544;0.31711050868034363
0.5566567778587341;0.6002748608589172;0.47334080934524536;0.32016125321388245
0.5572206377983093;0.5996828675270081;0.47130975127220154;0.3202856481075287
0.5567536354064941;0.5997285842895508;0.47256675362586975;0.32121893763542175
0.556656002998352;0.5994154810905457;0.47175151109695435;0.320962518453598
0.5565958023071289;0.5993960499763489;0.47249317169189453;0.3238425850868225
0.5554115772247314;0.5995256304740906;0.4727470576763153;0.32154810428619385
0.5558099150657654;0.5988036394119263;0.47305384278297424;0.32272934913635254
0.5563115477561951;0.5986301302909851;0.47358593344688416;0.3216494619846344
0.5573834180831909;0.5986175537109375;0.47440314292907715;0.3228217661380768
0.5572522282600403;0.5976415872573853;0.47448721528053284;0.32771292328834534
0.5571683645248413;0.5979453325271606;0.4751264750957489;0.3276427984237671
0.5576663613319397;0.5977146029472351;0.47379276156425476;0.32745906710624695
0.556926429271698;0.5977815985679626;0.47578296065330505;0.32998034358024597
0.5567496418952942;0.597893238067627;0.4745064377784729;0.3280998170375824
0.5557171702384949;0.5975700616836548;0.47398993372917175;0.32888132333755493
0.5547569394111633;0.5976551175117493;0.4744463860988617;0.32700005173683167
0.5549928545951843;0.5985147356987;0.47459903359413147;0.3251156806945801
0.5552287697792053;0.5984393358230591;0.47532010078430176;0.3228122293949127
0.5545760989189148;0.598146378993988;0.4762718379497528;0.3195401132106781
0.5544094443321228;0.5989434719085693;0.4770934581756592;0.32221052050590515
0.555199921131134;0.5984804034233093;0.4766785800457001;0.3220103979110718
0.5539373755455017;0.5997313857078552;0.4763316810131073;0.3218284547328949
0.5535106658935547;0.5997576713562012;0.47552958130836487;0.3215005099773407
0.5539190769195557;0.5982362627983093;0.4750368297100067;0.32028937339782715
0.5540034174919128;0.5991432070732117;0.4740287959575653;0.318084716796875
0.5535115003585815;0.5989259481430054;0.4734879434108734;0.3220367133617401
0.5533561110496521;0.5991489887237549;0.4720946252346039;0.32016873359680176
0.5524609088897705;0.5987003445625305;0.47222042083740234;0.32072311639785767
0.5522250533103943;0.6004108786582947;0.47208699584007263;0.3209848403930664
0.5535005331039429;0.600376546382904;0.4729163348674774;0.3224916160106659
0.554985523223877;0.6008235216140747;0.47324323654174805;0.32134008407592773
0.5555822253227234;0.6000159382820129;0.4729544222354889;0.3211405873298645
0.5555996298789978;0.6000440120697021;0.4726695120334625;0.32125744223594666
0.555091381072998;0.5993601679801941;0.4729280471801758;0.3215639591217041
0.5556421279907227;0.5997274518013;0.47274675965309143;0.3226566016674042
0.5550726056098938;0.5995838046073914;0.472430944442749;0.32307395339012146
0.5546027421951294;0.5994322896003723;0.47040387988090515;0.32355132699012756
0.5541810989379883;0.6000654101371765;0.4708106219768524;0.3219485580921173
0.5555403828620911;0.5994440317153931;0.4691740572452545;0.32169920206069946
0.5549978017807007;0.5991681814193726;0.4691562354564667;0.31983664631843567
0.5567044019699097;0.5993767976760864;0.46897783875465393;0.31983551383018494
0.5574138164520264;0.6001628041267395;0.4683685302734375;0.3193439841270447
0.5576348304748535;0.6001882553100586;0.46773311495780945;0.3203859031200409
0.556593120098114;0.6004800796508789;0.4680963456630707;0.3226396441459656
0.5554072260856628;0.599953830242157;0.4686334729194641;0.32145288586616516
0.5555642247200012;0.5998323559761047;0.46740952134132385;0.32150161266326904
0.5558419227600098;0.5995597839355469;0.4666460156440735;0.3235011696815491
0.5558843612670898;0.5996537208557129;0.46636635065078735;0.3227534294128418
0.5559773445129395;0.6001763343811035;0.46676501631736755;0.32383039593696594
0.5561278462409973;0.599766731262207;0.4686071574687958;0.3239917755126953
0.5572579503059387;0.5992288589477539;0.4698532223701477;0.32392117381095886
0.5575812458992004;0.5985069274902344;0.47158557176589966;0.3210369646549225
0.5582190752029419;0.5976242423057556;0.4697507917881012;0.31989815831184387
0.5580006837844849;0.5971886515617371;0.4688008725643158;0.31921014189720154
0.5571205615997314;0.5975334644317627;0.4699634611606598;0.32117539644241333
0.5556489825248718;0.5975419878959656;0.468209832906723;0.31823429465293884
0.5547871589660645;0.5979536175727844;0.4681765139102936;0.3179846704006195
0.5545864105224609;0.5989013910293579;0.46810466051101685;0.31855425238609314
0.5543792843818665;0.5990740060806274;0.46946388483047485;0.31463882327079773
0.5534155368804932;0.5993542671203613;0.4696354866027832;0.31519290804862976
0.5537327527999878;0.5997061133384705;0.4702046513557434;0.3168732523918152
0.5530388951301575;0.5997132658958435;0.46968531608581543;0.31823694705963135
0.552962601184845;0.5997239351272583;0.4690788686275482;0.3177103102207184
0.5538251996040344;0.6002220511436462;0.46960100531578064;0.3156379461288452
0.5525967478752136;0.5997546911239624;0.4711731970310211;0.3138338625431061
0.5526275038719177;0.5991191267967224;0.4703271985054016;0.3150393068790436
0.5523001551628113;0.6000036597251892;0.47009435296058655;0.3121832311153412
0.5525711178779602;0.5991494059562683;0.4708179533481598;0.3122316002845764
0.5524612665176392;0.5990574359893799;0.47102245688438416;0.3132028579711914
0.5515979528427124;0.5988167524337769;0.47081658244132996;0.31260737776756287
0.5517708659172058;0.5989235639572144;0.47071167826652527;0.31282514333724976
0.5521510243415833;0.5983474850654602;0.4708583950996399;0.314449667930603
0.5523777008056641;0.5984585881233215;0.46972447633743286;0.3188154697418213
0.5527989864349365;0.5987662672996521;0.4703444540500641;0.31647789478302
0.5522314310073853;0.5989541411399841;0.47074398398399353;0.3163648545742035
0.5524284243583679;0.5992637276649475;0.47060537338256836;0.317748486995697
0.5524348020553589;0.5985094308853149;0.46966463327407837;0.3165998160839081
0.5517265200614929;0.5986769795417786;0.47026845812797546;0.31515777111053467
0.552774965763092;0.5984885096549988;0.4701750874519348;0.3161899745464325
0.5545322299003601;0.5975646376609802;0.46869993209838867;0.31614673137664795
0.5553237795829773;0.5974606275558472;0.4696556627750397;0.318404883146286
0.5551711320877075;0.5972018241882324;0.46996352076530457;0.3178987503051758
0.5556919574737549;0.5987769961357117;0.4706568717956543;0.31815940141677856
0.5554070472717285;0.5990462303161621;0.47241297364234924;0.315815269947052
0.555192768573761;0.5989179015159607;0.47265902161598206;0.3185833692550659
0.5537256002426147;0.5989128947257996;0.4735898971557617;0.31948769092559814
0.5534902811050415;0.5985652804374695;0.4745936393737793;0.31929847598075867
0.5525630116462708;0.5981161594390869;0.47449541091918945;0.31810232996940613
0.5526703596115112;0.5981785655021667;0.47376805543899536;0.3203769624233246
0.5521745085716248;0.5974485278129578;0.47234413027763367;0.321417897939682
0.5518075227737427;0.597709596157074;0.474405974149704;0.3210338056087494
0.5521121025085449;0.5982196927070618;0.47424980998039246;0.32010942697525024
0.5522629022598267;0.5980079770088196;0.4746074676513672;0.3213611841201782
0.5526986122131348;0.5979136824607849;0.4756436049938202;0.323057621717453
0.5521930456161499;0.5981389880180359;0.47778820991516113;0.3233293294906616
0.552169919013977;0.5981795191764832;0.4769493043422699;0.3229414224624634
0.5524148344993591;0.5985593795776367;0.4779392182826996;0.32083359360694885
0.553233802318573;0.5988022089004517;0.47752484679222107;0.32061925530433655
0.5530610680580139;0.5988518595695496;0.4773592948913574;0.3232138454914093
0.5523653030395508;0.5989634394645691;0.4779908359050751;0.3254248797893524
0.5530485510826111;0.5987665057182312;0.4766250550746918;0.3235936760902405
0.5524699687957764;0.5991179943084717;0.4777662754058838;0.3216216564178467
0.5521453022956848;0.59941166639328;0.4783823490142822;0.3198382258415222
0.5530404448509216;0.6002382040023804;0.47949209809303284;0.3201657235622406
0.5539944171905518;0.6005027890205383;0.48044419288635254;0.31959637999534607
0.5533639192581177;0.601041853427887;0.48022887110710144;0.32011815905570984
0.5534921884536743;0.600767970085144;0.4801475703716278;0.3180473744869232
0.552386462688446;0.6009522676467896;0.48106804490089417;0.3189813494682312
0.5517504215240479;0.601266086101532;0.4804627001285553;0.3212704360485077
0.5527064204216003;0.6009048819541931;0.4787701666355133;0.31857338547706604
0.553428590297699;0.6007752418518066;0.4800894856452942;0.32192716002464294
0.5530540943145752;0.601161777973175;0.48064476251602173;0.32145223021507263
0.553830087184906;0.6007949709892273;0.4780758023262024;0.3225899636745453
0.5542431473731995;0.6014728546142578;0.47682181000709534;0.3215087056159973
0.5536671876907349;0.6015979647636414;0.4771741032600403;0.3248739242553711
0.5538736581802368;0.6005814671516418;0.4778946042060852;0.3216247260570526
0.5537005662918091;0.6003390550613403;0.4765365719795227;0.3210414946079254
0.5530164837837219;0.6002609133720398;0.47734570503234863;0.3204748332500458
0.553170382976532;0.599941074848175;0.4777251183986664;0.3176402747631073
0.5521146655082703;0.5998826026916504;0.4773406982421875;0.3175608217716217
0.5513083338737488;0.6001657843589783;0.4773368835449219;0.31884413957595825
0.5515004992485046;0.6004716753959656;0.47736939787864685;0.31735193729400635
0.5513595342636108;0.5997681021690369;0.4756297767162323;0.317588210105896
0.5503683686256409;0.6003735065460205;0.47404932975769043;0.31859907507896423
0.551109254360199;0.6003851890563965;0.4737626016139984;0.31900468468666077
0.5511351823806763;0.600074827671051;0.4740375578403473;0.32116666436195374
0.5504695177078247;0.5995972752571106;0.4731067717075348;0.32053494453430176
0.5495768189430237;0.5996840000152588;0.4733508229255676;0.31911492347717285
0.5503736138343811;0.5992926955223083;0.4722111225128174;0.3171791732311249
0.5511848330497742;0.5993444323539734;0.4724012315273285;0.3182997703552246
0.5511118173599243;0.6005269289016724;0.4722123146057129;0.31827670335769653
0.5493738055229187;0.6004242300987244;0.4720004200935364;0.3178117275238037
0.549067497253418;0.6003667116165161;0.47160014510154724;0.3200323283672333
0.549612820148468;0.5997063517570496;0.4716018736362457;0.31809303164482117
0.5497708320617676;0.5999700427055359;0.4709610939025879;0.3164942264556885
0.549209475517273;0.5998096466064453;0.471670538187027;0.31658849120140076
0.5492861866950989;0.5989506840705872;0.4711769223213196;0.3147575557231903
0.5489754676818848;0.5988947749137878;0.4709041714668274;0.3154263496398926
0.5491440892219543;0.5998179316520691;0.47040244936943054;0.3160414397716522
0.5496422648429871;0.5994980931282043;0.47060757875442505;0.31424176692962646
0.5494366884231567;0.5995597243309021;0.4697873592376709;0.3146117031574249
0.5499262809753418;0.599166989326477;0.467374324798584;0.3151164948940277
0.5501362681388855;0.5987147092819214;0.46851396560668945;0.3171827495098114
0.5511211156845093;0.5982929468154907;0.4682002067565918;0.31790146231651306
0.551529049873352;0.5984364748001099;0.46726807951927185;0.3184971511363983
0.5520042777061462;0.5978181958198547;0.4674399495124817;0.32119131088256836
0.552180290222168;0.5978404879570007;0.4664921462535858;0.3201552629470825
0.5518693327903748;0.5986044406890869;0.46706444025039673;0.3199478089809418
0.551663875579834;0.5984653830528259;0.46775341033935547;0.3191290497779846
0.5512341856956482;0.598541259765625;0.46837177872657776;0.31784582138061523
0.5506678223609924;0.5988795161247253;0.4670889973640442;0.3152354657649994
0.55061936378479;0.5988174080848694;0.46715202927589417;0.3150898516178131
0.5507058501243591;0.5981246829032898;0.46794557571411133;0.3168177604675293
0.5519928336143494;0.5973553657531738;0.46697425842285156;0.3177746534347534
0.5518732070922852;0.5975985527038574;0.4674158990383148;0.31792160868644714
0.5526694655418396;0.5981316566467285;0.46693769097328186;0.3165619373321533
0.55214923620224;0.5983616709709167;0.4671032428741455;0.3157680928707123
0.5525973439216614;0.598326563835144;0.46622300148010254;0.3153071999549866
0.5527195930480957;0.5987735986709595;0.4662603437900543;0.3162400424480438
0.5518677234649658;0.5981041789054871;0.4664677679538727;0.3156125247478485
0.551613986492157;0.5980357527732849;0.4662288725376129;0.3135269582271576
0.5522201657295227;0.5979557633399963;0.4682231545448303;0.3144910931587219
0.5525121092796326;0.5983979105949402;0.4710403382778168;0.31605201959609985
0.5531218647956848;0.5977513194084167;0.4710339605808258;0.3150270879268646
0.5527777075767517;0.5976846814155579;0.4721597731113434;0.3157091736793518
0.5542747378349304;0.598034679889679;0.471560537815094;0.31340304017066956
0.5543038249015808;0.5976551175117493;0.4715385437011719;0.31201401352882385
0.5534118413925171;0.5974427461624146;0.4706180691719055;0.3114524185657501
0.5543962717056274;0.5975672006607056;0.47093746066093445;0.3120898902416229
0.5551570653915405;0.5973241925239563;0.4718354642391205;0.31516289710998535
0.5564049482345581;0.5971361994743347;0.4721912443637848;0.31259799003601074
0.556153416633606;0.5980273485183716;0.47276249527931213;0.3129711449146271
0.5551547408103943;0.5975942015647888;0.47229447960853577;0.31307849287986755
0.5538670420646667;0.5978487133979797;0.4730885624885559;0.3125227093696594
0.5540627241134644;0.5982418656349182;0.47306662797927856;0.31181418895721436
0.5534175634384155;0.5979111194610596;0.4735829830169678;0.31189319491386414
0.5534251928329468;0.5979467630386353;0.47456714510917664;0.31132861971855164
0.5532398223876953;0.5976027846336365;0.47431889176368713;0.3139384686946869
0.5539679527282715;0.5976253747940063;0.4755884110927582;0.3152869641780853
0.5549042224884033;0.5978089570999146;0.4755830764770508;0.31458112597465515
0.5549703240394592;0.5974646806716919;0.4742783010005951;0.31500735878944397
0.5537505745887756;0.5976698398590088;0.4749717712402344;0.31557103991508484
0.5530049800872803;0.5979120135307312;0.476121723651886;0.31566691398620605
0.5527651309967041;0.5978841185569763;0.4756896197795868;0.31696364283561707
0.5530877113342285;0.5991835594177246;0.4749731719493866;0.3190160393714905
0.5532949566841125;0.5992757678031921;0.4752383828163147;0.3201479911804199
0.5532739758491516;0.5991116762161255;0.47454291582107544;0.32139021158218384
0.5540735125541687;0.5991101264953613;0.47469621896743774;0.32028648257255554
0.5545035600662231;0.5989792346954346;0.4754229485988617;0.3210635781288147
0.5539809465408325;0.6000208258628845;0.4762478470802307;0.31933942437171936
0.5534168481826782;0.5992535948753357;0.4771421551704407;0.32174989581108093
0.5529336333274841;0.5990115404129028;0.4760913848876953;0.3198451101779938
0.5524293780326843;0.5993697047233582;0.47580862045288086;0.3192596435546875
0.552334189414978;0.5991072654724121;0.47628816962242126;0.3201657235622406
0.551249086856842;0.5984618067741394;0.4763546884059906;0.31952640414237976
0.5519683361053467;0.5983039736747742;0.47655555605888367;0.317653626203537
0.5529128909111023;0.5979692935943604;0.4764311909675598;0.3166191279888153
0.5527861714363098;0.597129762172699;0.47617751359939575;0.3154444396495819
0.5526043772697449;0.5964318513870239;0.4763473570346832;0.3181900680065155
0.5528807640075684;0.5961123704910278;0.4747541546821594;0.3190217912197113
0.5528748631477356;0.5955996513366699;0.47441792488098145;0.31794342398643494
0.5527335405349731;0.5952200889587402;0.4749295711517334;0.31784752011299133
0.5524212718009949;0.5951806902885437;0.4729584753513336;0.31777119636535645
0.5523934364318848;0.5948403477668762;0.4742867648601532;0.3181207478046417
0.5524453520774841;0.5951136946678162;0.4740675985813141;0.32079678773880005
0.5514902472496033;0.5942168235778809;0.4725552499294281;0.3224829137325287
0.5509259104728699;0.5943717360496521;0.4718330502510071;0.32484135031700134
0.551428496837616;0.5954481363296509;0.47127801179885864;0.3240201473236084
0.5522190928459167;0.5955192446708679;0.47118863463401794;0.3214249610900879
0.5528344511985779;0.5952873229980469;0.470721960067749;0.32211264967918396
0.552287220954895;0.5960704684257507;0.4711059629917145;0.3208021819591522
0.5529571771621704;0.5957576632499695;0.4720238745212555;0.32034558057785034
0.5532752275466919;0.5956167578697205;0.4720056653022766;0.3204026520252228
0.5535193085670471;0.5960347652435303;0.47307276725769043;0.31824490427970886
0.5531002879142761;0.5963443517684937;0.47324904799461365;0.3179960250854492
0.5535752177238464;0.5969411134719849;0.4733489155769348;0.31622570753097534
0.5534600615501404;0.596879243850708;0.4736509919166565;0.31809407472610474
0.5530595183372498;0.596071183681488;0.47563067078590393;0.3183189034461975
0.5534002184867859;0.5962287187576294;0.47497081756591797;0.31740522384643555
0.5535215139389038;0.5967954993247986;0.47533950209617615;0.3141339421272278
0.553413987159729;0.5976734757423401;0.4765477180480957;0.3148047626018524
0.552940309047699;0.5989136695861816;0.47697505354881287;0.3168156147003174
0.5528444647789001;0.598465085029602;0.4771016240119934;0.3154042959213257
0.5522700548171997;0.598619282245636;0.47687456011772156;0.3141898810863495
0.5516667366027832;0.5984036326408386;0.47564610838890076;0.31502991914749146
0.5524929761886597;0.5981531739234924;0.47477003931999207;0.3138948976993561
0.5523099303245544;0.5983771681785583;0.4753968417644501;0.3145681321620941
0.5514792203903198;0.5982605814933777;0.4764212667942047;0.3130370080471039
0.552087664604187;0.598492443561554;0.47725269198417664;0.31273579597473145
0.5511549115180969;0.5982587337493896;0.4758833050727844;0.31264644861221313
0.5519965291023254;0.5978831648826599;0.4766753315925598;0.31396713852882385
0.5522918105125427;0.5974866151809692;0.4760068356990814;0.3146914839744568
0.5529263615608215;0.5976287126541138;0.4751422107219696;0.3138420283794403
0.5544213652610779;0.5978451371192932;0.4752480089664459;0.3141818344593048
0.5540091395378113;0.5979021787643433;0.47490498423576355;0.31542500853538513
0.5539059638977051;0.5975966453552246;0.47494229674339294;0.3163745105266571
0.5533572435379028;0.5981902480125427;0.475836843252182;0.3177788257598877
0.5526960492134094;0.5984418988227844;0.4738512635231018;0.31708428263664246
0.5515971183776855;0.5983375906944275;0.47576281428337097;0.31869325041770935
0.5511542558670044;0.5978545546531677;0.47758832573890686;0.3181588053703308
0.5512053370475769;0.5974223017692566;0.47580987215042114;0.31817626953125
0.5519115924835205;0.5972785353660583;0.47536036372184753;0.3190042972564697
0.5523732304573059;0.597450852394104;0.4742337167263031;0.3193853199481964
0.5520707964897156;0.5973548889160156;0.4738406240940094;0.3184727132320404
0.5518849492073059;0.5975831151008606;0.47333380579948425;0.3190995752811432
0.5513333082199097;0.5978147387504578;0.4723629653453827;0.32050153613090515
0.550787091255188;0.5981592535972595;0.4698311388492584;0.31907904148101807
0.5506338477134705;0.5981931090354919;0.47016641497612;0.3186848759651184
0.550969123840332;0.5984891653060913;0.47029024362564087;0.31854379177093506
0.5500783920288086;0.5975539684295654;0.4710615575313568;0.3204011619091034
0.5482057929039001;0.5980979800224304;0.4705358147621155;0.3190382719039917
0.5486537218093872;0.5983238220214844;0.47098562121391296;0.3194728195667267
0.5474252700805664;0.5990244150161743;0.47009754180908203;0.3185197412967682
0.5470776557922363;0.5987729430198669;0.47054168581962585;0.32146018743515015
0.5466302037239075;0.5990650057792664;0.46891385316848755;0.3200613558292389
0.5462933778762817;0.5996612310409546;0.47005969285964966;0.3196724057197571
0.5463534593582153;0.5994566082954407;0.4698464572429657;0.3201412856578827
0.5459895133972168;0.5989406704902649;0.4703189432621002;0.3177059292793274
0.5457763075828552;0.599306046962738;0.47212114930152893;0.3169531524181366
0.5467542409896851;0.5992366075515747;0.4713180959224701;0.31619712710380554
0.5467333793640137;0.5992884635925293;0.4717666208744049;0.3171032965183258
0.5455784797668457;0.5985185503959656;0.4727000892162323;0.31560441851615906
0.5453413128852844;0.598491370677948;0.4734935760498047;0.3182426393032074
0.5458359122276306;0.598823070526123;0.4745121896266937;0.31717193126678467
0.5453636050224304;0.5990538001060486;0.4750656187534332;0.31731146574020386
0.5453751683235168;0.5992605090141296;0.4752688407897949;0.31590232253074646
0.545935332775116;0.5990602374076843;0.47551271319389343;0.3167220652103424
0.5455213785171509;0.5991672277450562;0.47519293427467346;0.31661301851272583
0.5448499321937561;0.5994393229484558;0.47521066665649414;0.3199867904186249
0.5450732111930847;0.6003955602645874;0.4749419391155243;0.3191850781440735
0.5457808375358582;0.600064218044281;0.47507429122924805;0.3201100826263428
0.5454146265983582;0.6002450585365295;0.4739777147769928;0.318681925535202
0.5447635054588318;0.6005529761314392;0.47383686900138855;0.31837567687034607
0.5438985824584961;0.6007243990898132;0.47321876883506775;0.31730857491493225
0.543188214302063;0.6015516519546509;0.47202715277671814;0.3146706521511078
0.5431938171386719;0.601218044757843;0.47179508209228516;0.3145599067211151
0.5437403917312622;0.6008128523826599;0.47147995233535767;0.31419602036476135
0.544199526309967;0.6004434823989868;0.47061941027641296;0.314253568649292
0.5438382625579834;0.5998566746711731;0.470091313123703;0.31348177790641785
0.5428817868232727;0.6000332832336426;0.46945467591285706;0.3137788474559784
0.5430282950401306;0.5999868512153625;0.468353807926178;0.3153022229671478
0.5420915484428406;0.6000005006790161;0.4694374203681946;0.31375178694725037
0.5417930483818054;0.5998250246047974;0.4699249863624573;0.31462523341178894
0.5410460829734802;0.5999971628189087;0.4695615768432617;0.31369486451148987
0.5408571362495422;0.5992814898490906;0.4677143096923828;0.31508347392082214
0.5413815379142761;0.5997544527053833;0.46821704506874084;0.3131042718887329
0.5403420329093933;0.5997681021690369;0.4683341085910797;0.3138466477394104
0.5406621098518372;0.5995448231697083;0.46890050172805786;0.31299614906311035
0.5412377119064331;0.5994653105735779;0.46884089708328247;0.31353455781936646
0.5425350069999695;0.6000749468803406;0.4707174003124237;0.3131047785282135
0.5416038632392883;0.5998131632804871;0.46994027495384216;0.3135932683944702
0.5417757630348206;0.6002625226974487;0.4700946509838104;0.31234651803970337
0.5430626273155212;0.5995819568634033;0.4686085879802704;0.31384584307670593
0.5431612133979797;0.6003944277763367;0.46855974197387695;0.3112526834011078
0.5432711839675903;0.6004759073257446;0.47014760971069336;0.3092363774776459
0.542928159236908;0.6005039215087891;0.47094279527664185;0.30865219235420227
0.5427157878875732;0.6005969643592834;0.4724731147289276;0.3088981807231903
0.5423694252967834;0.6009303331375122;0.4724150598049164;0.30931705236434937
0.5424655079841614;0.6007292866706848;0.47242292761802673;0.31093499064445496
0.5423917770385742;0.6007242798805237;0.4731307923793793;0.3130904734134674
0.543377697467804;0.600448727607727;0.47171303629875183;0.31332215666770935
0.5441638827323914;0.6014207005500793;0.47201696038246155;0.3107801377773285
0.5443941950798035;0.6015889048576355;0.4714723527431488;0.310966819524765
0.5450263619422913;0.6021749377250671;0.4729348123073578;0.31189337372779846
0.5460569262504578;0.6020559668540955;0.4717588424682617;0.3135271966457367
0.5456649661064148;0.6014539003372192;0.4713578224182129;0.3131825029850006
0.5461496710777283;0.6013866662979126;0.4703926146030426;0.31411120295524597
0.5464720129966736;0.6009911894798279;0.4709118902683258;0.3144540786743164
0.545693039894104;0.6008833050727844;0.4710550308227539;0.3158641755580902
0.5444834232330322;0.6016861796379089;0.4714132845401764;0.31620603799819946
0.5444938540458679;0.6008843779563904;0.4706364572048187;0.31811395287513733
0.5439772009849548;0.6014588475227356;0.47002530097961426;0.3186725080013275
0.5441175103187561;0.6012210249900818;0.469891756772995;0.31775596737861633
0.5443113446235657;0.6006335616111755;0.47107696533203125;0.31728193163871765
0.5442946553230286;0.6008569002151489;0.47107481956481934;0.3171270787715912
0.5453639030456543;0.6013833284378052;0.47158756852149963;0.3169838786125183
0.5436835289001465;0.6021356582641602;0.4734257757663727;0.31813257932662964
0.5440554022789001;0.6021162867546082;0.4746774137020111;0.3170619606971741
0.5447558760643005;0.601590096950531;0.47289010882377625;0.31698891520500183
0.5458856821060181;0.6014738082885742;0.47262221574783325;0.3185027539730072
0.5452777743339539;0.6010366678237915;0.4740145802497864;0.3176960051059723
0.5443963408470154;0.6014533638954163;0.47345396876335144;0.31642061471939087
0.5437297821044922;0.6013082265853882;0.47286224365234375;0.31756579875946045
0.5438780188560486;0.6009702086448669;0.47128477692604065;0.3188225030899048
0.5442273616790771;0.601280689239502;0.47118616104125977;0.31873345375061035
0.5438033938407898;0.6006419062614441;0.47117167711257935;0.31735289096832275
0.5431788563728333;0.6009231805801392;0.4722893238067627;0.31833672523498535
0.5430719256401062;0.6007266044616699;0.471635103225708;0.31872817873954773
0.5431913733482361;0.6011011004447937;0.4726443290710449;0.31791865825653076
0.5426198840141296;0.6008692979812622;0.4721399247646332;0.3191588819026947
0.5432850122451782;0.6017231345176697;0.47281351685523987;0.3181231617927551
0.542668342590332;0.6018511652946472;0.4732266962528229;0.3177812695503235
0.5424802899360657;0.601631760597229;0.4735886752605438;0.3190838098526001
0.5423654913902283;0.6016189455986023;0.4735853672027588;0.3205067813396454
0.542500376701355;0.6014650464057922;0.47398003935813904;0.3205510079860687
0.5427883863449097;0.6018885374069214;0.47480249404907227;0.32054275274276733
0.5418661236763;0.6023194193840027;0.4746710956096649;0.3212393820285797
0.5422435402870178;0.6022767424583435;0.4750938415527344;0.320227712392807
0.5432321429252625;0.6024096608161926;0.47569480538368225;0.3221912980079651
0.5444721579551697;0.6017017364501953;0.4758276641368866;0.32228586077690125
0.5443374514579773;0.6010269522666931;0.47549962997436523;0.3209688365459442
0.5440245866775513;0.6015523076057434;0.47542402148246765;0.3211509883403778
0.5432646870613098;0.6018008589744568;0.4749878942966461;0.32207465171813965
0.5433809161186218;0.6019259691238403;0.4738769233226776;0.319504976272583
0.5426276922225952;0.6017113327980042;0.4746403694152832;0.3207205832004547
0.542100727558136;0.601814866065979;0.4741891026496887;0.3205345571041107
0.5421933531761169;0.6016873717308044;0.47483760118484497;0.32010552287101746
0.5418826937675476;0.6014823913574219;0.4744730591773987;0.32125744223594666
0.5421703457832336;0.601637065410614;0.47148942947387695;0.323439359664917
0.5429457426071167;0.601519763469696;0.4733976423740387;0.3211544454097748
0.5427839756011963;0.6013987064361572;0.47324952483177185;0.32241228222846985
0.5425723195075989;0.6016156673431396;0.4738781154155731;0.32230716943740845
0.5435185432434082;0.6013662219047546;0.4747462272644043;0.32346779108047485
0.5436646938323975;0.6024863123893738;0.4752805829048157;0.32379424571990967
0.5446884036064148;0.6026240587234497;0.4746260643005371;0.32374805212020874
0.5447854995727539;0.6025678515434265;0.47356948256492615;0.32341909408569336
0.5455226898193359;0.6026061177253723;0.4738510251045227;0.3227325975894928
0.545887291431427;0.6017233729362488;0.47270750999450684;0.32548460364341736
0.5453543066978455;0.6013339161872864;0.4725411832332611;0.3233130872249603
0.5453547835350037;0.6018778085708618;0.4725709855556488;0.32195544242858887
0.5449489951133728;0.6018325090408325;0.4729290008544922;0.32210442423820496
0.5459885001182556;0.6016139984130859;0.4741239547729492;0.3216157853603363
0.5461809039115906;0.6011390089988708;0.47443437576293945;0.3210770785808563
0.5456153154373169;0.6012043356895447;0.4752722680568695;0.3219465911388397
0.5457961559295654;0.6006004810333252;0.4762705862522125;0.32006755471229553
0.5459689497947693;0.6006764769554138;0.47769156098365784;0.3194810152053833
0.5445091128349304;0.6002737283706665;0.4780358374118805;0.31768497824668884
0.5437421798706055;0.6004871726036072;0.4773516356945038;0.3182961642742157
0.544274091720581;0.600647509098053;0.4759555757045746;0.3184661567211151
0.5443646907806396;0.600171685218811;0.4753844738006592;0.31968238949775696
0.5437383055686951;0.6007106304168701;0.47621795535087585;0.31772905588150024
0.5440725684165955;0.6009198427200317;0.475565642118454;0.3172433078289032
0.5443136692047119;0.6010848879814148;0.4757717251777649;0.31764957308769226
0.5449581146240234;0.6010481715202332;0.4765497148036957;0.3170774281024933
0.5446993708610535;0.6017925143241882;0.4777563512325287;0.3152539134025574
0.5443726181983948;0.6018833518028259;0.4779141843318939;0.3130258619785309
0.5437548160552979;0.6016921401023865;0.47803398966789246;0.3154776990413666
0.5439416766166687;0.6015152931213379;0.4784719944000244;0.31530681252479553
0.5438565611839294;0.6016097664833069;0.4766811430454254;0.31733307242393494
0.5445958971977234;0.6022645831108093;0.4774513840675354;0.3181688189506531
0.5448257327079773;0.6020066142082214;0.4766879081726074;0.31956759095191956
0.5450018048286438;0.6014148592948914;0.4760425090789795;0.31920114159584045
0.5446395874023438;0.6014909744262695;0.4763239324092865;0.3204360008239746
0.5447775721549988;0.6016586422920227;0.4757263660430908;0.3208531141281128
0.5450612306594849;0.6021448373794556;0.47601959109306335;0.32111796736717224
0.5454466938972473;0.6024913191795349;0.47482648491859436;0.3199397027492523
0.5457436442375183;0.6026922464370728;0.4747571051120758;0.3225509226322174
0.545056939125061;0.6030258536338806;0.47472935914993286;0.3199584186077118
0.5456356406211853;0.6024547815322876;0.4746617376804352;0.32092946767807007
0.5466423034667969;0.6024325489997864;0.4748184382915497;0.32047414779663086
0.5469372272491455;0.6017611026763916;0.47501978278160095;0.31942352652549744
0.5466234087944031;0.6024513840675354;0.4749084413051605;0.31794947385787964
0.5459781885147095;0.602942705154419;0.47348785400390625;0.3185909390449524
0.5467968583106995;0.6027917265892029;0.47367405891418457;0.320410817861557
0.547619104385376;0.602758526802063;0.47303780913352966;0.3199649751186371
0.5469587445259094;0.6024314165115356;0.47167620062828064;0.319845974445343
0.5465595126152039;0.6018103957176208;0.4710575044155121;0.3189893066883087
0.5468894839286804;0.6022747755050659;0.4713438153266907;0.3185998499393463
0.5465096235275269;0.6021259427070618;0.471489816904068;0.3183094561100006
0.5465919375419617;0.6024020910263062;0.47218942642211914;0.3169342577457428
0.5471886992454529;0.6026546359062195;0.4728942811489105;0.31687480211257935
0.5459789633750916;0.6026634573936462;0.47160258889198303;0.31969961524009705
0.5462849140167236;0.6025583148002625;0.471098393201828;0.3196021020412445
0.5467109084129333;0.6020152568817139;0.4715859889984131;0.31897303462028503
0.5466179847717285;0.6020869016647339;0.46990320086479187;0.31703895330429077
0.5458291172981262;0.6018251776695251;0.47126713395118713;0.31946706771850586
0.545677661895752;0.6019901633262634;0.47087547183036804;0.31693464517593384
0.5454447865486145;0.6013056635856628;0.4717004895210266;0.3173221945762634
0.5461887717247009;0.6017319560050964;0.47127410769462585;0.3159726560115814
0.5460830926895142;0.6009372472763062;0.4713928699493408;0.31439608335494995
0.5456317067146301;0.6004566550254822;0.47100773453712463;0.314317524433136
0.5445525050163269;0.5999016761779785;0.4713935852050781;0.31453537940979004
0.5449142456054688;0.600284218788147;0.46975383162498474;0.3163665235042572
0.5458143353462219;0.5995898246765137;0.4697568416595459;0.31796297430992126
0.5450488328933716;0.5994473695755005;0.46929335594177246;0.3198409974575043
0.5454584956169128;0.6004229784011841;0.46973830461502075;0.32005757093429565
0.5451967120170593;0.60032719373703;0.4707286059856415;0.3195617198944092
0.5450298190116882;0.6003164649009705;0.4701686501502991;0.31700006127357483
0.5452516674995422;0.6002289652824402;0.47123098373413086;0.31870347261428833
0.5467094779014587;0.6001797318458557;0.4717615246772766;0.31638017296791077
0.5463623404502869;0.600199818611145;0.47216397523880005;0.31787219643592834
0.5459018349647522;0.6000730395317078;0.4708276689052582;0.3185633718967438
0.5459633469581604;0.5994469523429871;0.47073236107826233;0.3202546238899231
0.5460290908813477;0.5990881323814392;0.4700404107570648;0.3189174234867096
0.5467753410339355;0.599397599697113;0.46977701783180237;0.3181985020637512
0.5469434261322021;0.5988413691520691;0.46983352303504944;0.3182670474052429
0.5481381416320801;0.5991100072860718;0.4690844714641571;0.32013556361198425
0.5486478209495544;0.5994251370429993;0.46938997507095337;0.3199217915534973
0.5484333038330078;0.5993558764457703;0.46881112456321716;0.320210725069046
0.5493337512016296;0.5989710092544556;0.4699629843235016;0.3203546106815338
0.5497962236404419;0.5983324646949768;0.4707348048686981;0.3182139992713928
0.5498239398002625;0.5983595252037048;0.47011110186576843;0.31734395027160645
0.5497028231620789;0.599125325679779;0.4698179364204407;0.3187098205089569
0.5495433807373047;0.5992735028266907;0.46924278140068054;0.3198685646057129
0.5497062802314758;0.5990985035896301;0.468741238117218;0.3188672959804535
0.5497950911521912;0.5994264483451843;0.46911928057670593;0.31820446252822876
0.549582839012146;0.5998460054397583;0.4701722264289856;0.3159652650356293
0.5501276850700378;0.5995716452598572;0.4713895916938782;0.3171010911464691
0.5510671734809875;0.5991920828819275;0.47172999382019043;0.31654593348503113
0.5503996014595032;0.5989688038825989;0.4708395004272461;0.31786179542541504
0.5510270595550537;0.5988503694534302;0.4713929295539856;0.31912076473236084
0.551550030708313;0.5986434817314148;0.47217240929603577;0.3188464343547821
