TV;KL
1.9999995231628418;16.43878746032715
1.9999871253967285;14.562491416931152
1.9999282360076904;14.213208198547363
1.9997968673706055;13.952950477600098
1.9994633197784424;13.746957778930664
1.998750925064087;13.60590934753418
1.9983506202697754;13.443023681640625
1.9976534843444824;13.270506858825684
1.9963679313659668;13.151559829711914
1.9949519634246826;13.060911178588867
1.992310881614685;12.98426628112793
1.9913829565048218;12.877496719360352
1.9868361949920654;12.752607345581055
1.9852008819580078;12.614715576171875
1.97756028175354;12.486188888549805
1.9739603996276855;12.352499008178711
1.9677159786224365;12.202385902404785
1.9617376327514648;12.020312309265137
1.956115961074829;11.819974899291992
1.9514226913452148;11.639698028564453
1.9401161670684814;11.459280014038086
1.930516004562378;11.267772674560547
1.9227789640426636;11.05974006652832
1.9067789316177368;10.841766357421875
1.8882957696914673;10.64255428314209
1.8758127689361572;10.419233322143555
1.8682961463928223;10.161678314208984
1.8533605337142944;9.940164566040039
1.8409605026245117;9.720770835876465
1.827427625656128;9.488105773925781
1.8056392669677734;9.279281616210938
1.7791221141815186;9.085966110229492
1.761253833770752;8.908193588256836
1.740161657333374;8.736736297607422
1.7262892723083496;8.650558471679688
1.7064249515533447;8.507285118103027
1.6767501831054688;8.383339881896973
1.655407190322876;8.330102920532227
1.635830283164978;8.228842735290527
1.618445634841919;8.209308624267578
1.5990588665008545;8.151315689086914
1.5845444202423096;8.157602310180664
1.5580189228057861;8.223225593566895
1.544713020324707;8.299139022827148
1.5293635129928589;8.29481315612793
1.5181007385253906;8.485814094543457
1.5116267204284668;8.56557846069336
1.4965600967407227;8.733938217163086
1.4853458404541016;8.822197914123535
1.475663423538208;8.963494300842285
1.479553461074829;9.114945411682129
1.4791045188903809;9.23449420928955
1.4769494533538818;9.380171775817871
1.4731082916259766;9.464599609375
1.4721572399139404;9.483638763427734
1.4773502349853516;9.53768539428711
1.4875907897949219;9.519245147705078
1.4836938381195068;9.562012672424316
1.4993816614151;9.548271179199219
1.506584644317627;9.505670547485352
1.5321356058120728;9.484241485595703
1.5502339601516724;9.427499771118164
1.5684819221496582;9.328919410705566
1.5769343376159668;9.275215148925781
1.581150770187378;9.05613899230957
1.5833240747451782;8.903875350952148
1.583613395690918;8.529340744018555
1.5910911560058594;8.489866256713867
1.606748342514038;8.271117210388184
1.5970655679702759;7.873152732849121
1.602283239364624;7.654348373413086
1.599118947982788;7.332844257354736
1.5996057987213135;7.056772708892822
1.597774863243103;6.717582702636719
1.5941267013549805;6.456207752227783
1.5929663181304932;6.224287986755371
1.5742073059082031;5.886152267456055
1.5711679458618164;5.618181228637695
1.5771147012710571;5.333982467651367
1.5532410144805908;5.08847188949585
1.5498018264770508;4.802896499633789
1.5287914276123047;4.519007682800293
1.5112955570220947;4.2721428871154785
1.5058329105377197;4.103901386260986
1.4967056512832642;3.8601934909820557
1.4857492446899414;3.6647298336029053
1.4454269409179688;3.413609027862549
1.4325040578842163;3.196580410003662
1.4099843502044678;3.0097973346710205
1.4162558317184448;2.8646576404571533
1.3904985189437866;2.672584295272827
1.367668867111206;2.51611590385437
1.335106611251831;2.364798069000244
1.3222181797027588;2.2078676223754883
1.302298665046692;2.1200180053710938
1.274703860282898;1.9801735877990723
1.2617546319961548;1.8414320945739746
1.2375948429107666;1.7240298986434937
1.2175102233886719;1.637891411781311
1.2085950374603271;1.5682719945907593
1.1842621564865112;1.4627585411071777
1.157787561416626;1.3747949600219727
1.1551494598388672;1.3130059242248535
1.124523639678955;1.2339884042739868
1.122255563735962;1.175480842590332
1.1084134578704834;1.1131610870361328
1.0917036533355713;1.0863521099090576
1.0779564380645752;1.0231776237487793
1.0646042823791504;0.9635580778121948
1.0596940517425537;0.9357590079307556
1.0324759483337402;0.8958554863929749
1.036420464515686;0.8390181660652161
1.022661805152893;0.8228046298027039
1.0227255821228027;0.779776930809021
1.0027165412902832;0.7614765763282776
1.0018904209136963;0.7402535676956177
0.9945917725563049;0.7200528383255005
0.9904280304908752;0.7043691873550415
0.9878906011581421;0.68950355052948
0.9865069389343262;0.6748402118682861
0.9842468500137329;0.6703588366508484
0.9780644178390503;0.6476016044616699
0.9745578169822693;0.6287609934806824
0.9793652296066284;0.6283332705497742
0.9756375551223755;0.6102197170257568
0.9800712466239929;0.6021446585655212
0.9716174602508545;0.5857135653495789
0.975723385810852;0.5857595801353455
0.9715273380279541;0.5756849050521851
0.9707596302032471;0.5639582872390747
0.9701302647590637;0.5623441934585571
0.9704033732414246;0.5585575103759766
0.9693625569343567;0.5471971035003662
0.9687600135803223;0.5490027666091919
0.97060227394104;0.5532093048095703
0.9705818891525269;0.5425958037376404
0.9707192182540894;0.5427684783935547
0.9702321290969849;0.5386486053466797
0.9684933423995972;0.537123441696167
0.97035813331604;0.5358027815818787
0.9704903364181519;0.5358552932739258
0.9699842929840088;0.5335673093795776
0.9697769284248352;0.5301312804222107
0.9707871079444885;0.5300359725952148
0.9692023396492004;0.529387354850769
0.9694770574569702;0.5257350206375122
0.9694654941558838;0.5251592397689819
0.9704489707946777;0.5244341492652893
0.9708379507064819;0.5281205773353577
0.9704263210296631;0.5230145454406738
0.9706162810325623;0.5222764015197754
0.9705339670181274;0.5223543643951416
0.9696583151817322;0.5186517238616943
0.9708883762359619;0.519477128982544
0.9703235626220703;0.5231161713600159
0.9709324836730957;0.5192306041717529
0.9709137082099915;0.5215721130371094
0.9720392227172852;0.5213545560836792
0.9706562757492065;0.5175732374191284
0.9695576429367065;0.5167377591133118
0.9713419675827026;0.5244133472442627
0.9695719480514526;0.517628014087677
0.971526026725769;0.5180047750473022
0.9708142876625061;0.5171337127685547
0.9706746935844421;0.5174900889396667
0.9712146520614624;0.5178168416023254
0.9730815887451172;0.5180809497833252
0.9724979400634766;0.5184134840965271
0.9700044989585876;0.5144751667976379
0.9706386923789978;0.5173084735870361
0.9706830978393555;0.5176314115524292
0.9710766077041626;0.518163800239563
0.9722347259521484;0.5186643600463867
0.9709360003471375;0.5154897570610046
0.9715811014175415;0.5181217193603516
0.9718057513237;0.517356276512146
0.9710789918899536;0.5157840847969055
0.9707919955253601;0.5176841020584106
0.9715362787246704;0.5180341601371765
0.9713612794876099;0.5206793546676636
0.9725198745727539;0.5216242074966431
0.9725242853164673;0.517913818359375
0.9701188802719116;0.518255352973938
0.9712837934494019;0.5192998647689819
0.971248209476471;0.5170585513114929
0.9701292514801025;0.5167416334152222
0.9703630805015564;0.5147438049316406
0.9711092710494995;0.516913890838623
0.9718475341796875;0.5143635272979736
0.9713746905326843;0.5190849900245667
0.9715180993080139;0.5189664363861084
0.9722065329551697;0.5165751576423645
0.9705322980880737;0.5181577801704407
0.9712009429931641;0.5163030028343201
0.972502589225769;0.520348310470581
0.9709968566894531;0.5177053809165955
0.9727295637130737;0.5187327861785889
0.9723697304725647;0.5183992981910706
0.9718120098114014;0.5192318558692932
0.9708319902420044;0.5165135264396667
0.9712485074996948;0.519987165927887
0.9715691804885864;0.5179535150527954
0.9710094332695007;0.5151417255401611
0.9714386463165283;0.5190083384513855
0.970275342464447;0.5162226557731628
0.9704545736312866;0.5169228315353394
0.9708598852157593;0.5191329717636108
0.9708236455917358;0.5130913853645325
0.9713269472122192;0.5169436931610107
0.9705505967140198;0.5173125267028809
0.9719618558883667;0.5183425545692444
0.971840500831604;0.5180191397666931
0.971002995967865;0.5159553289413452
0.970881998538971;0.5171185731887817
0.9721823930740356;0.5159592628479004
0.9728142023086548;0.5172123908996582
0.9714857339859009;0.5178142786026001
0.9711384773254395;0.517035961151123
0.9712965488433838;0.517065167427063
0.9730849266052246;0.5200982689857483
0.971682608127594;0.5187268257141113
0.9713967442512512;0.5154963135719299
0.9706838726997375;0.5160439610481262
0.971000075340271;0.5175967812538147
0.9716876745223999;0.5180863738059998
0.971914529800415;0.5179312229156494
0.9718297719955444;0.5180747509002686
0.9718290567398071;0.5185511708259583
0.971331000328064;0.5190997123718262
0.9706364870071411;0.5147664546966553
0.9714820384979248;0.5180059671401978
0.9715287685394287;0.5153597593307495
0.9721324443817139;0.5166508555412292
0.9712904691696167;0.5154716968536377
0.9713844060897827;0.5175442695617676
0.9712687730789185;0.5214700698852539
0.9711600542068481;0.5166796445846558
0.9715580344200134;0.5186375379562378
0.9715225100517273;0.5173017382621765
0.971205472946167;0.5184860825538635
0.9728248715400696;0.520054817199707
0.9717956781387329;0.5224930047988892
0.9716112613677979;0.5151982307434082
0.972027599811554;0.5161577463150024
0.9718013405799866;0.5189606547355652
0.9709839224815369;0.5156303644180298
0.971581757068634;0.5174458622932434
0.9736433029174805;0.520718514919281
0.971710205078125;0.5185016393661499
0.9722645282745361;0.5163692235946655
0.9718853235244751;0.5167920589447021
0.9718164801597595;0.5200322270393372
0.9712036848068237;0.516570508480072
0.9712022542953491;0.5175034403800964
0.9723403453826904;0.5200996994972229
0.9715229272842407;0.5185641050338745
0.9715355634689331;0.5164802074432373
0.9717113971710205;0.5175954103469849
0.9714713096618652;0.5170659422874451
0.9715448617935181;0.5188838839530945
0.9712560772895813;0.5170440077781677
0.9711947441101074;0.5176595449447632
0.9710903763771057;0.5156986117362976
0.9716699123382568;0.5168467164039612
0.9714582562446594;0.516990065574646
0.9711620211601257;0.5169025659561157
0.9709080457687378;0.5180304050445557
0.9720554947853088;0.5171205401420593
0.9712328314781189;0.5175625681877136
0.971032440662384;0.5166893601417542
0.9712225794792175;0.5205785036087036
0.9716209769248962;0.5166312456130981
0.9710333943367004;0.5148783922195435
0.9703680872917175;0.5131205320358276
0.9710322022438049;0.5152651071548462
0.9726247787475586;0.5190052390098572
0.9722069501876831;0.5200269818305969
0.972692608833313;0.5207580327987671
0.9710836410522461;0.5170431137084961
0.9713975191116333;0.51912921667099
0.9716794490814209;0.5181940793991089
0.9732222557067871;0.5199970602989197
0.9712390899658203;0.5200192928314209
0.9721220135688782;0.5171451568603516
0.9705426096916199;0.5181658864021301
0.9708577990531921;0.5169485807418823
0.9714277982711792;0.517230749130249
0.9723674058914185;0.5178996324539185
0.9718880653381348;0.5171306133270264
0.9723104238510132;0.5171939730644226
0.9717521667480469;0.5159053802490234
0.9719807505607605;0.5169126987457275
0.9709045886993408;0.5155267119407654
0.9722239375114441;0.5203788876533508
0.9714769124984741;0.5150416493415833
0.9721308946609497;0.5166006684303284
0.9708677530288696;0.5143420696258545
0.9715385437011719;0.5180205702781677
0.973366379737854;0.5170227885246277
0.9727778434753418;0.5203758478164673
0.9712961912155151;0.5156981945037842
0.9723184108734131;0.5189562439918518
0.9708378314971924;0.5180723071098328
0.9711917638778687;0.5185369253158569
0.9727427363395691;0.5183637142181396
0.9716274738311768;0.5150794386863708
0.9722728133201599;0.515990138053894
0.9721816778182983;0.517457127571106
0.9712429642677307;0.5182684659957886
0.9717084765434265;0.5166066884994507
0.9713263511657715;0.5179777145385742
0.9716318845748901;0.5165343284606934
0.9715063571929932;0.5177884697914124
0.9710063934326172;0.516666829586029
0.9715331792831421;0.5144765973091125
0.9716429710388184;0.5156680345535278
0.9725596904754639;0.5217535495758057
0.9719177484512329;0.5180779099464417
0.9724036455154419;0.5181133151054382
0.9717506170272827;0.5160197019577026
0.9731844067573547;0.5202510356903076
0.9733892679214478;0.523627519607544
0.971575140953064;0.5186213254928589
0.973383903503418;0.5190320014953613
0.971737802028656;0.5164390802383423
0.9724034667015076;0.5205023884773254
0.9725193381309509;0.5173513293266296
0.9721823930740356;0.518671452999115
0.9713172912597656;0.5181743502616882
0.9721834659576416;0.5192620754241943
0.9709780812263489;0.5168394446372986
0.9725427031517029;0.5169183015823364
0.9717364311218262;0.517764687538147
0.9712501764297485;0.5188999772071838
0.9727822542190552;0.5213209986686707
0.9723517894744873;0.5198708176612854
0.9719233512878418;0.5181920528411865
0.9716376662254333;0.519953727722168
0.971478283405304;0.5196503400802612
0.9722671508789062;0.5169949531555176
0.971754789352417;0.519109845161438
0.97240149974823;0.5200629234313965
0.9725077748298645;0.5182569026947021
0.9731466770172119;0.5195829272270203
0.972083330154419;0.5150638818740845
0.9727387428283691;0.5206015110015869
0.9725309610366821;0.5200583934783936
0.9717797040939331;0.5157331228256226
0.971306324005127;0.5185279250144958
0.9734272956848145;0.5220379829406738
0.9726317524909973;0.5183728933334351
0.9714345932006836;0.5167827606201172
0.9716236591339111;0.518035888671875
0.9720081686973572;0.5170057415962219
0.9732809662818909;0.5192404389381409
0.9717457890510559;0.5150308609008789
0.9723612666130066;0.518859326839447
0.9730663299560547;0.5184937119483948
0.9727715253829956;0.5215865969657898
0.9715884923934937;0.5149986743927002
0.9720966815948486;0.5198031067848206
0.9725421667098999;0.5187592506408691
0.9721502065658569;0.5194747447967529
0.9713699221611023;0.5206314325332642
0.97270667552948;0.5190690755844116
0.9734588265419006;0.5184731483459473
0.9714692831039429;0.5179221034049988
0.9724752902984619;0.517595648765564
0.9713798761367798;0.518429160118103
0.9732210636138916;0.5171778798103333
0.9719364047050476;0.5171088576316833
0.9736427068710327;0.5190201997756958
0.9725654125213623;0.5185447931289673
0.9725176095962524;0.5170310735702515
0.972356915473938;0.5189378261566162
0.9719851016998291;0.5170840620994568
0.9719263315200806;0.5166921019554138
0.9732213020324707;0.5191487073898315
0.9721823334693909;0.5160073637962341
0.9725173115730286;0.5178349614143372
0.9731796383857727;0.5183821320533752
0.9716941714286804;0.5187429785728455
0.9735227227210999;0.5198360681533813
0.9719626903533936;0.5180846452713013
0.9727398157119751;0.5195145606994629
0.9721361994743347;0.5144761204719543
0.9724916815757751;0.5181002020835876
0.9723131656646729;0.51805180311203
0.9728174209594727;0.5175750255584717
0.972022294998169;0.5177276730537415
0.9719801545143127;0.5189191699028015
0.9730008840560913;0.5190334320068359
0.9725677371025085;0.5207598209381104
0.9725403189659119;0.5216156244277954
0.9727150797843933;0.5202917456626892
0.9715710282325745;0.5151338577270508
0.9732919931411743;0.5200475454330444
0.9725872278213501;0.5200634598731995
0.9726290106773376;0.521372377872467
0.9720457196235657;0.5197582840919495
0.972229540348053;0.5179958939552307
0.9724575281143188;0.5197010636329651
0.9727725982666016;0.5187641978263855
0.9726158380508423;0.5209023356437683
0.9740806221961975;0.52016282081604
0.9722073078155518;0.520056962966919
0.9733167886734009;0.5180466771125793
0.9726830124855042;0.5175065994262695
0.9718636274337769;0.5185939073562622
0.9725676774978638;0.5196157693862915
0.9743406772613525;0.5222451090812683
0.9722771644592285;0.5178310871124268
0.9731783866882324;0.5206453204154968
0.9717186689376831;0.5192804932594299
0.9721757173538208;0.5181329250335693
0.972565770149231;0.5163203477859497
0.9727818369865417;0.5212318301200867
0.9716979265213013;0.5185657739639282
0.9727929830551147;0.5153580904006958
0.973057210445404;0.5164306163787842
0.9720504879951477;0.5192369818687439
0.971824049949646;0.517718493938446
0.972315788269043;0.5211139917373657
0.9733062386512756;0.5201386213302612
0.9723021984100342;0.5207942724227905
0.9729305505752563;0.5209559798240662
0.97342449426651;0.5192197561264038
0.9728519916534424;0.5210871696472168
0.97271728515625;0.5181210041046143
0.9737868309020996;0.5198647975921631
0.9723376035690308;0.5200241208076477
0.9721077680587769;0.5179270505905151
0.971759557723999;0.518650472164154
0.9720269441604614;0.5184298157691956
0.9724703431129456;0.519954264163971
0.9726077914237976;0.5180280804634094
0.9733790159225464;0.517511248588562
0.9731116890907288;0.5205729007720947
0.9725102186203003;0.5196171998977661
0.9722481369972229;0.5191476345062256
0.9724231362342834;0.5191002488136292
0.9731871485710144;0.5164434909820557
0.9729320406913757;0.5197643041610718
0.9724816679954529;0.5182961225509644
0.9722853899002075;0.5205467939376831
0.972646951675415;0.518075704574585
0.9723396301269531;0.518471360206604
0.9724832773208618;0.5208224058151245
0.9721819162368774;0.5222690105438232
0.9722239375114441;0.5166242122650146
0.9739229679107666;0.5188082456588745
0.9721651077270508;0.5165866613388062
0.972464919090271;0.5174407958984375
0.9723871350288391;0.5200137495994568
0.9720573425292969;0.5161254405975342
0.9727795720100403;0.5183285474777222
0.9724768400192261;0.517885684967041
0.9728330373764038;0.5181324481964111
0.9721332788467407;0.5179229974746704
0.971828043460846;0.51774662733078
0.9722973108291626;0.5173255801200867
0.9733476042747498;0.5172672867774963
0.9724288582801819;0.5176066160202026
0.9726822972297668;0.5201964378356934
0.9731079936027527;0.5174046754837036
0.9733421802520752;0.5171552896499634
0.973274827003479;0.5198692679405212
0.9731365442276001;0.5215548872947693
0.9726366996765137;0.5215808153152466
0.974063515663147;0.5181037783622742
0.9728224277496338;0.5203953981399536
0.9727628231048584;0.5215387344360352
0.972888171672821;0.5186074376106262
0.9723385572433472;0.5189948081970215
0.9725227355957031;0.5202063322067261
0.9726424217224121;0.5191251039505005
0.9724352359771729;0.5211890935897827
0.9719871282577515;0.5190655589103699
0.9731259346008301;0.5202134251594543
0.9723093509674072;0.5187144875526428
0.9730483293533325;0.518473207950592
0.9728867411613464;0.5186717510223389
0.9725217819213867;0.5192915201187134
0.9723336696624756;0.5196012258529663
0.9722157716751099;0.517876148223877
0.9719150066375732;0.5169799327850342
0.9731628894805908;0.5170056223869324
0.9721382856369019;0.5166371464729309
0.9725003838539124;0.5159590840339661
0.9725723266601562;0.5192112922668457
0.971832811832428;0.517516553401947
0.9722171425819397;0.5164909958839417
0.9722729921340942;0.5185057520866394
0.972914457321167;0.5193549394607544
0.9729213714599609;0.5215492248535156
0.9720785617828369;0.5181662440299988
0.9723687171936035;0.5202502012252808
0.9728599190711975;0.520404040813446
0.9716688394546509;0.5166691541671753
0.9722083806991577;0.5193123817443848
0.9726729393005371;0.5166090726852417
0.9726062417030334;0.5180486440658569
0.9723424911499023;0.5177124738693237
0.9728965759277344;0.5177433490753174
0.9725402593612671;0.5185234546661377
0.9720116257667542;0.5172616243362427
0.9729400873184204;0.5173048377037048
0.9722838997840881;0.5187816619873047
0.9724053740501404;0.5160807967185974
0.971725583076477;0.5197151899337769
0.9725775718688965;0.5169657468795776
0.9730830192565918;0.519212543964386
0.9730785489082336;0.5197464227676392
0.9739304780960083;0.5215920209884644
0.9722563028335571;0.5135753750801086
0.9726591110229492;0.5161886811256409
0.972902238368988;0.5193800330162048
0.9726835489273071;0.5178472995758057
0.9723252654075623;0.5174291133880615
0.972435474395752;0.5221508145332336
0.9724932909011841;0.5181454420089722
0.9729142189025879;0.5192928314208984
0.9720343351364136;0.5183451175689697
0.9729330539703369;0.5197048783302307
0.9727203249931335;0.5209593772888184
0.9749928712844849;0.5205508470535278
0.9725866317749023;0.51743483543396
0.9730715751647949;0.5188679695129395
0.9732581973075867;0.5167903900146484
0.9726978540420532;0.5184066295623779
0.9729434251785278;0.521538257598877
0.9716885089874268;0.5179479718208313
0.9721651673316956;0.5172008872032166
0.9732116460800171;0.5197111368179321
0.9735133647918701;0.5203836560249329
0.9727530479431152;0.5173664689064026
0.9726826548576355;0.5179938673973083
0.9726358652114868;0.5155280828475952
0.9720643758773804;0.5153589248657227
0.9714701175689697;0.5163798332214355
0.9733794331550598;0.517398476600647
0.9723866581916809;0.5222267508506775
0.974444568157196;0.5186983346939087
0.9727534055709839;0.5178031921386719
0.9722216129302979;0.5186629891395569
0.9725884795188904;0.520027756690979
0.9731262922286987;0.5187281370162964
0.9728370308876038;0.517149031162262
0.9724619388580322;0.5192457437515259
0.9725990295410156;0.5200501084327698
0.9724899530410767;0.5177471041679382
0.9723775386810303;0.5171673893928528
0.9731366634368896;0.5189815163612366
0.9727121591567993;0.5194982886314392
0.9745690822601318;0.5231347680091858
0.9722196459770203;0.5183583498001099
0.9720178842544556;0.5166741609573364
0.9724546670913696;0.5193671584129333
0.9723154306411743;0.5232231616973877
0.9729695916175842;0.5202455520629883
0.9730754494667053;0.5210787057876587
0.972470760345459;0.5194212198257446
0.9730715751647949;0.5205644369125366
0.9724289774894714;0.5178378224372864
0.9725592136383057;0.5189319252967834
0.9726002216339111;0.519270658493042
0.9725788235664368;0.519141435623169
0.9724993109703064;0.5190367102622986
0.9713877439498901;0.5174556970596313
0.9732551574707031;0.5209811925888062
0.9721595048904419;0.5161418318748474
0.9717960357666016;0.5183119773864746
0.9732463359832764;0.5192532539367676
0.9718602895736694;0.5180811285972595
0.9739770889282227;0.5192162990570068
0.972786009311676;0.5208137631416321
0.9736478328704834;0.519034743309021
0.9743030667304993;0.5244600772857666
0.9732187986373901;0.5204217433929443
0.9726477861404419;0.5199137330055237
0.9721558094024658;0.517327070236206
0.9722299575805664;0.5182585120201111
0.9715903997421265;0.5157339572906494
0.9727587699890137;0.5230519771575928
0.9724339246749878;0.5201716423034668
0.9741108417510986;0.5206173658370972
0.9728953838348389;0.5179319381713867
0.9727479219436646;0.5181189775466919
0.9724481701850891;0.5210956931114197
0.9729164838790894;0.5172200202941895
0.9719647765159607;0.516537070274353
0.972775936126709;0.5193451046943665
0.9720454216003418;0.5172230005264282
0.9732556343078613;0.5180871486663818
0.9725266695022583;0.5192295908927917
0.9721775650978088;0.5178897976875305
0.9723544716835022;0.5189176797866821
0.9725412130355835;0.5185942053794861
0.9738706350326538;0.5191489458084106
0.9723464250564575;0.5203307271003723
0.9734519124031067;0.520357608795166
0.9744341373443604;0.5201265215873718
0.9740617871284485;0.5195256471633911
0.9740220308303833;0.5178117752075195
0.973268985748291;0.5180059671401978
0.9745321273803711;0.5216172933578491
0.9731577634811401;0.5171478390693665
0.9744695425033569;0.5201050639152527
0.973233699798584;0.518716037273407
0.97295081615448;0.5184619426727295
0.9719740152359009;0.5164600610733032
0.9720746278762817;0.5174697041511536
0.9728569984436035;0.5176556706428528
0.973869800567627;0.5191807746887207
0.9724472165107727;0.5197466611862183
0.9748493432998657;0.5184043645858765
0.9739911556243896;0.5219285488128662
0.9750000238418579;0.5195260643959045
0.9723029732704163;0.5185444355010986
0.973362386226654;0.5195876359939575
0.9737427234649658;0.5209997892379761
0.9733486175537109;0.517362117767334
0.9736915826797485;0.5186180472373962
0.9730064868927002;0.5184420347213745
0.9725655317306519;0.5177684426307678
0.9737012386322021;0.5192772746086121
0.9727120399475098;0.5192065238952637
0.9730947017669678;0.5175991058349609
0.9727383255958557;0.5156055688858032
0.9717859029769897;0.5207046866416931
0.9742448329925537;0.5215475559234619
0.9720674753189087;0.5196665525436401
0.9734786152839661;0.5190926194190979
0.9721048474311829;0.5170716047286987
0.9723824262619019;0.5193660855293274
0.9727638959884644;0.5189732313156128
0.9722608923912048;0.5171409249305725
0.97261643409729;0.5174193382263184
0.972588300704956;0.5204818248748779
0.9729695320129395;0.5205961465835571
0.973397433757782;0.519621729850769
0.9729459881782532;0.5196454524993896
0.973105788230896;0.5188479423522949
0.9718786478042603;0.5165473818778992
0.9722115993499756;0.5167733430862427
0.9721139669418335;0.523041844367981
0.973360538482666;0.517281174659729
0.9722588062286377;0.5168309211730957
0.9725184440612793;0.5168476104736328
0.9723965525627136;0.5187437534332275
0.9723014831542969;0.5209108591079712
0.9728201627731323;0.5178596377372742
0.9739905595779419;0.5190703868865967
0.9722487926483154;0.5183694958686829
0.9724909663200378;0.5176791548728943
0.9732961654663086;0.5202365517616272
0.972011148929596;0.5154976844787598
0.9727123975753784;0.5182318687438965
0.9720760583877563;0.5176982283592224
0.9727945327758789;0.5188038349151611
0.9738567471504211;0.5203720927238464
0.9720048904418945;0.5181389451026917
0.9726791381835938;0.5222616791725159
0.9726240634918213;0.5177710652351379
0.9726892709732056;0.5173625946044922
0.973110556602478;0.5207096338272095
0.9726083278656006;0.515674352645874
0.972973644733429;0.5216580033302307
0.9721451997756958;0.5210485458374023
0.9736300110816956;0.5198830366134644
0.9733917713165283;0.5198943614959717
0.9732756614685059;0.5205089449882507
0.9730054140090942;0.5189983248710632
0.97492516040802;0.5220533609390259
0.9727036952972412;0.518470048904419
0.973243236541748;0.5186673998832703
0.9731324911117554;0.5211257934570312
0.9727317094802856;0.5165368318557739
0.9730110168457031;0.5194394588470459
0.9730298519134521;0.5186570882797241
0.9737772345542908;0.5164165496826172
0.9739276170730591;0.5239281058311462
0.9733807444572449;0.5169959664344788
0.972944438457489;0.5184013843536377
0.9722108244895935;0.5185418128967285
0.9719516038894653;0.5177292823791504
0.9723030924797058;0.5149484276771545
0.9740767478942871;0.5223168134689331
0.9733342528343201;0.5200745463371277
0.9727895259857178;0.5181065797805786
0.9737293720245361;0.5199861526489258
0.9729604721069336;0.5192839503288269
0.9729082584381104;0.5189480185508728
0.9732832312583923;0.5192726850509644
0.9739377498626709;0.5183301568031311
0.972575306892395;0.5176524519920349
0.9733787775039673;0.520156741142273
0.9740087389945984;0.5174543857574463
0.9722844362258911;0.5170158743858337
0.9733641147613525;0.5210651159286499
0.973558783531189;0.5182774662971497
0.9725342392921448;0.5177590250968933
0.9724529981613159;0.5177861452102661
0.972286581993103;0.5212551951408386
0.9731276035308838;0.51861572265625
0.9736812114715576;0.5198848843574524
0.9728747010231018;0.5198619365692139
0.9732375144958496;0.5181238651275635
0.9733849763870239;0.5179608464241028
0.972910463809967;0.5215867757797241
0.9720699787139893;0.5179920196533203
0.9723716974258423;0.5152806043624878
0.9730716943740845;0.5192573666572571
0.973702073097229;0.5186225175857544
0.9742188453674316;0.5182324647903442
0.973014235496521;0.5213556885719299
0.9721230268478394;0.5188398957252502
0.9739571809768677;0.5202003717422485
0.9726420640945435;0.5165892243385315
0.9724236726760864;0.5190390944480896
0.9728461503982544;0.5191316604614258
0.97318035364151;0.5171781778335571
0.9743663668632507;0.5184894800186157
0.9722841382026672;0.5203723311424255
0.972693681716919;0.5205399394035339
0.973849892616272;0.5204561948776245
0.9735126495361328;0.5194032788276672
0.972154974937439;0.5175453424453735
0.972795844078064;0.5169020891189575
0.972791850566864;0.5165960788726807
0.972111701965332;0.5160512328147888
0.9739402532577515;0.5201611518859863
0.9728255271911621;0.5186319947242737
0.972977876663208;0.5236834287643433
0.9722760915756226;0.5184623003005981
0.9722520709037781;0.5181055068969727
0.972463071346283;0.5198582410812378
0.9722486734390259;0.5168519020080566
0.9724985361099243;0.5171518325805664
0.9734058380126953;0.5214207172393799
0.9729832410812378;0.5189465284347534
0.9733985066413879;0.5206931829452515
0.9726040363311768;0.5197648406028748
0.9742391109466553;0.5210365653038025
0.9730854034423828;0.518473744392395
0.972368061542511;0.5188339948654175
0.9732972383499146;0.5197916030883789
0.974179744720459;0.5220233798027039
0.9739214181900024;0.5177786350250244
0.9735878705978394;0.5177382230758667
0.9732608795166016;0.5183224678039551
0.9723071455955505;0.5186982750892639
0.9730890989303589;0.5208103060722351
0.9727898240089417;0.519768476486206
0.9737867712974548;0.5205238461494446
0.973779559135437;0.5210176706314087
0.9723069071769714;0.5163688659667969
0.972740650177002;0.5169118046760559
0.9740405678749084;0.517522394657135
0.9738419055938721;0.5171560049057007
0.9732096195220947;0.5197753310203552
0.9731063842773438;0.5187808871269226
0.9739327430725098;0.5206639170646667
0.973055899143219;0.5205588340759277
0.9727562069892883;0.5195760726928711
0.9726449251174927;0.5197482705116272
0.9724918603897095;0.5204227566719055
0.9735462665557861;0.5198972225189209
0.9734117984771729;0.5215134024620056
0.9731581211090088;0.5180739164352417
0.973330557346344;0.5225214958190918
0.9723471403121948;0.5154507756233215
0.9724795818328857;0.5164191126823425
0.9732295870780945;0.5197150707244873
0.9732009768486023;0.5186737775802612
0.9735307097434998;0.5186128616333008
0.9732075929641724;0.5198822617530823
0.9738189578056335;0.5182961225509644
0.9729371070861816;0.518628716468811
0.9743439555168152;0.5225789546966553
0.9730051755905151;0.5209378004074097
0.9728977084159851;0.519095242023468
0.9738200306892395;0.5210052728652954
0.9738230109214783;0.5200837850570679
0.9724904298782349;0.5168037414550781
0.973185658454895;0.5190658569335938
0.9731947779655457;0.518692672252655
0.9737704396247864;0.5199407935142517
0.9728451371192932;0.5192898511886597
0.9724822640419006;0.5185322165489197
0.972610354423523;0.5164092779159546
0.9732847213745117;0.5180337429046631
0.9739943742752075;0.5195989012718201
0.9720631837844849;0.5186503529548645
0.97411048412323;0.5208311080932617
0.9728661775588989;0.5170182585716248
0.9730323553085327;0.5194757580757141
0.9737125635147095;0.5176335573196411
0.9741253852844238;0.5194882154464722
0.9726499915122986;0.5165572762489319
0.973479151725769;0.5194273591041565
0.9728760123252869;0.5163270235061646
0.9724301099777222;0.5195067524909973
0.9727419018745422;0.5189111232757568
0.9739861488342285;0.5200405716896057
0.9723705053329468;0.5181475281715393
0.9730832576751709;0.5190647840499878
0.9740678071975708;0.5209592580795288
0.9730374813079834;0.5197205543518066
0.9737207889556885;0.5200303196907043
0.9726834297180176;0.5200713872909546
0.9732686281204224;0.5209368467330933
0.9724600315093994;0.5195510387420654
0.9732680320739746;0.519178032875061
0.9734225273132324;0.5191588997840881
0.9722687005996704;0.5165306329727173
0.9730329513549805;0.5186142921447754
0.9722061157226562;0.5185425281524658
0.9728665351867676;0.520901083946228
0.9722245931625366;0.5173407793045044
0.9719934463500977;0.5188689827919006
0.9732896089553833;0.5173251628875732
0.9729974865913391;0.518130362033844
0.9729028940200806;0.518598198890686
0.9723947048187256;0.517842710018158
0.9726563692092896;0.5184593200683594
0.973010778427124;0.5186002254486084
0.9748569130897522;0.5227078795433044
0.973143458366394;0.5190224051475525
0.973652184009552;0.5208406448364258
0.9730932712554932;0.5186948180198669
0.9733659029006958;0.5224510431289673
0.9734206199645996;0.5213192105293274
0.9721376895904541;0.5156078338623047
0.9729107618331909;0.5190902352333069
0.9721584916114807;0.5168648362159729
0.9729318618774414;0.519038200378418
0.973044753074646;0.5191976428031921
0.9730677604675293;0.5194299817085266
0.9739183783531189;0.5223128199577332
0.9733675122261047;0.520964503288269
0.9728440046310425;0.5206105709075928
0.9735982418060303;0.5171639323234558
0.9731079339981079;0.5185011625289917
0.9746938943862915;0.5183038711547852
0.9724075794219971;0.5191752314567566
0.9727861881256104;0.5182852149009705
0.9726852178573608;0.5185312032699585
0.9718764424324036;0.5150042176246643
0.9728061556816101;0.5209730267524719
0.9731667041778564;0.5181301832199097
0.9724552631378174;0.5193132758140564
0.9731857776641846;0.5185405015945435
0.9742123484611511;0.5202128291130066
0.9722115993499756;0.5183272957801819
0.9729777574539185;0.5166085958480835
0.973468005657196;0.5220748782157898
0.9729944467544556;0.5192503333091736
0.9729230403900146;0.5200124382972717
0.973845362663269;0.518703281879425
0.9741277694702148;0.5201281905174255
0.9730229377746582;0.5184652805328369
0.9727052450180054;0.5203753709793091
0.9741248488426208;0.519745945930481
0.9729362726211548;0.5198454260826111
0.9728958606719971;0.519839346408844
0.97288978099823;0.5167181491851807
0.9729759693145752;0.5207754373550415
0.9726243019104004;0.5185437202453613
0.9727078080177307;0.5174930095672607
0.9726443886756897;0.5161445140838623
0.9736638069152832;0.5221275091171265
0.9742904901504517;0.5209591388702393
0.9733282327651978;0.5166450142860413
0.972923219203949;0.5221809148788452
0.97454833984375;0.519594132900238
0.9726742506027222;0.5204694867134094
0.9736982583999634;0.5209642052650452
0.9724733829498291;0.5183178782463074
0.9735654592514038;0.5217093229293823
0.9739598035812378;0.517673909664154
0.9732488393783569;0.5187480449676514
0.97340989112854;0.5240639448165894
0.9734875559806824;0.5179732441902161
0.9726595878601074;0.5202129483222961
0.9738132953643799;0.5203341245651245
0.973189651966095;0.5193202495574951
0.9734153151512146;0.5193217992782593
0.9749836921691895;0.5238575339317322
0.9730286598205566;0.51780766248703
0.973466157913208;0.516930103302002
0.9736078381538391;0.5211499929428101
0.9734593033790588;0.5176137685775757
0.9733765125274658;0.5169560313224792
0.9725770950317383;0.5190510749816895
0.9727085828781128;0.5178415179252625
0.9725703001022339;0.5170450210571289
0.9727333784103394;0.5197058916091919
0.9727819561958313;0.5187628269195557
0.9727360606193542;0.5193723440170288
0.9731563329696655;0.5186301469802856
0.9728879928588867;0.5164653658866882
0.9732024669647217;0.5182615518569946
0.9734584093093872;0.5195677280426025
0.9734628200531006;0.5196324586868286
0.9741054773330688;0.5201711654663086
0.9722270369529724;0.5181766152381897
0.9731316566467285;0.5197728872299194
0.9726899266242981;0.5157521963119507
0.9737778902053833;0.5176405906677246
0.9735363721847534;0.5207337141036987
0.9726553559303284;0.5200294256210327
0.9729437232017517;0.5228847861289978
0.9731864333152771;0.5195131301879883
0.9746941924095154;0.5197795629501343
0.9726458787918091;0.5205202102661133
0.9732316732406616;0.5177128314971924
0.9733889698982239;0.5199438333511353
0.9727085828781128;0.5180566310882568
0.9720599055290222;0.5168558359146118
0.9728586673736572;0.5196776986122131
0.9726085662841797;0.5163574814796448
0.9743677377700806;0.5189517140388489
0.9730507135391235;0.5178084373474121
0.9737107157707214;0.5201060175895691
0.974031388759613;0.5222407579421997
0.9731069803237915;0.5179731845855713
0.9729621410369873;0.5147254467010498
0.9731453657150269;0.519305944442749
0.97341388463974;0.5196871161460876
0.9740599989891052;0.5183330774307251
0.9733480215072632;0.5203090906143188
0.9728938937187195;0.5216843485832214
0.973791241645813;0.5215919613838196
0.9732169508934021;0.5225090384483337
0.9723973870277405;0.5196254849433899
0.9736502170562744;0.5189851522445679
0.9734496474266052;0.5203552842140198
0.9741393327713013;0.5221967101097107
0.9724665880203247;0.5188032388687134
0.9733669757843018;0.5201058983802795
0.972689151763916;0.5170342922210693
0.9739978909492493;0.520910382270813
0.9728156924247742;0.5202121734619141
0.9724038243293762;0.5166127681732178
0.974097728729248;0.5206630229949951
0.9736385941505432;0.5192704796791077
0.9730283617973328;0.5202986001968384
0.973163366317749;0.5183645486831665
0.9731248021125793;0.5222395062446594
0.9730556011199951;0.5188350677490234
0.9723220467567444;0.5175341963768005
0.9728196263313293;0.5196666717529297
0.9737188816070557;0.5191829204559326
0.9736196994781494;0.5187294483184814
0.9728423357009888;0.5187624096870422
0.973302960395813;0.5215187072753906
0.9731932878494263;0.5196328163146973
0.9732455015182495;0.5168498754501343
0.9739186763763428;0.5218928456306458
0.9730856418609619;0.5187433362007141
0.9725273847579956;0.5177998542785645
0.9727405309677124;0.5210812091827393
0.9744671583175659;0.5193917751312256
0.9731463193893433;0.5205581188201904
0.97296541929245;0.5182510614395142
0.9729774594306946;0.5193461775779724
0.9732043743133545;0.5172003507614136
0.9731332063674927;0.5188477039337158
0.9742316007614136;0.5197882056236267
0.9728142023086548;0.521216869354248
0.9727069139480591;0.5166304111480713
0.9731278419494629;0.5196628570556641
0.9733569025993347;0.5208522081375122
0.97452712059021;0.5217767953872681
0.9736296534538269;0.5190984010696411
0.9728281497955322;0.5185927152633667
0.9740622043609619;0.518635094165802
0.9748557209968567;0.5234085321426392
0.9734611511230469;0.5201050639152527
0.9730544686317444;0.5157721042633057
0.9730176329612732;0.5201033353805542
0.9737163782119751;0.5190790891647339
0.9735369682312012;0.5203520059585571
0.9728531241416931;0.5187016725540161
0.9730052947998047;0.5187239646911621
0.9720494151115417;0.5182445049285889
0.9741686582565308;0.5180392861366272
0.9734042882919312;0.520700216293335
0.9729679822921753;0.5208529829978943
0.9739245176315308;0.5208873152732849
0.9728943705558777;0.5185566544532776
0.9729559421539307;0.5203540921211243
0.9724067449569702;0.5167888402938843
0.9731813669204712;0.5192581415176392
0.972960352897644;0.5185512900352478
0.9730608463287354;0.5203146934509277
0.9736239910125732;0.5207012891769409
0.9730516672134399;0.5171039700508118
0.9737423658370972;0.5185191631317139
0.9734991192817688;0.5204668045043945
0.9740996956825256;0.5215849280357361
0.9727575778961182;0.5211883187294006
0.9734446406364441;0.5212711095809937
0.9724918007850647;0.5182691812515259
0.9745917320251465;0.522282063961029
0.9732978343963623;0.5189298391342163
0.9746136665344238;0.5217790603637695
0.9726836681365967;0.5191599130630493
0.9726658463478088;0.5174135565757751
0.9735773801803589;0.5178039073944092
0.9741727113723755;0.5204007029533386
0.9734306335449219;0.5186398029327393
0.9723575115203857;0.5208679437637329
0.9736267924308777;0.5235569477081299
0.9728068113327026;0.5193303823471069
0.9723937511444092;0.5169575214385986
0.973028302192688;0.5209681987762451
0.9734058380126953;0.5186012387275696
0.9727425575256348;0.521780788898468
0.9731646776199341;0.5221060514450073
0.973984956741333;0.5193849205970764
0.973202645778656;0.5187743306159973
0.9728438258171082;0.5160596370697021
0.9742963314056396;0.5230056047439575
0.9725730419158936;0.5171298980712891
0.9734160900115967;0.519923746585846
0.97186279296875;0.5196605920791626
0.9724863767623901;0.5228498578071594
0.9727822542190552;0.5184648633003235
0.9728489518165588;0.5227712988853455
0.9740878939628601;0.5202212333679199
0.9732834696769714;0.5184895992279053
0.9727723598480225;0.5207182168960571
0.9730790853500366;0.5192148685455322
0.973247766494751;0.5200722217559814
0.972984790802002;0.5162709951400757
0.9737353920936584;0.5220023393630981
0.9743494987487793;0.5193161964416504
0.9725778698921204;0.5159881114959717
0.97332763671875;0.5195218324661255
0.9744352102279663;0.5181453824043274
0.9731693863868713;0.5182383060455322
0.9731040000915527;0.5176879167556763
0.9720704555511475;0.5186545252799988
0.9732841849327087;0.5182040929794312
0.9725883603096008;0.5164617300033569
0.9731295108795166;0.5192788243293762
0.9736579656600952;0.5211554765701294
0.9733760356903076;0.5190126299858093
0.9732049703598022;0.5189064741134644
0.9729719758033752;0.518170952796936
0.9732437133789062;0.5222299098968506
0.9742588996887207;0.5203153491020203
0.9735438227653503;0.5208145976066589
0.9730811715126038;0.5182434916496277
0.9738474488258362;0.5178960561752319
0.9736434817314148;0.5200728178024292
0.973093569278717;0.519914984703064
0.9741877913475037;0.5181195735931396
0.9740427136421204;0.5210375785827637
0.9729145765304565;0.5197616815567017
0.9738446474075317;0.5231242179870605
0.9741759300231934;0.519055962562561
0.9747079610824585;0.5210810303688049
0.9727323055267334;0.5176151990890503
0.9729777574539185;0.5171704292297363
0.9730788469314575;0.516149640083313
0.9738683104515076;0.5182279348373413
0.9730268120765686;0.5205743312835693
0.9734294414520264;0.5177910327911377
0.9737141132354736;0.5199019312858582
0.9736738204956055;0.5185929536819458
0.9747514724731445;0.5182081460952759
0.9728305339813232;0.5170776844024658
0.9735896587371826;0.5211820602416992
0.9728325009346008;0.5184675455093384
0.9724843502044678;0.5194666385650635
0.9733645915985107;0.5202974081039429
0.9729602932929993;0.5193613767623901
0.973477303981781;0.5189960598945618
0.972795307636261;0.5185436010360718
0.9735912084579468;0.5196248292922974
0.9739183187484741;0.5182693004608154
0.9733754396438599;0.5199236869812012
0.9733841419219971;0.5210044980049133
0.9737762212753296;0.5195039510726929
0.9728963971138;0.5206257104873657
0.9735170602798462;0.5185834169387817
0.974494457244873;0.5200302600860596
0.9733570218086243;0.5193600654602051
0.9738052487373352;0.5226746797561646
0.9726772904396057;0.5176198482513428
0.972980260848999;0.5225348472595215
0.9733745455741882;0.5185422301292419
0.9740462899208069;0.5185823440551758
0.9747257828712463;0.520585298538208
0.9732710123062134;0.5212520360946655
0.973265528678894;0.5193675756454468
0.9730687141418457;0.5184252262115479
0.9742370843887329;0.5203428268432617
0.9734843969345093;0.5192301869392395
0.9723074436187744;0.5170131921768188
0.9730803966522217;0.5200011730194092
0.9727264642715454;0.5186250805854797
0.9721933603286743;0.517975926399231
0.9728934168815613;0.5198020339012146
0.9749979376792908;0.5209817290306091
0.9731853008270264;0.5185790061950684
0.9728608727455139;0.5182113647460938
0.9740123748779297;0.5192533135414124
0.9730253219604492;0.5180785655975342
0.9728049039840698;0.5189005136489868
0.9732733964920044;0.5207171440124512
0.9728506803512573;0.5190727710723877
0.9729647636413574;0.520356297492981
0.9720697402954102;0.5179269313812256
0.973924994468689;0.5207093358039856
0.9736944437026978;0.5209561586380005
0.9735599756240845;0.5202072262763977
0.9733670949935913;0.5200275182723999
0.9727622270584106;0.521681010723114
0.9731494784355164;0.519824743270874
0.9733219742774963;0.5211915969848633
0.9736549854278564;0.5183966755867004
0.9738756418228149;0.5207805633544922
0.9727112650871277;0.5186882019042969
0.9731030464172363;0.5186793804168701
0.9723836183547974;0.5168557167053223
0.9734537601470947;0.5188801884651184
0.973797082901001;0.5205370187759399
0.9727745056152344;0.5173521041870117
0.9728712439537048;0.5188121199607849
0.9719868898391724;0.5182814598083496
0.972576379776001;0.5180104374885559
0.9725384712219238;0.5202507376670837
0.9736882448196411;0.5173954367637634
0.9730631113052368;0.5234547853469849
0.9736542701721191;0.5210879445075989
0.9735844135284424;0.5181087851524353
0.9737392663955688;0.521837592124939
0.9724204540252686;0.5169904232025146
0.9740809202194214;0.5212576389312744
0.9736727476119995;0.5194956064224243
0.9735874533653259;0.5174407958984375
0.974112868309021;0.5188382267951965
0.9738303422927856;0.517978310585022
0.9735031127929688;0.5180191993713379
0.9737049341201782;0.5194889307022095
0.9722269773483276;0.5179049968719482
0.9720947742462158;0.518035888671875
0.97318434715271;0.5205778479576111
0.9731847047805786;0.5164713859558105
0.9733989834785461;0.5211576819419861
0.9737999439239502;0.5187708139419556
0.9721012711524963;0.5174643993377686
0.9730750322341919;0.5199272036552429
0.9733795523643494;0.5186803936958313
0.9733694791793823;0.5179924964904785
0.9733943939208984;0.5219923257827759
0.9742345213890076;0.5220927000045776
0.9749619960784912;0.5197134613990784
0.9741240739822388;0.5214472413063049
0.9723702669143677;0.5179556012153625
0.9727609157562256;0.5178208351135254
0.9737991094589233;0.5189863443374634
0.972588062286377;0.5179956555366516
0.9738322496414185;0.5189003348350525
0.9731922149658203;0.5191414952278137
0.9745635986328125;0.5230473279953003
0.9732588529586792;0.5197635889053345
0.9731248021125793;0.5189224481582642
0.9727779626846313;0.5188002586364746
0.973797082901001;0.5196739435195923
0.972907304763794;0.517953097820282
0.9723173379898071;0.5159441828727722
0.9730864763259888;0.5169900059700012
0.9742472171783447;0.5196561813354492
0.9731233716011047;0.518506646156311
0.9736188054084778;0.5200329422950745
0.9737832546234131;0.5191665291786194
0.9736369252204895;0.5197339057922363
0.9725302457809448;0.5181528329849243
0.9735247492790222;0.5229090452194214
0.9738961458206177;0.5197798013687134
0.9727710485458374;0.5185428261756897
0.972885012626648;0.5170923471450806
0.9734421372413635;0.5195415616035461
0.9728121757507324;0.5176650285720825
0.9731771349906921;0.519368588924408
0.9729272723197937;0.5216848850250244
0.9728071689605713;0.5177587866783142
0.9736583232879639;0.5187404155731201
0.9722155928611755;0.517106294631958
0.9736782312393188;0.5157816410064697
0.973603367805481;0.5207807421684265
0.9738664031028748;0.5226764678955078
0.9731284379959106;0.5184682607650757
0.9726932048797607;0.5214632749557495
0.973134458065033;0.5187921524047852
0.9751269817352295;0.5201270580291748
0.9727929830551147;0.5216414928436279
0.9727585315704346;0.517488956451416
0.9733932018280029;0.5206097364425659
0.9724413156509399;0.519745409488678
0.973275899887085;0.5180729627609253
0.9726501107215881;0.5202155709266663
0.9724782705307007;0.520302414894104
0.9731618165969849;0.5148593187332153
0.9735414385795593;0.5186295509338379
0.9732844829559326;0.5198017954826355
0.9731757640838623;0.5198830366134644
0.9719862937927246;0.5190466642379761
0.9741197824478149;0.5215370655059814
0.9727815389633179;0.5190093517303467
0.9734260439872742;0.5204218029975891
0.9721230268478394;0.5157577395439148
0.9728707075119019;0.5180383920669556
0.9735208749771118;0.5178779363632202
0.9730730056762695;0.5180971622467041
0.9725908041000366;0.5174331665039062
0.9739052057266235;0.5210654735565186
0.9729127883911133;0.5188522934913635
0.9730876088142395;0.5174629092216492
0.9725641012191772;0.5149462223052979
0.9723159074783325;0.5171021223068237
0.9743012189865112;0.519790530204773
0.9735671281814575;0.5198427438735962
0.9731125235557556;0.5204471349716187
0.9731736183166504;0.519359827041626
0.9731320738792419;0.5197752714157104
0.9733818173408508;0.5183511972427368
0.9736006259918213;0.5206212401390076
0.9727342128753662;0.515213131904602
0.9732877612113953;0.519056499004364
0.9723667502403259;0.516956090927124
0.9738906025886536;0.5182750225067139
0.9730422496795654;0.5195432305335999
0.9732372760772705;0.5184532999992371
0.9745677709579468;0.5231016874313354
0.9732222557067871;0.5178760290145874
0.9733420610427856;0.5180536508560181
0.973743200302124;0.5201877355575562
0.974635660648346;0.5206561088562012
0.9726957678794861;0.5171970129013062
0.9742351770401001;0.5181045532226562
0.9734799861907959;0.521453857421875
0.9741822481155396;0.5186882019042969
0.9732847213745117;0.5184750556945801
0.9738675355911255;0.5205816030502319
0.9732699990272522;0.5221607685089111
0.9742599725723267;0.5193054676055908
0.9735592603683472;0.5191989541053772
0.9738595485687256;0.5211915373802185
0.9741385579109192;0.52323317527771
0.974172055721283;0.5201160311698914
0.9730424284934998;0.5198070406913757
0.9730844497680664;0.519551694393158
0.9733945727348328;0.5191950798034668
0.9736028909683228;0.5212157368659973
0.9732282161712646;0.51817786693573
0.9722269773483276;0.5198405385017395
0.9735901355743408;0.5201451182365417
0.9726731777191162;0.5191624164581299
0.9727106094360352;0.5194883346557617
0.973107099533081;0.5182574391365051
0.9736824035644531;0.5183066129684448
0.9723800420761108;0.5171291828155518
0.9738837480545044;0.5204622745513916
0.9731544852256775;0.517271876335144
0.9739158153533936;0.5191973447799683
0.9732862710952759;0.5200741291046143
0.9723742008209229;0.5197346210479736
0.972979724407196;0.5191435813903809
0.9734511375427246;0.5183917284011841
0.9737358093261719;0.5208175778388977
0.9731935858726501;0.5191354155540466
0.9728320837020874;0.51727294921875
0.9732421040534973;0.5211920142173767
0.9730852842330933;0.5215134620666504
0.9725455641746521;0.5191457867622375
0.973542332649231;0.5219192504882812
0.9723649621009827;0.5169143676757812
0.9741004705429077;0.5240653157234192
0.9734643697738647;0.5203227400779724
0.9730598330497742;0.514337420463562
0.9737886786460876;0.5197687745094299
0.9730660915374756;0.5174869894981384
0.9733971357345581;0.5197252035140991
0.974083662033081;0.5211102962493896
0.9739770889282227;0.5193016529083252
0.9728571176528931;0.5187973380088806
0.9723996520042419;0.516834020614624
0.9734679460525513;0.5202487111091614
0.9739699363708496;0.5165524482727051
0.9740539789199829;0.5225139260292053
0.9734352827072144;0.5178517699241638
0.9731974601745605;0.5173836946487427
0.9726001620292664;0.5171528458595276
0.9737850427627563;0.5216158628463745
0.9742835164070129;0.5196961164474487
0.9732987284660339;0.5179862976074219
0.9748481512069702;0.5199410915374756
0.9749894142150879;0.5214748382568359
0.9723795652389526;0.5166676044464111
0.9731178879737854;0.5167609453201294
0.9730798602104187;0.52099609375
0.9736828207969666;0.5180519819259644
0.9728314876556396;0.5173826217651367
0.9732927083969116;0.5181596279144287
0.972253143787384;0.519760012626648
0.9730362296104431;0.5199902057647705
0.9738569259643555;0.5214188098907471
0.9731519818305969;0.517298698425293
0.9733703136444092;0.5172035098075867
0.9735426902770996;0.5234938859939575
0.9734551310539246;0.5195721983909607
0.9733477234840393;0.5187956094741821
0.9731161594390869;0.5186263918876648
0.972915530204773;0.5167303085327148
0.9746615886688232;0.5221313238143921
0.9734874963760376;0.518825113773346
0.9739490151405334;0.5208427906036377
0.9732558727264404;0.5181359052658081
0.9736407399177551;0.5191707015037537
0.9732669591903687;0.5186896324157715
0.9742600917816162;0.5196284651756287
0.9732586145401001;0.5206195116043091
0.973045825958252;0.5186324119567871
0.9732784032821655;0.5200814008712769
0.9728936553001404;0.519759476184845
0.9723024368286133;0.5165074467658997
0.9733361005783081;0.5186952948570251
0.9732058644294739;0.5208136439323425
0.9728884100914001;0.5198313593864441
0.9737758040428162;0.5205200910568237
0.9727144241333008;0.5176547169685364
0.9729754328727722;0.5206243395805359
0.9729839563369751;0.519288957118988
0.9727801084518433;0.5210870504379272
0.9730457067489624;0.5201472043991089
0.9733350872993469;0.5199449062347412
0.973551869392395;0.5177631378173828
0.9733061790466309;0.5168107748031616
0.9731020331382751;0.5158450603485107
0.9724822044372559;0.5189138650894165
0.9732276201248169;0.5196359753608704
0.9730223417282104;0.5168086290359497
0.9728861451148987;0.5193037986755371
0.9725863337516785;0.5150851607322693
0.9730356931686401;0.5226871371269226
0.9738253355026245;0.5218947529792786
0.9733322858810425;0.5211445093154907
0.9734214544296265;0.5202147960662842
0.9730598330497742;0.5191417932510376
0.9737272262573242;0.5211911797523499
0.9724751710891724;0.5171386003494263
0.973422646522522;0.5184217691421509
0.9726754426956177;0.5174797177314758
0.9735175967216492;0.5224118828773499
0.9730390310287476;0.5184177160263062
0.9731408953666687;0.517589807510376
0.9731394648551941;0.5167751908302307
0.9727679491043091;0.5181149840354919
0.9732517004013062;0.518872857093811
0.9736497402191162;0.5204581618309021
0.9735558032989502;0.5184063911437988
0.973395586013794;0.5196472406387329
0.9727109670639038;0.5223932862281799
0.9736626148223877;0.5178031921386719
0.973222553730011;0.5197622776031494
0.9731798768043518;0.5187426805496216
0.9732879400253296;0.5192941427230835
0.9739112257957458;0.5184957981109619
0.9729465842247009;0.5196326971054077
0.9723703861236572;0.5196408629417419
0.9740973114967346;0.519423246383667
0.9726372361183167;0.5176084041595459
0.9726988077163696;0.5170511603355408
0.9737259745597839;0.5211057662963867
0.9720213413238525;0.5208344459533691
0.9739815592765808;0.5211387276649475
0.9724021553993225;0.5169154405593872
0.9745932221412659;0.5198978185653687
0.9741570949554443;0.5196942090988159
0.9739213585853577;0.5194258689880371
0.9730708599090576;0.5224119424819946
0.9725884199142456;0.5197131633758545
0.9731482267379761;0.5192258358001709
0.9744225740432739;0.5210915803909302
0.974952220916748;0.5203311443328857
0.9732065200805664;0.5192937254905701
0.9731032252311707;0.5190038084983826
0.9728049039840698;0.5168783664703369
0.9726536273956299;0.51828533411026
0.9732129573822021;0.5176903009414673
0.9731995463371277;0.5172228217124939
0.9729206562042236;0.5184457302093506
0.9740706086158752;0.5203198194503784
0.9729667901992798;0.5182754397392273
0.9729489684104919;0.5167022943496704
0.9730137586593628;0.5228936672210693
0.9731679558753967;0.521429181098938
0.9736887216567993;0.5171765089035034
0.9736986756324768;0.5203328132629395
0.973240077495575;0.5199521780014038
0.9723522663116455;0.5195273756980896
0.9742968082427979;0.5203760862350464
0.9744945764541626;0.5236780643463135
0.973853349685669;0.5193960070610046
0.9743731617927551;0.5190614461898804
0.9732471704483032;0.5201898217201233
0.9726309776306152;0.5168561339378357
0.9722694158554077;0.5208760499954224
0.9725504517555237;0.5191164016723633
0.9726166725158691;0.5222154855728149
0.9728780388832092;0.5209658145904541
0.9733184576034546;0.5206687450408936
0.973317563533783;0.5187691450119019
0.9737628698348999;0.5223670601844788
0.9742456674575806;0.517593502998352
0.9734856486320496;0.519191563129425
0.9737216830253601;0.5202814340591431
0.9728800654411316;0.518539547920227
0.9735226631164551;0.5187528729438782
0.9729560613632202;0.5202734470367432
0.9730144143104553;0.5173020362854004
0.9731805920600891;0.5197371244430542
0.9735640287399292;0.5189762115478516
0.9738243818283081;0.5222265720367432
0.9734084010124207;0.5203061103820801
0.9729203581809998;0.5185860395431519
