TV;KL
1.2532870769500732;4.526643753051758
0.4675906300544739;0.5711303353309631
0.3561178147792816;0.2686814069747925
0.3031282424926758;0.1677493453025818
0.279399573802948;0.12080192565917969
0.22410829365253448;0.08392643928527832
0.22975336015224457;0.07691843807697296
0.21083573997020721;0.05410262197256088
0.1980879008769989;0.05264589190483093
0.18678605556488037;0.04160817340016365
0.1659114956855774;0.03151702135801315
0.17358922958374023;0.03329125791788101
0.13708443939685822;0.024709131568670273
0.15280736982822418;0.027264893054962158
0.1598091721534729;0.03294680267572403
0.14627498388290405;0.0252781193703413
0.1466875821352005;0.028723545372486115
0.13754594326019287;0.02051273174583912
0.1310349702835083;0.02612665668129921
0.12673744559288025;0.019839953631162643
0.15203619003295898;0.024690641090273857
0.1433570384979248;0.022246286273002625
0.13558125495910645;0.02143172360956669
0.11625455319881439;0.016795726493000984
0.12888620793819427;0.017128823325037956
0.11033783853054047;0.016403701156377792
0.11778311431407928;0.0160430446267128
0.14276015758514404;0.023612620308995247
0.1154588907957077;0.018779978156089783
0.11789755523204803;0.0194693673402071
0.11615360528230667;0.017544575035572052
0.11734363436698914;0.01703505776822567
0.12266295403242111;0.016487225890159607
0.1213064044713974;0.015400263480842113
0.11220481991767883;0.01778041198849678
0.13109081983566284;0.01752454973757267
0.12991297245025635;0.018246937543153763
0.10708196461200714;0.01536465436220169
0.11770951747894287;0.015209972858428955
0.11781558394432068;0.01710880920290947
0.14609771966934204;0.02142014168202877
0.12602084875106812;0.01708913780748844
0.12312822043895721;0.016557645052671432
0.0886353850364685;0.012238319031894207
0.1134287640452385;0.016488080844283104
0.1128595769405365;0.017092201858758926
0.11453606188297272;0.016560962423682213
0.11542069166898727;0.015178494155406952
0.12202213704586029;0.017384817823767662
0.1155359297990799;0.01494566909968853
0.11368785798549652;0.015414716675877571
0.1128961443901062;0.013950655236840248
0.10890904068946838;0.013371266424655914
0.10471026599407196;0.014296790584921837
0.10628323256969452;0.014278315007686615
0.10706711560487747;0.01345229521393776
0.11801066994667053;0.014504973776638508
0.12274018675088882;0.015905136242508888
0.1082383245229721;0.014694808050990105
0.11490775644779205;0.01480972021818161
0.11596909165382385;0.01742422580718994
0.09759595990180969;0.014434177428483963
0.10719448328018188;0.014456952922046185
0.09983841329813004;0.01377134770154953
0.1055421456694603;0.015137623995542526
0.1086166501045227;0.015521645545959473
0.11915908008813858;0.014950694516301155
0.13388344645500183;0.01917451061308384
0.1203325092792511;0.01856660656630993
0.11583653837442398;0.01615172252058983
0.10350663959980011;0.015368398278951645
0.10865296423435211;0.012710832059383392
0.11659224331378937;0.016195259988307953
0.12256146967411041;0.01826266385614872
0.12341663241386414;0.018702320754528046
0.12837542593479156;0.020752109587192535
0.0955541580915451;0.014783522114157677
0.11040086299180984;0.015059495344758034
0.11014312505722046;0.013884881511330605
0.10059162229299545;0.013377333991229534
0.12244370579719543;0.018088016659021378
0.11709623783826828;0.015308746136724949
0.10566088557243347;0.015955448150634766
0.11000819504261017;0.015712983906269073
0.10640193521976471;0.015677891671657562
0.13400137424468994;0.018221966922283173
0.11706922948360443;0.01684623211622238
0.10908885300159454;0.01572922244668007
0.11564607918262482;0.016385696828365326
0.11946028470993042;0.016471050679683685
0.10793574899435043;0.013925214298069477
0.1015579104423523;0.01511854212731123
0.10624723136425018;0.013418411836028099
0.10987704992294312;0.01508253999054432
0.11327068507671356;0.015050528571009636
0.10043606162071228;0.012356307357549667
0.13502532243728638;0.020003756508231163
0.10263364017009735;0.014139417558908463
0.10282838344573975;0.013032786548137665
0.11121177673339844;0.01708904281258583
0.13219554722309113;0.02179679647088051
0.1103476881980896;0.01668778620660305
0.11288487911224365;0.016280099749565125
0.1010623350739479;0.013134660199284554
0.11463518440723419;0.01691516488790512
0.11188539862632751;0.016007935628294945
0.11162018775939941;0.014325407333672047
0.11858652532100677;0.018780943006277084
0.115865558385849;0.01604241505265236
0.10353626310825348;0.014970684424042702
0.1152927502989769;0.016999483108520508
0.10567058622837067;0.014363108202815056
0.11191021651029587;0.015015444718301296
0.10783630609512329;0.014755848795175552
0.11030781269073486;0.014726387336850166
0.12854459881782532;0.02024247869849205
0.10834439098834991;0.015629945322871208
0.123438760638237;0.01678365468978882
0.11668593436479568;0.01714313216507435
0.12270517647266388;0.01692822016775608
0.10115468502044678;0.013408444821834564
0.11485074460506439;0.01568269543349743
0.11311500519514084;0.016813533380627632
0.11116854846477509;0.016948971897363663
0.1088690459728241;0.01410156674683094
0.11838066577911377;0.015505294315516949
0.10423898696899414;0.014177007600665092
0.10558926314115524;0.015463302843272686
0.12361720949411392;0.018343206495046616
0.11869233846664429;0.015700574964284897
0.10803165286779404;0.014623630791902542
0.11071328073740005;0.015036639757454395
0.11720401048660278;0.014722663909196854
0.11425292491912842;0.016644075512886047
0.10393594950437546;0.015255112200975418
0.13012376427650452;0.017814109101891518
0.12532508373260498;0.018763147294521332
0.12121309340000153;0.016453757882118225
0.11382416635751724;0.016727937385439873
0.10630916059017181;0.016093052923679352
0.11657530814409256;0.01475047692656517
0.11678807437419891;0.014305928722023964
0.10882189124822617;0.014474635943770409
0.09954798221588135;0.014288298785686493
0.1081184670329094;0.013841142877936363
0.12208913266658783;0.016965143382549286
0.1048215702176094;0.013692278414964676
0.11571965366601944;0.01686994917690754
0.1288122981786728;0.018558498471975327
0.11554424464702606;0.016117658466100693
0.09963801503181458;0.01430192869156599
0.11614623665809631;0.01624102145433426
0.1014772430062294;0.015035437420010567
0.1180037185549736;0.01542939804494381
0.11436405777931213;0.013901770114898682
0.11008738726377487;0.016819261014461517
0.11948508024215698;0.015742667019367218
0.10598193109035492;0.015030951239168644
0.10162819921970367;0.012999255210161209
0.1146121621131897;0.01611451804637909
0.10244321823120117;0.01510423794388771
0.11519850045442581;0.01470507588237524
0.13440588116645813;0.019153103232383728
0.11136995255947113;0.014722205698490143
0.12363478541374207;0.018643615767359734
0.10612040758132935;0.014633629471063614
0.12469086796045303;0.017195317894220352
0.1278368979692459;0.01986323855817318
0.10837170481681824;0.014596451073884964
0.12329141795635223;0.015981486067175865
0.11512156575918198;0.015703273937106133
0.1218147873878479;0.016178954392671585
0.11246830224990845;0.016572944819927216
0.11503244936466217;0.01595291681587696
0.1257900595664978;0.015325145795941353
0.12652269005775452;0.015961671248078346
0.12329600751399994;0.017738426104187965
0.10736197233200073;0.014602560549974442
0.11758247762918472;0.016463380306959152
0.1031612902879715;0.013702623546123505
0.10604549944400787;0.014622996561229229
0.1168099120259285;0.01707862690091133
0.11915962398052216;0.016853496432304382
0.10887837409973145;0.016161734238266945
0.09918235242366791;0.013875145465135574
0.10460321605205536;0.012975657358765602
0.1149607002735138;0.016065606847405434
0.11780659854412079;0.01503479853272438
0.11866573989391327;0.01553623378276825
0.10699847340583801;0.015074525028467178
0.11377127468585968;0.016667189076542854
0.10701190680265427;0.01599414460361004
0.11588826775550842;0.014770478010177612
0.1204344853758812;0.01735122688114643
0.10596320033073425;0.017831986770033836
0.09534517675638199;0.011535627767443657
0.11209434270858765;0.015494026243686676
0.11996597051620483;0.016583072021603584
0.12659355998039246;0.01827707514166832
0.12030135840177536;0.017133625224232674
0.1115434467792511;0.015510709956288338
0.09965343773365021;0.013788037933409214
0.1225714385509491;0.016884509474039078
0.11763875186443329;0.016241097822785378
0.11637204140424728;0.016725778579711914
0.13372233510017395;0.01754041574895382
0.12349419295787811;0.018305674195289612
0.10699935257434845;0.015268701128661633
0.10248523950576782;0.013812728226184845
0.11863565444946289;0.016342947259545326
0.1138920783996582;0.015118712559342384
0.10757525265216827;0.01430504024028778
0.11965948343276978;0.018219131976366043
0.12233392894268036;0.017523296177387238
0.11082646995782852;0.013379703275859356
0.10386444628238678;0.013315991498529911
0.11213330924510956;0.014335287734866142
0.11821632832288742;0.014488449320197105
0.11304344236850739;0.013132244348526001
0.10845409333705902;0.015269591473042965
0.11266098916530609;0.015447253361344337
0.11505167931318283;0.014374022372066975
0.11429207772016525;0.013464084826409817
0.11421529203653336;0.01431608572602272
0.11270350217819214;0.01704765483736992
0.1236797496676445;0.018174290657043457
0.1068999394774437;0.015520155429840088
0.1181790679693222;0.015136532485485077
0.10416726768016815;0.01580771803855896
0.11221200227737427;0.015224752947688103
0.11137299984693527;0.01492131594568491
0.11544819176197052;0.015630122274160385
0.10854877531528473;0.015205977484583855
0.12137294560670853;0.016194278374314308
0.10968267917633057;0.013569115661084652
0.10761560499668121;0.01441891398280859
0.10234247148036957;0.013292101211845875
0.10555736720561981;0.013875585980713367
0.1128346398472786;0.01756727695465088
0.09843508899211884;0.013788608834147453
0.11110690236091614;0.015007850714027882
0.11289715766906738;0.01490374282002449
0.1093391478061676;0.014996994286775589
0.10839937627315521;0.01383457612246275
0.10934805124998093;0.014289665035903454
0.1093248575925827;0.01337323896586895
0.10298562049865723;0.014427654445171356
0.1132521852850914;0.014764776453375816
0.1101045161485672;0.016251247376203537
0.12404544651508331;0.01721108891069889
0.12615226209163666;0.01881914958357811
0.1305406391620636;0.016948428004980087
0.12208172678947449;0.016195761039853096
0.11711364984512329;0.017383890226483345
0.10955885052680969;0.014515144750475883
0.12003929167985916;0.016814876347780228
0.1106782853603363;0.016202853992581367
0.13378529250621796;0.01944287307560444
0.09753962606191635;0.011104026809334755
0.10883185267448425;0.013682948425412178
0.10633940994739532;0.01474796049296856
0.11164252460002899;0.014171640388667583
0.1175290048122406;0.01566261798143387
0.11480537056922913;0.014907442033290863
0.09783457219600677;0.012075312435626984
0.11085408926010132;0.015641340985894203
0.12565094232559204;0.018694201484322548
0.11881490051746368;0.016604019328951836
0.10868530720472336;0.01571859046816826
0.11076709628105164;0.015509710647165775
0.10320854187011719;0.013677251525223255
0.11238313466310501;0.01603720709681511
0.11185132712125778;0.015158305875957012
0.10391044616699219;0.01408841460943222
0.1252562403678894;0.020850934088230133
0.1261579394340515;0.01829790323972702
0.1149289608001709;0.015508435666561127
0.11818085610866547;0.016266874969005585
0.10958121716976166;0.013776244595646858
0.10330458730459213;0.015218149870634079
0.10052821785211563;0.014950864017009735
0.11924955248832703;0.01658931002020836
0.10125747323036194;0.013243979774415493
0.10642676055431366;0.016786586493253708
0.12694184482097626;0.017242098227143288
0.11742381006479263;0.015140552073717117
0.10542501509189606;0.0135539835318923
0.1252553015947342;0.01606260985136032
0.11386988312005997;0.01533540990203619
0.09603612869977951;0.014695286750793457
0.1066129058599472;0.01368686556816101
0.10655947029590607;0.01507873460650444
0.11742196977138519;0.016734179109334946
0.11004380881786346;0.014797976240515709
0.10020368546247482;0.011835156008601189
0.12679071724414825;0.01732027530670166
0.11815167963504791;0.017083099111914635
0.1259690523147583;0.016704095527529716
0.12066643685102463;0.017072921618819237
0.11370863020420074;0.01648881658911705
0.1275201439857483;0.019590066745877266
0.11064517498016357;0.014535287395119667
0.1053588017821312;0.014111131429672241
0.10616518557071686;0.015010951086878777
0.11819320917129517;0.01664101332426071
0.11455220729112625;0.015797385945916176
0.11134278029203415;0.016284894198179245
0.11613299697637558;0.01893082819879055
0.10617724061012268;0.014279207214713097
0.10755299031734467;0.016534844413399696
0.10774846374988556;0.014652883633971214
0.10948502272367477;0.01577853038907051
0.10452040284872055;0.013693944551050663
0.0968407392501831;0.013288578018546104
0.10804028064012527;0.013219064101576805
0.11406479775905609;0.01626403257250786
0.10077511519193649;0.013782345689833164
0.12047698348760605;0.016744013875722885
0.1177976056933403;0.01769932545721531
0.10274510085582733;0.013584515079855919
0.11294634640216827;0.016563275828957558
0.12327276170253754;0.016510657966136932
0.10300823301076889;0.012625645846128464
0.12326915562152863;0.017070196568965912
0.10724397003650665;0.013555184938013554
0.1310647428035736;0.017413141205906868
0.10465656220912933;0.013227533549070358
0.10909119248390198;0.01348927617073059
0.11713629961013794;0.015123505145311356
0.10869364440441132;0.014502912759780884
0.11071906238794327;0.01539735309779644
0.1096900999546051;0.013505348935723305
0.11628133058547974;0.015205714851617813
0.10887761414051056;0.013293121941387653
0.10202863812446594;0.01250513643026352
0.11604622006416321;0.016834650188684464
0.10361633449792862;0.014892205595970154
0.10341886430978775;0.014032983221113682
0.10153946280479431;0.013217292726039886
0.11291202902793884;0.013629365712404251
0.11528696119785309;0.01729976199567318
0.11965429782867432;0.015632931143045425
0.11233972012996674;0.013774958439171314
0.11789664626121521;0.015699636191129684
0.12850484251976013;0.018233109265565872
0.12972955405712128;0.01863269880414009
0.10467936843633652;0.013678578659892082
0.11866461485624313;0.017589442431926727
0.11050480604171753;0.014405155554413795
0.1165270060300827;0.016905223950743675
0.11302816867828369;0.017808333039283752
0.11937379837036133;0.017038702964782715
0.12412571907043457;0.01806636154651642
0.12501917779445648;0.01718437857925892
0.1140463799238205;0.01553212758153677
0.1283201426267624;0.018659353256225586
0.1341923028230667;0.017817877233028412
0.11268287897109985;0.01470412127673626
0.11827224493026733;0.016046946868300438
0.11664660274982452;0.016033457592129707
0.10307244956493378;0.013165121898055077
0.1280427873134613;0.015543523244559765
0.11205752938985825;0.016040842980146408
0.11725875735282898;0.016317464411258698
0.10829676687717438;0.013092005625367165
0.11630860716104507;0.016081664711236954
0.11326843500137329;0.016543596982955933
0.12204140424728394;0.01726124808192253
0.10028321295976639;0.015368016436696053
0.1068338006734848;0.013148358091711998
0.1296498030424118;0.01807408034801483
0.11109816282987595;0.016849707812070847
0.11931505054235458;0.016628988087177277
0.11648479104042053;0.016448883339762688
0.10424725711345673;0.013488631695508957
0.11455991119146347;0.013252882286906242
0.1058131605386734;0.016447026282548904
0.10477111488580704;0.014191239140927792
0.11815617978572845;0.017314817756414413
0.1161423847079277;0.015502963215112686
0.1120564192533493;0.015599004924297333
0.10796654969453812;0.014324621297419071
0.11563096940517426;0.017453059554100037
0.12675347924232483;0.019953355193138123
0.1185402199625969;0.016571173444390297
0.1114329993724823;0.014321091584861279
0.11314679682254791;0.017209487035870552
0.11470866948366165;0.015314824879169464
0.10258472710847855;0.014751308597624302
0.11978746950626373;0.018823999911546707
0.1128392219543457;0.016582198441028595
0.11301011592149734;0.01703176274895668
0.11700254678726196;0.015482470393180847
0.10450571775436401;0.012719102203845978
0.11639507114887238;0.01464213989675045
0.11267389357089996;0.016408830881118774
0.10443104803562164;0.01480794232338667
0.1080135703086853;0.01578233577311039
0.10987088084220886;0.015227217227220535
0.11766722053289413;0.015398346818983555
0.1195949986577034;0.017430109903216362
0.10433530807495117;0.015753114596009254
0.1104845255613327;0.01486974023282528
0.11652690917253494;0.013512566685676575
0.10445386916399002;0.014857198111712933
0.11092880368232727;0.015039033256471157
0.11887861043214798;0.016659975051879883
0.1044250950217247;0.014263656921684742
0.1118890792131424;0.017783116549253464
0.12818843126296997;0.0172970499843359
0.12266277521848679;0.017353922128677368
0.10213081538677216;0.013937548734247684
0.1161746084690094;0.016283027827739716
0.10808677226305008;0.015393773093819618
0.11739667505025864;0.017161238938570023
0.1276002824306488;0.017595581710338593
0.11568061262369156;0.017348019406199455
0.1276601254940033;0.021560771390795708
0.10608282685279846;0.012361850589513779
0.10607518255710602;0.013804899528622627
0.10967501997947693;0.01643337681889534
0.11689315736293793;0.016402266919612885
0.10564350336790085;0.013856564648449421
0.12085361778736115;0.014806441962718964
0.11742010712623596;0.01666581816971302
0.11082156747579575;0.017790138721466064
0.12787164747714996;0.019207477569580078
0.11222299933433533;0.01841544359922409
0.1064126044511795;0.016691362485289574
0.11973538994789124;0.018469752743840218
0.11055929958820343;0.016250597313046455
0.12241845577955246;0.018501780927181244
0.09746645390987396;0.013891171663999557
0.11973864585161209;0.018046898767352104
0.09292019158601761;0.013855913653969765
0.12876668572425842;0.019207525998353958
0.11582500487565994;0.016710352152585983
0.1213320642709732;0.016774464398622513
0.10470357537269592;0.015039213933050632
0.10546059906482697;0.018223032355308533
0.09678333252668381;0.014420908875763416
0.11501488089561462;0.01631457917392254
0.09809056669473648;0.012711705639958382
0.12676668167114258;0.01768413558602333
0.0998496264219284;0.014819897711277008
0.11212924122810364;0.01625334843993187
0.10892201960086823;0.016639089211821556
0.10202943533658981;0.014109868556261063
0.11550523340702057;0.01608971878886223
0.11056745052337646;0.01461536530405283
0.12579062581062317;0.01615765690803528
0.11034425348043442;0.014040064066648483
0.11755899339914322;0.019000528380274773
0.1107427328824997;0.015225660055875778
0.09191284328699112;0.012231913395226002
0.1082276776432991;0.015390083193778992
0.12363331764936447;0.017246931791305542
0.1128934696316719;0.017655521631240845
0.1255658119916916;0.017520464956760406
0.10419091582298279;0.015792571008205414
0.11345943808555603;0.015494301915168762
0.11173926293849945;0.013900541700422764
0.10158879309892654;0.013277229852974415
0.1154337078332901;0.015496642328798771
0.10490120947360992;0.013710977509617805
0.10514803975820541;0.014545150101184845
0.11213549226522446;0.015087628737092018
0.11986970901489258;0.016458142548799515
0.11385630071163177;0.016409600153565407
0.10266530513763428;0.014531878754496574
0.09987141191959381;0.015130149200558662
0.1235414445400238;0.019650328904390335
0.08817380666732788;0.010673891752958298
0.10670043528079987;0.013796458020806313
0.11044042557477951;0.01505215186625719
0.1273987889289856;0.0193045474588871
0.103952556848526;0.014153077267110348
0.10496821254491806;0.01568748988211155
0.11599040031433105;0.016706980764865875
0.1087893471121788;0.013546097092330456
0.11625270545482635;0.017806118354201317
0.11688262969255447;0.017939064651727676
0.1170819029211998;0.01588388904929161
0.11436805874109268;0.016100138425827026
0.12127535790205002;0.017174577340483665
0.1019190326333046;0.014311529695987701
0.11631481349468231;0.01542493887245655
0.1247430145740509;0.016970515251159668
0.12794291973114014;0.018294818699359894
0.11928288638591766;0.01868371292948723
0.10826244950294495;0.014717165380716324
0.1098625510931015;0.013787198811769485
0.11571376025676727;0.017314491793513298
0.12331568449735641;0.016991980373859406
0.12233265489339828;0.017684809863567352
0.11830098927021027;0.016956081613898277
0.11482079327106476;0.0159929059445858
0.1066853329539299;0.016259195283055305
0.10835089534521103;0.013689130544662476
0.1169356033205986;0.017244910821318626
0.12497283518314362;0.01722656935453415
0.11307723820209503;0.015274547971785069
0.1148194968700409;0.01461437065154314
0.09912600368261337;0.013837222941219807
0.10723313689231873;0.014817170798778534
0.13199269771575928;0.01923425868153572
0.1170477494597435;0.016343198716640472
0.12083768844604492;0.017746616154909134
0.10953322798013687;0.01601477712392807
0.12494693696498871;0.01776804029941559
0.13919395208358765;0.02032499760389328
0.1096915453672409;0.013637565076351166
0.1023889034986496;0.01374561246484518
0.11044623702764511;0.014954285696148872
0.12690094113349915;0.015794046223163605
0.11126786470413208;0.014508157968521118
0.11232109367847443;0.015555224381387234
0.10843345522880554;0.014901397749781609
0.11510531604290009;0.016236865893006325
0.11119500547647476;0.015693427994847298
0.12400535494089127;0.017228521406650543
0.1147601455450058;0.015397998504340649
0.10356327146291733;0.015363119542598724
0.14098726212978363;0.020350929349660873
0.11617794632911682;0.015578185208141804
0.11579974740743637;0.01588793285191059
0.10650745779275894;0.01399337686598301
0.11252838373184204;0.01570253074169159
0.10850754380226135;0.014061345718801022
0.11754870414733887;0.014325485564768314
0.11081386357545853;0.014610094018280506
0.11973599344491959;0.016390036791563034
0.1100228801369667;0.01465223915874958
0.1172533705830574;0.016417691484093666
0.11611728370189667;0.01719639264047146
0.10743272304534912;0.013175304979085922
0.09968067705631256;0.013567827641963959
0.12234734743833542;0.016829760745167732
0.11036723107099533;0.015345342457294464
0.10871244966983795;0.014411896467208862
0.10536564141511917;0.016031745821237564
0.1071184054017067;0.01620396226644516
0.1138310432434082;0.015554488636553288
0.10767851769924164;0.01552931685000658
0.09636405110359192;0.01333712413907051
0.11973011493682861;0.01880168914794922
0.12124909460544586;0.016520636156201363
0.12026089429855347;0.015053278766572475
0.09169217944145203;0.012255366891622543
0.12372887134552002;0.017152996733784676
0.09806255996227264;0.01167978998273611
0.12113155424594879;0.015750354155898094
0.09257835149765015;0.011466301046311855
0.10520955920219421;0.0139571912586689
0.10572352260351181;0.016016772016882896
0.10017745196819305;0.012938100844621658
0.10627251863479614;0.016177067533135414
0.11678682267665863;0.016666363924741745
0.11769222468137741;0.01541612297296524
0.11791898310184479;0.017258215695619583
0.12030032277107239;0.01716090738773346
0.12162929773330688;0.017105383798480034
0.11162357777357101;0.015590343624353409
0.12013320624828339;0.01716332696378231
0.12701405584812164;0.017737772315740585
0.11079396307468414;0.01356752309948206
0.11497942358255386;0.018292631953954697
0.1155049130320549;0.017685018479824066
0.09935842454433441;0.014771072193980217
0.11959803104400635;0.015680350363254547
0.12025574594736099;0.01595214195549488
0.11487974226474762;0.014969026669859886
0.11743872612714767;0.016419345512986183
0.10652443766593933;0.01480310969054699
0.13127240538597107;0.018879998475313187
0.11424148082733154;0.015004762448370457
0.123562291264534;0.017168255522847176
0.12623322010040283;0.01706388033926487
0.11688844859600067;0.014236774295568466
0.12402616441249847;0.015597499907016754
0.1220133900642395;0.0179953221231699
0.1132512241601944;0.016138339415192604
0.1255195140838623;0.016205312684178352
0.11581043154001236;0.01809362880885601
0.10831484943628311;0.014016399160027504
0.12120483815670013;0.01726384274661541
0.11304949223995209;0.016301535069942474
0.12000470608472824;0.015690980479121208
0.1316605508327484;0.017924025654792786
0.1150030568242073;0.01730835810303688
0.11273391544818878;0.014836639165878296
0.12575377523899078;0.019627125933766365
0.11650363355875015;0.016842568293213844
0.12716227769851685;0.01758112572133541
0.10914646834135056;0.01665128767490387
0.11005762219429016;0.015219373628497124
0.1136336475610733;0.01650403067469597
0.10739821940660477;0.015503957867622375
0.11519325524568558;0.015899982303380966
0.10359863191843033;0.016490209847688675
0.1040852889418602;0.014152873307466507
0.11830897629261017;0.015256383456289768
0.11770398914813995;0.015120144933462143
0.11454766243696213;0.015471510589122772
0.10916870087385178;0.015512158162891865
0.12306521087884903;0.01640154793858528
0.11041046679019928;0.01630060188472271
0.12041515111923218;0.016636919230222702
0.12055070698261261;0.015532184392213821
0.1110636293888092;0.015353288501501083
0.10417842119932175;0.015736263245344162
0.12371928244829178;0.01668452098965645
0.10437619686126709;0.01467495784163475
0.1113402247428894;0.017223836854100227
0.11756671220064163;0.015346452593803406
0.11898857355117798;0.01696396991610527
0.11489272862672806;0.014789176173508167
0.0935746282339096;0.012166532687842846
0.10157324373722076;0.013374628499150276
0.13436511158943176;0.02077939175069332
0.11795554310083389;0.01592768356204033
0.11854645609855652;0.017517488449811935
0.11716178059577942;0.015246893279254436
0.12347951531410217;0.015646396204829216
0.10520447790622711;0.014694498851895332
0.11176499724388123;0.01426396332681179
0.09960072487592697;0.016193997114896774
0.11120012402534485;0.015161214396357536
0.12170663475990295;0.016346357762813568
0.10915404558181763;0.014035630971193314
0.1203911229968071;0.01649441011250019
0.11811134219169617;0.017299514263868332
0.11538286507129669;0.013628896325826645
0.12548036873340607;0.016666514798998833
0.10745386779308319;0.014007835648953915
0.1087489128112793;0.015032668597996235
0.11601077020168304;0.016131607815623283
0.10407276451587677;0.015831343829631805
0.11108115315437317;0.014836888760328293
0.09905112534761429;0.012624531984329224
0.11889782547950745;0.01722591370344162
0.10432033985853195;0.015164453536272049
0.12915490567684174;0.016474563628435135
0.09324553608894348;0.012092769145965576
0.11702138930559158;0.015242671594023705
0.09892196208238602;0.013854248449206352
0.11046883463859558;0.015057872049510479
0.11780679225921631;0.015086342580616474
0.09630358219146729;0.01277356967329979
0.11377285420894623;0.015167402103543282
0.10285479575395584;0.015149933286011219
0.10675301402807236;0.014695372432470322
0.09601034224033356;0.014417442493140697
0.12501610815525055;0.0175243578851223
0.11670257151126862;0.016590390354394913
0.112945057451725;0.014589528553187847
0.1150037944316864;0.014672483317553997
0.1111345887184143;0.015137594193220139
0.12011224031448364;0.018052292987704277
0.11160480231046677;0.016423096880316734
0.12849408388137817;0.019866961985826492
0.1081572026014328;0.013802687637507915
0.11045520007610321;0.013653315603733063
0.12649668753147125;0.018170945346355438
0.11910060048103333;0.015658076852560043
0.11739955842494965;0.01572326198220253
0.11300855875015259;0.014826410450041294
0.12081985175609589;0.016548484563827515
0.11661248654127121;0.01698005385696888
0.10652987658977509;0.014958192594349384
0.09485889226198196;0.011234951205551624
0.11215299367904663;0.014195762574672699
0.1198524534702301;0.01586109958589077
0.11259634047746658;0.01644538715481758
0.1279243379831314;0.01914927177131176
0.09907335042953491;0.014071417972445488
0.12069561332464218;0.01829705759882927
0.11259673535823822;0.015165171585977077
0.10120976716279984;0.01434233970940113
0.11472751945257187;0.016284961253404617
0.11102129518985748;0.017186446115374565
0.1149158850312233;0.015230430290102959
0.10800787061452866;0.015918180346488953
0.11685759574174881;0.016564570367336273
0.11371781677007675;0.01679987832903862
0.12322892248630524;0.017551204189658165
0.10614658892154694;0.015812212601304054
0.111907958984375;0.015166656114161015
0.11778369545936584;0.016839807853102684
0.11517076194286346;0.01557767204940319
0.1066603809595108;0.016542142257094383
0.11957181245088577;0.01608443260192871
0.1211748793721199;0.01766631379723549
0.11429255455732346;0.014361445792019367
0.11399152874946594;0.015362161211669445
0.11928810179233551;0.016852881759405136
0.12187590450048447;0.016690805554389954
0.1096840649843216;0.01536751538515091
0.10036378353834152;0.012812454253435135
0.11236096918582916;0.015606075525283813
0.1133631244301796;0.015314914286136627
0.10782420635223389;0.014397799037396908
0.10073818266391754;0.013422897085547447
0.11546558141708374;0.015058250166475773
0.11859533190727234;0.016690120100975037
0.12254951894283295;0.016492672264575958
0.10891178250312805;0.014048089273273945
0.11202012002468109;0.014371473342180252
0.11015069484710693;0.015240557491779327
0.13608159124851227;0.018719147890806198
0.12426002323627472;0.017771229147911072
0.11479269713163376;0.01583053357899189
0.11855488270521164;0.016711145639419556
0.11415563523769379;0.015375874936580658
0.11157866567373276;0.01548703946173191
0.1104443147778511;0.01481819711625576
0.11031914502382278;0.014058416709303856
0.11800689250230789;0.016277318820357323
0.10305279493331909;0.013717318885028362
0.12446863949298859;0.01727643609046936
0.11793623119592667;0.016071854159235954
0.11573688685894012;0.015688274055719376
0.11151538789272308;0.01459517516195774
0.11592287570238113;0.017576122656464577
0.11920482665300369;0.01747850514948368
0.12691384553909302;0.01888376660645008
0.10910029709339142;0.014712645672261715
0.11165793985128403;0.014360185712575912
0.11308713257312775;0.01469888724386692
0.1159823089838028;0.014717765152454376
0.10231193900108337;0.01381382904946804
0.12128963321447372;0.01881270296871662
0.10497589409351349;0.016441121697425842
0.10886779427528381;0.013621019199490547
0.1069578230381012;0.01565159112215042
0.1340743452310562;0.01816803775727749
0.10797412693500519;0.014446995221078396
0.11753527075052261;0.015398304909467697
0.10435241460800171;0.0171254500746727
0.10796688497066498;0.01473449170589447
0.11502966284751892;0.017527684569358826
0.1268017739057541;0.016626808792352676
0.11794258654117584;0.01641726680099964
0.10959822684526443;0.013958904892206192
0.10242879390716553;0.012952613644301891
0.12425907701253891;0.01865208148956299
0.11775275319814682;0.015768740326166153
0.11866230517625809;0.01688234508037567
0.11596986651420593;0.016814852133393288
0.1132582351565361;0.01753005012869835
0.09966057538986206;0.01438884437084198
0.11229918897151947;0.015368840657174587
0.12922616302967072;0.016565952450037003
0.1058235913515091;0.014126655645668507
0.1111312210559845;0.015516659244894981
0.11405882239341736;0.01411898247897625
0.13026350736618042;0.016103792935609818
0.11862586438655853;0.01869027502834797
0.12373951822519302;0.015479563735425472
0.10492997616529465;0.013063422404229641
0.1084812581539154;0.015802107751369476
0.1198309138417244;0.01550470944494009
0.12512236833572388;0.01944473385810852
0.11511555314064026;0.016092069447040558
0.11652526259422302;0.01698668673634529
0.1240309402346611;0.016299238428473473
0.11786916851997375;0.016178639605641365
0.10543110966682434;0.01477736234664917
0.10949014127254486;0.014972926117479801
0.11164874583482742;0.016461869701743126
0.11283048987388611;0.01633770950138569
0.10614150762557983;0.015230324119329453
0.12051508575677872;0.01555180735886097
0.10650703310966492;0.014670287258923054
0.11070464551448822;0.016049589961767197
0.10072080045938492;0.012661447748541832
0.13527026772499084;0.020391788333654404
0.11901887506246567;0.017156517133116722
0.10209079086780548;0.014095804654061794
0.12265576422214508;0.016938218846917152
0.10086645185947418;0.013064597733318806
0.11017170548439026;0.014505511149764061
0.11296653747558594;0.0163920558989048
0.11877299845218658;0.018244650214910507
0.10991329699754715;0.0159975104033947
0.10940916836261749;0.0151382926851511
0.0953567624092102;0.012070786207914352
0.1214914321899414;0.015879714861512184
0.10549909621477127;0.013258693739771843
0.11686314642429352;0.015239733271300793
0.1134047731757164;0.01661849394440651
0.10491479933261871;0.014093452133238316
0.10263113677501678;0.014269400388002396
0.11011786758899689;0.015278329141438007
0.11556275188922882;0.016629580408334732
0.11118028312921524;0.014727557078003883
0.11742565035820007;0.01419176533818245
0.11548761278390884;0.015979424118995667
0.11157196015119553;0.014655010774731636
0.1288595348596573;0.017968900501728058
0.11683600395917892;0.01640758290886879
0.10638569295406342;0.013132006861269474
0.11609300225973129;0.016740543767809868
0.11278973519802094;0.016410013660788536
0.12963904440402985;0.01822747103869915
0.12686239182949066;0.01760989800095558
0.11049096286296844;0.014246631413698196
0.13914573192596436;0.020575426518917084
0.11024969071149826;0.014735624194145203
0.1127660796046257;0.015393038280308247
0.1081354022026062;0.014186128042638302
0.11311426013708115;0.016906611621379852
0.10491504520177841;0.013584941625595093
0.11059416085481644;0.015030400827527046
0.10083935409784317;0.013581267558038235
0.12458740174770355;0.016525086015462875
0.09167182445526123;0.012886187061667442
0.12043052911758423;0.01669388636946678
0.11379697918891907;0.01614122837781906
0.10183653235435486;0.014133279211819172
0.1092836856842041;0.017315683886408806
0.11955008655786514;0.016407355666160583
0.11594520509243011;0.01816055364906788
0.11062924563884735;0.01577819138765335
0.10111738741397858;0.015371927991509438
0.1214209794998169;0.016730928793549538
0.10280902683734894;0.014792046509683132
0.11328428983688354;0.014285057783126831
0.11494962871074677;0.01712872087955475
0.10327260196208954;0.014571546576917171
0.12294848263263702;0.01806253381073475
0.10352231562137604;0.014396404847502708
0.11205945163965225;0.015688279643654823
0.12078546732664108;0.015880445018410683
0.12945014238357544;0.020052770152688026
0.11442141979932785;0.016310270875692368
0.10445936769247055;0.013724002987146378
0.11240008473396301;0.016495216637849808
0.11790303885936737;0.01834062859416008
0.10364033281803131;0.01394563913345337
0.10931095480918884;0.014613778330385685
0.11243274062871933;0.015753960236907005
0.10355481505393982;0.013580257073044777
0.11009543389081955;0.014889229089021683
0.10147775709629059;0.014348986558616161
0.11347934603691101;0.01663336157798767
0.110577791929245;0.013846531510353088
0.11752944439649582;0.016725661233067513
0.09877132624387741;0.011760544031858444
0.10423202812671661;0.014228115789592266
0.11207065731287003;0.015540577471256256
0.10986477136611938;0.014279663562774658
0.11596991121768951;0.016713609918951988
0.1285465508699417;0.019746575504541397
0.12394790351390839;0.01968512125313282
0.10280585289001465;0.013205333612859249
0.11259526014328003;0.015287408605217934
0.11401869356632233;0.017249608412384987
0.10958527773618698;0.014890508726239204
0.09757895767688751;0.01517045684158802
0.11204259097576141;0.015224466100335121
0.10927173495292664;0.016625791788101196
0.11277201771736145;0.015821091830730438
0.11735177040100098;0.016070295125246048
0.11203241348266602;0.015317689627408981
0.1103404313325882;0.016904160380363464
0.11779852211475372;0.015286646783351898
0.10738446563482285;0.01456372905522585
0.104155033826828;0.013737702742218971
0.11396920680999756;0.016111664474010468
0.11993339657783508;0.01773720793426037
0.09465035796165466;0.012467732653021812
0.09947307407855988;0.013317575678229332
0.11672580987215042;0.015950286760926247
0.13076721131801605;0.020147711038589478
0.11161798238754272;0.015313859097659588
0.11376146972179413;0.015746092423796654
0.11995110660791397;0.017095021903514862
0.10597293078899384;0.014252115041017532
0.10070330649614334;0.013662660494446754
0.12443554401397705;0.018966201692819595
0.12375041842460632;0.01679243892431259
0.10926774144172668;0.01573096215724945
0.10752741247415543;0.013908672146499157
0.13115210831165314;0.020697329193353653
0.11449996381998062;0.019653577357530594
0.11037637293338776;0.01650603488087654
0.11193548142910004;0.014314760453999043
0.12144680321216583;0.016364220529794693
0.11002972722053528;0.014688469469547272
0.10790053009986877;0.013492061756551266
0.11067373305559158;0.017301324754953384
0.12979866564273834;0.019242776557803154
0.1121600866317749;0.015244045294821262
0.11715161800384521;0.017179174348711967
0.12054372578859329;0.017558172345161438
0.11459308862686157;0.015466694720089436
0.10200724005699158;0.012789011001586914
0.11746443808078766;0.01638142392039299
0.11357292532920837;0.016245711594820023
0.10891717672348022;0.014580106362700462
0.1304233968257904;0.01819237321615219
0.09917094558477402;0.013511842116713524
0.11945138871669769;0.017157286405563354
0.1230914443731308;0.016404010355472565
0.1132597029209137;0.015412718057632446
0.10200465470552444;0.013405067846179008
0.13197052478790283;0.01770678162574768
0.10369455814361572;0.016063816845417023
0.109242744743824;0.013606407679617405
0.13384027779102325;0.017546558752655983
0.09415964782238007;0.013165121898055077
0.12208250910043716;0.017573364078998566
0.10608792304992676;0.012882686220109463
0.10714228451251984;0.013851882889866829
0.10450119525194168;0.015052501112222672
0.1104520708322525;0.015850206837058067
0.11631663143634796;0.017418738454580307
0.11028696596622467;0.015125812031328678
0.10503411293029785;0.013954075053334236
0.10793405771255493;0.014036745764315128
0.11369495093822479;0.015264824032783508
0.11074131727218628;0.01464739628136158
0.11535034328699112;0.015036270022392273
0.11136527359485626;0.01611824333667755
0.11987562477588654;0.01684749498963356
0.1057264655828476;0.013784225098788738
0.1129065603017807;0.015555532649159431
0.10243012011051178;0.013419084250926971
0.11518629640340805;0.015542975626885891
0.10522575676441193;0.013707287609577179
0.11118027567863464;0.012880681082606316
0.10582054406404495;0.014704185537993908
0.10840272903442383;0.014185243286192417
0.12284746766090393;0.018075138330459595
0.10037501156330109;0.01469392329454422
0.0991632491350174;0.01517254114151001
0.10086531192064285;0.015485790558159351
0.1165928840637207;0.014891405589878559
0.107142373919487;0.015212416648864746
0.1209498718380928;0.018953636288642883
0.11510631442070007;0.018039053305983543
0.09745953977108002;0.013642614707350731
0.11465872824192047;0.017544763162732124
0.11257802695035934;0.01632707379758358
0.11041255295276642;0.015692047774791718
0.1009163111448288;0.013893822208046913
0.12161765992641449;0.017117459326982498
0.1313086599111557;0.018623972311615944
0.11854192614555359;0.017153551802039146
0.1284608244895935;0.017539937049150467
0.11411156505346298;0.014657877385616302
0.12548570334911346;0.018553372472524643
0.11461298167705536;0.017665669322013855
0.10592089593410492;0.014365429058670998
0.11970655620098114;0.017057832330465317
0.11702554672956467;0.01712705008685589
0.10930830240249634;0.01537935622036457
0.11383482813835144;0.015628352761268616
0.1187259703874588;0.016978444531559944
0.10516015440225601;0.014856649562716484
0.11779195070266724;0.015083152800798416
0.09966382384300232;0.014202176593244076
0.11641599237918854;0.01805458962917328
0.12137553095817566;0.016773749142885208
0.11066584289073944;0.01661428064107895
0.11170533299446106;0.0152368089184165
0.1270107477903366;0.016928981989622116
0.13083240389823914;0.01869218796491623
0.11927451193332672;0.015908200293779373
0.13095642626285553;0.016975626349449158
0.12058709561824799;0.015191164799034595
0.11357805877923965;0.015163250267505646
0.12274590879678726;0.01777801662683487
0.1070704311132431;0.01504390500485897
0.11668923497200012;0.016684673726558685
0.10513336956501007;0.012784556485712528
0.12335959076881409;0.01728176139295101
0.12159331142902374;0.01793329045176506
0.11511686444282532;0.01760445535182953
0.09859346598386765;0.01340903714299202
0.109187550842762;0.014944031834602356
0.11577869206666946;0.01501547172665596
0.10690329968929291;0.01358761265873909
0.10339409112930298;0.013421735726296902
0.10974863916635513;0.015832973644137383
0.10919354856014252;0.014504007063806057
0.09573492407798767;0.013177284970879555
0.12966738641262054;0.020198924466967583
0.11814390122890472;0.01713424362242222
0.09496517479419708;0.01440087053924799
0.09966740757226944;0.013186093419790268
0.11354034394025803;0.016216523945331573
0.11964164674282074;0.018106387928128242
0.09567543864250183;0.01313500851392746
0.11659209430217743;0.01711113192141056
0.10498127341270447;0.012983406893908978
0.10633423924446106;0.014897364191710949
0.13161657750606537;0.018767185509204865
0.12191317975521088;0.016687750816345215
0.12107783555984497;0.016450904309749603
0.10989224910736084;0.014506662264466286
0.1062128022313118;0.014889610931277275
0.12877096235752106;0.019770581275224686
0.11208560317754745;0.015052859671413898
0.12004411220550537;0.01529439352452755
0.0974833145737648;0.011824844405055046
0.10168522596359253;0.012136677280068398
0.11466465145349503;0.016257543116807938
0.10245680809020996;0.01442923303693533
0.11884316802024841;0.01694544591009617
0.11250867694616318;0.01323924120515585
0.10105171799659729;0.013641664758324623
0.09506673365831375;0.012793559581041336
0.11024102568626404;0.016949396580457687
0.11471807956695557;0.015196621417999268
0.11210997402667999;0.01506558246910572
0.1054280623793602;0.014849450439214706
0.12062765657901764;0.01629824936389923
0.10909204930067062;0.013578414916992188
0.11297045648097992;0.01578604243695736
0.10584565997123718;0.01452937163412571
0.12000146508216858;0.01563471183180809
0.11446606367826462;0.01676868461072445
0.11930549889802933;0.014562894590198994
0.10555744171142578;0.015107455663383007
0.1157708689570427;0.015208736062049866
0.10873051732778549;0.014616980217397213
0.1274770200252533;0.018483009189367294
0.11090800166130066;0.014548389241099358
0.1144147738814354;0.01642085611820221
0.12455666810274124;0.016526302322745323
0.09893284738063812;0.013408354483544827
0.12093139439821243;0.017070937901735306
0.1209130585193634;0.016289684921503067
0.11615526676177979;0.014662588015198708
0.10328495502471924;0.013712522573769093
0.10987818986177444;0.01693073660135269
0.12007608264684677;0.015927398577332497
0.11756555736064911;0.016201060265302658
0.09662595391273499;0.013237286359071732
0.10984303802251816;0.01386871375143528
0.11229687184095383;0.015435625799000263
0.12759806215763092;0.01856543868780136
0.11082708835601807;0.016559218987822533
0.11078830063343048;0.01531064510345459
0.12222424894571304;0.017513751983642578
0.11089105904102325;0.014260934665799141
0.11046458780765533;0.016347408294677734
0.10474088788032532;0.015938136726617813
0.11202707886695862;0.016603484749794006
0.12292677164077759;0.017054257914423943
0.11461792886257172;0.01616525650024414
0.09897202998399734;0.014912205748260021
0.11190527677536011;0.018740082159638405
0.108641617000103;0.014430508948862553
0.1117335632443428;0.014897206798195839
0.11250443011522293;0.015504692681133747
0.1131405383348465;0.0168948732316494
0.10219065845012665;0.013464760035276413
0.10730244219303131;0.016211960464715958
0.1157272607088089;0.01624659262597561
0.12557247281074524;0.015875864773988724
0.10175853967666626;0.013723242096602917
0.0918542742729187;0.011159969493746758
0.10883254557847977;0.015864966437220573
0.09881865233182907;0.013078197836875916
0.10777812451124191;0.015435378067195415
0.10974187403917313;0.014247091487050056
0.1159292459487915;0.016066642478108406
0.10409119725227356;0.014479258097708225
0.11991791427135468;0.016058485954999924
0.11016625910997391;0.01590331271290779
0.10843431949615479;0.014362121932208538
0.11759442090988159;0.016527827829122543
0.12716306746006012;0.018151991069316864
0.10940602421760559;0.017482932657003403
0.09383959323167801;0.01447058655321598
0.10519751906394958;0.013840848580002785
0.11341756582260132;0.016108926385641098
0.10280823707580566;0.015345615334808826
0.12617410719394684;0.01842142827808857
0.10039693117141724;0.012112895026803017
0.12725867331027985;0.015229021199047565
0.112840935587883;0.016397181898355484
0.11184251308441162;0.01744125597178936
0.10320906341075897;0.015943167731165886
0.10045335441827774;0.01487155444920063
0.1082783192396164;0.014466541819274426
0.13123592734336853;0.0166428554803133
0.11713894456624985;0.017910102382302284
0.11827024817466736;0.01673441380262375
0.11470287293195724;0.01492257695645094
0.1077151894569397;0.012527892366051674
0.11408355832099915;0.01651662029325962
0.11235174536705017;0.01571807637810707
0.10619939863681793;0.018213218078017235
0.10886761546134949;0.016278203576803207
0.09803657978773117;0.012304995208978653
0.1250719130039215;0.018091971054673195
0.1181258112192154;0.014546064659953117
0.11877664923667908;0.016606522724032402
0.11497138440608978;0.018595509231090546
0.10885411500930786;0.015777146443724632
0.09721917659044266;0.012613312341272831
0.11959325522184372;0.018227295950055122
0.1218043863773346;0.016431815922260284
0.11534073203802109;0.016801880672574043
0.10990921407938004;0.015066198073327541
0.09152050316333771;0.013698453083634377
0.12215086072683334;0.017832428216934204
0.12010464072227478;0.01681513898074627
0.11312220990657806;0.016856824979186058
0.11163752526044846;0.015075493603944778
0.1005752831697464;0.012059985660016537
0.12173935025930405;0.017237583175301552
0.11614638566970825;0.014223318547010422
0.1001821830868721;0.013645986095070839
0.11965013295412064;0.017362050712108612
0.11241143941879272;0.015533458441495895
0.10916277766227722;0.016140319406986237
0.11616367846727371;0.013799216598272324
0.12737445533275604;0.01749747060239315
0.11173087358474731;0.0132199227809906
0.10498437285423279;0.015599697828292847
0.11104214191436768;0.01553213782608509
0.11844831705093384;0.016939353197813034
0.11676013469696045;0.016192832961678505
0.11460592597723007;0.017854275181889534
0.10956617444753647;0.016092509031295776
0.10253218561410904;0.014129028655588627
0.13096144795417786;0.01635710336267948
0.11676421761512756;0.01795700006186962
0.119655542075634;0.017160505056381226
0.09486500173807144;0.013948457315564156
0.11895345151424408;0.016317900270223618
0.1177486926317215;0.015472368337213993
0.10258928686380386;0.013188187032938004
0.09643097221851349;0.013448653742671013
0.11300651729106903;0.01603073440492153
0.09634078294038773;0.012664771638810635
0.10503051429986954;0.01434764638543129
0.10952956229448318;0.015933921560645103
0.11886202543973923;0.016059964895248413
0.129044771194458;0.016310809180140495
0.11559979617595673;0.017579715698957443
0.11604303121566772;0.01842319779098034
0.11223609000444412;0.015537252649664879
0.11565632373094559;0.0154365673661232
0.11138532310724258;0.01401580311357975
0.11548268795013428;0.014802752062678337
0.11038006842136383;0.015806248411536217
0.10876034945249557;0.015823673456907272
0.11475972831249237;0.01763443648815155
0.11347483843564987;0.015043437480926514
0.10350248217582703;0.01324369665235281
0.12301422655582428;0.0164688341319561
0.11734312772750854;0.017390424385666847
0.11992958188056946;0.01734476163983345
0.13197876513004303;0.020640116184949875
0.10527483373880386;0.013394160196185112
0.11682812869548798;0.017275232821702957
0.11205936968326569;0.014863397926092148
0.11861516535282135;0.017100047320127487
0.10423726588487625;0.0132046639919281
0.11018869280815125;0.015661053359508514
0.10287049412727356;0.013502280227839947
0.11455090343952179;0.01589692197740078
0.11830233037471771;0.016585122793912888
0.11764062941074371;0.01568794436752796
0.10707990825176239;0.01656370237469673
0.09558050334453583;0.014164119958877563
0.1098172664642334;0.014519670978188515
0.1205565333366394;0.01782483235001564
0.1170569658279419;0.015948493033647537
0.11539170891046524;0.01630418747663498
0.11160077899694443;0.014132220298051834
0.11326385289430618;0.015256696380674839
0.10643278062343597;0.015165052376687527
0.12089935690164566;0.02118237316608429
0.10232777893543243;0.01428197417408228
0.10057999193668365;0.014418184757232666
0.11253045499324799;0.017220232635736465
0.11789081990718842;0.01943928934633732
0.1138746589422226;0.015825830399990082
0.13249430060386658;0.01893678493797779
0.10104382783174515;0.013711437582969666
0.1101011335849762;0.016697699204087257
0.11683355271816254;0.016263000667095184
0.10013562440872192;0.014062708243727684
0.1170654445886612;0.016399897634983063
0.10822267085313797;0.015587067231535912
0.1088823676109314;0.014770150184631348
0.1119501143693924;0.014527380466461182
0.1186055913567543;0.015635043382644653
0.10976609587669373;0.015062485821545124
0.1147344708442688;0.015025690197944641
0.11998103559017181;0.018176747485995293
0.11041539907455444;0.016214963048696518
0.11181396245956421;0.015984948724508286
0.11368918418884277;0.014434313401579857
0.13792413473129272;0.019354166463017464
0.10814058780670166;0.015019886195659637
0.11455169320106506;0.015140864998102188
0.09662077575922012;0.014928343705832958
0.10727603733539581;0.015918713063001633
0.11315381526947021;0.015847451984882355
0.10241617262363434;0.014085862785577774
0.10969847440719604;0.01641691103577614
0.11857450008392334;0.015525269322097301
0.10870954394340515;0.013159671798348427
0.12391139566898346;0.016780037432909012
0.10977073758840561;0.015524319373071194
0.1182817667722702;0.014710902236402035
0.11896129697561264;0.01875920034945011
0.09740710258483887;0.01159510388970375
0.11578304320573807;0.015922818332910538
0.08929794281721115;0.011347072198987007
0.09938859939575195;0.014081157743930817
0.12467333674430847;0.016344087198376656
0.11378537118434906;0.016767598688602448
0.10412061214447021;0.015784084796905518
0.10486869513988495;0.01459712814539671
0.10273589938879013;0.014698813669383526
0.11238174140453339;0.015158941969275475
0.11388033628463745;0.016277272254228592
0.11269653588533401;0.01810975931584835
0.11140751093626022;0.01660962961614132
0.0883403867483139;0.011526255868375301
0.12240315228700638;0.01802528277039528
0.11282847076654434;0.01542646624147892
0.10966601967811584;0.014978017657995224
0.1230415478348732;0.018221961334347725
0.12482205033302307;0.01713087409734726
0.11482970416545868;0.016673071309924126
0.10357724130153656;0.01411279384046793
0.10740192979574203;0.013188162818551064
0.10848122835159302;0.014766449108719826
0.11583296954631805;0.018677951768040657
0.10222336649894714;0.015208231285214424
0.10821762681007385;0.016123224049806595
0.11077456176280975;0.0139166209846735
0.1120227798819542;0.015063251368701458
0.11003506183624268;0.017060399055480957
0.11568722128868103;0.01697959005832672
0.12119033932685852;0.016407299786806107
0.10799740999937057;0.014140142127871513
0.10202139616012573;0.014945202507078648
0.10872423648834229;0.014674954116344452
0.14131155610084534;0.019745055586099625
