TV;KL
1.485045075416565;6.779325485229492
1.4353086948394775;6.37086820602417
1.3696842193603516;4.7362895011901855
1.3069195747375488;3.631399631500244
1.229156494140625;2.809502601623535
1.1600723266601562;2.3172223567962646
1.085970163345337;1.8529988527297974
1.0250571966171265;1.5437008142471313
0.9963642358779907;1.3364319801330566
0.9392183423042297;1.1245750188827515
0.90984046459198;0.9971859455108643
0.8708064556121826;0.8944408893585205
0.8110661506652832;0.7764790058135986
0.796139657497406;0.6822423934936523
0.7550791501998901;0.6069818735122681
0.7262089252471924;0.5442262887954712
0.6897078156471252;0.4890397787094116
0.6921589970588684;0.45402202010154724
0.6919567584991455;0.43035393953323364
0.651924729347229;0.3901260793209076
0.6673775911331177;0.39732396602630615
0.6324833035469055;0.34743231534957886
0.6139901876449585;0.3213484287261963
0.6086092591285706;0.3005412518978119
0.6168116927146912;0.30298274755477905
0.5895205736160278;0.2744618058204651
0.5928159356117249;0.2727818489074707
0.5806934833526611;0.25151297450065613
0.5821799039840698;0.24692761898040771
0.5723757743835449;0.23827162384986877
0.5712494850158691;0.22842057049274445
0.5751528739929199;0.22489194571971893
0.574044406414032;0.22361589968204498
0.5690947771072388;0.2180008888244629
0.5628774166107178;0.21202953159809113
0.5650713443756104;0.20887380838394165
0.5619074106216431;0.19744163751602173
0.562766432762146;0.20254328846931458
0.5619078874588013;0.19968287646770477
0.5654095411300659;0.19825641810894012
0.5592598915100098;0.19553028047084808
0.5650707483291626;0.1950608193874359
0.5616092085838318;0.19322481751441956
0.5573712587356567;0.18982158601284027
0.5578106641769409;0.19315126538276672
0.556571364402771;0.18943268060684204
0.5608620047569275;0.1880052238702774
0.5581852197647095;0.18516132235527039
0.5604998469352722;0.18591231107711792
0.5571832656860352;0.18751181662082672
0.5577036142349243;0.18424971401691437
0.5585018396377563;0.1813122034072876
0.5574021339416504;0.1829032152891159
0.5596432685852051;0.18710753321647644
0.5579121112823486;0.18342401087284088
0.5565053224563599;0.18381501734256744
0.5590159893035889;0.18109914660453796
0.5567804574966431;0.17916646599769592
0.5597280859947205;0.18456745147705078
0.5570306777954102;0.1816181093454361
0.5596874952316284;0.18385013937950134
0.5586704611778259;0.1843247264623642
0.5588945150375366;0.1831958144903183
0.5600065588951111;0.18111644685268402
0.5581220388412476;0.1793576329946518
0.5578126907348633;0.1819458305835724
0.5572417974472046;0.18202826380729675
0.5565472841262817;0.1790318787097931
0.5571433305740356;0.17904908955097198
0.5604162216186523;0.18226642906665802
0.5554250478744507;0.18010807037353516
0.5574583411216736;0.17749744653701782
0.5575534701347351;0.18147695064544678
0.5571179986000061;0.17676720023155212
0.5548282265663147;0.1766802966594696
0.5558902621269226;0.18028613924980164
0.5563822984695435;0.17568735778331757
0.5571011304855347;0.1818450689315796
0.5590202212333679;0.18427862226963043
0.558606743812561;0.17683720588684082
0.559353232383728;0.17868569493293762
0.5545085668563843;0.17580989003181458
0.5571435689926147;0.18101871013641357
0.5572049617767334;0.17816749215126038
0.556710422039032;0.17775113880634308
0.5546119809150696;0.17879126965999603
0.5547647476196289;0.1794789582490921
0.5572947859764099;0.17821991443634033
0.5575677752494812;0.18050843477249146
0.5591795444488525;0.18055783212184906
0.5565264225006104;0.178290456533432
0.557137131690979;0.18068769574165344
0.556823194026947;0.17788930237293243
0.5550577640533447;0.17645320296287537
0.5567519664764404;0.1784052848815918
0.5574643015861511;0.18184912204742432
0.5583604574203491;0.1783195585012436
0.5576590895652771;0.17995589971542358
0.5568368434906006;0.18050312995910645
0.5597506761550903;0.18210618197917938
0.5592173933982849;0.1843295693397522
0.5560322999954224;0.1779405176639557
0.5572717785835266;0.17728541791439056
0.5574550032615662;0.17861375212669373
0.557431697845459;0.1816367208957672
0.5581696629524231;0.18055346608161926
0.5574914216995239;0.1807072013616562
0.5615848898887634;0.18139243125915527
0.5550849437713623;0.17685411870479584
0.5571937561035156;0.17950773239135742
0.5596675872802734;0.18085220456123352
0.5582120418548584;0.1826082020998001
0.556943416595459;0.18063057959079742
0.555056095123291;0.17720595002174377
0.5577526688575745;0.17750677466392517
0.5569367408752441;0.17802485823631287
0.5589258074760437;0.1872696578502655
0.5565177798271179;0.1777561455965042
0.5571385622024536;0.17902959883213043
0.5568000674247742;0.1776893138885498
0.5571224689483643;0.1786748468875885
0.5577231645584106;0.1810503751039505
0.5576047897338867;0.17826305329799652
0.5582036972045898;0.1815146952867508
0.5581364631652832;0.17864356935024261
0.5552162528038025;0.17858999967575073
0.5594083666801453;0.17956691980361938
0.5588086247444153;0.1793452501296997
0.5605010986328125;0.18454991281032562
0.559928297996521;0.18331803381443024
0.5571925640106201;0.1783234030008316
0.558819055557251;0.17970141768455505
0.5557017922401428;0.17839135229587555
0.5576416254043579;0.17896237969398499
0.556971549987793;0.17960138618946075
0.5582302212715149;0.1792040765285492
0.555505096912384;0.17482712864875793
0.5570005178451538;0.17987816035747528
0.5580081939697266;0.18148872256278992
0.5572468042373657;0.1798267960548401
0.558921217918396;0.18070124089717865
0.558602511882782;0.18053826689720154
0.5561358332633972;0.17828819155693054
0.5571019649505615;0.17901530861854553
0.5589188933372498;0.18117038905620575
0.5557059049606323;0.17752009630203247
0.5552352666854858;0.17896568775177002
0.5584707260131836;0.17827020585536957
0.5588793158531189;0.18010644614696503
0.5575633645057678;0.17877532541751862
0.5595037937164307;0.18143509328365326
0.5573365092277527;0.17923936247825623
0.5579328536987305;0.17785337567329407
0.5578044652938843;0.18026681244373322
0.5556923151016235;0.17751359939575195
0.5580894947052002;0.18113115429878235
0.5595791339874268;0.18054398894309998
0.5565247535705566;0.17873084545135498
0.5574076175689697;0.18166100978851318
0.557925283908844;0.17851266264915466
0.5573835372924805;0.18016168475151062
0.556613028049469;0.17844364047050476
0.555596113204956;0.176653653383255
0.556806206703186;0.1784990131855011
0.5562311410903931;0.17835161089897156
0.558292031288147;0.17928877472877502
0.5552517175674438;0.18288257718086243
0.5564720630645752;0.17873582243919373
0.5561186075210571;0.17836162447929382
0.5581376552581787;0.17956861853599548
0.5562406182289124;0.17788174748420715
0.5600026845932007;0.18120640516281128
0.5599493384361267;0.17940445244312286
0.5572613477706909;0.17879344522953033
0.5560570955276489;0.17894774675369263
0.5562829971313477;0.1787671595811844
0.5576794743537903;0.1781274676322937
0.5552277565002441;0.177766814827919
0.5592339038848877;0.18015101552009583
0.5568259954452515;0.17904414236545563
0.5587489008903503;0.1797574907541275
0.5590399503707886;0.17986446619033813
0.5574070811271667;0.17850717902183533
0.5558712482452393;0.1767001897096634
0.5601959824562073;0.1831546127796173
0.5572347640991211;0.1778983324766159
0.5567703247070312;0.17964188754558563
0.5561197400093079;0.17868077754974365
0.5574510097503662;0.182979553937912
0.5573796033859253;0.18140733242034912
0.5561631917953491;0.17905299365520477
0.5557645559310913;0.17831051349639893
0.556343674659729;0.17819827795028687
0.5562295317649841;0.17940466105937958
0.5593423843383789;0.17933902144432068
0.5564271211624146;0.17882785201072693
0.5592870712280273;0.1792813241481781
0.5565322637557983;0.17752525210380554
0.5539062023162842;0.17965690791606903
0.5574939250946045;0.17876170575618744
0.5608092546463013;0.17955119907855988
0.5579253435134888;0.1813126802444458
0.5594905614852905;0.17873908579349518
0.5566756725311279;0.17796871066093445
0.5599528551101685;0.181500643491745
0.55634605884552;0.17865681648254395
0.5577510595321655;0.17829623818397522
0.5595709085464478;0.18174980580806732
0.5575238466262817;0.1773679554462433
0.5603930950164795;0.1804215908050537
0.5584478378295898;0.178980752825737
0.5589280128479004;0.18189536035060883
0.554812490940094;0.17753511667251587
0.5549699664115906;0.1767466515302658
0.5564308166503906;0.1773233413696289
0.5592181086540222;0.1789425164461136
0.5575633645057678;0.1772255003452301
0.556544303894043;0.17972344160079956
0.5575627088546753;0.17801512777805328
0.5590041875839233;0.18230079114437103
0.5563935041427612;0.17708317935466766
0.5551448464393616;0.1770426630973816
0.5603784918785095;0.17994685471057892
0.5605258941650391;0.18294388055801392
0.5573439002037048;0.17819587886333466
0.5559142827987671;0.17874780297279358
0.5594798922538757;0.18009574711322784
0.5576369762420654;0.1806040108203888
0.5556634664535522;0.1804688423871994
0.5581321716308594;0.17847028374671936
0.557100772857666;0.17449669539928436
0.5580755472183228;0.17951573431491852
0.5587128400802612;0.17920780181884766
0.5585767030715942;0.17998597025871277
0.5568158626556396;0.17894823849201202
0.5591976642608643;0.18006862699985504
0.5592995285987854;0.1813364326953888
0.5571915507316589;0.18233804404735565
0.5603238344192505;0.18248161673545837
0.5575162172317505;0.18417814373970032
0.5563551783561707;0.17724788188934326
0.557325541973114;0.18005168437957764
0.5569636821746826;0.17786049842834473
0.55829918384552;0.17933081090450287
0.5586543083190918;0.1810598373413086
0.5571517944335938;0.17898748815059662
0.5564592480659485;0.17901603877544403
0.5551952719688416;0.17481468617916107
0.556952953338623;0.17771238088607788
0.5572777986526489;0.17650246620178223
0.5564219951629639;0.17695975303649902
0.5575664043426514;0.17588523030281067
0.5578386783599854;0.1795962005853653
0.5575293302536011;0.17981983721256256
0.5559024810791016;0.179418683052063
0.5586011409759521;0.1808442622423172
0.5588785409927368;0.18346592783927917
0.5580472350120544;0.17912833392620087
0.5569321513175964;0.1802913099527359
0.5572173595428467;0.17912709712982178
0.5568414330482483;0.17775455117225647
0.5596415996551514;0.1802530139684677
0.555813729763031;0.17837196588516235
0.5554858446121216;0.17829786241054535
0.5558629631996155;0.1817673295736313
0.5578096508979797;0.17948585748672485
0.5571788549423218;0.17885828018188477
0.5585415959358215;0.17710144817829132
0.5565589070320129;0.17996935546398163
0.5567690134048462;0.17817264795303345
0.5593903660774231;0.18136779963970184
0.5604530572891235;0.18523599207401276
0.5590131282806396;0.18080942332744598
0.5569619536399841;0.1792994886636734
0.5548001527786255;0.17834623157978058
0.5593371391296387;0.1805562674999237
0.5576326251029968;0.18010108172893524
0.5578739047050476;0.17957669496536255
0.5587341785430908;0.18136568367481232
0.5555567741394043;0.17669793963432312
0.5585309267044067;0.18064534664154053
0.5584907531738281;0.1795782744884491
0.5577394962310791;0.17652371525764465
0.5584613680839539;0.17918655276298523
0.5559439659118652;0.1777781844139099
0.5566573143005371;0.17915597558021545
0.5561116933822632;0.17612461745738983
0.5562430620193481;0.17849647998809814
0.5566897988319397;0.17831547558307648
0.5575850009918213;0.1806327998638153
0.5558885931968689;0.17652438580989838
0.5576879978179932;0.18114331364631653
0.5584551095962524;0.17752468585968018
0.5565474629402161;0.17865465581417084
0.5591820478439331;0.18270918726921082
0.5568841695785522;0.17903146147727966
0.5568980574607849;0.1798369437456131
0.5548614263534546;0.17753483355045319
0.55808424949646;0.1788640171289444
0.5584167242050171;0.17787812650203705
0.5563452243804932;0.1796852946281433
0.5572932958602905;0.18023380637168884
0.5600965023040771;0.18437924981117249
0.5607969760894775;0.1790989339351654
0.5583823323249817;0.17691978812217712
0.5579286217689514;0.18040841817855835
0.5605771541595459;0.18308034539222717
0.5587643980979919;0.1798829734325409
0.5564119815826416;0.17780837416648865
0.5555347800254822;0.1809832900762558
0.554694414138794;0.1764114797115326
0.5594309568405151;0.18074363470077515
0.5573486089706421;0.17789340019226074
0.557257890701294;0.17892736196517944
0.556961715221405;0.18192344903945923
0.5554683208465576;0.1782880574464798
0.5561877489089966;0.17885948717594147
0.5597810745239258;0.17833398282527924
0.5578169822692871;0.1807498335838318
0.5573753118515015;0.18006157875061035
0.5564265251159668;0.17866401374340057
0.5573838949203491;0.17949943244457245
0.5553876161575317;0.1776067018508911
0.5585207939147949;0.180495947599411
0.5563086271286011;0.17860004305839539
0.5579627752304077;0.18030515313148499
0.5574126839637756;0.17774584889411926
0.5574338436126709;0.17659428715705872
0.5566238164901733;0.18033172190189362
0.5563265085220337;0.17781002819538116
0.5557010769844055;0.1805095374584198
0.5606287717819214;0.1809486597776413
0.557105541229248;0.18002617359161377
0.5547413229942322;0.1783534586429596
0.5558115839958191;0.17768315970897675
0.5574837923049927;0.18093101680278778
0.554773211479187;0.17593984305858612
0.5561864972114563;0.17649994790554047
0.5559563040733337;0.17768076062202454
0.5556468367576599;0.1793590933084488
0.5585328936576843;0.17783157527446747
0.558164119720459;0.17886976897716522
0.5575053691864014;0.17860564589500427
0.5553348064422607;0.17965112626552582
0.558157205581665;0.1801409125328064
0.5596741437911987;0.1779073178768158
0.5561412572860718;0.17827673256397247
0.5557360649108887;0.17813129723072052
0.5559951066970825;0.17667074501514435
0.5613410472869873;0.18183545768260956
0.5568389296531677;0.17594854533672333
0.5567404627799988;0.17827659845352173
0.5561505556106567;0.1802920401096344
0.5581114292144775;0.18019062280654907
0.5545138716697693;0.1767207533121109
0.557063639163971;0.1769557148218155
0.5578089952468872;0.17940795421600342
0.5577648878097534;0.17771181464195251
0.5577163696289062;0.1784139722585678
0.5597379803657532;0.18178832530975342
0.5567710399627686;0.1789267510175705
0.555875301361084;0.17583948373794556
0.5580369830131531;0.18355898559093475
0.5588559508323669;0.17745636403560638
0.5589758157730103;0.1794159710407257
0.5564538240432739;0.17819646000862122
0.5607163310050964;0.1804349273443222
0.557315468788147;0.17884016036987305
0.5562615394592285;0.17952167987823486
0.5545964241027832;0.17689110338687897
0.5583007335662842;0.17995885014533997
0.5593050718307495;0.18141260743141174
0.5579042434692383;0.17807428538799286
0.5573681592941284;0.1788669228553772
0.5579620599746704;0.1780756711959839
0.5550823211669922;0.17595314979553223
0.5563914775848389;0.17861832678318024
0.5584151744842529;0.17851698398590088
0.560777485370636;0.18223005533218384
0.5559514164924622;0.17972257733345032
0.5597742795944214;0.17813800275325775
0.5567220449447632;0.17872339487075806
0.5585144758224487;0.17821115255355835
0.5572571158409119;0.18052637577056885
0.5575660467147827;0.18148991465568542
0.5573598146438599;0.18000803887844086
0.5587664842605591;0.17750589549541473
0.5560292601585388;0.17918597161769867
0.557510256767273;0.17866259813308716
0.5572866201400757;0.1767967939376831
0.5579389333724976;0.18070605397224426
0.5552850961685181;0.1820959746837616
0.5561631321907043;0.17710252106189728
0.5558760166168213;0.17927177250385284
0.5577130913734436;0.17997950315475464
0.5594205856323242;0.1782103031873703
0.5553678274154663;0.1764826625585556
0.5565993189811707;0.17790590226650238
0.5564893484115601;0.17990776896476746
0.5602428317070007;0.18163448572158813
0.5571914315223694;0.178961843252182
0.5570571422576904;0.1780751496553421
0.5579277276992798;0.18101660907268524
0.5576980113983154;0.18197384476661682
0.5558289289474487;0.17736822366714478
0.5570240616798401;0.1774020940065384
0.5572197437286377;0.17978765070438385
0.559325098991394;0.17903771996498108
0.560165286064148;0.18186253309249878
0.5572794675827026;0.17789319157600403
0.5551949143409729;0.1802467405796051
0.5566881895065308;0.17981919646263123
0.5547943115234375;0.1777011603116989
0.5581381320953369;0.1790006160736084
0.5575695037841797;0.17575839161872864
0.5602065324783325;0.17969676852226257
0.5607466101646423;0.1807405650615692
0.5564553141593933;0.18103593587875366
0.5570064187049866;0.17851148545742035
0.5566995739936829;0.17916278541088104
0.5571300387382507;0.18064770102500916
0.5596120953559875;0.17982089519500732
0.5579782724380493;0.1793968379497528
0.5568223595619202;0.18142397701740265
0.5559384226799011;0.177689790725708
0.5553914904594421;0.18036791682243347
0.5616587400436401;0.18282762169837952
0.5616170167922974;0.18220481276512146
0.5583251714706421;0.1803368777036667
0.5570257902145386;0.18083542585372925
0.5549921989440918;0.1783464550971985
0.559269368648529;0.18061980605125427
0.5555069446563721;0.1799156665802002
0.5547789335250854;0.17595401406288147
0.5574675798416138;0.17947641015052795
0.5621381402015686;0.18007831275463104
0.5566586256027222;0.17984318733215332
0.5557582378387451;0.1760738343000412
0.5553239583969116;0.1800520420074463
0.5567575693130493;0.178968608379364
0.5567207932472229;0.181158646941185
0.5562304854393005;0.17899125814437866
0.5560911893844604;0.17776019871234894
0.5558987855911255;0.18038517236709595
0.5564862489700317;0.1791033297777176
0.5561022758483887;0.17837834358215332
0.5562230348587036;0.17853274941444397
0.5567423701286316;0.18061015009880066
0.5585497617721558;0.17790718376636505
0.5583198666572571;0.1807727813720703
0.555902361869812;0.17868247628211975
0.5560550689697266;0.18463917076587677
0.5621929168701172;0.18222196400165558
0.5573016405105591;0.17866474390029907
0.5561801195144653;0.1784132570028305
0.5556282997131348;0.17869508266448975
0.5585558414459229;0.1776425838470459
0.5570886135101318;0.17802584171295166
0.556120753288269;0.1779947578907013
0.5582011938095093;0.17828349769115448
0.5578927397727966;0.18073216080665588
0.5557786226272583;0.1780516803264618
0.5563710927963257;0.17946811020374298
0.5588801503181458;0.17941875755786896
0.559044599533081;0.1801997274160385
0.5607075691223145;0.1797747164964676
0.5558733940124512;0.1773379147052765
0.5552161335945129;0.18085631728172302
0.5608450174331665;0.18303023278713226
0.5575279593467712;0.17867164313793182
0.5563435554504395;0.18017803132534027
0.5565643310546875;0.17791979014873505
0.5589086413383484;0.18265609443187714
0.5588412284851074;0.18135112524032593
0.556811511516571;0.17798160016536713
0.5564881563186646;0.17759795486927032
0.5567010641098022;0.17644672095775604
0.5569418668746948;0.1813640296459198
0.5580933094024658;0.18125417828559875
0.5580359697341919;0.1800079345703125
0.5553872585296631;0.18004752695560455
0.5634206533432007;0.18257886171340942
0.556442141532898;0.17862263321876526
0.5559952259063721;0.17524461448192596
0.5584908723831177;0.18390785157680511
0.5593100190162659;0.1769319623708725
0.5571643114089966;0.18244045972824097
0.5558212995529175;0.17606744170188904
0.5571911334991455;0.17799749970436096
0.5636370182037354;0.1836891621351242
0.5579859018325806;0.17545506358146667
0.5574241876602173;0.179279163479805
0.5584149360656738;0.1790100485086441
0.5572844743728638;0.17883114516735077
0.554155707359314;0.17977187037467957
0.5564539432525635;0.18038484454154968
0.5582129955291748;0.1784117966890335
0.5582441091537476;0.18148097395896912
0.5549761056900024;0.17871956527233124
0.5559538006782532;0.18033424019813538
0.5589680671691895;0.1795676052570343
0.5556522607803345;0.17528274655342102
0.5584310293197632;0.17821577191352844
0.5562465190887451;0.17802733182907104
0.5561345219612122;0.17653010785579681
0.5560072660446167;0.1781580150127411
0.557595431804657;0.17781223356723785
0.5590353012084961;0.18014204502105713
0.5586537718772888;0.17952020466327667
0.5551586747169495;0.18186257779598236
0.5597309470176697;0.18168559670448303
0.5570589303970337;0.17895537614822388
0.5569562315940857;0.17783664166927338
0.5566977262496948;0.17839762568473816
0.5631662607192993;0.18171004951000214
0.5613110065460205;0.1821896731853485
0.5599229335784912;0.1802949160337448
0.5557569265365601;0.17567205429077148
0.5572751760482788;0.18155944347381592
0.5567761659622192;0.1801089644432068
0.5558546781539917;0.17799443006515503
0.5575048327445984;0.18012888729572296
0.5562219023704529;0.18067386746406555
0.5583294630050659;0.17838934063911438
0.5589065551757812;0.17900149524211884
0.5587261915206909;0.17891067266464233
0.5556409358978271;0.17841172218322754
0.5564043521881104;0.17786148190498352
0.558066189289093;0.17666631937026978
0.5572617053985596;0.17832884192466736
0.5556159019470215;0.17840918898582458
0.5559077858924866;0.17753082513809204
0.5625677704811096;0.17865228652954102
0.5597574710845947;0.1800740361213684
0.5552523136138916;0.17683953046798706
0.556781530380249;0.17893913388252258
0.5613644123077393;0.17770718038082123
0.5570669174194336;0.1796141117811203
0.5575270652770996;0.1804819405078888
0.5571902990341187;0.17580288648605347
0.5583038330078125;0.18153560161590576
0.555634617805481;0.17566703259944916
0.5566436648368835;0.1787538379430771
0.5560603737831116;0.1775827407836914
0.5546658039093018;0.17756278812885284
0.5609169602394104;0.18402065336704254
0.5597295761108398;0.17771896719932556
0.5603788495063782;0.18260104954242706
0.5578809380531311;0.17693579196929932
0.5569982528686523;0.178697407245636
0.5572810769081116;0.1811421513557434
0.5553100109100342;0.17863932251930237
0.5551812648773193;0.18043683469295502
0.5584534406661987;0.17965608835220337
0.5556358695030212;0.1769784837961197
0.557084321975708;0.1839270442724228
0.5584235787391663;0.17909272015094757
0.5560420155525208;0.17793142795562744
0.5576561689376831;0.17922821640968323
0.5564640164375305;0.17567560076713562
0.5567080974578857;0.1774933934211731
0.5562963485717773;0.17914453148841858
0.5582435727119446;0.18127411603927612
0.5596829652786255;0.18033571541309357
0.5618878602981567;0.18143333494663239
0.5589841604232788;0.1809675693511963
0.5568681359291077;0.1787630021572113
0.5556933283805847;0.18083342909812927
0.5584273934364319;0.17980727553367615
0.5580406188964844;0.17829349637031555
0.5560272336006165;0.17497459053993225
0.5557214021682739;0.17857687175273895
0.5565845966339111;0.18086880445480347
0.5590785145759583;0.17950305342674255
0.5569589138031006;0.17599272727966309
0.5545152425765991;0.17649531364440918
0.5558802485466003;0.1783827245235443
0.5553334951400757;0.18034355342388153
0.5576217174530029;0.17809846997261047
0.5575710535049438;0.17799165844917297
0.5551141500473022;0.17663416266441345
0.5567354559898376;0.1812310665845871
0.5590324401855469;0.18134404718875885
0.5578122735023499;0.1809646636247635
0.5579960346221924;0.1772180199623108
0.5581082105636597;0.18074002861976624
0.5578553080558777;0.17969971895217896
0.5580801963806152;0.17958688735961914
0.5584127306938171;0.1789046674966812
0.5566502809524536;0.17750218510627747
0.5564314723014832;0.18057551980018616
0.5565624237060547;0.18119104206562042
0.5572531223297119;0.18183547258377075
0.558148980140686;0.1803198605775833
0.5565240383148193;0.180356964468956
0.5559694170951843;0.17774441838264465
0.5557976961135864;0.17589139938354492
0.5543760657310486;0.17856237292289734
0.559413492679596;0.17863570153713226
0.5559487342834473;0.1775943487882614
0.5601029396057129;0.1785220056772232
0.5568854212760925;0.1792643666267395
0.5559870004653931;0.1782478392124176
0.554785966873169;0.17672744393348694
0.5587773323059082;0.1803360879421234
0.5581023097038269;0.17843395471572876
0.5569527745246887;0.17515555024147034
0.5557183027267456;0.17717835307121277
0.5556346774101257;0.17749948799610138
0.5569153428077698;0.17698630690574646
0.5595647692680359;0.1791020929813385
0.5589296817779541;0.17706862092018127
0.5557483434677124;0.17972826957702637
0.5555957555770874;0.1791173815727234
0.5555758476257324;0.1761123538017273
0.5566660165786743;0.18050070106983185
0.5552859306335449;0.17875880002975464
0.5574477314949036;0.1805981993675232
0.5562918186187744;0.1778276562690735
0.5570911169052124;0.178470179438591
0.5556358098983765;0.17832913994789124
0.561453104019165;0.18109844624996185
0.5597503781318665;0.18216843903064728
0.5567437410354614;0.1803697943687439
0.5594041347503662;0.17712728679180145
0.5580731630325317;0.17923471331596375
0.5585389137268066;0.18207146227359772
0.5561922192573547;0.17958587408065796
0.5572878122329712;0.17916464805603027
0.5588697195053101;0.1794232726097107
0.5575637221336365;0.1759033501148224
0.5561755895614624;0.17941410839557648
0.5592454075813293;0.18071997165679932
0.5555621385574341;0.18068735301494598
0.5631558895111084;0.18120643496513367
0.5573009252548218;0.1794828176498413
0.5552996397018433;0.17553305625915527
0.5585001111030579;0.17827355861663818
0.5575103759765625;0.17764440178871155
0.5616457462310791;0.18143385648727417
0.5585728287696838;0.17892031371593475
0.5598964691162109;0.17995649576187134
0.5562571287155151;0.1794784516096115
0.5563077330589294;0.17946767807006836
0.5567394495010376;0.18038320541381836
0.5574668645858765;0.1792718470096588
0.555426836013794;0.17630450427532196
0.5575553178787231;0.177354633808136
0.559758186340332;0.17864763736724854
0.5583754181861877;0.18236540257930756
0.5565948486328125;0.18076017498970032
0.5589814186096191;0.17944706976413727
0.5586364269256592;0.18087415397167206
0.5586364269256592;0.1795673817396164
0.5584854483604431;0.17749260365962982
0.5565881729125977;0.17929312586784363
0.5569967031478882;0.18014898896217346
0.5560740232467651;0.1819472759962082
0.556391179561615;0.1787165403366089
0.5574706196784973;0.1776760220527649
0.5562036037445068;0.17637699842453003
0.5584180355072021;0.1785898357629776
0.5588667392730713;0.180341899394989
0.5593286752700806;0.1805243194103241
0.5571664571762085;0.17912767827510834
0.5600423812866211;0.1790931522846222
0.5574532747268677;0.18080630898475647
0.5581144094467163;0.1807890087366104
0.5606221556663513;0.17935828864574432
0.5580295324325562;0.18397706747055054
0.5578025579452515;0.17939509451389313
0.5584886074066162;0.17777599394321442
0.5550320744514465;0.17667481303215027
0.5581263303756714;0.17815397679805756
0.5571098327636719;0.17970596253871918
0.5573252439498901;0.17851248383522034
0.5581834316253662;0.17896901071071625
0.5595415234565735;0.17823980748653412
0.5571075677871704;0.17975777387619019
0.5583819150924683;0.18002958595752716
0.5580641031265259;0.17937219142913818
0.5589364171028137;0.1801092028617859
0.5579133033752441;0.1800205260515213
0.5606199502944946;0.18081118166446686
0.5565237402915955;0.1794477105140686
0.5584812164306641;0.1793747842311859
0.5551061630249023;0.17739886045455933
0.5586353540420532;0.18275022506713867
0.5570570230484009;0.1803491860628128
0.5577746033668518;0.17926694452762604
0.5573160648345947;0.17883974313735962
0.5593483448028564;0.18032245337963104
0.5573058128356934;0.17987903952598572
0.558772087097168;0.18033146858215332
0.5580328106880188;0.18021053075790405
0.5553830862045288;0.17868584394454956
0.5558078289031982;0.17805007100105286
0.5567393898963928;0.17822057008743286
0.5585629940032959;0.18072402477264404
0.556954562664032;0.17826348543167114
0.5566229224205017;0.1784905195236206
0.5559481978416443;0.17789620161056519
0.5562504529953003;0.177249476313591
0.5574322938919067;0.17947977781295776
0.5546929836273193;0.17755375802516937
0.5560803413391113;0.17952102422714233
0.5566806793212891;0.18018023669719696
0.5589796304702759;0.17885425686836243
0.5558688640594482;0.17849159240722656
0.5556000471115112;0.17687943577766418
0.5595023036003113;0.17885646224021912
0.5583503842353821;0.1790115237236023
0.5568862557411194;0.181732177734375
0.5555745363235474;0.1797248125076294
0.5576971769332886;0.17913442850112915
0.5559794902801514;0.18016774952411652
0.560036301612854;0.18158596754074097
0.5587738156318665;0.1818484663963318
0.555487334728241;0.17989328503608704
0.5600281953811646;0.17902052402496338
0.5555025339126587;0.1769794076681137
0.5587292909622192;0.1793411374092102
0.5577443838119507;0.18033577501773834
0.5555704236030579;0.176618292927742
0.5599759817123413;0.1780828982591629
0.5561738014221191;0.17902009189128876
0.5565634369850159;0.17891085147857666
0.55873703956604;0.17685161530971527
0.558879017829895;0.18122082948684692
0.5562571883201599;0.18041592836380005
0.5575535297393799;0.1792113184928894
0.557775616645813;0.17750024795532227
0.5552992820739746;0.17641448974609375
0.5578855276107788;0.18181541562080383
0.5563427209854126;0.17970210313796997
0.5558387637138367;0.17762404680252075
0.5559472441673279;0.17935000360012054
0.5575648546218872;0.1795596033334732
0.558343768119812;0.17820586264133453
0.5578097701072693;0.1781199425458908
0.5561668872833252;0.17972059547901154
0.5586360096931458;0.17997372150421143
0.5573780536651611;0.17937062680721283
0.5557546019554138;0.17516307532787323
0.5582384467124939;0.17976140975952148
0.5551344752311707;0.17509955167770386
0.5589298009872437;0.17866002023220062
0.5549246072769165;0.1763700693845749
0.5571721196174622;0.17647725343704224
0.5610241293907166;0.18307623267173767
0.5582417845726013;0.17816974222660065
0.5585925579071045;0.18003614246845245
0.557773232460022;0.17833060026168823
0.5596380233764648;0.1829947978258133
0.5578892230987549;0.17909125983715057
0.5618816018104553;0.18611463904380798
0.5572200417518616;0.17953255772590637
0.5594102144241333;0.1793176531791687
0.5599877238273621;0.179718479514122
0.5593051314353943;0.17725594341754913
0.5576722025871277;0.17791491746902466
0.5598821043968201;0.18133407831192017
0.5566374063491821;0.17610600590705872
0.5585651397705078;0.178714320063591
0.5577532052993774;0.17786742746829987
0.5568338632583618;0.18068882822990417
0.5572235584259033;0.1797269582748413
0.5567493438720703;0.18097354471683502
0.5542773008346558;0.1759888231754303
0.5573377013206482;0.17831256985664368
0.5564652681350708;0.17852289974689484
0.5566586256027222;0.1788284182548523
0.5604153871536255;0.18220771849155426
0.554472029209137;0.1764286607503891
0.5571156740188599;0.17975427210330963
0.5589567422866821;0.17876914143562317
0.5579478144645691;0.1774154007434845
0.5550346374511719;0.17763295769691467
0.5582929849624634;0.17907346785068512
0.5572165846824646;0.18064460158348083
0.5576685667037964;0.1806117296218872
0.5599338412284851;0.17798231542110443
0.5554460287094116;0.17686432600021362
0.5591152906417847;0.18231604993343353
0.5575609803199768;0.17928218841552734
0.5602478981018066;0.17931941151618958
0.5566586852073669;0.17731600999832153
0.5556773543357849;0.17971813678741455
0.5580031871795654;0.18125435709953308
0.5599625706672668;0.18003585934638977
0.557134211063385;0.17757634818553925
0.5587725639343262;0.17963112890720367
0.5561957359313965;0.17948351800441742
0.5561321973800659;0.17847615480422974
0.5582314729690552;0.18049824237823486
0.5568310022354126;0.17990164458751678
0.5568177700042725;0.18119299411773682
0.5571029782295227;0.17700031399726868
0.5563535094261169;0.17684680223464966
0.558739423751831;0.18153543770313263
0.5589354038238525;0.17992675304412842
0.5595104098320007;0.1803036481142044
0.5569087266921997;0.17840637266635895
0.5577273964881897;0.18295466899871826
0.5573002696037292;0.1765492856502533
0.556841254234314;0.17778560519218445
0.5587411522865295;0.17923970520496368
0.5564635396003723;0.17743158340454102
0.5579100847244263;0.17898151278495789
0.5568338632583618;0.17840534448623657
0.5559216737747192;0.17961323261260986
0.5583326816558838;0.18074193596839905
0.5599728226661682;0.18354542553424835
0.5582139492034912;0.1788330078125
0.5588164329528809;0.17936469614505768
0.5586156845092773;0.18003398180007935
0.5581105947494507;0.17921577394008636
0.5560235977172852;0.17920181155204773
0.5570217370986938;0.18047989904880524
0.5631588101387024;0.18190522491931915
0.5585519075393677;0.17774170637130737
0.5560889840126038;0.17877261340618134
0.5570511817932129;0.1787845492362976
0.558617115020752;0.18140508234500885
0.5580846071243286;0.1791287064552307
0.5574167370796204;0.17953380942344666
0.5588312745094299;0.17885516583919525
0.5589381456375122;0.17921657860279083
0.558225154876709;0.1808096170425415
0.5556657910346985;0.17823250591754913
0.5576295852661133;0.18247735500335693
0.5579665303230286;0.1761246621608734
0.5568401217460632;0.17960625886917114
0.555556058883667;0.176975280046463
0.5581379532814026;0.18199580907821655
0.5597032904624939;0.18058480322360992
0.5571696162223816;0.17657266557216644
0.5570845007896423;0.18153442442417145
0.5570018291473389;0.1770205944776535
0.558220386505127;0.17809900641441345
0.5574690103530884;0.1777247190475464
0.5604551434516907;0.18199783563613892
0.5582758188247681;0.18217509984970093
0.5596263408660889;0.17894797027111053
0.5553654432296753;0.17851382493972778
0.5549873113632202;0.17958416044712067
0.5584956407546997;0.18241462111473083
0.5552552938461304;0.17841386795043945
0.5566436052322388;0.1784307360649109
0.5589597225189209;0.17773135006427765
0.5593091249465942;0.18092872202396393
0.5584092140197754;0.18140730261802673
0.555712103843689;0.1785077452659607
0.5552862882614136;0.1763772815465927
0.559402585029602;0.18138469755649567
0.5590808987617493;0.17954057455062866
0.5574629306793213;0.18118973076343536
0.5580008029937744;0.17881327867507935
0.557631254196167;0.17901167273521423
0.5565066933631897;0.17538908123970032
0.5567073225975037;0.1789243221282959
0.5594860315322876;0.18216706812381744
0.5573821067810059;0.1780238300561905
0.5605330467224121;0.17943310737609863
0.5578930974006653;0.17859375476837158
0.556325376033783;0.17970260977745056
0.5574659109115601;0.17963768541812897
0.5578541159629822;0.17857539653778076
0.5575353503227234;0.17785775661468506
0.5578600168228149;0.1763015240430832
0.5586503744125366;0.18084558844566345
0.5559663772583008;0.1770884096622467
0.5605466961860657;0.18084648251533508
0.55939120054245;0.18249575793743134
0.5606343150138855;0.17946308851242065
0.5565235614776611;0.17790398001670837
0.556872546672821;0.17749617993831635
0.5577252507209778;0.17803151905536652
0.5550411939620972;0.17787256836891174
0.5586134195327759;0.17667362093925476
0.5592336654663086;0.18033164739608765
0.556886613368988;0.1788138449192047
0.558384120464325;0.18116439878940582
0.5557951927185059;0.1774347424507141
0.5567704439163208;0.18028852343559265
0.5561423301696777;0.17704007029533386
0.5583003163337708;0.18043185770511627
0.5586218237876892;0.17905622720718384
0.5580222606658936;0.17882002890110016
0.5574589967727661;0.17796486616134644
0.55916827917099;0.1796218752861023
0.5606938600540161;0.18003347516059875
0.5574197173118591;0.18079574406147003
0.5564613938331604;0.17991745471954346
0.5552643537521362;0.17583578824996948
0.5576848983764648;0.17931713163852692
0.5566889643669128;0.1790320873260498
0.5564717054367065;0.17939868569374084
0.5553924441337585;0.17926481366157532
0.5579392313957214;0.1789775788784027
0.5571220517158508;0.178146094083786
0.5595460534095764;0.18070867657661438
0.5586476922035217;0.1791173666715622
0.5577040314674377;0.17529712617397308
0.5602730512619019;0.1783285140991211
0.554872989654541;0.17643757164478302
0.5569487810134888;0.18171048164367676
0.5562214851379395;0.1811911165714264
0.5585918426513672;0.17688846588134766
0.5554822683334351;0.17926688492298126
0.5595754981040955;0.17897270619869232
0.558250367641449;0.1808931678533554
0.5572978258132935;0.1792602390050888
0.5581070780754089;0.18098261952400208
0.5579538345336914;0.17994651198387146
0.5567888021469116;0.18033596873283386
0.558792233467102;0.17783421277999878
0.5580780506134033;0.17954818904399872
0.556599497795105;0.17891976237297058
0.5552190542221069;0.17774051427841187
0.5587042570114136;0.1793144792318344
0.5577850937843323;0.18046054244041443
0.5572555661201477;0.1807788610458374
0.5581108331680298;0.18038202822208405
0.5599075555801392;0.18014931678771973
0.5590295195579529;0.18187865614891052
0.5586536526679993;0.18110930919647217
0.5582019090652466;0.18033137917518616
0.5604172945022583;0.1817479133605957
0.5588102340698242;0.18248434364795685
0.5557007789611816;0.17942769825458527
0.5609655380249023;0.18114683032035828
0.555437445640564;0.17847920954227448
0.558682918548584;0.18007130920886993
0.5564324855804443;0.176547110080719
0.5585073232650757;0.17969055473804474
0.5558456182479858;0.1760326772928238
0.5560721755027771;0.17665615677833557
0.555816650390625;0.17843496799468994
0.5575143098831177;0.1774933934211731
0.5544297099113464;0.17926183342933655
0.5562320947647095;0.1771858036518097
0.5580711364746094;0.18058942258358002
0.5568708181381226;0.17852410674095154
0.5561239719390869;0.18136954307556152
0.5581324696540833;0.1805485188961029
0.5583887696266174;0.18013468384742737
0.5565980076789856;0.17989858984947205
0.5593048334121704;0.17914016544818878
0.5578778982162476;0.1802644431591034
0.5585303902626038;0.17817196249961853
0.5574105978012085;0.1801329404115677
0.559050977230072;0.1813969910144806
0.5561004877090454;0.1792985051870346
0.5570745468139648;0.1782289296388626
0.5590885877609253;0.18189436197280884
0.5582473874092102;0.17907002568244934
0.5558772683143616;0.179015651345253
0.5578941106796265;0.18020561337471008
0.5571222305297852;0.1816098690032959
0.55631422996521;0.17914487421512604
0.5573112964630127;0.17914900183677673
0.5553421378135681;0.17537355422973633
0.5576213598251343;0.17784875631332397
0.5615075826644897;0.18093299865722656
0.5574859380722046;0.1797904670238495
0.5585320591926575;0.1798086166381836
0.5568669438362122;0.17936290800571442
0.5591127276420593;0.17872121930122375
0.5574895739555359;0.1801825314760208
0.5559844970703125;0.17641834914684296
0.5596148371696472;0.18190643191337585
0.5582098960876465;0.17780068516731262
0.5577328205108643;0.17828786373138428
0.5565927028656006;0.17848381400108337
0.5567272901535034;0.17952664196491241
0.5568403601646423;0.17867223918437958
0.5587338209152222;0.18234936892986298
0.5590100884437561;0.1780499368906021
0.5580399632453918;0.18125519156455994
0.5560125112533569;0.17895224690437317
0.5550431609153748;0.1771123707294464
0.555799126625061;0.17681217193603516
0.5567108392715454;0.1770293116569519
0.5594521164894104;0.17879913747310638
0.5571112036705017;0.18227162957191467
0.559569239616394;0.17926302552223206
0.5595057010650635;0.1809733808040619
0.5576229691505432;0.17759969830513
0.5570963621139526;0.17753402888774872
0.5614928603172302;0.1805483102798462
0.5562866926193237;0.17846864461898804
0.5584522485733032;0.1803833693265915
0.5578212738037109;0.18010878562927246
0.5578867197036743;0.18094974756240845
0.5569374561309814;0.17885121703147888
0.5575956106185913;0.17747828364372253
0.5566309094429016;0.17815038561820984
0.5584908723831177;0.18295630812644958
0.5600866675376892;0.1801566779613495
0.5541387796401978;0.17654402554035187
0.5581799745559692;0.17788583040237427
0.5572360157966614;0.17941194772720337
0.5581190586090088;0.18013694882392883
0.5584606528282166;0.18247255682945251
0.5561394691467285;0.17635393142700195
0.5572450160980225;0.17818444967269897
0.5574253797531128;0.18364454805850983
0.5554783344268799;0.17928633093833923
0.5613800287246704;0.18095935881137848
0.5576766729354858;0.17650648951530457
0.5577377676963806;0.17651620507240295
0.5576696395874023;0.17751918733119965
0.556378960609436;0.1786038726568222
0.5579210519790649;0.17753182351589203
0.5575336217880249;0.18335026502609253
0.5584931373596191;0.17945596575737
0.5613962411880493;0.18013688921928406
0.5572562217712402;0.17960326373577118
0.5578175783157349;0.17967489361763
0.5584441423416138;0.18095698952674866
0.555303692817688;0.17446096241474152
0.5545705556869507;0.1775600165128708
0.5578911900520325;0.17808815836906433
0.5598113536834717;0.1786419302225113
0.5598565340042114;0.17835232615470886
0.556364893913269;0.17583343386650085
0.5568101406097412;0.1772659420967102
0.5580658316612244;0.18093715608119965
0.5558290481567383;0.17912200093269348
0.5581507682800293;0.18035098910331726
0.5591555833816528;0.1802796870470047
0.5577291250228882;0.18202415108680725
0.5562609434127808;0.18107403814792633
0.5551663041114807;0.17713375389575958
0.5566652417182922;0.18056340515613556
0.5593585968017578;0.18238750100135803
0.5559442043304443;0.18106114864349365
0.5577037334442139;0.18361243605613708
0.557989239692688;0.17827436327934265
0.5564089417457581;0.17763066291809082
0.5566926598548889;0.18240563571453094
0.5565415024757385;0.17629408836364746
0.557062566280365;0.17845481634140015
0.5571345686912537;0.17963719367980957
0.5562194585800171;0.17801548540592194
0.5561385154724121;0.1790245771408081
0.5580982565879822;0.1783013641834259
0.5581914186477661;0.17895007133483887
0.5560505986213684;0.1772780567407608
0.5559806227684021;0.17854611575603485
0.557553768157959;0.17916449904441833
0.5595372915267944;0.18026411533355713
0.5620090365409851;0.18419063091278076
0.5560874938964844;0.1795123666524887
0.5562853217124939;0.17738868296146393
0.5618718862533569;0.1829138696193695
0.5596898198127747;0.17990902066230774
0.5547513961791992;0.1774921864271164
0.5572653412818909;0.17770534753799438
0.5548402667045593;0.1791592389345169
0.5582563281059265;0.17992115020751953
0.561346709728241;0.18296365439891815
0.5576672554016113;0.1795271784067154
0.5568145513534546;0.17966946959495544
0.554745078086853;0.17922049760818481
0.5577601194381714;0.1790529191493988
0.5530647039413452;0.17736800014972687
0.5564101934432983;0.17727215588092804
0.5550165176391602;0.18028433620929718
0.5589300394058228;0.18088647723197937
0.5567449331283569;0.1790255308151245
0.5557458400726318;0.1803015172481537
0.5565575361251831;0.1795918196439743
0.5566884875297546;0.1804596483707428
0.5605128407478333;0.18057256937026978
0.5558339953422546;0.1790783554315567
0.5622087121009827;0.18129605054855347
0.5567023158073425;0.17932191491127014
0.5546424984931946;0.17865945398807526
0.557105541229248;0.1799374222755432
0.5572466254234314;0.17794451117515564
0.5580882430076599;0.17948049306869507
0.5569865107536316;0.17785827815532684
0.5571068525314331;0.18047450482845306
0.558629035949707;0.1788545846939087
0.5629522204399109;0.18414683640003204
0.558090090751648;0.17908084392547607
0.556475043296814;0.1791590452194214
0.5611106753349304;0.17857229709625244
0.5558741688728333;0.178247332572937
0.5545857548713684;0.17830589413642883
0.5544393062591553;0.1786777675151825
0.5587971210479736;0.18207529187202454
0.5581617951393127;0.17868000268936157
0.556340754032135;0.17618075013160706
0.5577691793441772;0.18049953877925873
0.5592961311340332;0.1832495480775833
0.5601741671562195;0.18087497353553772
0.5567960739135742;0.1807168424129486
0.5596510767936707;0.1779041886329651
0.5570613741874695;0.18116867542266846
0.5551095604896545;0.1775745153427124
0.5588485598564148;0.178974449634552
0.5574301481246948;0.17924371361732483
0.558569610118866;0.17855416238307953
0.5571363568305969;0.18251067399978638
0.5585857629776001;0.18271802365779877
0.5599634647369385;0.17916740477085114
0.5554887056350708;0.17775468528270721
0.5576496124267578;0.17742902040481567
0.5555835366249084;0.17847079038619995
0.557890772819519;0.18196892738342285
0.5562109351158142;0.17710596323013306
0.5596561431884766;0.1797083467245102
0.5556340217590332;0.18043160438537598
0.5564219951629639;0.1806219071149826
0.5571628212928772;0.17828240990638733
0.5585494637489319;0.18080101907253265
0.5562788844108582;0.1780182123184204
0.5570913553237915;0.1800684928894043
0.5583488941192627;0.18018829822540283
0.5633140802383423;0.1815364956855774
0.5580744743347168;0.17924371361732483
0.5564352869987488;0.1766144335269928
0.5571122169494629;0.178000345826149
0.5570722818374634;0.17711777985095978
0.556803822517395;0.17853541672229767
0.5576920509338379;0.17922581732273102
0.5576704740524292;0.18295030295848846
0.5562916994094849;0.17646168172359467
0.5601091384887695;0.17955748736858368
0.5564584136009216;0.1807752251625061
0.5572158098220825;0.17938297986984253
0.5552296042442322;0.1797977089881897
0.5601978302001953;0.18134091794490814
0.5567964911460876;0.17833350598812103
0.5588491559028625;0.17979934811592102
0.5536658763885498;0.1764540672302246
0.5569096803665161;0.1784593015909195
0.5572104454040527;0.17857372760772705
0.5574742555618286;0.1771012842655182
0.560160756111145;0.17960868775844574
0.5579877495765686;0.1798713058233261
0.5558890104293823;0.18043743073940277
0.5560638308525085;0.1805088222026825
0.5568137764930725;0.17885740101337433
0.5563852787017822;0.17801982164382935
0.559113621711731;0.17764128744602203
0.5559056997299194;0.17535191774368286
0.5585042238235474;0.18412891030311584
0.5583193302154541;0.18115031719207764
0.5582893490791321;0.1805274784564972
0.559167742729187;0.18202944099903107
0.556437611579895;0.17748190462589264
0.5568755865097046;0.17869439721107483
0.5553901195526123;0.18021564185619354
0.5598940849304199;0.18113160133361816
0.5564172267913818;0.17875666916370392
0.5572378039360046;0.17841021716594696
0.5603991746902466;0.18271590769290924
0.5548922419548035;0.17725422978401184
0.5569944381713867;0.1826254278421402
0.5610545873641968;0.18157899379730225
0.556074321269989;0.18057967722415924
0.5561904907226562;0.1823328137397766
0.5589995384216309;0.1801184117794037
0.5580530762672424;0.18015490472316742
0.559734582901001;0.18200922012329102
0.5588722229003906;0.1782320886850357
0.5586103200912476;0.17982463538646698
0.5592048168182373;0.17801444232463837
0.5572082996368408;0.18064284324645996
0.5575885772705078;0.17814460396766663
0.556451141834259;0.176140695810318
0.5578724145889282;0.1800839751958847
0.5553500652313232;0.17878088355064392
0.5563234686851501;0.17957819998264313
0.5555347800254822;0.18102434277534485
0.5560228824615479;0.17693130671977997
0.5565187931060791;0.17944028973579407
0.5576215982437134;0.17945796251296997
0.5608116388320923;0.1799074113368988
0.5561294555664062;0.17564263939857483
0.5564119815826416;0.177667498588562
0.5590651631355286;0.18040765821933746
0.5570490956306458;0.17801502346992493
0.5553695559501648;0.1781863272190094
0.5568506717681885;0.1779743731021881
0.5571990609169006;0.18016035854816437
0.5579932332038879;0.18316765129566193
0.5562954545021057;0.18231886625289917
0.5561122894287109;0.17591993510723114
0.5585668683052063;0.1804165095090866
0.5549046993255615;0.17896968126296997
0.559160053730011;0.18149784207344055
0.5564066171646118;0.1784915030002594
0.5587121844291687;0.18157899379730225
0.5583871603012085;0.1804143339395523
0.5577940940856934;0.18078002333641052
0.5557076334953308;0.17680411040782928
0.5560805797576904;0.1809084117412567
0.5577422380447388;0.1822364181280136
0.5573447942733765;0.1783462017774582
0.5563001036643982;0.17947053909301758
0.5572525262832642;0.1795329451560974
0.555474579334259;0.1798752397298813
0.5584286451339722;0.17886114120483398
0.5574674606323242;0.18190595507621765
0.5581029057502747;0.18218401074409485
0.5570647716522217;0.178452730178833
0.5590615272521973;0.17852415144443512
0.5573334693908691;0.17913730442523956
0.5572898387908936;0.18005067110061646
0.5562383532524109;0.17879973351955414
0.5557652711868286;0.1809559315443039
0.5569487810134888;0.18002405762672424
0.5597503781318665;0.17920975387096405
0.5571176409721375;0.17977389693260193
0.5611733794212341;0.18129456043243408
0.5587056875228882;0.18073898553848267
0.5607030987739563;0.18122169375419617
0.5578182935714722;0.17965508997440338
0.5575367212295532;0.18003828823566437
0.5575434565544128;0.17977473139762878
0.5587024688720703;0.18046912550926208
0.5593996047973633;0.18111322820186615
0.5567658543586731;0.1812797337770462
0.5558122396469116;0.17792804539203644
0.5596990585327148;0.18174202740192413
0.5606409311294556;0.18266287446022034
0.5591642260551453;0.18053168058395386
0.5582496523857117;0.1789936125278473
0.5580490827560425;0.1796516627073288
0.5556095838546753;0.17827288806438446
0.5552675724029541;0.17838697135448456
0.5576492547988892;0.1770293414592743
0.5565246343612671;0.17787037789821625
0.5567489862442017;0.17756280303001404
0.5572558641433716;0.1823529601097107
0.5575041174888611;0.17804960906505585
0.5600845217704773;0.17983821034431458
0.5621877312660217;0.17894971370697021
0.5560014843940735;0.17871451377868652
0.5569318532943726;0.17631985247135162
0.5554266571998596;0.1787291169166565
0.5600572824478149;0.17959539592266083
0.5575261116027832;0.17799855768680573
0.5579413175582886;0.18441879749298096
0.5588771104812622;0.18066127598285675
0.5562577843666077;0.17842638492584229
0.5591492652893066;0.17923158407211304
0.5552235245704651;0.1798463612794876
0.5567530989646912;0.18135572969913483
0.5578835010528564;0.17854717373847961
0.5568510890007019;0.17861710488796234
0.5619503259658813;0.18435423076152802
0.5572059154510498;0.1791176050901413
0.5598454475402832;0.18055996298789978
0.5571006536483765;0.17868009209632874
0.5598806142807007;0.17869767546653748
0.5564433336257935;0.1816857010126114
0.5582449436187744;0.18213580548763275
0.5607744455337524;0.18185725808143616
0.5564446449279785;0.1769963502883911
0.5595873594284058;0.17920319736003876
0.5549062490463257;0.1781482696533203
0.5585623979568481;0.17944040894508362
0.5585151314735413;0.17948542535305023
0.5569262504577637;0.17852085828781128
0.5581356287002563;0.17984022200107574
0.5553195476531982;0.18015837669372559
0.5538822412490845;0.1776549220085144
0.5596452355384827;0.1806664764881134
0.5553236603736877;0.17757615447044373
0.5562528371810913;0.1776551753282547
0.5568440556526184;0.17662771046161652
0.5569900274276733;0.17692476511001587
0.5594896674156189;0.18125946819782257
0.5560867190361023;0.17765791714191437
0.5570624470710754;0.17848719656467438
0.5606014728546143;0.1834898442029953
0.5571126937866211;0.18013997375965118
0.5566867589950562;0.17899230122566223
0.5570640563964844;0.1784926950931549
0.5544748902320862;0.1793070137500763
0.5562134981155396;0.17968277633190155
0.5579556226730347;0.18180076777935028
0.5580322742462158;0.18130910396575928
0.5583908557891846;0.17925523221492767
0.5571468472480774;0.177591472864151
0.5575015544891357;0.18076136708259583
0.5584231615066528;0.17979484796524048
0.5572449564933777;0.18073680996894836
0.5600860118865967;0.18021149933338165
0.5580832958221436;0.18069562315940857
0.5577245354652405;0.17949089407920837
0.5584368109703064;0.17663070559501648
0.5578237771987915;0.18140073120594025
0.5545904636383057;0.1781686246395111
0.5570878982543945;0.17991068959236145
0.5550689697265625;0.17800578474998474
0.5554261803627014;0.1751321405172348
0.5552853345870972;0.18057964742183685
0.5605126619338989;0.18018409609794617
0.5557858943939209;0.1806872934103012
0.559645414352417;0.17919258773326874
0.5583310127258301;0.179543137550354
0.5581476092338562;0.17846113443374634
0.5563265681266785;0.17967450618743896
0.5578620433807373;0.17869168519973755
0.5562185049057007;0.17713019251823425
0.5554912090301514;0.17417338490486145
0.5608565211296082;0.18297162652015686
0.5592613816261292;0.18023927509784698
0.5596106052398682;0.18037578463554382
0.556852400302887;0.1786830574274063
0.5582095980644226;0.1806325614452362
0.5582818984985352;0.17947719991207123
0.5571044683456421;0.1800515353679657
0.5566178560256958;0.17768661677837372
0.5566926598548889;0.17770445346832275
0.5558914542198181;0.17597132921218872
0.5587934851646423;0.17904266715049744
0.559387743473053;0.18051226437091827
0.5553080439567566;0.17647044360637665
0.5540734529495239;0.17694109678268433
0.5561131238937378;0.17861463129520416
0.5573687553405762;0.18007206916809082
0.5597286820411682;0.17874085903167725
