err_mean;err_cos1;err_cos2;err_cos3
0.9814150929450989;0.15843622386455536;0.5001866817474365;1.0311154127120972
0.9815561175346375;0.15905292332172394;0.4986143112182617;1.0229625701904297
0.9818210005760193;0.15937884151935577;0.4959414005279541;1.0078741312026978
0.981113076210022;0.1594490259885788;0.4900023639202118;0.9801837801933289
0.9817227721214294;0.16121987998485565;0.4816828668117523;0.9320257306098938
0.9815358519554138;0.16299854218959808;0.46466657519340515;0.8511993288993835
0.9835858345031738;0.1672482192516327;0.4422820210456848;0.7332536578178406
0.9846333861351013;0.17333045601844788;0.4075438678264618;0.5846573114395142
0.984552800655365;0.18008732795715332;0.3620365560054779;0.4362298548221588
0.9849169850349426;0.18969395756721497;0.3241773247718811;0.33585700392723083
0.985118567943573;0.20432618260383606;0.29311853647232056;0.28066426515579224
0.9832786917686462;0.22262410819530487;0.26721280813217163;0.25110670924186707
0.98438960313797;0.24398541450500488;0.2487872689962387;0.23489156365394592
0.9858522415161133;0.2640291154384613;0.23771579563617706;0.23313431441783905
0.9827353358268738;0.28033626079559326;0.22890909016132355;0.2334582656621933
0.9813435673713684;0.29712191224098206;0.22216112911701202;0.22571687400341034
0.982304036617279;0.3138565719127655;0.21759210526943207;0.2318478375673294
0.9811893701553345;0.3273317813873291;0.21643967926502228;0.22675958275794983
0.9810019731521606;0.3414437770843506;0.2164434939622879;0.2261565923690796
0.9832814335823059;0.35451674461364746;0.2134411782026291;0.22492070496082306
0.9846494793891907;0.36796116828918457;0.21516703069210052;0.22794298827648163
0.982032299041748;0.3824710547924042;0.21733669936656952;0.22388842701911926
0.9806661605834961;0.3964826762676239;0.21581517159938812;0.22606153786182404
0.9786127209663391;0.40823203325271606;0.21738779544830322;0.22785520553588867
0.9795145392417908;0.4188706874847412;0.21553047001361847;0.2302500307559967
0.9790302515029907;0.429425448179245;0.22047089040279388;0.22966794669628143
0.9772674441337585;0.4408065378665924;0.21651045978069305;0.2294868528842926
0.9779859781265259;0.4490090012550354;0.21388165652751923;0.2320106476545334
0.9775794148445129;0.45833492279052734;0.2174806445837021;0.23391877114772797
0.9770771861076355;0.4671693444252014;0.21829953789710999;0.22930701076984406
0.9761295318603516;0.4738328158855438;0.22083237767219543;0.22971530258655548
0.9757198691368103;0.48201656341552734;0.22099052369594574;0.2318517416715622
0.9755174517631531;0.48949146270751953;0.2180214375257492;0.22883906960487366
0.9752908945083618;0.49783045053482056;0.22040848433971405;0.22721253335475922
0.974157452583313;0.5028409361839294;0.2165004312992096;0.22435574233531952
0.9740293622016907;0.5066940188407898;0.2145104855298996;0.22491808235645294
0.9721967577934265;0.5114020705223083;0.21277235448360443;0.22806839644908905
0.9699533581733704;0.5185117125511169;0.2149209976196289;0.2219066172838211
0.9686374664306641;0.5238889455795288;0.21813416481018066;0.22814157605171204
0.9676218032836914;0.5287489891052246;0.21553967893123627;0.2248990386724472
0.9672407507896423;0.5315510630607605;0.2160377949476242;0.22717390954494476
0.9688728451728821;0.5355367064476013;0.21449147164821625;0.22485743463039398
0.9689385294914246;0.5377209782600403;0.2165234088897705;0.2253653109073639
0.9666281938552856;0.5403344631195068;0.2157052755355835;0.22815656661987305
0.96795254945755;0.5450450778007507;0.2133568525314331;0.22937801480293274
0.9686066508293152;0.5472257137298584;0.2116239070892334;0.23051778972148895
0.967041015625;0.548568844795227;0.21469806134700775;0.2273588627576828
0.964766800403595;0.5515260696411133;0.21262645721435547;0.22619441151618958
0.9639285206794739;0.5526542067527771;0.21173246204853058;0.229786679148674
0.9635831713676453;0.5573626756668091;0.21212230622768402;0.2333613932132721
0.9646698236465454;0.561706006526947;0.2129809856414795;0.2344958782196045
0.9692220091819763;0.5654407739639282;0.2147771567106247;0.22911588847637177
0.9693655967712402;0.5688996315002441;0.216705322265625;0.23198078572750092
0.9704446792602539;0.570392370223999;0.21716895699501038;0.22660060226917267
0.969521701335907;0.5725428462028503;0.21298013627529144;0.22502675652503967
0.9722887873649597;0.5739381909370422;0.2145662158727646;0.2246563732624054
0.9746648073196411;0.5737040638923645;0.21481361985206604;0.22540660202503204
0.9744324684143066;0.5739864110946655;0.2086542844772339;0.22042523324489594
0.9759833216667175;0.5755227208137512;0.21158039569854736;0.22187964618206024
0.9734595417976379;0.5767307281494141;0.21370898187160492;0.22138343751430511
0.9741299748420715;0.5782148838043213;0.2157626450061798;0.2184848040342331
0.9709653854370117;0.5772706270217896;0.22010186314582825;0.2209879457950592
0.9695585370063782;0.5782998204231262;0.2208380252122879;0.22416968643665314
0.9697874188423157;0.5791237950325012;0.21866373717784882;0.22244897484779358
0.9701281785964966;0.579379677772522;0.218378946185112;0.22459225356578827
0.9651408195495605;0.5795993208885193;0.21820612251758575;0.22442293167114258
0.966218888759613;0.5803670883178711;0.2190438061952591;0.22117562592029572
0.9681755304336548;0.5811261534690857;0.2183484584093094;0.22615113854408264
0.9684635996818542;0.5811777114868164;0.21918416023254395;0.22749029099941254
0.9697985053062439;0.5814024209976196;0.21893619000911713;0.2257971316576004
0.9717508554458618;0.5813731551170349;0.21994860470294952;0.22361694276332855
0.9726678729057312;0.5797359347343445;0.21873365342617035;0.22721777856349945
0.9723296165466309;0.579185962677002;0.21517696976661682;0.23058953881263733
0.9719697833061218;0.5824836492538452;0.21483293175697327;0.23077216744422913
0.9725242853164673;0.581109881401062;0.21407835185527802;0.22707124054431915
0.9706913232803345;0.5831270217895508;0.211691215634346;0.22895224392414093
0.9682742953300476;0.5824478268623352;0.21012094616889954;0.22961583733558655
0.9668981432914734;0.5821003317832947;0.21184496581554413;0.23292402923107147
0.9656640887260437;0.5830783843994141;0.2100876420736313;0.2369348555803299
0.9660544395446777;0.5826256275177002;0.20798754692077637;0.23308883607387543
0.9691991806030273;0.5828424692153931;0.20786964893341064;0.23492009937763214
0.9697118997573853;0.5843784809112549;0.21311946213245392;0.23667709529399872
0.970048725605011;0.5851079821586609;0.20971934497356415;0.2316679060459137
0.9689103364944458;0.585401177406311;0.20891189575195312;0.23062396049499512
0.9701964259147644;0.5848753452301025;0.20719873905181885;0.22400985658168793
0.9689024090766907;0.5854694247245789;0.20917652547359467;0.21833546459674835
0.9685425162315369;0.583582878112793;0.21036651730537415;0.2203264683485031
0.9687860608100891;0.5868011713027954;0.21297720074653625;0.22314059734344482
0.9685587286949158;0.5858498215675354;0.2128516286611557;0.22163794934749603
0.9695191383361816;0.5861393809318542;0.2157881259918213;0.22132249176502228
0.9705934524536133;0.587249755859375;0.21687889099121094;0.2225530594587326
0.9699064493179321;0.5853326916694641;0.21667149662971497;0.22664058208465576
0.9689810872077942;0.5872366428375244;0.21288500726222992;0.22253265976905823
0.9718897938728333;0.5873496532440186;0.21355710923671722;0.22836382687091827
0.9699031710624695;0.5866312384605408;0.21229290962219238;0.22639837861061096
0.9694010019302368;0.5856667757034302;0.2145293802022934;0.2261151820421219
0.9677859544754028;0.5864096283912659;0.21429772675037384;0.2257024347782135
0.9679285287857056;0.5863258242607117;0.21453116834163666;0.228922039270401
0.9692169427871704;0.5870544910430908;0.216704323887825;0.23334570229053497
0.9702247977256775;0.5866231918334961;0.21835818886756897;0.23049521446228027
0.9703958630561829;0.5872952342033386;0.22063112258911133;0.22799234092235565
0.968859851360321;0.5874155163764954;0.22014327347278595;0.22769717872142792
0.9704331755638123;0.5891335606575012;0.22009602189064026;0.22583059966564178
0.9708105325698853;0.5888618230819702;0.21536365151405334;0.22569838166236877
0.9725891947746277;0.5889131426811218;0.21658232808113098;0.22738957405090332
0.9728345274925232;0.589253842830658;0.21383439004421234;0.22358384728431702
0.974640965461731;0.5901296734809875;0.21237146854400635;0.2232285588979721
0.9741421937942505;0.5896475911140442;0.21535606682300568;0.22576773166656494
0.9729421734809875;0.5880001187324524;0.213728666305542;0.22490949928760529
0.9739359021186829;0.588199257850647;0.2115582674741745;0.22712822258472443
0.971501350402832;0.5879524350166321;0.21605010330677032;0.22658295929431915
0.9725869297981262;0.5888247489929199;0.21637330949306488;0.22563020884990692
0.9741654396057129;0.5880768895149231;0.21746063232421875;0.22421753406524658
0.9773290753364563;0.5865501761436462;0.21503598988056183;0.23128683865070343
0.9788569808006287;0.5870413184165955;0.21397002041339874;0.22300143539905548
0.980787456035614;0.586681604385376;0.21748919785022736;0.22517351806163788
0.9799434542655945;0.588296115398407;0.21692590415477753;0.22342796623706818
0.9807369112968445;0.5888116955757141;0.21468758583068848;0.22313189506530762
0.9799179434776306;0.5903162956237793;0.2183893918991089;0.22097359597682953
0.9812135100364685;0.5912443995475769;0.21808896958827972;0.22122657299041748
0.9787468314170837;0.5906009078025818;0.21899394690990448;0.2231293022632599
0.9802774786949158;0.5908731818199158;0.21701262891292572;0.22340980172157288
0.9773027300834656;0.5913316011428833;0.21948528289794922;0.2244638055562973
0.9767061471939087;0.5914714336395264;0.22009769082069397;0.22354722023010254
0.9773427248001099;0.5923140048980713;0.2209726870059967;0.22272060811519623
0.9786252379417419;0.5930556654930115;0.21924296021461487;0.22543780505657196
0.9791507720947266;0.593411386013031;0.2180325984954834;0.2258722335100174
0.9770025610923767;0.5960804224014282;0.21391084790229797;0.22935114800930023
0.9743238687515259;0.5989326238632202;0.21595488488674164;0.22675739228725433
0.9760918021202087;0.5975534915924072;0.21582470834255219;0.2260051816701889
0.9767181277275085;0.5955849885940552;0.21352727711200714;0.22690804302692413
0.9749118685722351;0.5951290726661682;0.21420834958553314;0.2265528291463852
0.9744688272476196;0.594271183013916;0.2119866907596588;0.22820745408535004
0.9758148193359375;0.593468189239502;0.21131180226802826;0.22749470174312592
0.9739995002746582;0.5948900580406189;0.21021106839179993;0.22797445952892303
0.9724545478820801;0.5938180685043335;0.2118542641401291;0.22743339836597443
0.970635712146759;0.5939421057701111;0.21382363140583038;0.22915010154247284
0.9684188961982727;0.5943443775177002;0.21337735652923584;0.22809679806232452
0.9704937934875488;0.5940598845481873;0.21096257865428925;0.22971303761005402
0.9681574106216431;0.5938646793365479;0.2106000930070877;0.2276640385389328
0.9678556323051453;0.595292329788208;0.21120409667491913;0.2311340868473053
0.9654830098152161;0.5946119427680969;0.20976515114307404;0.2308666706085205
0.966883659362793;0.5930531620979309;0.21226339042186737;0.2265014499425888
0.9673399925231934;0.5943254232406616;0.21402549743652344;0.2266717404127121
0.9662619829177856;0.5952028036117554;0.21702800691127777;0.22570310533046722
0.9664012789726257;0.5930888652801514;0.2146795094013214;0.22771631181240082
0.9661165475845337;0.5927798748016357;0.21419444680213928;0.22625242173671722
0.9655485153198242;0.5941740870475769;0.21462669968605042;0.22799396514892578
0.9648907780647278;0.5929941534996033;0.21370844542980194;0.2265027016401291
0.9652934074401855;0.5926772952079773;0.21699614822864532;0.23006577789783478
0.9636818170547485;0.5934381484985352;0.21541880071163177;0.2301650494337082
0.9626340866088867;0.5935339331626892;0.21623049676418304;0.22704045474529266
0.9657663702964783;0.5928057432174683;0.21444563567638397;0.2276141196489334
0.9635774493217468;0.5923515558242798;0.211839959025383;0.23028305172920227
0.9619680643081665;0.592702329158783;0.21099737286567688;0.23266389966011047
0.9623847007751465;0.591674268245697;0.2157622128725052;0.23384509980678558
0.963868260383606;0.5910205245018005;0.22093892097473145;0.22790566086769104
0.9627603888511658;0.5910711884498596;0.21979062259197235;0.22519050538539886
0.9642934203147888;0.5898276567459106;0.2192063331604004;0.22310657799243927
0.966192364692688;0.5904962420463562;0.21756596863269806;0.2265460044145584
0.9639405608177185;0.5877556204795837;0.21233604848384857;0.22667570412158966
0.965912938117981;0.5877706408500671;0.21528403460979462;0.22440075874328613
0.965584397315979;0.5895420908927917;0.21518568694591522;0.22326958179473877
0.9660964012145996;0.5905965566635132;0.21603424847126007;0.21932001411914825
0.9669457674026489;0.5921074748039246;0.21218585968017578;0.22115306556224823
0.9651346206665039;0.5924112796783447;0.21726694703102112;0.22209572792053223
0.9671711325645447;0.5926436185836792;0.21721439063549042;0.22366061806678772
0.9657617807388306;0.5915956497192383;0.2191833108663559;0.2216833084821701
0.9633763432502747;0.5914301872253418;0.22230839729309082;0.2210322916507721
0.9606518149375916;0.5926409959793091;0.21857452392578125;0.22410455346107483
0.9593586325645447;0.5928583145141602;0.2167380154132843;0.22458162903785706
0.9585532546043396;0.593624472618103;0.21756048500537872;0.22637557983398438
0.9585532546043396;0.5921627879142761;0.21669018268585205;0.22674356400966644
0.957767903804779;0.5934129953384399;0.22096875309944153;0.22397398948669434
0.9582797884941101;0.5927484631538391;0.2184651643037796;0.22275646030902863
0.9601964950561523;0.592028021812439;0.21641011536121368;0.22755210101604462
0.9617420434951782;0.5905032157897949;0.21528224647045135;0.22788572311401367
0.9623241424560547;0.5899521708488464;0.2127891629934311;0.22472958266735077
0.9614163637161255;0.5914840698242188;0.21744024753570557;0.2285681813955307
0.9606191515922546;0.5915623903274536;0.2147415429353714;0.22500407695770264
0.9602528810501099;0.5929061770439148;0.21543298661708832;0.22671718895435333
0.9580724835395813;0.595081627368927;0.21429958939552307;0.22757911682128906
0.9600003361701965;0.5950481295585632;0.21419338881969452;0.2247752994298935
0.9592882394790649;0.5960401892662048;0.21588826179504395;0.22331617772579193
0.9600481390953064;0.595818817615509;0.21795354783535004;0.22696781158447266
0.9613285064697266;0.5960736870765686;0.2147754281759262;0.21890302002429962
0.9606302380561829;0.5940222144126892;0.2154921144247055;0.21962378919124603
0.9610977172851562;0.5944041013717651;0.2112063616514206;0.22080813348293304
0.9616214632987976;0.5919360518455505;0.21224310994148254;0.22535748779773712
0.9614152312278748;0.5899433493614197;0.21392403542995453;0.21888093650341034
0.9610812067985535;0.5891607403755188;0.21686673164367676;0.22284427285194397
0.9592326283454895;0.5869818925857544;0.2153330296278;0.22451825439929962
0.9567165374755859;0.5888535380363464;0.21777307987213135;0.22556419670581818
0.9572292566299438;0.5890238881111145;0.21593797206878662;0.2257133573293686
0.9557134509086609;0.5885072350502014;0.21858994662761688;0.22360964119434357
0.9553122520446777;0.5893126130104065;0.21800248324871063;0.22358925640583038
0.9543415904045105;0.5907363891601562;0.219546839594841;0.22486749291419983
0.953904926776886;0.5901252627372742;0.21679674088954926;0.22745147347450256
0.9489619135856628;0.5918788909912109;0.21577835083007812;0.22425954043865204
0.9469932913780212;0.5916251540184021;0.21544890105724335;0.22444748878479004
0.9494909644126892;0.592240035533905;0.21660709381103516;0.2262551337480545
0.9478639960289001;0.5919638872146606;0.21597614884376526;0.22900982201099396
0.9453529715538025;0.5920147895812988;0.21522855758666992;0.22822391986846924
0.9474445581436157;0.5907407999038696;0.21378754079341888;0.22831110656261444
0.9484530687332153;0.5904251933097839;0.21712057292461395;0.22865918278694153
0.9493665099143982;0.5899521708488464;0.21872054040431976;0.23171141743659973
0.9486961364746094;0.5900757312774658;0.21895523369312286;0.2274683713912964
0.9496999979019165;0.5913488864898682;0.21861790120601654;0.23153196275234222
0.949451744556427;0.5934916734695435;0.21845443546772003;0.23080401122570038
0.9522175192832947;0.5909086465835571;0.21926426887512207;0.22713957726955414
0.9513878226280212;0.5903444290161133;0.21793924272060394;0.22621145844459534
0.9510572552680969;0.5898114442825317;0.21604371070861816;0.22542719542980194
0.9500236511230469;0.5889104008674622;0.22024427354335785;0.23075418174266815
0.9479469656944275;0.5885845422744751;0.22130122780799866;0.22435049712657928
0.9516077041625977;0.5880662798881531;0.22068838775157928;0.22776634991168976
0.9517764449119568;0.5859970450401306;0.22019515931606293;0.22737422585487366
0.9512384533882141;0.584950864315033;0.21485380828380585;0.22615985572338104
0.9539298415184021;0.5841395258903503;0.21270857751369476;0.22653396427631378
0.9543795585632324;0.5845851898193359;0.21186260879039764;0.22251491248607635
0.954624354839325;0.5841307640075684;0.2073301523923874;0.22094488143920898
0.9508306384086609;0.5853374600410461;0.20927320420742035;0.22319269180297852
0.9513079524040222;0.5846738219261169;0.21146629750728607;0.22456474602222443
0.9515410661697388;0.5868172645568848;0.2114579677581787;0.22737665474414825
0.9517847299575806;0.5871077179908752;0.21476726233959198;0.22847199440002441
0.9499584436416626;0.5870111584663391;0.2161499559879303;0.22615186870098114
0.9514431953430176;0.5852638483047485;0.21500180661678314;0.2257554978132248
0.954039990901947;0.5856515765190125;0.2170725166797638;0.22662393748760223
0.9536064267158508;0.5857424736022949;0.2141983062028885;0.22946171462535858
0.9526834487915039;0.5866202712059021;0.2132069170475006;0.22902987897396088
0.9524219632148743;0.5887482762336731;0.21421395242214203;0.22909903526306152
0.9495682120323181;0.58916836977005;0.21718113124370575;0.22498218715190887
0.950295627117157;0.5882794260978699;0.2175230085849762;0.22836998105049133
0.9496212005615234;0.5877386331558228;0.21723313629627228;0.227817103266716
0.9466339349746704;0.586996853351593;0.21655778586864471;0.22658267617225647
0.948958694934845;0.5877014994621277;0.214918851852417;0.23128938674926758
0.9503183364868164;0.5875483751296997;0.21975575387477875;0.22654584050178528
0.9492875933647156;0.5884732604026794;0.219065859913826;0.22042016685009003
0.9504353404045105;0.5894430875778198;0.2133260816335678;0.21750321984291077
0.9497587084770203;0.5908836722373962;0.21511010825634003;0.22180378437042236
0.9498674273490906;0.5923786163330078;0.2160816639661789;0.22452788054943085
0.9511051177978516;0.5916162729263306;0.21411381661891937;0.22482255101203918
0.9508528709411621;0.5899938344955444;0.216047003865242;0.22914648056030273
0.9520283937454224;0.5913815498352051;0.2165568321943283;0.22777418792247772
0.9533780217170715;0.5911719799041748;0.2164255678653717;0.23276768624782562
0.9530327916145325;0.590205192565918;0.21599280834197998;0.22674031555652618
0.9524413347244263;0.5904877781867981;0.21517448127269745;0.22869133949279785
0.9536102414131165;0.590213418006897;0.2135574370622635;0.23358154296875
0.9535282254219055;0.589384138584137;0.20962019264698029;0.22858504951000214
0.952413022518158;0.5893152356147766;0.20887744426727295;0.23048846423625946
0.9525613784790039;0.5870646834373474;0.20719841122627258;0.2242380678653717
0.9532267451286316;0.5873668789863586;0.20677295327186584;0.22450773417949677
0.9533317685127258;0.5873759388923645;0.20659887790679932;0.2253108024597168
0.9521459937095642;0.5871662497520447;0.20851199328899384;0.22195196151733398
0.9508867263793945;0.5880351662635803;0.20695562660694122;0.22709985077381134
0.9523115158081055;0.588362991809845;0.2103443592786789;0.22731219232082367
0.9534863829612732;0.5891286134719849;0.20873048901557922;0.2283533811569214
0.9518539309501648;0.5897599458694458;0.210375115275383;0.23010575771331787
0.9516493082046509;0.589024007320404;0.21167373657226562;0.22884050011634827
0.9532254338264465;0.5895978808403015;0.2121349424123764;0.22823844850063324
0.9520339965820312;0.5898324847221375;0.20907314121723175;0.2276664525270462
0.9530628323554993;0.5890907645225525;0.21238766610622406;0.226069837808609
0.9548215270042419;0.5891632437705994;0.21553099155426025;0.22943110764026642
0.9536693692207336;0.5864788889884949;0.2146935909986496;0.22594192624092102
0.9533731341362;0.5876132845878601;0.21656785905361176;0.2264196127653122
0.9525814056396484;0.5867217779159546;0.21776309609413147;0.22223897278308868
0.9551407694816589;0.5853671431541443;0.21818915009498596;0.22357939183712006
0.9564957022666931;0.5864242911338806;0.21538367867469788;0.2267744541168213
0.9557422995567322;0.5875024199485779;0.21287396550178528;0.22551070153713226
0.9538652300834656;0.5864538550376892;0.21325340867042542;0.22316649556159973
0.9591231346130371;0.5883154273033142;0.21118144690990448;0.22380481660366058
0.9610177874565125;0.5870782732963562;0.21238194406032562;0.22426943480968475
0.9558162689208984;0.5882589221000671;0.2145407497882843;0.22454261779785156
0.9546183943748474;0.5881368517875671;0.21299424767494202;0.22638745605945587
0.9548578262329102;0.5857556462287903;0.21259525418281555;0.2257460206747055
0.9554963111877441;0.5863008499145508;0.21456222236156464;0.2256908416748047
0.95284503698349;0.5841342210769653;0.21239948272705078;0.23275995254516602
0.950714111328125;0.5840104818344116;0.21308265626430511;0.2306305468082428
0.950965404510498;0.5830093622207642;0.2169589251279831;0.2263367921113968
0.9518018960952759;0.5840925574302673;0.21515034139156342;0.22538995742797852
0.9515604376792908;0.583716094493866;0.21534419059753418;0.2215528041124344
0.9540861248970032;0.5822309851646423;0.21570603549480438;0.22292327880859375
0.9515919089317322;0.5842079520225525;0.21216562390327454;0.22653882205486298
0.9517097473144531;0.5841802358627319;0.21166718006134033;0.22700095176696777
0.9539654850959778;0.5861220359802246;0.2135942429304123;0.22740960121154785
0.9540630578994751;0.5869706273078918;0.21686184406280518;0.22909274697303772
0.9542736411094666;0.5879234671592712;0.21506960690021515;0.22916515171527863
0.9534220099449158;0.5885988473892212;0.2121904194355011;0.22463281452655792
0.9542730450630188;0.5898956656455994;0.21429865062236786;0.2207573503255844
0.9554241299629211;0.5898577570915222;0.213161900639534;0.2260824739933014
0.9555514454841614;0.5896175503730774;0.21613872051239014;0.22525663673877716
0.9557259678840637;0.592171311378479;0.2131061553955078;0.2269553691148758
0.9543560147285461;0.5922051668167114;0.21374738216400146;0.2273031324148178
0.9501827359199524;0.594677746295929;0.21278516948223114;0.22700448334217072
0.9504730105400085;0.5948017239570618;0.21126313507556915;0.22713012993335724
0.9485794305801392;0.5939417481422424;0.2137148678302765;0.22516460716724396
0.9465852975845337;0.5949227213859558;0.21537566184997559;0.22201278805732727
0.9484466910362244;0.5944883227348328;0.21447955071926117;0.2267368882894516
0.9481353163719177;0.5959897041320801;0.21820068359375;0.23471112549304962
0.9461193084716797;0.5946351885795593;0.22077098488807678;0.23137317597866058
0.9466171264648438;0.5953993797302246;0.21906082332134247;0.22658951580524445
0.9503588080406189;0.5963897109031677;0.21742992103099823;0.22383752465248108
0.950434684753418;0.5955728888511658;0.2200322449207306;0.22377415001392365
0.9468801617622375;0.5955142974853516;0.2209552377462387;0.22170840203762054
0.9447023272514343;0.5958806872367859;0.21869830787181854;0.22131085395812988
0.9447816014289856;0.5960863828659058;0.21585944294929504;0.22400830686092377
0.9430136680603027;0.5945701003074646;0.2153010368347168;0.22564168274402618
0.9429327249526978;0.594444215297699;0.21459732949733734;0.22662511467933655
0.9424280524253845;0.5936760902404785;0.2143261879682541;0.2268342822790146
0.9447657465934753;0.5927574038505554;0.21468880772590637;0.22277645766735077
0.9472797513008118;0.5928716063499451;0.21384663879871368;0.22732508182525635
0.9456908106803894;0.5931841731071472;0.21266524493694305;0.22348566353321075
0.9434537887573242;0.5936508178710938;0.2131023406982422;0.2251911610364914
0.9463708996772766;0.5925074219703674;0.21217556297779083;0.22376780211925507
0.9436283111572266;0.5908817648887634;0.21295607089996338;0.22295232117176056
0.9427517056465149;0.5917534232139587;0.21538622677326202;0.22196388244628906
0.9442242980003357;0.5922033190727234;0.21786241233348846;0.22308240830898285
0.9449204802513123;0.5926957726478577;0.22103087604045868;0.22708742320537567
0.9462089538574219;0.5926588177680969;0.21866989135742188;0.2246304303407669
0.9467594027519226;0.5919529795646667;0.2193615883588791;0.22712922096252441
0.9469100832939148;0.5918871164321899;0.2200472354888916;0.22296933829784393
0.9484880566596985;0.5921025276184082;0.21872501075267792;0.22816447913646698
0.9498712420463562;0.5928572416305542;0.21523891389369965;0.22687049210071564
0.9489790797233582;0.5940503478050232;0.2157013714313507;0.22672896087169647
0.948225200176239;0.5941165685653687;0.21875007450580597;0.2245001345872879
0.9504502415657043;0.592806339263916;0.22010000050067902;0.2275257408618927
0.9508751034736633;0.5925900340080261;0.21505646407604218;0.22690449655056
0.9516429901123047;0.5906705260276794;0.21375493705272675;0.22599449753761292
0.9532111287117004;0.5906109809875488;0.21765601634979248;0.22571134567260742
0.9526219367980957;0.5916714072227478;0.21807292103767395;0.22833938896656036
0.9542194604873657;0.5920348167419434;0.2170432060956955;0.22623811662197113
0.9535905718803406;0.591705858707428;0.21655236184597015;0.22406797111034393
0.9548398852348328;0.5921140909194946;0.2161661684513092;0.22385258972644806
0.9531246423721313;0.5912566184997559;0.21653161942958832;0.22491370141506195
0.9535521864891052;0.5912012457847595;0.21198268234729767;0.22878551483154297
0.9541147351264954;0.5915836691856384;0.2086021453142166;0.22773270308971405
0.9526268243789673;0.5935589671134949;0.21246495842933655;0.22332321107387543
0.9512321352958679;0.59379643201828;0.21214976906776428;0.22386537492275238
0.9512336850166321;0.5943253636360168;0.21403896808624268;0.22813355922698975
0.950792133808136;0.5943172574043274;0.2145073413848877;0.22687111794948578
0.9510955214500427;0.5939028263092041;0.21502161026000977;0.2259872406721115
0.9516231417655945;0.594868004322052;0.21755003929138184;0.22446146607398987
0.9506479501724243;0.5960874557495117;0.21786899864673615;0.22717824578285217
0.9512550234794617;0.5965666174888611;0.22011664509773254;0.2291756123304367
0.9517725110054016;0.5980708599090576;0.21807444095611572;0.22964587807655334
0.9526693224906921;0.598278820514679;0.217158243060112;0.2291359007358551
0.9529315233230591;0.5977340936660767;0.21438610553741455;0.2265312671661377
0.9528144001960754;0.5963963270187378;0.215315580368042;0.22420302033424377
0.9515695571899414;0.5966814756393433;0.21636739373207092;0.22652840614318848
0.9526453018188477;0.5984039306640625;0.22185035049915314;0.2263873666524887
0.9533786773681641;0.5978162884712219;0.22223906219005585;0.2230699360370636
0.9516425132751465;0.5956505537033081;0.22394442558288574;0.22770868241786957
0.9516403079032898;0.595130205154419;0.22298918664455414;0.22254124283790588
0.9535503387451172;0.594944953918457;0.2184215784072876;0.2296994924545288
0.9544183611869812;0.59271639585495;0.21894459426403046;0.22555242478847504
0.9551067352294922;0.5924510359764099;0.2208847850561142;0.22682099044322968
0.9533987045288086;0.5904823541641235;0.21581993997097015;0.22481893002986908
0.9542741179466248;0.5928635597229004;0.21570658683776855;0.2259572595357895
0.9518404006958008;0.5915206074714661;0.21351146697998047;0.22127823531627655
0.9539262652397156;0.5920485854148865;0.21735277771949768;0.22515368461608887
0.9528416991233826;0.5917562246322632;0.21390895545482635;0.22148911654949188
0.9544829726219177;0.5927658677101135;0.21242959797382355;0.22253850102424622
0.9541579484939575;0.5923121571540833;0.21198029816150665;0.2234666347503662
0.9542169570922852;0.5934786200523376;0.21409206092357635;0.2269332855939865
0.9538885354995728;0.5930079817771912;0.21509292721748352;0.22205857932567596
0.9536863565444946;0.5910740494728088;0.21497021615505219;0.2190239280462265
0.9546470642089844;0.5903488397598267;0.21008649468421936;0.22037199139595032
0.95958012342453;0.5912770628929138;0.20839624106884003;0.2209855318069458
0.9598491787910461;0.5907571911811829;0.20983195304870605;0.22249558568000793
0.9613944888114929;0.5904449820518494;0.21194076538085938;0.2225315123796463
0.9634456634521484;0.5904455780982971;0.21310053765773773;0.22655434906482697
0.9632329940795898;0.5917149782180786;0.21380062401294708;0.22731681168079376
0.9607904553413391;0.591522216796875;0.2148299515247345;0.22388148307800293
0.9622880816459656;0.5884600281715393;0.21355915069580078;0.2202165126800537
0.9634815454483032;0.5900878310203552;0.21275544166564941;0.21652130782604218
0.9629213213920593;0.5913141369819641;0.2152029573917389;0.2178424447774887
0.9617863893508911;0.5933950543403625;0.21547861397266388;0.21867656707763672
0.9605867266654968;0.5922943949699402;0.2145446389913559;0.22178636491298676
0.9613227844238281;0.5926217436790466;0.2137710601091385;0.22301912307739258
0.9612451791763306;0.5914512872695923;0.21396224200725555;0.22508211433887482
0.9654180407524109;0.5919533967971802;0.21646948158740997;0.22765791416168213
0.9657033085823059;0.593155562877655;0.21110902726650238;0.23115606606006622
0.9659318327903748;0.593030571937561;0.20997460186481476;0.22949691116809845
0.9638299345970154;0.5955381393432617;0.20858441293239594;0.22567403316497803
0.9657915234565735;0.5954068303108215;0.2040330469608307;0.2217113971710205
0.9657392501831055;0.5954030156135559;0.20542840659618378;0.22503618896007538
0.9664811491966248;0.5973226428031921;0.20643968880176544;0.22698195278644562
0.9666662216186523;0.596322238445282;0.20628957450389862;0.22885730862617493
0.9677641987800598;0.5967251658439636;0.20794163644313812;0.22815871238708496
0.969033420085907;0.5976601839065552;0.2048502415418625;0.22600002586841583
0.9692797064781189;0.5965914130210876;0.20853768289089203;0.22280924022197723
0.9665282368659973;0.596014678478241;0.20994816720485687;0.22714422643184662
0.9673509001731873;0.5943664908409119;0.2136823982000351;0.22725129127502441
0.9656942486763;0.5951640009880066;0.21456603705883026;0.22906576097011566
0.9643699526786804;0.5936039090156555;0.21432805061340332;0.2297491580247879
0.9659711718559265;0.5936044454574585;0.21276111900806427;0.23067395389080048
0.964451014995575;0.5954113006591797;0.21544866263866425;0.22843749821186066
0.9637576341629028;0.596537172794342;0.2175668478012085;0.22457969188690186
0.9656698107719421;0.5977009534835815;0.21915340423583984;0.22438552975654602
0.9658216834068298;0.5965911746025085;0.21827088296413422;0.2291027158498764
0.9659825563430786;0.5954403877258301;0.21812830865383148;0.22633253037929535
0.9669159054756165;0.5947972536087036;0.2211255133152008;0.22398991882801056
0.9688138365745544;0.5944496989250183;0.21846912801265717;0.21995528042316437
0.9687442183494568;0.5937460064888;0.21858695149421692;0.2246827632188797
0.9676728248596191;0.5950400233268738;0.2192648947238922;0.2248373031616211
0.968396008014679;0.5945812463760376;0.21990637481212616;0.22284679114818573
0.9666696786880493;0.5964240431785583;0.2192666083574295;0.21995294094085693
0.9663416147232056;0.5960392355918884;0.21739470958709717;0.2234400361776352
0.9661443829536438;0.5963541865348816;0.2186293601989746;0.2233847677707672
0.9671083688735962;0.596622109413147;0.21621623635292053;0.2260449379682541
0.9680076837539673;0.5971287488937378;0.21053753793239594;0.22348462045192719
0.9684826135635376;0.5963382124900818;0.21265065670013428;0.2194097340106964
0.9683495759963989;0.5941124558448792;0.21285498142242432;0.2190663367509842
0.9675754904747009;0.5944622755050659;0.21655121445655823;0.2247626632452011
0.9681320190429688;0.5955221056938171;0.21366040408611298;0.22685061395168304
0.9688574075698853;0.5944885611534119;0.21442778408527374;0.2259611189365387
0.969208836555481;0.5948819518089294;0.21191759407520294;0.2255527526140213
0.9680439233779907;0.5953016877174377;0.21055836975574493;0.22421994805335999
0.9670910835266113;0.594371497631073;0.2103259116411209;0.22844262421131134
0.9663313031196594;0.5915681719779968;0.21181802451610565;0.2262832224369049
0.9682652354240417;0.5916793942451477;0.2148454487323761;0.22976866364479065
0.966401994228363;0.5910142064094543;0.21593570709228516;0.22652029991149902
0.966852605342865;0.5903874635696411;0.21590839326381683;0.2275262326002121
0.9658972024917603;0.5897257924079895;0.21245725452899933;0.22904451191425323
0.965458869934082;0.5904747247695923;0.21475262939929962;0.23009200394153595
0.9660803079605103;0.5900748372077942;0.21138961613178253;0.22800949215888977
0.9671842455863953;0.5860388875007629;0.21396803855895996;0.22693629562854767
0.9685716032981873;0.5864045023918152;0.21677033603191376;0.22539345920085907
0.9678483009338379;0.5870044827461243;0.21639037132263184;0.22555354237556458
0.9707170724868774;0.5876413583755493;0.21708153188228607;0.2279995232820511
0.9712210893630981;0.5868853330612183;0.21580372750759125;0.22656698524951935
0.9706043601036072;0.5891155004501343;0.21659968793392181;0.22412024438381195
0.9719347357749939;0.5901629328727722;0.2184073030948639;0.22458958625793457
0.9757702946662903;0.5891098976135254;0.21929407119750977;0.22659114003181458
0.973855197429657;0.5890180468559265;0.2210160344839096;0.22768667340278625
0.9763142466545105;0.5873719453811646;0.2164236158132553;0.22883062064647675
0.9767115712165833;0.5881108641624451;0.21666240692138672;0.22710569202899933
0.9768558740615845;0.5875714421272278;0.2193223237991333;0.22902779281139374
0.9771085977554321;0.5865597724914551;0.21794939041137695;0.22815309464931488
0.9773489236831665;0.5871374011039734;0.21650536358356476;0.22733914852142334
0.9759626388549805;0.5902536511421204;0.21393190324306488;0.22931253910064697
0.9759368300437927;0.5900670289993286;0.21387727558612823;0.2262519896030426
0.9758743643760681;0.5916755795478821;0.21229997277259827;0.22541497647762299
0.9770494699478149;0.5908415913581848;0.21479880809783936;0.22833304107189178
0.9777362942695618;0.5901743769645691;0.21876254677772522;0.2271043062210083
0.975476086139679;0.5886532664299011;0.21996967494487762;0.22209887206554413
0.9741592407226562;0.5892950892448425;0.2199561595916748;0.22491371631622314
0.973675549030304;0.5903470516204834;0.2210981696844101;0.2218223661184311
0.9738999605178833;0.5909199118614197;0.21796293556690216;0.22632180154323578
0.9744741320610046;0.5921410918235779;0.21689105033874512;0.22845421731472015
0.9737923741340637;0.5933313369750977;0.21606051921844482;0.22806254029273987
0.9721164107322693;0.5926623344421387;0.217127725481987;0.223101407289505
0.9699742197990417;0.5914303660392761;0.2206517904996872;0.2247529774904251
0.9681879281997681;0.5911785960197449;0.21644020080566406;0.22512708604335785
0.9674757122993469;0.5905615091323853;0.21377494931221008;0.22751255333423615
0.9669861793518066;0.591302752494812;0.21279466152191162;0.22313351929187775
0.9658876657485962;0.5923228859901428;0.21323072910308838;0.22609947621822357
0.9668459296226501;0.5913962721824646;0.21494512259960175;0.22694019973278046
0.9670267105102539;0.5919731259346008;0.2159539759159088;0.21912932395935059
0.9666498303413391;0.5911285281181335;0.2173982858657837;0.2239730805158615
0.9660865664482117;0.5919694900512695;0.21493597328662872;0.22955594956874847
0.9647344946861267;0.5897706747055054;0.21094322204589844;0.22718846797943115
0.9649041295051575;0.5898846983909607;0.21178355813026428;0.22775216400623322
0.9648277163505554;0.591349184513092;0.21082697808742523;0.2266022264957428
0.9628856778144836;0.5917102694511414;0.20919470489025116;0.22238397598266602
0.9634460806846619;0.5918381214141846;0.2121562957763672;0.22569487988948822
0.9658474922180176;0.5908665657043457;0.21334825456142426;0.22131116688251495
0.9662858843803406;0.5924406051635742;0.21248121559619904;0.22450928390026093
0.9690812230110168;0.5923728346824646;0.21608901023864746;0.22387376427650452
0.9707219004631042;0.5921179056167603;0.21435919404029846;0.2259148210287094
0.9698564410209656;0.5915810465812683;0.21194735169410706;0.22148704528808594
0.9648674130439758;0.5908311009407043;0.21380102634429932;0.2313089817762375
0.9667307138442993;0.5909159183502197;0.21410517394542694;0.22870342433452606
0.967232882976532;0.5928705334663391;0.21390195190906525;0.23100733757019043
0.9686102867126465;0.5948474407196045;0.21213014423847198;0.22990231215953827
0.9700843095779419;0.594189465045929;0.21218259632587433;0.23253992199897766
0.972752034664154;0.5947179794311523;0.21340976655483246;0.2279622107744217
0.9705653190612793;0.5935526490211487;0.21417489647865295;0.22224894165992737
0.9683439135551453;0.5937662124633789;0.20988814532756805;0.2225738763809204
0.9646161198616028;0.5936639904975891;0.21026651561260223;0.22417593002319336
0.965516984462738;0.5913666486740112;0.2093414068222046;0.22721759974956512
0.9666833877563477;0.5924849510192871;0.21089337766170502;0.22821155190467834
0.9643505215644836;0.5919195413589478;0.21276171505451202;0.23119568824768066
0.9636371731758118;0.5913307070732117;0.21576714515686035;0.23250149190425873
0.9640647768974304;0.5912356376647949;0.2191358059644699;0.2266557216644287
0.961901843547821;0.5929188132286072;0.22114375233650208;0.2226087599992752
0.9611080288887024;0.5936045050621033;0.21686802804470062;0.220892071723938
0.9622542262077332;0.5948878526687622;0.21585841476917267;0.2244051694869995
0.9621210098266602;0.5943978428840637;0.21891681849956512;0.22727012634277344
0.9640528559684753;0.5934513211250305;0.21418313682079315;0.2235880345106125
0.9660056233406067;0.5935062766075134;0.21710705757141113;0.2257622331380844
0.9628598093986511;0.5906335115432739;0.21663179993629456;0.22142735123634338
0.9651350378990173;0.5908302664756775;0.21708129346370697;0.22319988906383514
0.9682385325431824;0.5897554755210876;0.21688146889209747;0.22845129668712616
0.9671837687492371;0.5900730490684509;0.2119046300649643;0.22938428819179535
0.9667560458183289;0.5917600989341736;0.2157219648361206;0.231698140501976
0.9664198756217957;0.5921013355255127;0.21457329392433167;0.22894024848937988
0.9669589400291443;0.5930976271629333;0.21381500363349915;0.22490213811397552
0.9705703854560852;0.5919991135597229;0.2181077003479004;0.22528986632823944
0.972148597240448;0.5917950868606567;0.21986496448516846;0.2226988822221756
0.9723362326622009;0.5920043587684631;0.21739493310451508;0.22457702457904816
0.9706379175186157;0.5929776430130005;0.21812041103839874;0.22189322113990784
0.9710978865623474;0.5940660834312439;0.21572008728981018;0.22213761508464813
0.9690791964530945;0.5917674899101257;0.2166571468114853;0.2188701629638672
0.9675565958023071;0.5923227667808533;0.21790824830532074;0.22111085057258606
0.9677608609199524;0.5928379893302917;0.21322880685329437;0.22881808876991272
0.9677632451057434;0.5938268899917603;0.21486781537532806;0.22812221944332123
0.9676044583320618;0.5927179455757141;0.2151448279619217;0.2272830456495285
0.967158317565918;0.591934859752655;0.2144126147031784;0.22636549174785614
0.9668095707893372;0.591617226600647;0.2154526710510254;0.22371266782283783
0.9664936065673828;0.5925278663635254;0.21573328971862793;0.2285398542881012
0.9644030928611755;0.5927249789237976;0.21608881652355194;0.225722074508667
0.9665681719779968;0.595252275466919;0.21597622334957123;0.2257256954908371
0.9670069813728333;0.5930235981941223;0.21617083251476288;0.22490565478801727
0.9641115069389343;0.5934531092643738;0.21441952884197235;0.22626721858978271
0.9648061990737915;0.5922452211380005;0.21471896767616272;0.22841747105121613
0.9621249437332153;0.5921747088432312;0.21359610557556152;0.23019357025623322
0.9602535367012024;0.5922152400016785;0.2155812829732895;0.22848673164844513
0.962757408618927;0.5905138850212097;0.21754233539104462;0.2248440533876419
0.9624841809272766;0.5895324945449829;0.21606135368347168;0.22501836717128754
0.9618799090385437;0.5887951850891113;0.21361540257930756;0.2253137081861496
0.9621057510375977;0.5891997218132019;0.2167237251996994;0.22561006247997284
0.9609920382499695;0.5897674560546875;0.2170305699110031;0.22667165100574493
0.9649180769920349;0.5894352793693542;0.21464137732982635;0.22355817258358002
0.9639421701431274;0.5896564722061157;0.2112959921360016;0.2267005294561386
0.9628946185112;0.5895158052444458;0.21538527309894562;0.224918395280838
0.9617910385131836;0.5894874930381775;0.21308031678199768;0.22549133002758026
0.9631800055503845;0.590103805065155;0.21231423318386078;0.23020684719085693
0.9643241763114929;0.5914013981819153;0.21280351281166077;0.22480535507202148
0.9667159914970398;0.5929625630378723;0.21390484273433685;0.2200506180524826
0.9672266244888306;0.5898510217666626;0.21472647786140442;0.22363579273223877
0.9652389883995056;0.591152012348175;0.21405215561389923;0.22367918491363525
0.9643853306770325;0.5912834405899048;0.21240226924419403;0.22457709908485413
0.9644461870193481;0.5897002220153809;0.21172812581062317;0.22185753285884857
0.9674928784370422;0.5886024832725525;0.2149329036474228;0.22024154663085938
0.9663001894950867;0.5884005427360535;0.21554718911647797;0.2262284755706787
0.9649283289909363;0.5871755480766296;0.21342185139656067;0.22518987953662872
0.965401828289032;0.5868590474128723;0.21468178927898407;0.2274121791124344
0.9642009735107422;0.5853467583656311;0.2153308391571045;0.22291474044322968
0.9651421904563904;0.5877020359039307;0.21649765968322754;0.22750984132289886
0.9651294946670532;0.58821040391922;0.2174815684556961;0.22855930030345917
0.9633867144584656;0.5899664759635925;0.21525752544403076;0.223526269197464
0.9604530334472656;0.5900675654411316;0.2180168181657791;0.2230510711669922
0.9610395431518555;0.5882760286331177;0.21677599847316742;0.22157001495361328
0.9601635336875916;0.5871961712837219;0.21429458260536194;0.22045965492725372
0.9609791040420532;0.5879729390144348;0.21409514546394348;0.22217880189418793
0.9596913456916809;0.5889732241630554;0.21160392463207245;0.22407303750514984
0.9593907594680786;0.5899397134780884;0.2131403684616089;0.2256244421005249
0.9585796594619751;0.5917617082595825;0.20907726883888245;0.22924605011940002
0.9576448798179626;0.5905131697654724;0.21109385788440704;0.2300897091627121
0.9582144021987915;0.5902161002159119;0.21265481412410736;0.22500018775463104
0.9547352194786072;0.5897390246391296;0.2135259211063385;0.22758470475673676
0.953223705291748;0.5911054015159607;0.21245360374450684;0.23051340878009796
0.9524872899055481;0.5922538638114929;0.20947265625;0.22939331829547882
0.9514065980911255;0.5912119746208191;0.21319471299648285;0.22520318627357483
0.9487727284431458;0.5890108942985535;0.2147710621356964;0.2247253656387329
0.9467008709907532;0.5884023904800415;0.2140698879957199;0.22832374274730682
0.9483935236930847;0.5886057019233704;0.20998398959636688;0.22728057205677032
0.9482812881469727;0.588703989982605;0.2102936953306198;0.2266126126050949
0.9488968253135681;0.5897876024246216;0.20924992859363556;0.22581422328948975
0.9502479434013367;0.5882200598716736;0.21229784190654755;0.2223062515258789
0.9514228701591492;0.5875299572944641;0.21409645676612854;0.22037529945373535
0.9510192275047302;0.5902096629142761;0.21093307435512543;0.2221025675535202
0.9567251205444336;0.5919466614723206;0.21204040944576263;0.22195592522621155
0.9566857218742371;0.5909032225608826;0.20711687207221985;0.22405557334423065
0.9552383422851562;0.5899240374565125;0.20782344043254852;0.22529201209545135
0.9558915495872498;0.5905248522758484;0.20490777492523193;0.22753290832042694
0.9555525183677673;0.5902703404426575;0.20572657883167267;0.23045559227466583
0.9561166763305664;0.590965211391449;0.20505347847938538;0.2275041788816452
0.9571405649185181;0.5905280709266663;0.20828373730182648;0.2268989384174347
0.9572998285293579;0.5915846824645996;0.20755575597286224;0.22789625823497772
0.9572540521621704;0.5905157923698425;0.2065918743610382;0.22601862251758575
0.9567462205886841;0.5902700424194336;0.20991702377796173;0.2290312498807907
0.9567024111747742;0.5889691710472107;0.21154101192951202;0.227583646774292
0.9551103711128235;0.5891500115394592;0.21411775052547455;0.22828708589076996
0.9544556736946106;0.5891644954681396;0.21594803035259247;0.22906342148780823
0.9544715881347656;0.5892869234085083;0.2172635793685913;0.2253187745809555
0.9550238847732544;0.5888409614562988;0.2192804366350174;0.22703590989112854
0.9547666907310486;0.5892783999443054;0.2156013548374176;0.22968342900276184
0.953381359577179;0.5914417505264282;0.21554408967494965;0.22733794152736664
0.9522682428359985;0.5912782549858093;0.21654033660888672;0.22918906807899475
0.9518413543701172;0.5897645950317383;0.2183896154165268;0.22996048629283905
0.9501196146011353;0.5910001397132874;0.21618147194385529;0.22121091187000275
0.9513629078865051;0.5920459032058716;0.2178211659193039;0.2253289669752121
0.9488027691841125;0.5942978262901306;0.22120268642902374;0.22269701957702637
0.9476850628852844;0.5944942831993103;0.2186099737882614;0.2259671539068222
0.9480707049369812;0.5948984026908875;0.21769030392169952;0.22759322822093964
0.9475662112236023;0.5964807868003845;0.21539674699306488;0.22345109283924103
0.9497372508049011;0.5979780554771423;0.21848821640014648;0.2270546704530716
0.9486660361289978;0.5955771803855896;0.22003613412380219;0.22719517350196838
0.9431268572807312;0.5970181822776794;0.21964240074157715;0.22723007202148438
0.9440247416496277;0.5976852774620056;0.2201172411441803;0.2289719432592392
0.9410516619682312;0.5991148352622986;0.21722017228603363;0.2299656718969345
0.9408689737319946;0.5976169109344482;0.21375714242458344;0.2273183912038803
0.9410662055015564;0.5972882509231567;0.21168366074562073;0.22523336112499237
0.940468430519104;0.5975834727287292;0.21182838082313538;0.22602592408657074
0.9408629536628723;0.5964788198471069;0.21143709123134613;0.22885778546333313
0.9415881037712097;0.5961627960205078;0.21430492401123047;0.23115001618862152
0.9425907135009766;0.5952833294868469;0.21438507735729218;0.2267749160528183
0.9422963261604309;0.5966249704360962;0.21358147263526917;0.22353163361549377
0.9428233504295349;0.5946345329284668;0.21775560081005096;0.22055034339427948
0.9433776140213013;0.5941101908683777;0.21715961396694183;0.21961469948291779
0.9442422986030579;0.594424307346344;0.21719804406166077;0.22428598999977112
0.9430972337722778;0.5966132283210754;0.21792654693126678;0.22161765396595
0.9442031979560852;0.5969349145889282;0.21813039481639862;0.2318357527256012
0.9432711005210876;0.5958071947097778;0.219394251704216;0.22855578362941742
0.9428098797798157;0.5937120318412781;0.21666674315929413;0.22688665986061096
0.9416184425354004;0.5948470234870911;0.21646185219287872;0.22503404319286346
0.9424530267715454;0.5953335165977478;0.21911314129829407;0.22436538338661194
0.945717453956604;0.5963031649589539;0.2158520221710205;0.22638337314128876
0.9467463493347168;0.5965685248374939;0.2180858701467514;0.22346992790699005
0.9467678070068359;0.5970488786697388;0.21563772857189178;0.2231336385011673
0.9480916857719421;0.5957939624786377;0.21787090599536896;0.2271420955657959
0.9460893869400024;0.5944719314575195;0.2158297598361969;0.22860980033874512
0.9482113122940063;0.5948714017868042;0.2188282012939453;0.2327076494693756
0.9489278793334961;0.593866765499115;0.21983397006988525;0.23231057822704315
0.9502373933792114;0.5939998030662537;0.21687625348567963;0.23090338706970215
0.9489292502403259;0.5909566879272461;0.21773171424865723;0.2245965451002121
0.9462224841117859;0.5895792245864868;0.2176317721605301;0.23250141739845276
0.9475336074829102;0.5900411009788513;0.2159242480993271;0.23097454011440277
0.9445562362670898;0.5889161229133606;0.21281841397285461;0.22586365044116974
0.9444547891616821;0.5889323353767395;0.21139465272426605;0.2232283353805542
0.9443027377128601;0.5914281010627747;0.2170129120349884;0.22082868218421936
0.9431490898132324;0.5920907855033875;0.21558652818202972;0.22216998040676117
0.9444145560264587;0.590969979763031;0.21533499658107758;0.22229281067848206
0.9453018307685852;0.5903807878494263;0.21137061715126038;0.22674846649169922
0.9453638195991516;0.5909654498100281;0.21241183578968048;0.22566008567810059
0.9445893168449402;0.5886480212211609;0.21045832335948944;0.22471368312835693
0.9440966844558716;0.5879451632499695;0.21439838409423828;0.22617541253566742
0.9470247626304626;0.5906693935394287;0.21324022114276886;0.22284641861915588
0.9454721808433533;0.5919310450553894;0.21591448783874512;0.2229090929031372
0.9478864669799805;0.5930248498916626;0.21657423675060272;0.22046904265880585
0.9482517242431641;0.5942094326019287;0.21605196595191956;0.22376199066638947
0.9484915137290955;0.5925922393798828;0.22123609483242035;0.22607791423797607
0.9479435086250305;0.5923182368278503;0.2196212261915207;0.2271255999803543
0.9465643167495728;0.592202365398407;0.21731960773468018;0.22790570557117462
0.9461723566055298;0.5942957401275635;0.2144656628370285;0.22314786911010742
0.9480633735656738;0.5953656435012817;0.21636514365673065;0.225045308470726
0.9499101638793945;0.5956072211265564;0.21422863006591797;0.22581711411476135
0.9526907801628113;0.5961732864379883;0.2155384123325348;0.22865410149097443
0.9508007168769836;0.5970513224601746;0.2174096405506134;0.22636878490447998
0.9499692916870117;0.5971571207046509;0.21372027695178986;0.22206954658031464
0.9494615793228149;0.5970854759216309;0.21142792701721191;0.2231537401676178
0.9497513175010681;0.5952203273773193;0.21536563336849213;0.22664356231689453
0.9482566118240356;0.5947641730308533;0.21916332840919495;0.2282976657152176
0.9468464255332947;0.5935795903205872;0.21460841596126556;0.22463038563728333
0.9473574757575989;0.5934576988220215;0.21564660966396332;0.23026947677135468
0.9486681222915649;0.5918666124343872;0.21663324534893036;0.22675876319408417
0.9508970379829407;0.5926439166069031;0.21070407330989838;0.2275059074163437
0.9502412676811218;0.5922831892967224;0.21086767315864563;0.21840336918830872
0.9508275985717773;0.5924189686775208;0.21279560029506683;0.22378459572792053
0.9506575465202332;0.592402458190918;0.21251831948757172;0.22200928628444672
0.9510974287986755;0.5918740034103394;0.21431945264339447;0.22683106362819672
0.9512881636619568;0.5921516418457031;0.217091903090477;0.22684159874916077
0.9517781138420105;0.5924317240715027;0.215152770280838;0.22877457737922668
0.9532875418663025;0.5934997200965881;0.213287815451622;0.2250150442123413
0.9516305327415466;0.5937782526016235;0.21215863525867462;0.22255916893482208
0.9522356390953064;0.593598484992981;0.21467502415180206;0.22234205901622772
0.9542508125305176;0.5932431221008301;0.21374788880348206;0.2227592021226883
0.9552323222160339;0.5919053554534912;0.21833598613739014;0.2244511842727661
0.9530948996543884;0.5920428037643433;0.21626806259155273;0.2233748435974121
0.9544700980186462;0.5932327508926392;0.21540427207946777;0.22276797890663147
0.9538823366165161;0.5935715436935425;0.21740689873695374;0.22759361565113068
0.9564442038536072;0.5922867655754089;0.21735382080078125;0.2242632359266281
0.9582797884941101;0.59156733751297;0.21748974919319153;0.2242395430803299
0.9586789011955261;0.58935546875;0.21830610930919647;0.22445407509803772
0.9609076380729675;0.5890759825706482;0.21783125400543213;0.22490553557872772
0.9620721936225891;0.5878946185112;0.21576157212257385;0.22589869797229767
0.9623705148696899;0.5885472893714905;0.21096296608448029;0.22545333206653595
0.9607684016227722;0.5897954106330872;0.21075403690338135;0.22770686447620392
0.9604280591011047;0.5901813507080078;0.21208301186561584;0.22810228168964386
0.9600030183792114;0.5898169279098511;0.21587954461574554;0.22883467376232147
0.9601934552192688;0.5889069437980652;0.2156675159931183;0.22656218707561493
0.9595655798912048;0.5897004008293152;0.21187619864940643;0.2282361090183258
0.9594408273696899;0.5889726877212524;0.21048112213611603;0.21958422660827637
0.9614236950874329;0.5888606309890747;0.21050165593624115;0.2228706330060959
0.9598331451416016;0.5875105857849121;0.210929274559021;0.2245679348707199
0.9607734680175781;0.5881502628326416;0.2114751785993576;0.22645321488380432
0.9617023468017578;0.5883588790893555;0.21211688220500946;0.2252027839422226
0.9619928598403931;0.5893445611000061;0.21185265481472015;0.225717693567276
0.9603256583213806;0.5891179442405701;0.21358859539031982;0.22415876388549805
0.9568979144096375;0.5881103873252869;0.21175158023834229;0.22751155495643616
0.9582744836807251;0.5891484618186951;0.21184037625789642;0.22646145522594452
0.9594494104385376;0.58986896276474;0.2145269364118576;0.2258167564868927
0.9605545401573181;0.5923137068748474;0.21333181858062744;0.225350022315979
0.9625100493431091;0.5929680466651917;0.2175590991973877;0.22989745438098907
0.9638492465019226;0.5905019044876099;0.22003188729286194;0.22981582581996918
0.9634033441543579;0.5910874009132385;0.22224931418895721;0.22647348046302795
0.9623706936836243;0.5907788276672363;0.21898256242275238;0.2262282818555832
0.9643886685371399;0.5925634503364563;0.21859703958034515;0.22878360748291016
0.9665241241455078;0.5918735861778259;0.21679845452308655;0.2317909300327301
0.9671941995620728;0.592317521572113;0.21783439815044403;0.22810886800289154
0.968095600605011;0.5925903916358948;0.215932235121727;0.22774088382720947
0.9690136313438416;0.5930544137954712;0.2176678478717804;0.22616659104824066
0.968963086605072;0.5937600135803223;0.21559906005859375;0.22657394409179688
0.9671746492385864;0.594874918460846;0.21643505990505219;0.2302929162979126
0.9658069014549255;0.5940558910369873;0.21715746819972992;0.2316046804189682
0.9661917686462402;0.594273030757904;0.21239112317562103;0.22812418639659882
0.9673639535903931;0.5944362878799438;0.21272186934947968;0.2270754873752594
0.9680792093276978;0.5931615233421326;0.2099854052066803;0.22694475948810577
0.969801127910614;0.5924465656280518;0.2115899622440338;0.22503720223903656
0.9682861566543579;0.5923307538032532;0.21256886422634125;0.2258470058441162
0.9648551940917969;0.593029797077179;0.2151115983724594;0.22633977234363556
0.963166356086731;0.5938820838928223;0.2172793596982956;0.22464735805988312
0.9643268585205078;0.5926622748374939;0.21716009080410004;0.22993552684783936
0.9642916917800903;0.5917472243309021;0.21693281829357147;0.2282545566558838
0.9651321768760681;0.5914115309715271;0.2163095325231552;0.22685633599758148
0.9639489054679871;0.5911373496055603;0.21368014812469482;0.22766439616680145
0.9643992781639099;0.5915921330451965;0.2118079513311386;0.22621241211891174
0.962890625;0.5913039445877075;0.21384470164775848;0.22587208449840546
0.9638373255729675;0.5925437808036804;0.2109365016222;0.22715893387794495
0.9647480249404907;0.5946169495582581;0.21316953003406525;0.22587700188159943
0.9630407691001892;0.5940105319023132;0.2149801254272461;0.22379866242408752
0.9627146124839783;0.5934314727783203;0.21434827148914337;0.22826425731182098
0.9653493762016296;0.5925402045249939;0.21518316864967346;0.22643576562404633
0.9651424288749695;0.5920091867446899;0.21232347190380096;0.2319527119398117
0.964677631855011;0.5926713943481445;0.21716241538524628;0.23011605441570282
0.9645901918411255;0.5944721102714539;0.2194429188966751;0.22959919273853302
0.9651049971580505;0.5939669609069824;0.2179194986820221;0.22693757712841034
0.9644815325737;0.593407154083252;0.21698398888111115;0.2276465892791748
0.9659155011177063;0.5928418040275574;0.21587614715099335;0.22226405143737793
0.9659155011177063;0.5919398665428162;0.21551981568336487;0.2255469411611557
0.9686126708984375;0.591964840888977;0.21729610860347748;0.22948184609413147
0.9704599380493164;0.5925899744033813;0.21538083255290985;0.2286621630191803
0.9695671200752258;0.5927091836929321;0.21642346680164337;0.22767916321754456
0.9693489074707031;0.5932899713516235;0.2176837921142578;0.22671020030975342
0.9694002270698547;0.5929939150810242;0.21785104274749756;0.2272472381591797
0.9677430987358093;0.5927295684814453;0.2156979888677597;0.23030860722064972
0.9687690138816833;0.5938941836357117;0.21262602508068085;0.2231590300798416
0.9733128547668457;0.5946714282035828;0.2163037359714508;0.22733788192272186
0.9769711494445801;0.5934010148048401;0.2159028798341751;0.22782735526561737
0.977547824382782;0.5925894379615784;0.21417295932769775;0.2262721061706543
0.9770874381065369;0.593967080116272;0.21352851390838623;0.22493751347064972
0.9787546396255493;0.5948376059532166;0.21621441841125488;0.22806493937969208
0.978331983089447;0.5947590470314026;0.21668127179145813;0.22461524605751038
0.9774191975593567;0.5943049788475037;0.21876561641693115;0.22552204132080078
0.9777798056602478;0.5954656600952148;0.22030620276927948;0.22608235478401184
0.9770148396492004;0.5951370596885681;0.2200273722410202;0.2275654822587967
0.97906494140625;0.5956727862358093;0.21563677489757538;0.22622032463550568
0.9745025038719177;0.5955269932746887;0.2163832187652588;0.22727499902248383
0.9773181080818176;0.5951561331748962;0.21391482651233673;0.22624674439430237
0.9764212965965271;0.5944424867630005;0.2154431790113449;0.22945988178253174
0.9763168692588806;0.5949937701225281;0.21184170246124268;0.22708077728748322
0.9772058725357056;0.5939388871192932;0.21349982917308807;0.22963862121105194
0.9803069233894348;0.5943073630332947;0.213158518075943;0.22614283859729767
0.9820905923843384;0.5960463881492615;0.21309791505336761;0.2284744828939438
0.9822298288345337;0.5961574912071228;0.2093762904405594;0.2282470315694809
0.9849017262458801;0.5957019925117493;0.20810389518737793;0.22866487503051758
0.9832226037979126;0.5953534245491028;0.21040014922618866;0.22745752334594727
0.9822202920913696;0.5952272415161133;0.21316853165626526;0.22478599846363068
0.9825617074966431;0.5938014388084412;0.21292197704315186;0.2281242460012436
0.982421338558197;0.5950254797935486;0.21083377301692963;0.22832894325256348
0.9829883575439453;0.5940569639205933;0.21453404426574707;0.2273096889257431
0.9857370257377625;0.5956758856773376;0.21448619663715363;0.2256360501050949
0.9854094386100769;0.5976961255073547;0.2120041847229004;0.22670982778072357
0.9866828322410583;0.595453679561615;0.20987658202648163;0.22600451111793518
0.9857810139656067;0.5946332812309265;0.2109294980764389;0.22392988204956055
0.9861015677452087;0.5934256911277771;0.2110864371061325;0.2293681651353836
0.9842521548271179;0.594055712223053;0.2132909595966339;0.2266068458557129
0.9835325479507446;0.5926047563552856;0.21432006359100342;0.22716140747070312
0.984502911567688;0.5926486849784851;0.2127867192029953;0.228737935423851
0.9833442568778992;0.5902037024497986;0.21360743045806885;0.23261891305446625
0.9857218861579895;0.5920369029045105;0.21648550033569336;0.23113827407360077
0.9854103922843933;0.5917301177978516;0.2175959199666977;0.22835806012153625
0.987339973449707;0.5915641188621521;0.21440742909908295;0.22694845497608185
0.9858285784721375;0.5913358330726624;0.21619382500648499;0.2267870008945465
0.9857616424560547;0.5894770622253418;0.21566425263881683;0.2259053736925125
0.988418698310852;0.5884315371513367;0.21811938285827637;0.21926724910736084
0.9880489706993103;0.5896052718162537;0.2140473574399948;0.22004608809947968
0.986240565776825;0.5897887349128723;0.20895929634571075;0.22107172012329102
0.984278678894043;0.5909349322319031;0.21185433864593506;0.22469715774059296
0.9833706021308899;0.5906044840812683;0.21329033374786377;0.22714324295520782
0.9834617972373962;0.591181218624115;0.21433643996715546;0.22646260261535645
0.9848171472549438;0.5917329788208008;0.2157231867313385;0.22197325527668
