err_mean;err_cos1;err_cos2;err_cos3
0.9814150929450989;0.15843622386455536;0.5001866817474365;1.0311154127120972
0.9818407297134399;0.17333517968654633;0.4033719003200531;0.5891091227531433
0.9801182746887207;0.18399810791015625;0.3385438919067383;0.36965686082839966
0.9813203811645508;0.19766460359096527;0.2930217385292053;0.2835552990436554
0.9821622967720032;0.2211075872182846;0.2650969922542572;0.2541932165622711
0.9831022620201111;0.2428847849369049;0.2456103414297104;0.2358459234237671
0.9818873405456543;0.26120710372924805;0.23223844170570374;0.23485508561134338
0.9824577569961548;0.28081247210502625;0.23018012940883636;0.234123095870018
0.9819766283035278;0.29770469665527344;0.2255704253911972;0.23100367188453674
0.9844511151313782;0.31360068917274475;0.22415073215961456;0.23184068500995636
0.9848808646202087;0.33027511835098267;0.22076626121997833;0.22777514159679413
0.984602153301239;0.3442334234714508;0.21854543685913086;0.22534584999084473
0.9857134222984314;0.3567025661468506;0.22085832059383392;0.225689098238945
0.9834874272346497;0.36878305673599243;0.22169148921966553;0.22651039063930511
0.9842106103897095;0.38053008913993835;0.22408775985240936;0.22753046452999115
0.9837137460708618;0.3934180736541748;0.22235503792762756;0.22869525849819183
0.9832456707954407;0.4076162278652191;0.22342796623706818;0.2240847796201706
0.9856237769126892;0.42248591780662537;0.22173456847667694;0.22389116883277893
0.9855406880378723;0.433746337890625;0.21979883313179016;0.22418737411499023
0.9853553175926208;0.4438106119632721;0.21510910987854004;0.2250806838274002
0.9829006195068359;0.4530721604824066;0.21427662670612335;0.22714443504810333
0.9803058505058289;0.4612419307231903;0.2164222002029419;0.22739458084106445
0.9769212007522583;0.4685453474521637;0.21598783135414124;0.2283443957567215
0.9770990610122681;0.4749152362346649;0.21523208916187286;0.22619938850402832
0.975398063659668;0.4824826419353485;0.21850648522377014;0.22620020806789398
0.9756162762641907;0.48878613114356995;0.2164161205291748;0.2278892993927002
0.9781815409660339;0.4961146414279938;0.2175743132829666;0.23062710464000702
0.9800519943237305;0.5002598762512207;0.21520884335041046;0.230183944106102
0.9791690707206726;0.5060781836509705;0.21485650539398193;0.2264171689748764
0.9821537137031555;0.5142309665679932;0.21401643753051758;0.2218516618013382
0.9808046221733093;0.5192554593086243;0.21291302144527435;0.22169923782348633
0.9810625314712524;0.5241541862487793;0.2156335413455963;0.2236028015613556
0.9823276400566101;0.5286725163459778;0.21287985146045685;0.22483192384243011
0.9831243753433228;0.5315699577331543;0.21403606235980988;0.22505931556224823
0.9841987490653992;0.535351574420929;0.21084299683570862;0.22331464290618896
0.9870091676712036;0.5389205813407898;0.20988349616527557;0.2236664742231369
0.9851574301719666;0.5417159199714661;0.21323835849761963;0.2287449687719345
0.9838066101074219;0.544994592666626;0.21178670227527618;0.2266482561826706
0.9860228896141052;0.546415388584137;0.21131503582000732;0.23009204864501953
0.9847416877746582;0.5506793856620789;0.21240952610969543;0.2258569449186325
0.9864344000816345;0.5530058741569519;0.2103809416294098;0.22524790465831757
0.98699951171875;0.5556766390800476;0.21222420036792755;0.22279325127601624
0.9870355725288391;0.5581871271133423;0.2124321013689041;0.22665520012378693
0.9882640838623047;0.5633124709129333;0.21348097920417786;0.22778473794460297
0.9882761240005493;0.5672475099563599;0.20979805290699005;0.22883157432079315
0.9892702102661133;0.5699527859687805;0.2080492526292801;0.22280791401863098
0.9890257120132446;0.5722959637641907;0.2105700522661209;0.22276096045970917
0.9891313910484314;0.571832001209259;0.2081756889820099;0.22804279625415802
0.9879125952720642;0.5717162489891052;0.2104140967130661;0.22684311866760254
0.9868507385253906;0.5727980732917786;0.20622582733631134;0.2269936054944992
0.9883005023002625;0.5750417709350586;0.2058882713317871;0.2314641922712326
0.985621452331543;0.5763904452323914;0.2069525569677353;0.22738642990589142
0.9845709204673767;0.5785912871360779;0.20644748210906982;0.2286670058965683
0.984105110168457;0.5781505107879639;0.2109382152557373;0.2261170893907547
0.9836309552192688;0.5778636336326599;0.2107262909412384;0.22816316783428192
0.9816277623176575;0.5789155960083008;0.21091727912425995;0.23003850877285004
0.9829859733581543;0.5784956216812134;0.21470943093299866;0.22306780517101288
0.9815652966499329;0.5792548656463623;0.2161388397216797;0.22769813239574432
0.9828088879585266;0.5782753825187683;0.2179795503616333;0.22504179179668427
0.9842101335525513;0.5784199237823486;0.22037313878536224;0.22335968911647797
0.9840084314346313;0.5793258547782898;0.22048616409301758;0.22430212795734406
0.9835885167121887;0.5808472633361816;0.22077658772468567;0.22172394394874573
0.9815652966499329;0.577724277973175;0.21982084214687347;0.22043482959270477
0.9847297668457031;0.5778663754463196;0.22244484722614288;0.22863686084747314
0.9858142733573914;0.5794406533241272;0.21900434792041779;0.2296869307756424
0.9878801703453064;0.5812508463859558;0.22177115082740784;0.23037734627723694
0.986968994140625;0.581901490688324;0.22198252379894257;0.22873620688915253
0.9879187941551208;0.5795194506645203;0.22043398022651672;0.23235106468200684
0.9907276034355164;0.580578625202179;0.22077643871307373;0.2314436286687851
0.9898191690444946;0.5821667909622192;0.21647153794765472;0.22843752801418304
0.9882551431655884;0.5815810561180115;0.21633382141590118;0.2251329869031906
0.9873934984207153;0.5819461345672607;0.21558240056037903;0.2217869758605957
0.9855246543884277;0.5820032954216003;0.21580302715301514;0.23010730743408203
0.9879133105278015;0.583022952079773;0.2168213427066803;0.2243044376373291
0.9871811270713806;0.5822808146476746;0.21536238491535187;0.22438111901283264
0.9866790175437927;0.5823373794555664;0.2147841900587082;0.22409716248512268
0.9859539270401001;0.5825475454330444;0.21686868369579315;0.2283555567264557
0.9862193465232849;0.5811294913291931;0.21571360528469086;0.22995881736278534
0.9849706888198853;0.5809862017631531;0.21312730014324188;0.2306380718946457
0.986376941204071;0.5835976004600525;0.2127949297428131;0.22207866609096527
0.9877809882164001;0.5827779173851013;0.2089482992887497;0.22164230048656464
0.9857649207115173;0.5832071900367737;0.2104875147342682;0.22235286235809326
0.9854835867881775;0.5869548916816711;0.21118490397930145;0.2228543609380722
0.9865871667861938;0.5889527201652527;0.21294951438903809;0.22305868566036224
0.9859665036201477;0.588674008846283;0.21286971867084503;0.2234276831150055
0.9862991571426392;0.588494598865509;0.21752183139324188;0.22629041969776154
0.9859433174133301;0.587556004524231;0.2163091003894806;0.2260579615831375
0.9852886199951172;0.5878631472587585;0.21720580756664276;0.2257268726825714
0.9845662117004395;0.5885621905326843;0.21444252133369446;0.2239334136247635
0.9866733551025391;0.5899664759635925;0.21332228183746338;0.22718952596187592
0.986998975276947;0.5898691415786743;0.21462643146514893;0.22522170841693878
0.9876313209533691;0.5912189483642578;0.21388427913188934;0.22720184922218323
0.9861747622489929;0.5908281207084656;0.21550849080085754;0.2282988280057907
0.985637366771698;0.5920472145080566;0.21453772485256195;0.2254229635000229
0.9862963557243347;0.590717077255249;0.2158295214176178;0.22840850055217743
0.9840229153633118;0.5886508226394653;0.21567539870738983;0.22538013756275177
0.9851107597351074;0.587380588054657;0.21651113033294678;0.22467756271362305
0.985386073589325;0.5884861946105957;0.2144690603017807;0.2220117151737213
0.9877142906188965;0.5888592600822449;0.2135007232427597;0.219809889793396
0.9880262613296509;0.5887376070022583;0.21723821759223938;0.22425968945026398
0.9884438514709473;0.5892780423164368;0.214521124958992;0.22762463986873627
0.9890381693840027;0.5906886458396912;0.21656183898448944;0.224417045712471
0.987768292427063;0.5896599888801575;0.2149498015642166;0.2218187153339386
0.9888626337051392;0.5904194116592407;0.2132774144411087;0.22581100463867188
0.9863746762275696;0.5897439122200012;0.21473996341228485;0.2298492044210434
0.9858832359313965;0.591805100440979;0.21224839985370636;0.23064616322517395
0.9854510426521301;0.5910787582397461;0.21062889695167542;0.22351780533790588
0.985137939453125;0.5911869406700134;0.2079668492078781;0.22633782029151917
0.9836302995681763;0.5914127230644226;0.21185605227947235;0.22369582951068878
0.9797984957695007;0.5928575992584229;0.2119167149066925;0.22332020103931427
0.9838801622390747;0.5912006497383118;0.21323256194591522;0.2258688509464264
0.984857976436615;0.5900288224220276;0.21582160890102386;0.22963471710681915
0.9862871170043945;0.5899872779846191;0.21280859410762787;0.2313554733991623
0.9831860661506653;0.5884113311767578;0.21688032150268555;0.22960281372070312
0.983609139919281;0.5887145400047302;0.21577034890651703;0.22535644471645355
0.9843007326126099;0.5900792479515076;0.21596728265285492;0.2309407740831375
0.9856908917427063;0.5911158323287964;0.21621198952198029;0.22746896743774414
0.9830787777900696;0.5917070508003235;0.21433940529823303;0.2270922213792801
0.9835769534111023;0.5914210081100464;0.21815021336078644;0.22417140007019043
0.9832066893577576;0.5920672416687012;0.2170291692018509;0.22439680993556976
0.9815301299095154;0.5902332663536072;0.214003324508667;0.22721758484840393
0.9831854701042175;0.5896778106689453;0.21261318027973175;0.2244580239057541
0.9849292635917664;0.5912544131278992;0.21128463745117188;0.2263660877943039
0.9884619116783142;0.5922070741653442;0.2169138640165329;0.22797982394695282
0.989326000213623;0.591960608959198;0.21815899014472961;0.22960546612739563
0.9898450970649719;0.5901113152503967;0.21973443031311035;0.22987313568592072
0.9909632802009583;0.5889280438423157;0.22050438821315765;0.22764363884925842
0.9901061058044434;0.5887794494628906;0.22011148929595947;0.22775398194789886
0.9925430417060852;0.5883458256721497;0.21796445548534393;0.22563377022743225
0.9904152750968933;0.5878084301948547;0.21628819406032562;0.22843614220619202
0.9916532635688782;0.5883244276046753;0.21544697880744934;0.2278728038072586
0.9924526214599609;0.5901235938072205;0.21610812842845917;0.23260775208473206
0.9905350804328918;0.5914465188980103;0.21114563941955566;0.22514426708221436
0.9901071786880493;0.5907105803489685;0.20873351395130157;0.22622893750667572
0.9916636347770691;0.5896269083023071;0.21121874451637268;0.22651486098766327
0.993809163570404;0.5890427827835083;0.21143560111522675;0.22553734481334686
0.9904789924621582;0.5907608270645142;0.21203778684139252;0.2252383679151535
0.9897640347480774;0.586929440498352;0.21266594529151917;0.2250758707523346
0.9886440634727478;0.5854820609092712;0.2130858451128006;0.22936253249645233
0.9894354939460754;0.5873721241950989;0.2154088318347931;0.2319507598876953
0.9881739616394043;0.5875892043113708;0.2144417017698288;0.22742247581481934
0.9884288907051086;0.5883926153182983;0.2122511863708496;0.22840920090675354
0.9891236424446106;0.588068962097168;0.2087431401014328;0.2301655262708664
0.9897554516792297;0.5866312980651855;0.21201156079769135;0.2276068776845932
0.9905442595481873;0.5853971242904663;0.2111363261938095;0.225049689412117
0.9876241087913513;0.5862202644348145;0.21155552566051483;0.21929538249969482
0.9862338900566101;0.5882384777069092;0.2121841013431549;0.22437715530395508
0.9853208661079407;0.5896044969558716;0.20842261612415314;0.23055057227611542
0.9847959876060486;0.5887673497200012;0.20918789505958557;0.22741396725177765
0.9869993329048157;0.5905651450157166;0.21060140430927277;0.23135033249855042
0.9872419238090515;0.591349720954895;0.2074783891439438;0.23298752307891846
0.9889503717422485;0.5903612971305847;0.21081827580928802;0.22990460693836212
0.9906260371208191;0.5915921330451965;0.21521328389644623;0.22681207954883575
0.990874707698822;0.591042697429657;0.2149064987897873;0.2245408296585083
0.9930756688117981;0.591218113899231;0.21417438983917236;0.22852735221385956
0.9940468072891235;0.59088134765625;0.21372608840465546;0.22808189690113068
0.9936549067497253;0.5916290283203125;0.2133106291294098;0.22733449935913086
0.9943629503250122;0.5927910804748535;0.21136532723903656;0.22416725754737854
0.9958476424217224;0.5919479727745056;0.20778732001781464;0.2260671705007553
0.9946553111076355;0.5913863182067871;0.21321390569210052;0.2267606556415558
0.9938823580741882;0.5906022191047668;0.2146613597869873;0.22834412753582
0.9920622110366821;0.5916990041732788;0.2141956090927124;0.2274213284254074
0.9895210266113281;0.591448187828064;0.2125016748905182;0.22955231368541718
0.9894534945487976;0.5908687710762024;0.21098633110523224;0.22566591203212738
0.9878124594688416;0.590324342250824;0.210784912109375;0.22550371289253235
0.9884976744651794;0.5908625721931458;0.21279166638851166;0.22021107375621796
0.9915933609008789;0.5902881622314453;0.21447356045246124;0.22272050380706787
0.9890915751457214;0.591033399105072;0.2161402702331543;0.22518663108348846
0.9887292981147766;0.5916957855224609;0.21414721012115479;0.2236248254776001
0.988316535949707;0.5916667580604553;0.21621303260326385;0.22240450978279114
0.9885226488113403;0.590959370136261;0.21459345519542694;0.22416400909423828
0.9903165698051453;0.5927926898002625;0.21422505378723145;0.22562098503112793
0.9895732998847961;0.593681275844574;0.21475081145763397;0.22399473190307617
0.9896173477172852;0.5936951041221619;0.21366558969020844;0.22687307000160217
0.9898473024368286;0.594615638256073;0.211714506149292;0.22763550281524658
0.9880281686782837;0.5933765769004822;0.21235275268554688;0.22525767982006073
0.987350583076477;0.5931946039199829;0.213796004652977;0.21843700110912323
0.9850441217422485;0.5927290916442871;0.2148546725511551;0.2281331568956375
0.9866520166397095;0.5937232971191406;0.21414659917354584;0.2274036407470703
0.9843724370002747;0.5929723978042603;0.21410341560840607;0.22628073394298553
0.9823629260063171;0.5930150747299194;0.2134973257780075;0.2268388718366623
0.982577919960022;0.5935702323913574;0.20797322690486908;0.22506991028785706
0.9798483848571777;0.5939609408378601;0.2087104767560959;0.22631585597991943
0.9810671806335449;0.593999445438385;0.2107478231191635;0.22142386436462402
0.9808139204978943;0.5938708186149597;0.20837032794952393;0.2240864783525467
0.982194721698761;0.5930874943733215;0.20866616070270538;0.22640155255794525
0.9821761250495911;0.5924046635627747;0.2111438810825348;0.2212906926870346
0.9821996688842773;0.5901351571083069;0.21079020202159882;0.22603392601013184
0.9821834564208984;0.5869721174240112;0.20945219695568085;0.22569680213928223
0.9834341406822205;0.5864629745483398;0.2119802087545395;0.22797098755836487
0.9818281531333923;0.5866288542747498;0.21624842286109924;0.2288767397403717
0.9826452136039734;0.585320234298706;0.21472516655921936;0.22437119483947754
0.9831358194351196;0.5861582159996033;0.21276140213012695;0.22933116555213928
0.9814369082450867;0.5856055617332458;0.21483981609344482;0.22705259919166565
0.9810085296630859;0.5856544375419617;0.21663598716259003;0.22435800731182098
0.9813610911369324;0.5837165117263794;0.21553540229797363;0.22445498406887054
0.9808988571166992;0.5825309753417969;0.2154095619916916;0.22349444031715393
0.9825611114501953;0.5823373794555664;0.21597476303577423;0.22209377586841583
0.982940673828125;0.5818144083023071;0.21437232196331024;0.22215719521045685
0.982055127620697;0.582278847694397;0.2178003042936325;0.22057728469371796
0.9830120205879211;0.5837627649307251;0.21367430686950684;0.22317694127559662
0.9831792116165161;0.582578182220459;0.21387259662151337;0.22804449498653412
0.9836107492446899;0.5825954079627991;0.21486686170101166;0.22327959537506104
0.9819877743721008;0.5826199054718018;0.2171526402235031;0.22884713113307953
0.9784464836120605;0.5830709338188171;0.2166314572095871;0.22888945043087006
0.9789413809776306;0.583476185798645;0.21900486946105957;0.2244725525379181
0.9813804030418396;0.5847345590591431;0.21981215476989746;0.2236107438802719
0.9817387461662292;0.5845593810081482;0.2194126695394516;0.22582267224788666
0.9825310111045837;0.5854476094245911;0.22107522189617157;0.22522512078285217
0.9821516871452332;0.5855745077133179;0.21561868488788605;0.22821366786956787
0.980046272277832;0.5867788195610046;0.21528103947639465;0.22557206451892853
0.97986900806427;0.5853636264801025;0.21507687866687775;0.22119055688381195
0.9807338714599609;0.5863493084907532;0.2159559577703476;0.2216171771287918
0.981778085231781;0.5883349776268005;0.21632830798625946;0.22248564660549164
0.9800545573234558;0.5885818600654602;0.2179243117570877;0.22106313705444336
0.983510434627533;0.5897677540779114;0.21665112674236298;0.22398541867733002
0.9835909008979797;0.5887942910194397;0.21496076881885529;0.2215311974287033
0.9853172302246094;0.590020477771759;0.21500936150550842;0.22656670212745667
0.9854070544242859;0.5903649926185608;0.2140088528394699;0.22552171349525452
0.9859649538993835;0.5900799632072449;0.21318529546260834;0.22626248002052307
0.9841279983520508;0.5906929969787598;0.21512655913829803;0.22736135125160217
0.9851676821708679;0.5910143852233887;0.21632137894630432;0.22493770718574524
0.9850317239761353;0.5917870402336121;0.21613597869873047;0.22094197571277618
0.9861359000205994;0.5903775691986084;0.21374277770519257;0.22027647495269775
0.9906215667724609;0.5888254046440125;0.21741171181201935;0.22311516106128693
0.9892019629478455;0.5883570909500122;0.21650700271129608;0.22758224606513977
0.9917354583740234;0.5880445837974548;0.2148205041885376;0.22849905490875244
0.9889616966247559;0.588666558265686;0.2145088165998459;0.2308136224746704
0.990559995174408;0.5876802802085876;0.21213975548744202;0.2262340635061264
0.9913504719734192;0.5908939242362976;0.21422182023525238;0.22453656792640686
0.9921194911003113;0.5917119979858398;0.21429800987243652;0.2260477989912033
0.9938041567802429;0.5926834344863892;0.21667174994945526;0.22855988144874573
0.9965111017227173;0.5910956263542175;0.21697667241096497;0.2259005606174469
0.9989477396011353;0.592240035533905;0.216525599360466;0.22449703514575958
0.999144971370697;0.5911308526992798;0.21714603900909424;0.2212216854095459
0.9986104369163513;0.5914605259895325;0.21536676585674286;0.221853569149971
0.9991316795349121;0.5909376740455627;0.21185457706451416;0.2220490425825119
1.0000916719436646;0.5911566615104675;0.2108985036611557;0.21997308731079102
0.9992502331733704;0.5916827321052551;0.20906464755535126;0.22116632759571075
0.998433530330658;0.5916516184806824;0.20828595757484436;0.22399671375751495
1.0012508630752563;0.590965986251831;0.21314378082752228;0.2242847979068756
1.0026496648788452;0.5923592448234558;0.2109207659959793;0.22797583043575287
0.9984858632087708;0.5937679409980774;0.21587972342967987;0.22735626995563507
0.9979548454284668;0.5931186079978943;0.21429288387298584;0.23113088309764862
0.9984268546104431;0.5944012999534607;0.21312515437602997;0.22921796143054962
0.997348427772522;0.5938446521759033;0.2144867479801178;0.22910408675670624
0.995759129524231;0.5950071215629578;0.21648910641670227;0.22909021377563477
0.9955751299858093;0.5929189920425415;0.21788480877876282;0.22759433090686798
0.994469940662384;0.5923683047294617;0.2176576405763626;0.2244735062122345
0.9948803186416626;0.5936700105667114;0.2153858244419098;0.22489960491657257
0.9955105185508728;0.5923078656196594;0.21274538338184357;0.22269301116466522
0.9942436218261719;0.589878499507904;0.21299083530902863;0.22069333493709564
0.9930664300918579;0.5902599692344666;0.21592198312282562;0.21884052455425262
0.993137776851654;0.5888633131980896;0.21496382355690002;0.22372852265834808
0.9936599731445312;0.5859121680259705;0.21719972789287567;0.22474919259548187
0.9926406145095825;0.5841335654258728;0.21309883892536163;0.22989554703235626
0.9928186535835266;0.5850057005882263;0.21377761662006378;0.22579403221607208
0.9922378659248352;0.5850681662559509;0.21590101718902588;0.2234913855791092
0.9918371438980103;0.5867918133735657;0.21119026839733124;0.22624455392360687
0.9893865585327148;0.5880094766616821;0.21086731553077698;0.2228526622056961
0.9883044362068176;0.5899492502212524;0.21100597083568573;0.22622822225093842
0.9863219261169434;0.5880917906761169;0.2153310775756836;0.2255735695362091
0.9875581860542297;0.5872101187705994;0.2148425132036209;0.23064599931240082
0.9888376593589783;0.5893852710723877;0.21656106412410736;0.2279157191514969
0.9876536726951599;0.5893674492835999;0.21229378879070282;0.22595515847206116
0.9873611330986023;0.5893433094024658;0.2105632871389389;0.22548642754554749
0.9826540946960449;0.589627206325531;0.21299515664577484;0.22905977070331573
0.9850032925605774;0.5906381607055664;0.2120654433965683;0.2305595427751541
0.9890851974487305;0.5892049670219421;0.21335990726947784;0.2270195037126541
0.9909276962280273;0.5887565612792969;0.21545003354549408;0.22637076675891876
0.9897823333740234;0.5898376703262329;0.21676278114318848;0.2281552404165268
0.9875028729438782;0.5891322493553162;0.21938855946063995;0.23076246678829193
0.9886762499809265;0.5881229043006897;0.21784797310829163;0.2238326072692871
0.9874488115310669;0.589328408241272;0.2144325226545334;0.22101950645446777
0.9900599718093872;0.5902247428894043;0.211513951420784;0.22149021923542023
0.990895688533783;0.5904489159584045;0.2138444036245346;0.22557230293750763
0.9918333292007446;0.5912095904350281;0.21323619782924652;0.22510047256946564
0.9913747906684875;0.5948126912117004;0.21359407901763916;0.22828780114650726
0.9924699664115906;0.5953538417816162;0.21198268234729767;0.22972941398620605
0.9934270977973938;0.5948230028152466;0.2123945951461792;0.22925065457820892
0.9926360249519348;0.5960301756858826;0.2161162942647934;0.2312193363904953
0.9909300804138184;0.5952823162078857;0.21629773080348969;0.22584426403045654
0.9915176630020142;0.5934327244758606;0.2167622148990631;0.22666974365711212
0.9921188354492188;0.5926394462585449;0.2167307436466217;0.22593922913074493
0.9913408160209656;0.5919511318206787;0.21176989376544952;0.22461485862731934
0.9913322329521179;0.5899373292922974;0.20921993255615234;0.22641439735889435
0.9890589118003845;0.5902623534202576;0.21125710010528564;0.2275112420320511
0.9877941012382507;0.591893196105957;0.212498739361763;0.22342346608638763
0.9887353181838989;0.5926079154014587;0.21337126195430756;0.2226954698562622
0.9866413474082947;0.5935925841331482;0.21370959281921387;0.22434036433696747
0.9858338236808777;0.5946487784385681;0.2125425785779953;0.2251109927892685
0.9880118370056152;0.5920109152793884;0.212991863489151;0.2235647290945053
0.9886914491653442;0.5919495224952698;0.2158479541540146;0.22293820977210999
0.9897228479385376;0.5921850204467773;0.2183229923248291;0.22386351227760315
0.9856830835342407;0.591456413269043;0.2171371728181839;0.22631052136421204
0.9851709604263306;0.5930431485176086;0.216169074177742;0.22381559014320374
0.9864888191223145;0.5952768325805664;0.21851444244384766;0.22515042126178741
0.985460102558136;0.5959559679031372;0.21932005882263184;0.2260364145040512
0.9858160018920898;0.5958734750747681;0.21706829965114594;0.2248109132051468
0.9820913672447205;0.5938901901245117;0.21478286385536194;0.2287028282880783
0.9826863408088684;0.5909296274185181;0.2123035043478012;0.2252635806798935
0.982539176940918;0.5928171277046204;0.21607767045497894;0.22385910153388977
0.9813333749771118;0.5923468470573425;0.21331727504730225;0.22401323914527893
0.9819342494010925;0.5914762020111084;0.21349585056304932;0.22237351536750793
0.9837881326675415;0.592799186706543;0.21596968173980713;0.2277452051639557
0.9849978685379028;0.5939256548881531;0.2180224508047104;0.22971124947071075
0.9856674075126648;0.5935854315757751;0.2205234318971634;0.23146477341651917
0.9837793707847595;0.5931240916252136;0.22045588493347168;0.22749923169612885
0.9821566939353943;0.5928832292556763;0.2153022140264511;0.2274206429719925
0.9783838391304016;0.5927861928939819;0.21585886180400848;0.2232520878314972
0.9769396185874939;0.5922767519950867;0.2152634710073471;0.22328217327594757
0.978280246257782;0.5924622416496277;0.21159568428993225;0.22284141182899475
0.9783390164375305;0.5918182134628296;0.21381807327270508;0.2199057638645172
0.9792570471763611;0.5899931192398071;0.21292240917682648;0.2253378927707672
0.9798658490180969;0.5897053480148315;0.2145444005727768;0.23038657009601593
0.9800294041633606;0.5896815657615662;0.21543188393115997;0.2271207869052887
0.975888192653656;0.5905983448028564;0.2147604525089264;0.22539344429969788
0.9724151492118835;0.5896866917610168;0.21493582427501678;0.22869710624217987
0.9703463912010193;0.5892256498336792;0.2169581651687622;0.23349300026893616
0.9706479907035828;0.589374840259552;0.2159835398197174;0.23155823349952698
0.9690513610839844;0.5910521745681763;0.21832051873207092;0.23037372529506683
0.9680021405220032;0.5890758037567139;0.21788112819194794;0.22515861690044403
0.9674869775772095;0.590688169002533;0.21891725063323975;0.22514338791370392
0.9683648347854614;0.5922402739524841;0.21928463876247406;0.22423119843006134
0.9710411429405212;0.5930952429771423;0.21769241988658905;0.22633595764636993
0.970960795879364;0.5940520167350769;0.21400289237499237;0.2278739959001541
0.9717154502868652;0.5941874980926514;0.21007990837097168;0.2270747721195221
0.9717627763748169;0.5928100347518921;0.21382687985897064;0.22845235466957092
0.9710533022880554;0.5927310585975647;0.21615734696388245;0.22625093162059784
0.9702991843223572;0.5936428904533386;0.21638646721839905;0.2235030233860016
0.9671417474746704;0.5941870808601379;0.2134341299533844;0.2287721186876297
0.9680837988853455;0.5955972671508789;0.21436567604541779;0.22818823158740997
0.969096302986145;0.5950336456298828;0.21627962589263916;0.21826255321502686
0.9689667820930481;0.5949000716209412;0.2144147902727127;0.21747450530529022
0.9682514071464539;0.5957534909248352;0.212543323636055;0.2198726236820221
0.966436505317688;0.5966805815696716;0.21204908192157745;0.22147460281848907
0.9640274047851562;0.5961695909500122;0.2095370590686798;0.22466126084327698
0.9640377163887024;0.5965129733085632;0.20753204822540283;0.2248067855834961
0.9655591249465942;0.5949838161468506;0.2078077644109726;0.22512607276439667
0.9679776430130005;0.595763623714447;0.21058659255504608;0.22877894341945648
0.9697467088699341;0.5945173501968384;0.20970232784748077;0.2242094725370407
0.9694545865058899;0.5934241414070129;0.2109570950269699;0.2273496687412262
0.9736170172691345;0.5927742123603821;0.2089800387620926;0.22418785095214844
0.9742947816848755;0.5915026664733887;0.21070407330989838;0.22467584908008575
0.9739269614219666;0.5896279215812683;0.21019969880580902;0.2241891473531723
0.9718765616416931;0.5887436866760254;0.21193233132362366;0.22598528861999512
0.9710409045219421;0.5885528922080994;0.21346035599708557;0.22387543320655823
0.9701921343803406;0.5880525708198547;0.21544452011585236;0.2212500125169754
0.9693320393562317;0.5876104235649109;0.21201582252979279;0.22287964820861816
0.9700103998184204;0.5874733924865723;0.2122221440076828;0.22417990863323212
0.9694110155105591;0.5850907564163208;0.21194715797901154;0.2259168177843094
0.970209538936615;0.5843750834465027;0.2107655107975006;0.22733226418495178
0.9695229530334473;0.5852988362312317;0.2109791338443756;0.2265949249267578
0.9702659845352173;0.5882084965705872;0.21021871268749237;0.23318250477313995
0.9664978981018066;0.5866585969924927;0.21206815540790558;0.23797492682933807
0.9641857147216797;0.5871022343635559;0.2135029286146164;0.22896407544612885
0.9659547209739685;0.5865751504898071;0.21572494506835938;0.2325705587863922
0.96682208776474;0.5881425142288208;0.21800366044044495;0.22684715688228607
0.9670120477676392;0.5878509879112244;0.21655212342739105;0.22030797600746155
0.9657267928123474;0.588986337184906;0.21439464390277863;0.2180532068014145
0.9675392508506775;0.5896685719490051;0.2150396853685379;0.22344990074634552
0.9678167700767517;0.5907763838768005;0.21300795674324036;0.22256974875926971
0.9651780128479004;0.5911096930503845;0.21399004757404327;0.22584687173366547
0.9638334512710571;0.5898017287254333;0.21573388576507568;0.22557340562343597
0.9669038653373718;0.5898140072822571;0.21719785034656525;0.2242494821548462
0.9706284403800964;0.589444637298584;0.21586857736110687;0.2244071066379547
0.9676045775413513;0.5903159379959106;0.21845118701457977;0.22470684349536896
0.9672592282295227;0.5905515551567078;0.2189313918352127;0.22147612273693085
0.9697446823120117;0.5905864834785461;0.21715517342090607;0.2285996526479721
0.9701071977615356;0.5916545391082764;0.21413250267505646;0.2260465919971466
0.9688106775283813;0.5896596908569336;0.21200013160705566;0.22559323906898499
0.9674715399742126;0.5887823104858398;0.21337352693080902;0.22621846199035645
0.9686691164970398;0.5902427434921265;0.21483707427978516;0.23217573761940002
0.9688736200332642;0.5900360941886902;0.21612589061260223;0.23434357345104218
0.9693151712417603;0.5912494659423828;0.2149992436170578;0.2311646044254303
0.9732519388198853;0.5915049910545349;0.21133799850940704;0.22579360008239746
0.971112072467804;0.5920748710632324;0.2080279141664505;0.22446846961975098
0.9715744853019714;0.5917267799377441;0.20860078930854797;0.22202551364898682
0.9711093902587891;0.5908204913139343;0.21135170757770538;0.22449679672718048
0.9685267806053162;0.5909811854362488;0.21153731644153595;0.22170749306678772
0.9685964584350586;0.5925963521003723;0.2117590755224228;0.2288450300693512
0.9669651985168457;0.5956208109855652;0.21230097115039825;0.22930555045604706
0.9683706164360046;0.5955193042755127;0.21512775123119354;0.22542138397693634
0.9677515029907227;0.5943517684936523;0.2145613431930542;0.22493985295295715
0.9668993949890137;0.596008837223053;0.2143222540616989;0.2238548845052719
0.9659560322761536;0.5964578986167908;0.21473877131938934;0.2216017097234726
0.9659968614578247;0.5960463881492615;0.21473386883735657;0.22083239257335663
0.9665587544441223;0.595068633556366;0.21593184769153595;0.22037926316261292
0.9658614993095398;0.5941553115844727;0.21225249767303467;0.2253108024597168
0.9678463935852051;0.5929706692695618;0.21499648690223694;0.22878585755825043
0.9667450189590454;0.5912472605705261;0.21234722435474396;0.22858472168445587
0.9668471217155457;0.5903661251068115;0.2129245102405548;0.22870340943336487
0.9656088948249817;0.5902306437492371;0.21232850849628448;0.22228923439979553
0.9663522839546204;0.5898184180259705;0.21444351971149445;0.22403962910175323
0.9661613702774048;0.5899278521537781;0.2169792205095291;0.226853609085083
0.9642987251281738;0.5910688638687134;0.21748261153697968;0.22687840461730957
0.9646872878074646;0.5885977149009705;0.21687276661396027;0.2293502539396286
0.9665049910545349;0.5869280099868774;0.2142559289932251;0.2308526486158371
0.9676550030708313;0.5884262323379517;0.21291351318359375;0.23173892498016357
0.970919132232666;0.5878718495368958;0.21396420896053314;0.23164334893226624
0.9707807898521423;0.589057445526123;0.21250401437282562;0.23070703446865082
0.9710176587104797;0.5881573557853699;0.21094714105129242;0.22749896347522736
0.9709360003471375;0.5878810882568359;0.2163883000612259;0.2308628112077713
0.9738976359367371;0.5884631276130676;0.21495822072029114;0.22749488055706024
0.974873960018158;0.5892336964607239;0.2115943282842636;0.22729626297950745
0.9737405776977539;0.5922783017158508;0.2095252126455307;0.22340264916419983
0.9764770865440369;0.5932186841964722;0.2087966948747635;0.2251410037279129
0.9766175150871277;0.5928236842155457;0.2090137004852295;0.22544224560260773
0.9774433970451355;0.5924805402755737;0.20967188477516174;0.23105600476264954
0.9772507548332214;0.5912176966667175;0.213087797164917;0.22480399906635284
0.9767710566520691;0.5900635123252869;0.2113807201385498;0.22409653663635254
0.9769856333732605;0.5900246500968933;0.21222145855426788;0.22140923142433167
0.9757135510444641;0.5888286232948303;0.21346595883369446;0.22317655384540558
0.9761179089546204;0.5887113809585571;0.21325694024562836;0.2296421378850937
0.9775110483169556;0.5891029834747314;0.21317878365516663;0.22807033360004425
0.9786636233329773;0.590499222278595;0.21680812537670135;0.22383557260036469
0.9790849685668945;0.5905196666717529;0.2172553539276123;0.223734050989151
0.9818730354309082;0.5904404520988464;0.21674850583076477;0.22340498864650726
0.9818095564842224;0.5912508368492126;0.21444498002529144;0.22294726967811584
0.9835621118545532;0.5906249284744263;0.2165791541337967;0.223534494638443
0.9851472973823547;0.5921387076377869;0.214120015501976;0.22561907768249512
0.9872048497200012;0.592650830745697;0.20878329873085022;0.22411930561065674
0.9904499053955078;0.592655599117279;0.21105657517910004;0.22529323399066925
0.9905586242675781;0.5941722989082336;0.2122882902622223;0.22888438403606415
0.9920463562011719;0.594188392162323;0.21186304092407227;0.22754013538360596
0.9907808303833008;0.5933047533035278;0.21195149421691895;0.220458984375
0.9907974600791931;0.5927996039390564;0.2099170684814453;0.22247067093849182
0.9895788431167603;0.5936551094055176;0.21374085545539856;0.22372089326381683
0.9913417100906372;0.5938059091567993;0.21259398758411407;0.2254870980978012
0.9946098327636719;0.5938262939453125;0.2130696028470993;0.2241530865430832
0.9967046976089478;0.5925185084342957;0.21144650876522064;0.22553229331970215
0.996522068977356;0.5947661399841309;0.2112005203962326;0.22381043434143066
0.993679940700531;0.5931491851806641;0.2087574303150177;0.22316093742847443
0.9928125739097595;0.5922959446907043;0.21099404990673065;0.21644572913646698
0.9916195273399353;0.5921297669410706;0.20852045714855194;0.22447915375232697
0.9901313781738281;0.5921093225479126;0.20831207931041718;0.22600090503692627
0.9907541275024414;0.5922181010246277;0.21041114628314972;0.22823147475719452
0.9929208159446716;0.5914075970649719;0.2077658623456955;0.22547613084316254
0.9888097047805786;0.590027391910553;0.20968566834926605;0.22447052597999573
0.9923445582389832;0.5889226198196411;0.204722598195076;0.2317649871110916
0.9903662800788879;0.5880969166755676;0.20567965507507324;0.22424422204494476
0.9869815111160278;0.5877236127853394;0.20730625092983246;0.22550201416015625
0.9871339797973633;0.5883248448371887;0.21076703071594238;0.22552399337291718
0.9873781204223633;0.5906471610069275;0.210951566696167;0.22759321331977844
0.9894943237304688;0.5898792147636414;0.21189288794994354;0.22737851738929749
0.9895748496055603;0.5910292863845825;0.21279454231262207;0.2286028116941452
0.9863197207450867;0.590998113155365;0.2118900865316391;0.22158999741077423
0.985133171081543;0.5910540819168091;0.2149195671081543;0.22110895812511444
0.9888253211975098;0.5918265581130981;0.20881257951259613;0.2197554111480713
0.988620400428772;0.5919114947319031;0.21012787520885468;0.22289268672466278
0.9848707318305969;0.5908493399620056;0.21076703071594238;0.22858043015003204
0.9846691489219666;0.5909917950630188;0.21172156929969788;0.22371838986873627
0.9877262115478516;0.5918362736701965;0.216522678732872;0.2262972891330719
0.9891953468322754;0.5904954671859741;0.21739163994789124;0.2291640043258667
0.9907007217407227;0.5910078287124634;0.21652506291866302;0.22551369667053223
0.9906702041625977;0.5906309485435486;0.21685270965099335;0.22357134521007538
0.9919309020042419;0.5883910655975342;0.21694257855415344;0.22562220692634583
0.9904605746269226;0.5861130952835083;0.21349187195301056;0.2217225283384323
0.9896165728569031;0.5870338678359985;0.21393075585365295;0.21949730813503265
0.9899219870567322;0.5878724455833435;0.21331310272216797;0.22075794637203217
0.9895121455192566;0.5890573859214783;0.2104601413011551;0.22428226470947266
0.9908755421638489;0.5873541235923767;0.21257555484771729;0.22428734600543976
0.9914954304695129;0.5862354636192322;0.2114216387271881;0.22794686257839203
0.9917522668838501;0.5852753520011902;0.21352019906044006;0.22513268887996674
0.9904138445854187;0.5862870216369629;0.21416950225830078;0.22314436733722687
0.9937461018562317;0.5879997611045837;0.21466627717018127;0.22081099450588226
0.9932217597961426;0.5882532000541687;0.21331524848937988;0.22877000272274017
0.9932867288589478;0.5871400833129883;0.21055160462856293;0.2259281724691391
0.9923914074897766;0.5871182680130005;0.21224260330200195;0.22582252323627472
0.9936420321464539;0.5878658294677734;0.21232357621192932;0.2248063087463379
0.9945617914199829;0.587973415851593;0.21284399926662445;0.22464482486248016
0.9950525164604187;0.5895110964775085;0.21359620988368988;0.22351770102977753
0.9934495091438293;0.5895441174507141;0.21568380296230316;0.22471201419830322
0.9926996231079102;0.5896933078765869;0.2165488451719284;0.22073400020599365
0.9909555315971375;0.589297890663147;0.21760664880275726;0.22167038917541504
0.9895231127738953;0.5878824591636658;0.22016096115112305;0.22825591266155243
0.9865070581436157;0.5882492065429688;0.21848121285438538;0.2269400656223297
0.9884629249572754;0.5869249105453491;0.21999268233776093;0.2271382063627243
0.9908734560012817;0.5868861079216003;0.2189459353685379;0.22618353366851807
0.9886648058891296;0.5859610438346863;0.21456220746040344;0.2283135950565338
0.9876392483711243;0.5839065909385681;0.2134079933166504;0.23129482567310333
0.9887711405754089;0.5825657248497009;0.21401648223400116;0.22897934913635254
0.9859464764595032;0.5826218724250793;0.21205244958400726;0.22331605851650238
0.9856554865837097;0.5823544859886169;0.21619358658790588;0.22786489129066467
0.9860173463821411;0.584333062171936;0.2204616516828537;0.22706925868988037
0.9872891306877136;0.5840688943862915;0.21799993515014648;0.22582240402698517
0.9882235527038574;0.5846015810966492;0.21816401183605194;0.23098735511302948
0.989483654499054;0.5845642685890198;0.22002771496772766;0.225762277841568
0.9877097010612488;0.5848936438560486;0.21996329724788666;0.2274949550628662
0.9872869849205017;0.5862190127372742;0.22240450978279114;0.22839494049549103
0.9876369833946228;0.5870674252510071;0.22031591832637787;0.22712674736976624
0.9903499484062195;0.5888910889625549;0.2187463790178299;0.22643950581550598
0.9886332750320435;0.5891789793968201;0.21652932465076447;0.22696447372436523
0.9896449446678162;0.5891493558883667;0.2195521593093872;0.22469568252563477
0.9892527461051941;0.5912095308303833;0.21979478001594543;0.22417818009853363
0.9879240393638611;0.5932673811912537;0.21759486198425293;0.22577598690986633
0.9863651394844055;0.5924658179283142;0.2207050770521164;0.223508819937706
0.9879762530326843;0.5942544937133789;0.21950900554656982;0.2262745350599289
0.9884557127952576;0.5943662524223328;0.21908140182495117;0.2239995002746582
0.9874882102012634;0.5944143533706665;0.21572422981262207;0.22524729371070862
0.9845988154411316;0.5953361988067627;0.21417346596717834;0.22869406640529633
0.9835525751113892;0.5940466523170471;0.21304701268672943;0.22760224342346191
0.9819256663322449;0.5942584276199341;0.21527829766273499;0.22625640034675598
0.9831939935684204;0.5948388576507568;0.21823374927043915;0.22512705624103546
0.9818021059036255;0.5947594046592712;0.21864967048168182;0.22839801013469696
0.9793826937675476;0.5941982269287109;0.2166026383638382;0.2247481346130371
0.9809336066246033;0.5943567156791687;0.22392240166664124;0.22617129981517792
0.9784995317459106;0.5943003296852112;0.2233438789844513;0.22408881783485413
0.9801584482192993;0.5914050936698914;0.21815703809261322;0.22395634651184082
0.9806081056594849;0.5919265151023865;0.21205298602581024;0.2246619015932083
0.9835305213928223;0.5926236510276794;0.2128310203552246;0.22102145850658417
0.9852690100669861;0.5930014848709106;0.21216082572937012;0.22471749782562256
0.985637366771698;0.5937183499336243;0.20976082980632782;0.22724471986293793
0.9834783673286438;0.5936997532844543;0.21201582252979279;0.22726011276245117
0.980954647064209;0.593615710735321;0.20967082679271698;0.2271331399679184
0.9795225262641907;0.592866837978363;0.20908451080322266;0.22380493581295013
0.9811615347862244;0.5934217572212219;0.21184197068214417;0.21987047791481018
0.9782400131225586;0.5934286117553711;0.21276035904884338;0.22186081111431122
0.9774249196052551;0.5941078066825867;0.21132288873195648;0.2247427999973297
0.9760121703147888;0.5943048596382141;0.2115251123905182;0.2254527062177658
0.976630687713623;0.5937375426292419;0.21304106712341309;0.2229870855808258
0.9751089215278625;0.592886745929718;0.2124416083097458;0.2266266644001007
0.9745197296142578;0.5950130224227905;0.2157873660326004;0.22592520713806152
0.9768949747085571;0.5964671969413757;0.21759913861751556;0.2311248779296875
0.9755575060844421;0.5965890288352966;0.21696996688842773;0.22609420120716095
0.9762245416641235;0.5966476798057556;0.21367299556732178;0.22601862251758575
0.9781370162963867;0.5971460938453674;0.2121630758047104;0.23082533478736877
0.9803072810173035;0.5956822633743286;0.2090616673231125;0.2255621999502182
0.9793327450752258;0.5968480110168457;0.20960083603858948;0.2268390953540802
0.9782422184944153;0.5946134924888611;0.21271446347236633;0.22597716748714447
0.9783313870429993;0.5957517623901367;0.2130081206560135;0.22982583940029144
0.9782835841178894;0.595460832118988;0.21092449128627777;0.229495570063591
0.9788064956665039;0.5948947072029114;0.2076832801103592;0.2239212542772293
0.9799224734306335;0.5951333045959473;0.20731039345264435;0.22373734414577484
0.9796956181526184;0.5968676805496216;0.20897603034973145;0.2245979756116867
0.9783781170845032;0.5983589291572571;0.21092191338539124;0.22840748727321625
0.9758813977241516;0.5978006720542908;0.21100583672523499;0.22873099148273468
0.9734556078910828;0.5972303748130798;0.21390047669410706;0.22012841701507568
0.9750586748123169;0.5957015156745911;0.2173728048801422;0.22239179909229279
0.9729305505752563;0.5956217646598816;0.2186647206544876;0.22122664749622345
0.9738951921463013;0.5959263443946838;0.21629324555397034;0.21975401043891907
0.9730684161186218;0.5952319502830505;0.21716530621051788;0.22216248512268066
0.9715649485588074;0.5971652865409851;0.21776972711086273;0.22518418729305267
0.9732857942581177;0.5977304577827454;0.21705570816993713;0.22406983375549316
0.9735722541809082;0.5980960130691528;0.21604500710964203;0.22674746811389923
0.9731661081314087;0.5982251167297363;0.21499188244342804;0.22458462417125702
0.9710671305656433;0.5965918302536011;0.21645212173461914;0.21865443885326385
0.9680379033088684;0.595838725566864;0.21344518661499023;0.21731571853160858
0.9693884253501892;0.5960688591003418;0.2137196809053421;0.21940362453460693
0.9707003831863403;0.5946292281150818;0.21462856233119965;0.22072267532348633
0.971019446849823;0.5936164855957031;0.21567849814891815;0.22356145083904266
0.9706504940986633;0.5928720235824585;0.2113170623779297;0.22631017863750458
0.9688836932182312;0.592902660369873;0.21399341523647308;0.22314004600048065
0.9687337875366211;0.5921420454978943;0.20913267135620117;0.22762666642665863
0.9655909538269043;0.591238796710968;0.2055545151233673;0.22511886060237885
0.966138482093811;0.5892028212547302;0.20800678431987762;0.22721953690052032
0.9682657122612;0.5895246863365173;0.2159903347492218;0.22615841031074524
0.972800076007843;0.5889546275138855;0.21912895143032074;0.22530828416347504
0.9709493517875671;0.5886000394821167;0.21864639222621918;0.22019262611865997
0.9693486094474792;0.5878775715827942;0.22051914036273956;0.22224079072475433
0.9676023721694946;0.58738774061203;0.2169550210237503;0.22316113114356995
0.9670310020446777;0.5881904363632202;0.21923772990703583;0.2241998165845871
0.9683433771133423;0.5878371596336365;0.21945400536060333;0.22823362052440643
0.9670758247375488;0.5860866904258728;0.22242169082164764;0.2253047078847885
0.9666001200675964;0.5858942866325378;0.22193960845470428;0.22457294166088104
0.9658388495445251;0.5846482515335083;0.21819844841957092;0.22603824734687805
0.9646058082580566;0.5859360098838806;0.21663355827331543;0.2286815643310547
0.9644094705581665;0.5876129269599915;0.2133447676897049;0.22208979725837708
0.9623910784721375;0.5862430930137634;0.21429644525051117;0.21916690468788147
0.963623046875;0.5869123339653015;0.214866504073143;0.2242375910282135
0.9648271799087524;0.5871292948722839;0.2144632190465927;0.2276594191789627
0.9656201601028442;0.5867701768875122;0.2105863392353058;0.22504770755767822
0.9673050045967102;0.5874466300010681;0.21019335091114044;0.22516539692878723
0.9667187929153442;0.5874829292297363;0.21298913657665253;0.22451959550380707
0.9660027623176575;0.5877166986465454;0.2140369415283203;0.22510682046413422
0.9649452567100525;0.5883679986000061;0.213665172457695;0.22979150712490082
0.9653860330581665;0.5893256068229675;0.21542659401893616;0.22962598502635956
0.9646806716918945;0.5891427397727966;0.21467526257038116;0.2287120819091797
0.968169629573822;0.5898093581199646;0.21548497676849365;0.23107552528381348
0.9686431288719177;0.5878483057022095;0.21459022164344788;0.22940197587013245
0.9676927924156189;0.5872584581375122;0.21503137052059174;0.23163528740406036
0.9663341641426086;0.5882316827774048;0.2125413864850998;0.2299482822418213
0.9655952453613281;0.5884910225868225;0.2144000083208084;0.22896619141101837
0.966436505317688;0.5865240097045898;0.21630172431468964;0.22164364159107208
0.9684034585952759;0.5887665748596191;0.21749639511108398;0.22615444660186768
0.9704330563545227;0.5863466262817383;0.2166539430618286;0.22781410813331604
0.9716383814811707;0.5868535041809082;0.21319285035133362;0.2254500687122345
0.9740611910820007;0.5867595076560974;0.21117495000362396;0.22066155076026917
0.9760228991508484;0.5853174328804016;0.21081571280956268;0.22095532715320587
0.9768072366714478;0.5860010385513306;0.212138369679451;0.22723343968391418
0.978335976600647;0.5855768322944641;0.21038566529750824;0.22777925431728363
0.9776310324668884;0.5854572653770447;0.2113412618637085;0.22782687842845917
0.9762198328971863;0.584339439868927;0.21200095117092133;0.22865895926952362
0.9753990173339844;0.5834705233573914;0.21124063432216644;0.2245049774646759
0.9744665026664734;0.5820183753967285;0.21072088181972504;0.21966011822223663
0.9755145311355591;0.5827769637107849;0.20655906200408936;0.21778813004493713
0.9748259782791138;0.5834428668022156;0.21272340416908264;0.21869607269763947
0.9772453308105469;0.5845037698745728;0.21183665096759796;0.22110526263713837
0.9768785834312439;0.5847323536872864;0.2115159034729004;0.22109465301036835
0.978894054889679;0.583503246307373;0.2116406410932541;0.2256690114736557
0.9763677716255188;0.5844703316688538;0.21096587181091309;0.22608700394630432
0.9762930274009705;0.5848707556724548;0.21190206706523895;0.2249525636434555
0.9759439826011658;0.5861210823059082;0.20734086632728577;0.22294321656227112
0.9761027693748474;0.5856910347938538;0.20644450187683105;0.2252528965473175
0.9789924621582031;0.5869622826576233;0.20966391265392303;0.22662566602230072
0.9800651669502258;0.5859930515289307;0.21102705597877502;0.22549395263195038
0.9817142486572266;0.5860123634338379;0.21058450639247894;0.226673886179924
0.9812864661216736;0.5865959525108337;0.2153048813343048;0.22894811630249023
0.981641411781311;0.5861322283744812;0.21566207706928253;0.2260519564151764
0.9829727411270142;0.585454523563385;0.2149263620376587;0.22686724364757538
0.9854242205619812;0.5849522948265076;0.21376930177211761;0.2262287586927414
0.9857552647590637;0.5853163003921509;0.2116347998380661;0.2259371280670166
0.9848362803459167;0.5863798260688782;0.21436242759227753;0.2245139181613922
0.984531819820404;0.586737334728241;0.2163851112127304;0.2228565216064453
0.9847725033760071;0.5850706100463867;0.21514861285686493;0.22780834138393402
0.9837949872016907;0.5860771536827087;0.21361775696277618;0.22444932162761688
0.9837865829467773;0.5863716006278992;0.21315816044807434;0.22325745224952698
0.9837114214897156;0.5878866314888;0.21139530837535858;0.22617335617542267
0.9852818846702576;0.5894040465354919;0.2147376984357834;0.22553959488868713
0.9849299788475037;0.5890540480613708;0.2164873629808426;0.22679124772548676
0.9848573803901672;0.5905115008354187;0.22015516459941864;0.22222386300563812
0.9869699478149414;0.5889502763748169;0.21455954015254974;0.22328519821166992
0.9874380230903625;0.5896298289299011;0.21295447647571564;0.21880817413330078
0.9885334968566895;0.590177059173584;0.21321597695350647;0.22376234829425812
0.9888206720352173;0.5901691317558289;0.2126341313123703;0.22545628249645233
0.9862962961196899;0.5899679064750671;0.21121323108673096;0.22772295773029327
0.9865407347679138;0.5922423005104065;0.21468892693519592;0.23057518899440765
0.9847210049629211;0.5916232466697693;0.21811361610889435;0.228464275598526
0.983302891254425;0.5918784737586975;0.21719686686992645;0.22696559131145477
0.9807161688804626;0.5912466049194336;0.2194591611623764;0.22732369601726532
0.9804105758666992;0.591794490814209;0.21794238686561584;0.22327618300914764
0.9817855954170227;0.5923343896865845;0.2164592742919922;0.2271689921617508
0.9823969006538391;0.5938577651977539;0.2160186767578125;0.22881965339183807
0.9840011596679688;0.5933515429496765;0.21499775350093842;0.22848904132843018
0.9866878390312195;0.5930994153022766;0.21382354199886322;0.22597189247608185
0.9830339550971985;0.5912377238273621;0.21316616237163544;0.22415243089199066
0.9823582768440247;0.5919877886772156;0.21290962398052216;0.2275855541229248
0.9836053848266602;0.5917767882347107;0.21577370166778564;0.22460602223873138
0.9856831431388855;0.5920599699020386;0.21641531586647034;0.22734597325325012
0.9862083792686462;0.5928168892860413;0.2121821492910385;0.22589831054210663
0.9872245788574219;0.5919548273086548;0.21339695155620575;0.22681279480457306
0.9867316484451294;0.591911792755127;0.21417228877544403;0.2267134189605713
0.9878605008125305;0.5909985899925232;0.21125169098377228;0.23118868470191956
0.9857286810874939;0.5902847051620483;0.21419517695903778;0.22933907806873322
0.9862672686576843;0.5882357954978943;0.21235762536525726;0.2303585559129715
0.9879762530326843;0.5869160890579224;0.21301499009132385;0.23002572357654572
0.9895345568656921;0.5858321785926819;0.2158452719449997;0.23032009601593018
0.9881901144981384;0.5861151814460754;0.21659021079540253;0.2336108684539795
0.9874458312988281;0.5842446684837341;0.21625089645385742;0.2285645455121994
0.9881134033203125;0.5850054621696472;0.21768228709697723;0.23152022063732147
0.9887313842773438;0.5863621830940247;0.21613740921020508;0.23039434850215912
0.9894760251045227;0.5891826748847961;0.21367263793945312;0.2304583638906479
0.9907243847846985;0.588466465473175;0.20934472978115082;0.22573219239711761
0.9907657504081726;0.5882039070129395;0.20891915261745453;0.22430935502052307
0.9912428259849548;0.5879179835319519;0.2103586196899414;0.22354178130626678
0.9932721257209778;0.5885523557662964;0.21260669827461243;0.22539901733398438
0.9968927502632141;0.5884817242622375;0.2142026424407959;0.2245081216096878
1.0001808404922485;0.5869621634483337;0.21543577313423157;0.22745108604431152
1.0007518529891968;0.5894634127616882;0.2150450497865677;0.2256624549627304
0.9999107718467712;0.5899162292480469;0.21418173611164093;0.22395041584968567
1.0014718770980835;0.5892124176025391;0.2106645405292511;0.2258502095937729
1.001895785331726;0.5869536995887756;0.20935852825641632;0.22246070206165314
1.0034618377685547;0.5878990292549133;0.21073870360851288;0.22046709060668945
1.0027940273284912;0.5863317847251892;0.21006762981414795;0.2247525304555893
1.0043892860412598;0.5856422781944275;0.2111394852399826;0.22505465149879456
1.0030450820922852;0.5871331095695496;0.2130262851715088;0.22732292115688324
1.0041061639785767;0.5885829925537109;0.2119036167860031;0.22723126411437988
1.0038204193115234;0.5866425633430481;0.2134062796831131;0.2259674370288849
1.0055946111679077;0.5865506529808044;0.21375004947185516;0.22597317397594452
1.0051484107971191;0.5875623226165771;0.21388912200927734;0.22432129085063934
1.0019752979278564;0.5889996886253357;0.21663527190685272;0.23087643086910248
0.9989463686943054;0.5889922380447388;0.21977825462818146;0.2285064309835434
1.0013450384140015;0.5889745354652405;0.2174205332994461;0.22776441276073456
0.9997003674507141;0.590244710445404;0.21540097892284393;0.22647510468959808
0.9966587424278259;0.5904573798179626;0.212014302611351;0.21946702897548676
0.9985912442207336;0.5920650362968445;0.21499720215797424;0.22199082374572754
0.9986324310302734;0.5910884737968445;0.21711169183254242;0.22162961959838867
0.9986053705215454;0.592324435710907;0.21839360892772675;0.2271038144826889
0.9972652792930603;0.5932745933532715;0.21815268695354462;0.22701822221279144
0.997052788734436;0.5936556458473206;0.21657244861125946;0.22644241154193878
0.9985311627388;0.5934283137321472;0.21597419679164886;0.22515669465065002
0.9993619322776794;0.5932469964027405;0.21487359702587128;0.22191448509693146
0.9972880482673645;0.5926562547683716;0.2136888951063156;0.22597837448120117
0.9977213740348816;0.5944817662239075;0.2136092483997345;0.22615547478199005
0.9963923692703247;0.5954604744911194;0.21365638077259064;0.22568531334400177
0.9981064796447754;0.5957568287849426;0.2126954346895218;0.22674739360809326
0.9972056746482849;0.5980858206748962;0.21361146867275238;0.22882942855358124
0.9951526522636414;0.5989606380462646;0.21587872505187988;0.22504059970378876
0.9945985674858093;0.5982043147087097;0.21541202068328857;0.2269262820482254
0.9935464262962341;0.5971856117248535;0.21601803600788116;0.2268732637166977
0.9899143576622009;0.5966612100601196;0.21488729119300842;0.22775845229625702
0.9889602661132812;0.5959311127662659;0.21448662877082825;0.2253684103488922
0.9896494746208191;0.5963500738143921;0.21364693343639374;0.22744469344615936
0.9892832040786743;0.5971380472183228;0.21424055099487305;0.2266577035188675
0.9895212054252625;0.5960934162139893;0.21785707771778107;0.2275952398777008
0.9899320006370544;0.5928722620010376;0.21935172379016876;0.22733283042907715
0.9899458885192871;0.5925127863883972;0.21823766827583313;0.2263670265674591
0.9907304644584656;0.5935609340667725;0.21632705628871918;0.22874431312084198
0.9903689622879028;0.5930989384651184;0.21340227127075195;0.2327963411808014
0.9922999739646912;0.5931172966957092;0.21319209039211273;0.22895817458629608
0.9900668263435364;0.5924879312515259;0.21404998004436493;0.22690068185329437
0.9892898797988892;0.5922493934631348;0.2151898443698883;0.22328992187976837
0.9880862236022949;0.5919414758682251;0.21417248249053955;0.22726896405220032
0.9853487014770508;0.5927762985229492;0.21113073825836182;0.22989128530025482
0.9856002926826477;0.5917410850524902;0.21420489251613617;0.22793610394001007
0.986912727355957;0.5915498733520508;0.21263639628887177;0.22816915810108185
0.9865517020225525;0.5919914841651917;0.21490135788917542;0.2280586212873459
0.9883268475532532;0.5915887951850891;0.21398134529590607;0.23023834824562073
0.9864690899848938;0.5919857025146484;0.21410129964351654;0.2235957384109497
0.9873232841491699;0.5926756262779236;0.21147966384887695;0.21920518577098846
0.9873329997062683;0.5923067331314087;0.21051879227161407;0.219312384724617
0.9877701997756958;0.591088593006134;0.210417702794075;0.2274823933839798
0.9854511618614197;0.5907539129257202;0.212434321641922;0.22556881606578827
0.9852926135063171;0.5891568660736084;0.21291394531726837;0.22495673596858978
0.9858178496360779;0.5922477841377258;0.21435630321502686;0.22688312828540802
0.9865209460258484;0.5921308398246765;0.2164335697889328;0.22481957077980042
0.9866783022880554;0.5915471315383911;0.2146075963973999;0.22301797568798065
0.9852518439292908;0.5944458842277527;0.2112748622894287;0.2213040441274643
0.9851714968681335;0.5941504836082458;0.21499811112880707;0.2237805426120758
0.985887348651886;0.5933989882469177;0.214413121342659;0.22301283478736877
0.9868974089622498;0.5940629839897156;0.21502959728240967;0.22440801560878754
0.9859549403190613;0.5934832692146301;0.21470387279987335;0.22626593708992004
0.985541820526123;0.5923427939414978;0.21294231712818146;0.22273652255535126
0.9834354519844055;0.592627227306366;0.21449720859527588;0.2228630632162094
0.9800999760627747;0.5919035077095032;0.21364589035511017;0.22410054504871368
0.9781284332275391;0.593539834022522;0.21266911923885345;0.22794409096240997
0.9793016314506531;0.5931515097618103;0.21206365525722504;0.22546516358852386
0.9792301058769226;0.5925655364990234;0.21177637577056885;0.22874514758586884
0.981059730052948;0.5913358926773071;0.21450446546077728;0.2259289026260376
0.98212069272995;0.5909712910652161;0.2152339071035385;0.2292558252811432
0.9815225005149841;0.5913073420524597;0.2162187546491623;0.22854577004909515
0.9826850891113281;0.5916629433631897;0.21610517799854279;0.23022781312465668
0.9864361882209778;0.5922972559928894;0.21579504013061523;0.22416459023952484
0.9849933981895447;0.5907633900642395;0.21502900123596191;0.22643886506557465
0.9861310124397278;0.5929581522941589;0.2120697796344757;0.22367899119853973
0.9839908480644226;0.5934216380119324;0.21498708426952362;0.2225187122821808
0.9833161234855652;0.5921395421028137;0.2139856368303299;0.2256712019443512
0.9831453561782837;0.5939239263534546;0.2143884003162384;0.22467052936553955
0.985214352607727;0.5939076542854309;0.21423505246639252;0.22288279235363007
0.9864047169685364;0.594622015953064;0.21470069885253906;0.22917161881923676
0.9835573434829712;0.5948604941368103;0.21393266320228577;0.22878102958202362
0.9833009839057922;0.5926535129547119;0.21318860352039337;0.22678735852241516
0.9809867143630981;0.593450665473938;0.214440256357193;0.22913335263729095
0.9824515581130981;0.593602180480957;0.21578820049762726;0.2288835048675537
0.9810360074043274;0.5933399200439453;0.22028520703315735;0.2304699718952179
0.9796767234802246;0.5944480299949646;0.21984820067882538;0.2269299030303955
0.9794851541519165;0.5932568907737732;0.2181549370288849;0.22346584498882294
0.9809789657592773;0.5927969813346863;0.2176465094089508;0.2302560657262802
0.9790591597557068;0.5907972455024719;0.21241512894630432;0.22597196698188782
0.9807361960411072;0.5901627540588379;0.21168756484985352;0.22709698975086212
0.984489917755127;0.5900093913078308;0.2075120061635971;0.22599120438098907
0.986219584941864;0.5896918177604675;0.20669572055339813;0.22666111588478088
0.987562358379364;0.5906283259391785;0.20741967856884003;0.23169632256031036
0.988980233669281;0.5896321535110474;0.2121441662311554;0.23116353154182434
0.9909223914146423;0.5920460820198059;0.21026554703712463;0.23080883920192719
0.9931135177612305;0.5927602648735046;0.2099159210920334;0.23282591998577118
0.9913989901542664;0.5912752151489258;0.20940415561199188;0.23265600204467773
0.9908105731010437;0.592727780342102;0.21124549210071564;0.22929798066616058
0.9927772879600525;0.5925731062889099;0.21181006729602814;0.2266710251569748
0.9944080710411072;0.5908802151679993;0.2161003202199936;0.2297888845205307
0.9929069876670837;0.5914633274078369;0.21254029870033264;0.22677265107631683
0.9899911284446716;0.5903153419494629;0.21429140865802765;0.22583726048469543
0.9907662272453308;0.5917463302612305;0.21526038646697998;0.2314496487379074
0.9904360175132751;0.5923113226890564;0.21779978275299072;0.23234310746192932
0.9896705746650696;0.5912368893623352;0.21450059115886688;0.2274257242679596
