err_mean;err_cos1;err_cos2;err_cos3
0.9814150929450989;0.15843622386455536;0.5001866817474365;1.0311154127120972
0.7652288675308228;0.16288073360919952;0.22019444406032562;0.23219063878059387
0.7654361724853516;0.17694471776485443;0.2207670956850052;0.23149502277374268
0.7651346325874329;0.1876629889011383;0.2182224839925766;0.22754664719104767
0.7643014192581177;0.20350585877895355;0.21595993638038635;0.22573339939117432
0.7638360857963562;0.22338972985744476;0.2180081456899643;0.2259693592786789
0.7624083757400513;0.24441280961036682;0.21796031296253204;0.22978578507900238
0.7614803314208984;0.26316747069358826;0.21595393121242523;0.22975997626781464
0.763798177242279;0.28212082386016846;0.2153729945421219;0.2319944202899933
0.7630335688591003;0.29817214608192444;0.21157903969287872;0.22908098995685577
0.7624289393424988;0.313529372215271;0.2143719494342804;0.22574682533740997
0.7615724205970764;0.32877781987190247;0.21626225113868713;0.2300633043050766
0.7648742198944092;0.34414878487586975;0.21478264033794403;0.2281418889760971
0.7672271132469177;0.35740014910697937;0.21737514436244965;0.22733953595161438
0.7675527930259705;0.37004730105400085;0.21648132801055908;0.2231968194246292
0.7685949206352234;0.3835577666759491;0.21522608399391174;0.2263641357421875
0.7680537104606628;0.3967501223087311;0.21432197093963623;0.22394387423992157
0.768700897693634;0.4100921154022217;0.2135503590106964;0.22627496719360352
0.7711272239685059;0.4207386076450348;0.2132984846830368;0.22402682900428772
0.7703940272331238;0.43112999200820923;0.21394844353199005;0.2287483662366867
0.7703486084938049;0.4414817988872528;0.21699385344982147;0.2285529226064682
0.7692097425460815;0.45000773668289185;0.21701334416866302;0.22642655670642853
0.7696977853775024;0.45796656608581543;0.2145552635192871;0.22939133644104004
0.7714554667472839;0.4663357436656952;0.2130914032459259;0.23062804341316223
0.7720280885696411;0.47301727533340454;0.2121812403202057;0.22848902642726898
0.7717308402061462;0.48089170455932617;0.21236710250377655;0.22823281586170197
0.7724428176879883;0.48831653594970703;0.2109314501285553;0.2244269698858261
0.7721068263053894;0.4946810305118561;0.21252503991127014;0.22197861969470978
0.7748886346817017;0.501373827457428;0.21223071217536926;0.2265956699848175
0.7760831713676453;0.5069414377212524;0.2088611125946045;0.22622881829738617
0.7742059826850891;0.5104734301567078;0.21064865589141846;0.22449079155921936
0.7770499587059021;0.5167512893676758;0.21269460022449493;0.2255209982395172
0.775706946849823;0.5219793915748596;0.21318523585796356;0.2271522581577301
0.7756996750831604;0.5252484679222107;0.21194100379943848;0.22549556195735931
0.7752708792686462;0.5309798717498779;0.20953381061553955;0.2228982299566269
0.775033175945282;0.5338161587715149;0.2104869931936264;0.22324882447719574
0.7740678787231445;0.5401577949523926;0.21247811615467072;0.22312891483306885
0.7708947062492371;0.5427883863449097;0.2121506929397583;0.2257399559020996
0.7707419395446777;0.5449594855308533;0.21002845466136932;0.2251008003950119
0.7702796459197998;0.5458914637565613;0.2095143347978592;0.2214849442243576
0.7715660333633423;0.5496718287467957;0.21012893319129944;0.2248000204563141
0.7705724835395813;0.5512409806251526;0.2031841278076172;0.2233525812625885
0.7685985565185547;0.5520681738853455;0.20530477166175842;0.22085566818714142
0.769477367401123;0.554085373878479;0.20760440826416016;0.21755258738994598
0.770907998085022;0.5585078001022339;0.2090611457824707;0.22183942794799805
0.7720546126365662;0.5606042146682739;0.21200361847877502;0.22342906892299652
0.7694823741912842;0.5625306963920593;0.2117903232574463;0.22365064918994904
0.7714775204658508;0.5644280314445496;0.2107669562101364;0.22704990208148956
0.7751350998878479;0.5640883445739746;0.2148618996143341;0.22175131738185883
0.7733933925628662;0.5660259127616882;0.2139732390642166;0.2250707596540451
0.7733551859855652;0.568330705165863;0.21441404521465302;0.2279902547597885
0.7732691168785095;0.5684049129486084;0.21800176799297333;0.22684283554553986
0.7711365818977356;0.5710123181343079;0.21637240052223206;0.22538916766643524
0.7705532908439636;0.5719876289367676;0.21460823714733124;0.22414305806159973
0.7680951356887817;0.5719205141067505;0.2126658409833908;0.22294096648693085
0.7681726813316345;0.573112428188324;0.21061575412750244;0.22385644912719727
0.7680138945579529;0.573884904384613;0.2124113291501999;0.22377820312976837
0.768581748008728;0.5745596289634705;0.21282140910625458;0.2243812084197998
0.7693884372711182;0.5757414102554321;0.21153831481933594;0.22587846219539642
0.7663924694061279;0.5764881372451782;0.2112409919500351;0.22263506054878235
0.7666595578193665;0.5770362019538879;0.21169857680797577;0.21962003409862518
0.7648486495018005;0.5782710909843445;0.2130100280046463;0.2201186865568161
0.7636677026748657;0.5792606472969055;0.21448098123073578;0.21953140199184418
0.763805091381073;0.5777598023414612;0.2114148885011673;0.21844105422496796
0.765643298625946;0.5796870589256287;0.214528426527977;0.21952369809150696
0.7667717337608337;0.5829750299453735;0.2142535299062729;0.21987418830394745
0.7683128714561462;0.5849005579948425;0.21567288041114807;0.22022795677185059
0.7678260803222656;0.5861741900444031;0.2123553305864334;0.21728400886058807
0.7656726241111755;0.5872650146484375;0.21366222202777863;0.21654371917247772
0.7656153440475464;0.5891525149345398;0.21600042283535004;0.21913523972034454
0.7672055959701538;0.5892972350120544;0.21220938861370087;0.22226817905902863
0.7656986117362976;0.5878424644470215;0.21201570332050323;0.21968543529510498
0.7662572860717773;0.5882670283317566;0.20967578887939453;0.22155208885669708
0.7638688087463379;0.5889366269111633;0.21068690717220306;0.22348494827747345
0.7629523873329163;0.5875277519226074;0.2077096700668335;0.22361822426319122
0.7617926001548767;0.5882923007011414;0.20779593288898468;0.2202412188053131
0.7609028816223145;0.5896741151809692;0.21147742867469788;0.22233767807483673
0.7616462707519531;0.5899474024772644;0.2078578919172287;0.2236947864294052
0.7607494592666626;0.5905569195747375;0.20959527790546417;0.227486714720726
0.7596897482872009;0.5909233689308167;0.21081197261810303;0.2288394421339035
0.7606495022773743;0.5923639535903931;0.21475939452648163;0.22471117973327637
0.7615690231323242;0.5931029319763184;0.21591007709503174;0.22337031364440918
0.7600196003913879;0.5931588411331177;0.21272121369838715;0.22464747726917267
0.7635806202888489;0.5933327078819275;0.20993934571743011;0.22512264549732208
0.7638060450553894;0.5926109552383423;0.2094007283449173;0.2224094122648239
0.7631946802139282;0.5896223187446594;0.21153831481933594;0.22077131271362305
0.7639514803886414;0.5901067852973938;0.21050357818603516;0.22681765258312225
0.7645623087882996;0.5907975435256958;0.2106507271528244;0.22513547539710999
0.765795886516571;0.5896331071853638;0.21178798377513885;0.2276155948638916
0.7647976875305176;0.587316632270813;0.2106141299009323;0.2258497029542923
0.7631651759147644;0.5866096615791321;0.21327772736549377;0.22500911355018616
0.7629780173301697;0.5862593054771423;0.21271641552448273;0.22141771018505096
0.7635897994041443;0.583993136882782;0.21142981946468353;0.22283044457435608
0.7622013092041016;0.586057186126709;0.2069309502840042;0.2237650454044342
0.7624062299728394;0.5865989923477173;0.20532944798469543;0.22198732197284698
0.7614189982414246;0.5867792963981628;0.2076166719198227;0.22492444515228271
0.7599210143089294;0.5865098237991333;0.20886962115764618;0.22455306351184845
0.7611426711082458;0.5861583352088928;0.20869092643260956;0.22089548408985138
0.7590276002883911;0.5897225737571716;0.21240711212158203;0.22414961457252502
0.7593590617179871;0.5898900032043457;0.20964670181274414;0.22436070442199707
0.7588025331497192;0.5919678211212158;0.21112680435180664;0.2226424515247345
0.7586449980735779;0.5924033522605896;0.20956602692604065;0.22511516511440277
0.7573098540306091;0.5913766026496887;0.2075544148683548;0.22464220225811005
0.7564714550971985;0.5912065505981445;0.20889119803905487;0.22150449454784393
0.7533581852912903;0.5912843346595764;0.2101389467716217;0.22484822571277618
0.7550830245018005;0.5904741883277893;0.20728051662445068;0.22371836006641388
0.7525302171707153;0.5912999510765076;0.2112000733613968;0.22349439561367035
0.7510048151016235;0.591618537902832;0.21532635390758514;0.22377918660640717
0.7492753267288208;0.5914101004600525;0.21634021401405334;0.22166191041469574
0.7510451674461365;0.5927457213401794;0.2151830643415451;0.22483082115650177
0.7505311369895935;0.5908800959587097;0.21553783118724823;0.22448015213012695
0.7506389617919922;0.5920326113700867;0.21929827332496643;0.22764216363430023
0.7492584586143494;0.5918298959732056;0.2189737856388092;0.22560827434062958
0.7528701424598694;0.5924167037010193;0.21767103672027588;0.2246432602405548
0.7512302398681641;0.5926579833030701;0.21639417111873627;0.22423899173736572
0.7524911165237427;0.5933851003646851;0.21862797439098358;0.22007913887500763
0.7525445222854614;0.5930927395820618;0.21790556609630585;0.22031188011169434
0.7528711557388306;0.5940222144126892;0.21885232627391815;0.22422519326210022
0.7533594965934753;0.5926956534385681;0.218221977353096;0.22106900811195374
0.7509471774101257;0.59318608045578;0.21812868118286133;0.22450092434883118
0.7549354434013367;0.5920078158378601;0.2158653289079666;0.2266569584608078
0.7547532916069031;0.5926012992858887;0.21776321530342102;0.22899556159973145
0.755035400390625;0.591496467590332;0.2138528674840927;0.2250165194272995
0.754743218421936;0.5901325941085815;0.21602721512317657;0.22514145076274872
0.7553152441978455;0.5890655517578125;0.2169865220785141;0.22413960099220276
0.757514238357544;0.5895862579345703;0.21669696271419525;0.22407929599285126
0.7559338808059692;0.5898581743240356;0.21406881511211395;0.22473540902137756
0.7533943057060242;0.5908977389335632;0.21453256905078888;0.2244144231081009
0.7551145553588867;0.5896270275115967;0.21123769879341125;0.22742484509944916
0.754923939704895;0.5882937908172607;0.21235020458698273;0.2308303862810135
0.754588782787323;0.5893282294273376;0.2115432471036911;0.22688093781471252
0.7542421221733093;0.5888081192970276;0.2094702273607254;0.22435186803340912
0.753985583782196;0.5896634459495544;0.2123037874698639;0.22018404304981232
0.754601776599884;0.5881911516189575;0.21273545920848846;0.22091303765773773
0.7553518414497375;0.5868369340896606;0.21303296089172363;0.21862256526947021
0.7569020390510559;0.5870737433433533;0.20926494896411896;0.226925328373909
0.7542276382446289;0.5876086354255676;0.20782534778118134;0.2264094203710556
0.7550358176231384;0.5869101285934448;0.20827952027320862;0.22516217827796936
0.7552229166030884;0.5855447053909302;0.20792452991008759;0.22282350063323975
0.753644585609436;0.5875470042228699;0.20624911785125732;0.22388625144958496
0.7548170685768127;0.5886936783790588;0.20772938430309296;0.2210191786289215
0.7532719969749451;0.5896121263504028;0.2110748142004013;0.2180812805891037
0.7544742226600647;0.5916489958763123;0.21418257057666779;0.22407586872577667
0.7570332884788513;0.591213047504425;0.21524007618427277;0.22280167043209076
0.7595707178115845;0.5916770696640015;0.21515952050685883;0.22518260776996613
0.75825434923172;0.5906750559806824;0.21493788063526154;0.22132866084575653
0.7585418820381165;0.5919610857963562;0.2120310366153717;0.22180834412574768
0.7574157118797302;0.5924702286720276;0.2151423543691635;0.2219976931810379
0.7587859034538269;0.5921965837478638;0.21053098142147064;0.2187129557132721
0.7607241272926331;0.5917738080024719;0.2096506655216217;0.2193915843963623
0.7641728520393372;0.5913764238357544;0.20976288616657257;0.22472472488880157
0.7611052393913269;0.5911625027656555;0.21272273361682892;0.21951532363891602
0.7628777623176575;0.5900962352752686;0.2109880894422531;0.22346019744873047
0.7650801539421082;0.5901182293891907;0.21233795583248138;0.21994905173778534
0.7635130286216736;0.5888442397117615;0.2133704274892807;0.2210310995578766
0.763276994228363;0.5876826643943787;0.2131972312927246;0.22511939704418182
0.7607991695404053;0.5896685719490051;0.2114681452512741;0.22144101560115814
0.7592090964317322;0.590264618396759;0.2096036970615387;0.22213219106197357
0.7606750726699829;0.5889062285423279;0.21294763684272766;0.2158166915178299
0.7593137621879578;0.5889331698417664;0.21089044213294983;0.2217217981815338
0.7601979970932007;0.590169370174408;0.21368737518787384;0.2206084281206131
0.7594488859176636;0.5902546048164368;0.21408744156360626;0.22263076901435852
0.7586292624473572;0.5893504619598389;0.2147214412689209;0.22025442123413086
0.7584604620933533;0.5889701843261719;0.21285584568977356;0.22159266471862793
0.7592775225639343;0.5890396237373352;0.21026168763637543;0.22377149760723114
0.7571914792060852;0.5881960988044739;0.21087639033794403;0.22185230255126953
0.7548617720603943;0.5888375639915466;0.21228085458278656;0.22912000119686127
0.7519351840019226;0.5871395468711853;0.21382515132427216;0.2247050255537033
0.7510421276092529;0.5868145227432251;0.2126711905002594;0.22220754623413086
0.7510599493980408;0.5878497958183289;0.21292077004909515;0.2184486836194992
0.751065194606781;0.5883246064186096;0.20965127646923065;0.22033357620239258
0.74972003698349;0.5874611735343933;0.20985256135463715;0.22519086301326752
0.7493640780448914;0.5883845686912537;0.2099667638540268;0.2259751856327057
0.7496657371520996;0.5869645476341248;0.21530543267726898;0.22452886402606964
0.7519981265068054;0.585903525352478;0.21606853604316711;0.22418735921382904
0.7532359957695007;0.5852829217910767;0.21642999351024628;0.22632363438606262
0.7501212954521179;0.5856921076774597;0.21509197354316711;0.22073712944984436
0.7495648264884949;0.5850490927696228;0.21310532093048096;0.2210068702697754
0.7506213784217834;0.5843791961669922;0.21108750998973846;0.22510428726673126
0.7488701343536377;0.5830888748168945;0.21081772446632385;0.2233041524887085
0.7478070259094238;0.5817970037460327;0.2111298143863678;0.2272961586713791
0.7470561861991882;0.5813838839530945;0.21278004348278046;0.2273658812046051
0.7465720176696777;0.5812884569168091;0.21135711669921875;0.22695279121398926
0.7484742403030396;0.581531822681427;0.2092607468366623;0.2253301590681076
0.747765064239502;0.5803477168083191;0.21444900333881378;0.22269757091999054
0.7467519640922546;0.5790981650352478;0.2137025147676468;0.22469325363636017
0.7469772696495056;0.5804387331008911;0.21446643769741058;0.22097156941890717
0.7485348582267761;0.581668496131897;0.21543411910533905;0.22415366768836975
0.7451845407485962;0.5812921524047852;0.21690478920936584;0.22385208308696747
0.7481318712234497;0.5812963247299194;0.21561561524868011;0.2267870157957077
0.7461481094360352;0.582237720489502;0.218329057097435;0.22848477959632874
0.7479535937309265;0.5832316279411316;0.2147412747144699;0.22743678092956543
0.7467784285545349;0.5831465721130371;0.21338069438934326;0.22570593655109406
0.7473325729370117;0.583023726940155;0.21335387229919434;0.22583742439746857
0.7447898983955383;0.5810597538948059;0.21530762314796448;0.22078628838062286
0.7465640902519226;0.5810427069664001;0.21514299511909485;0.22125045955181122
0.7453853487968445;0.582862377166748;0.21314001083374023;0.22026167809963226
0.7468097805976868;0.5809272527694702;0.21215295791625977;0.2237510234117508
0.7468564510345459;0.5807546377182007;0.21099069714546204;0.22341656684875488
0.7480431795120239;0.5808502435684204;0.2086723893880844;0.2226266860961914
0.7484277486801147;0.5814046859741211;0.21300339698791504;0.2253425419330597
0.7481659054756165;0.5831429958343506;0.21178166568279266;0.21811561286449432
0.7487220764160156;0.584749698638916;0.21383951604366302;0.21940259635448456
0.7506336569786072;0.5867494940757751;0.2144555151462555;0.21900439262390137
0.7499051690101624;0.5888027548789978;0.21775518357753754;0.21806131303310394
0.7496510148048401;0.5880698561668396;0.2183091640472412;0.22618670761585236
0.7490407824516296;0.5887956619262695;0.21428819000720978;0.22557909786701202
0.7494478225708008;0.5878086686134338;0.21496282517910004;0.22172370553016663
0.7509884238243103;0.5872592329978943;0.21516740322113037;0.21514897048473358
0.7523393034934998;0.5869387984275818;0.21486330032348633;0.21963182091712952
0.7509965300559998;0.5876986384391785;0.2118537724018097;0.22160176932811737
0.7502678632736206;0.586249053478241;0.21175514161586761;0.22473005950450897
0.7503928542137146;0.5858599543571472;0.21221749484539032;0.22562985122203827
0.7486984133720398;0.5870444178581238;0.21175944805145264;0.22824178636074066
0.7474676370620728;0.5863044857978821;0.2146882563829422;0.22977404296398163
0.7508742809295654;0.5869755744934082;0.21573506295681;0.2268451452255249
0.7513589859008789;0.5880041122436523;0.2108953446149826;0.2264196127653122
0.7503828406333923;0.5879759788513184;0.21149198710918427;0.22483153641223907
0.7482613921165466;0.5871858596801758;0.21121568977832794;0.22103582322597504
0.7478465437889099;0.5874674320220947;0.21346282958984375;0.2218543142080307
0.7470447421073914;0.5870446562767029;0.21312497556209564;0.22867563366889954
0.7479496002197266;0.5865511298179626;0.2130119651556015;0.2281365841627121
0.7488827109336853;0.5868823528289795;0.21317754685878754;0.22762134671211243
0.7488587498664856;0.5879791378974915;0.2108963578939438;0.22325065732002258
0.7470213770866394;0.5895546078681946;0.2104320526123047;0.22695131599903107
0.7486251592636108;0.5916770100593567;0.20996589958667755;0.2274247705936432
0.7476444244384766;0.5906521677970886;0.21212545037269592;0.22317342460155487
0.7492663860321045;0.5915287137031555;0.21130111813545227;0.22440345585346222
0.7494697570800781;0.5905133485794067;0.20993025600910187;0.22310686111450195
0.7471500635147095;0.5887364745140076;0.21471145749092102;0.22800250351428986
0.7474905252456665;0.5901955962181091;0.21886156499385834;0.2277933657169342
0.7487061619758606;0.5901702046394348;0.2178892195224762;0.229226216673851
0.7496773600578308;0.590368926525116;0.2182762622833252;0.23387864232063293
0.7492815256118774;0.5908798575401306;0.21787238121032715;0.22927318513393402
0.7503105401992798;0.5889152884483337;0.2186582088470459;0.2263641357421875
0.7519195675849915;0.5882443785667419;0.2153085321187973;0.22525909543037415
0.7525515556335449;0.5871771574020386;0.2170989066362381;0.2253473550081253
0.7531766295433044;0.5863097906112671;0.21309642493724823;0.2218586653470993
0.7525851130485535;0.5862381458282471;0.21605895459651947;0.22545571625232697
0.7546609044075012;0.5858262181282043;0.2168983668088913;0.22545523941516876
0.7556796073913574;0.5840150117874146;0.2168239802122116;0.22390060126781464
0.754246711730957;0.5840970873832703;0.2127068042755127;0.22885818779468536
0.7561568021774292;0.5833856463432312;0.21253621578216553;0.2283879965543747
0.7537016272544861;0.5843274593353271;0.2100098580121994;0.22617951035499573
0.755565881729126;0.5861377716064453;0.21424293518066406;0.22086107730865479
0.755811333656311;0.5845057964324951;0.21351781487464905;0.22317777574062347
0.7597048878669739;0.5859774947166443;0.21564005315303802;0.2244471162557602
0.7586628198623657;0.5865920186042786;0.21517430245876312;0.22180600464344025
0.7569097280502319;0.5863160490989685;0.21429000794887543;0.22046399116516113
0.756698727607727;0.5858269929885864;0.2117612659931183;0.22245588898658752
0.757149875164032;0.584478497505188;0.2149309664964676;0.2256070226430893
0.7586520314216614;0.5845234990119934;0.21619820594787598;0.22471295297145844
0.7563249468803406;0.5842989087104797;0.21474018692970276;0.22693224251270294
0.7576329112052917;0.584977388381958;0.2149467021226883;0.22106514871120453
0.7574014067649841;0.5850449800491333;0.21456587314605713;0.22622287273406982
0.7572414875030518;0.585576057434082;0.21466456353664398;0.22801919281482697
0.758304238319397;0.5869881510734558;0.21413277089595795;0.2268337458372116
0.7593604326248169;0.5865298509597778;0.2137749195098877;0.2226773351430893
0.7608147859573364;0.5854107737541199;0.21260057389736176;0.22222471237182617
0.760769248008728;0.5840727686882019;0.21565799415111542;0.23004639148712158
0.7588041424751282;0.5843648314476013;0.21403999626636505;0.22838373482227325
0.7607914209365845;0.5859681963920593;0.21729342639446259;0.22266200184822083
0.7584680318832397;0.5890181660652161;0.21429543197155;0.22005243599414825
0.7588968873023987;0.5873553156852722;0.2138107270002365;0.21993041038513184
0.7605379223823547;0.588593065738678;0.2133024036884308;0.22046928107738495
0.7624670267105103;0.586744487285614;0.21374927461147308;0.21922150254249573
0.7612661719322205;0.5862469673156738;0.21035364270210266;0.2172493040561676
0.7627992033958435;0.5864750146865845;0.20610128343105316;0.22052016854286194
0.7646867036819458;0.5861651301383972;0.20754101872444153;0.21936240792274475
0.7669619917869568;0.58726567029953;0.20748375356197357;0.21842531859874725
0.7688550353050232;0.5861473679542542;0.20711612701416016;0.21767878532409668
0.7701265811920166;0.586304783821106;0.20852859318256378;0.219218447804451
0.7681364417076111;0.5876416563987732;0.2105790227651596;0.2204391211271286
0.7721425294876099;0.5894923806190491;0.21180565655231476;0.22196535766124725
0.7739073038101196;0.5890571475028992;0.20732107758522034;0.22570443153381348
0.7745224833488464;0.5893030166625977;0.21018795669078827;0.22471323609352112
0.7748420834541321;0.5899451375007629;0.2097080945968628;0.22060827910900116
0.7745671272277832;0.5900601148605347;0.2084302008152008;0.21945667266845703
0.773672342300415;0.5894281268119812;0.20859813690185547;0.2216169834136963
0.7728601098060608;0.5917024612426758;0.2080499678850174;0.22460131347179413
0.7706337571144104;0.5911244750022888;0.2091803401708603;0.2219073623418808
0.7725962400436401;0.5909267067909241;0.21188707649707794;0.22123241424560547
0.7744502425193787;0.5904750823974609;0.21385176479816437;0.2183825522661209
0.7742148637771606;0.5900585055351257;0.21595624089241028;0.21724867820739746
0.7742947936058044;0.5891876220703125;0.2159813642501831;0.22282791137695312
0.7754589915275574;0.5894950032234192;0.21644072234630585;0.22427205741405487
0.7760627865791321;0.5896638035774231;0.21726258099079132;0.22227029502391815
0.7755016088485718;0.5888667106628418;0.21521849930286407;0.22107306122779846
0.7771102786064148;0.5887622833251953;0.21318553388118744;0.21949385106563568
0.7772287726402283;0.5904129147529602;0.21367378532886505;0.22150765359401703
0.7782077789306641;0.589663565158844;0.21216213703155518;0.2209939807653427
0.7800301909446716;0.5881314277648926;0.2087312936782837;0.2248193472623825
0.7792398929595947;0.5876689553260803;0.21535800397396088;0.21992306411266327
0.7812129855155945;0.5864959955215454;0.21320734918117523;0.22012828290462494
0.7803927063941956;0.5868590474128723;0.21282754838466644;0.2251082956790924
0.7813465595245361;0.5843700766563416;0.21259823441505432;0.22636890411376953
0.780422031879425;0.5853034853935242;0.2140766680240631;0.2263292372226715
0.7793475985527039;0.5849840044975281;0.21411485970020294;0.22875194251537323
0.778763473033905;0.5832722783088684;0.21321959793567657;0.22476378083229065
0.7768433690071106;0.5820842981338501;0.21273355185985565;0.22533228993415833
0.7778733968734741;0.5831632018089294;0.21414397656917572;0.22532525658607483
0.7771477103233337;0.5846750140190125;0.21246297657489777;0.22300873696804047
0.7773264050483704;0.5840493440628052;0.2165546715259552;0.2253839075565338
0.7784507870674133;0.5842323303222656;0.21220552921295166;0.22501812875270844
0.7778554558753967;0.5860661864280701;0.20923469960689545;0.22909192740917206
0.7772982716560364;0.5851185917854309;0.2125195562839508;0.22664649784564972
0.7812491655349731;0.585453987121582;0.21455231308937073;0.2260071039199829
0.7786888480186462;0.5845773220062256;0.21299465000629425;0.22687888145446777
0.7755470275878906;0.5846697092056274;0.21530966460704803;0.22627122700214386
0.7755096554756165;0.5859898924827576;0.21457897126674652;0.2259627878665924
0.7767901420593262;0.584924042224884;0.21491806209087372;0.2227410525083542
0.7760381102561951;0.5846716165542603;0.21388550102710724;0.21954135596752167
0.7740965485572815;0.5856807827949524;0.21484987437725067;0.2169860452413559
0.7752962112426758;0.5858253836631775;0.21505916118621826;0.22292451560497284
0.7725333571434021;0.5848734974861145;0.21267949044704437;0.2253982573747635
0.7752388119697571;0.5844653844833374;0.20816276967525482;0.22262482345104218
0.776014506816864;0.5847463607788086;0.2077983170747757;0.22419114410877228
0.777374804019928;0.5841805338859558;0.21131499111652374;0.22556857764720917
0.7771371006965637;0.5836957097053528;0.21309733390808105;0.22408245503902435
0.774569034576416;0.5825924873352051;0.21336562931537628;0.224445179104805
0.7734366655349731;0.5838079452514648;0.21385322511196136;0.22726741433143616
0.7743696570396423;0.5834088325500488;0.2164013832807541;0.22783146798610687
0.7727036476135254;0.5835346579551697;0.21635058522224426;0.2272552102804184
0.7737550735473633;0.5832692980766296;0.21474623680114746;0.22833870351314545
0.7706801295280457;0.5825271606445312;0.21258628368377686;0.22503431141376495
0.7707845568656921;0.5834831595420837;0.21436528861522675;0.22039321064949036
0.7733595967292786;0.5835505127906799;0.21377287805080414;0.2230609953403473
0.7738876938819885;0.5828814506530762;0.21184425055980682;0.22227707505226135
0.772664487361908;0.5809116363525391;0.2132456749677658;0.22506625950336456
0.7693185210227966;0.5818614363670349;0.21391642093658447;0.22301821410655975
0.7701724767684937;0.5831414461135864;0.21678271889686584;0.22209806740283966
0.7706578373908997;0.5841991305351257;0.2204056829214096;0.22265291213989258
0.7693374156951904;0.5854218602180481;0.21913182735443115;0.2261294573545456
0.7715027928352356;0.5820523500442505;0.21597209572792053;0.22420290112495422
0.7749550938606262;0.5827503800392151;0.21707367897033691;0.2218119204044342
0.7729363441467285;0.5841658115386963;0.21606726944446564;0.21963444352149963
0.7741193175315857;0.5845748782157898;0.21375878155231476;0.2181536704301834
0.772678792476654;0.5874728560447693;0.21262554824352264;0.22194147109985352
0.7757679224014282;0.5872370004653931;0.20740346610546112;0.22498340904712677
0.7755305767059326;0.586540699005127;0.20960500836372375;0.22538653016090393
0.7727534174919128;0.5861013531684875;0.20710940659046173;0.22037748992443085
0.7724907994270325;0.5867628455162048;0.20676274597644806;0.2213185578584671
0.7721783518791199;0.588022768497467;0.2097119390964508;0.22224123775959015
0.7740486264228821;0.5856277346611023;0.20751582086086273;0.2232881635427475
0.7725578546524048;0.5871429443359375;0.20532691478729248;0.22600825130939484
0.7720770835876465;0.5891813635826111;0.20872245728969574;0.22047626972198486
0.7739899754524231;0.5895218253135681;0.20796595513820648;0.22129316627979279
0.7728880047798157;0.5886341333389282;0.20508137345314026;0.21923783421516418
0.7735452651977539;0.5885921716690063;0.20248250663280487;0.22220838069915771
0.7714397311210632;0.5867591500282288;0.20502856373786926;0.22173617780208588
0.7734284400939941;0.5864155292510986;0.20798273384571075;0.223616361618042
0.7726594805717468;0.5867099761962891;0.20785260200500488;0.22085224092006683
0.7742608785629272;0.5866254568099976;0.20892956852912903;0.22007857263088226
0.7759928107261658;0.5867785215377808;0.2075105756521225;0.21868650615215302
0.7760308384895325;0.588449239730835;0.2075367271900177;0.22476494312286377
0.7753262519836426;0.5879899859428406;0.2073228806257248;0.22558699548244476
0.7762464880943298;0.5883769989013672;0.20399029552936554;0.22422614693641663
0.7760100364685059;0.5879577994346619;0.20582829415798187;0.22517602145671844
0.7769048810005188;0.5880470275878906;0.2057688683271408;0.22418701648712158
0.7748793959617615;0.5882673263549805;0.20852375030517578;0.22928069531917572
0.7727677822113037;0.590569019317627;0.21083371341228485;0.22944298386573792
0.7713159918785095;0.5916590094566345;0.21163628995418549;0.22442160546779633
0.7709145545959473;0.5907003879547119;0.20978689193725586;0.2299434244632721
0.7717118859291077;0.5910866856575012;0.20928552746772766;0.23038998246192932
0.7714744806289673;0.5893304944038391;0.2063533514738083;0.22893491387367249
0.773338258266449;0.5880228877067566;0.20843899250030518;0.22818993031978607
0.769773006439209;0.5888161659240723;0.2104693204164505;0.2253413200378418
0.7690951228141785;0.5879400968551636;0.21283112466335297;0.22343702614307404
0.7710704207420349;0.5882417559623718;0.21277521550655365;0.22337375581264496
0.775994062423706;0.5874432921409607;0.21051745116710663;0.22118547558784485
0.7760666012763977;0.5877146124839783;0.21068833768367767;0.2228085994720459
0.7736665606498718;0.5895009636878967;0.21046677231788635;0.21805408596992493
0.7730056643486023;0.5901504158973694;0.2103574275970459;0.2235404998064041
0.7734987139701843;0.5900874137878418;0.21196870505809784;0.22520194947719574
0.7704830765724182;0.5907265543937683;0.2137739211320877;0.22350859642028809
0.7729986310005188;0.5913519263267517;0.21427491307258606;0.2236260026693344
0.7738159894943237;0.589581310749054;0.21396780014038086;0.22065086662769318
0.7741307616233826;0.5907054543495178;0.21548354625701904;0.22764401137828827
0.7746285200119019;0.589428722858429;0.21489861607551575;0.22485075891017914
0.7763026356697083;0.588380753993988;0.21537628769874573;0.22595158219337463
0.7746797800064087;0.5884880423545837;0.21506822109222412;0.2240757942199707
0.7737568020820618;0.5873109698295593;0.21653424203395844;0.22591792047023773
0.7734371423721313;0.5864608287811279;0.2165002077817917;0.2235148400068283
0.7722444534301758;0.5869206786155701;0.21338222920894623;0.2219403237104416
0.7693459391593933;0.5863017439842224;0.21294951438903809;0.22172343730926514
0.7681044936180115;0.586316704750061;0.21504025161266327;0.22308264672756195
0.7682089805603027;0.5874375700950623;0.2115645855665207;0.2272307425737381
0.7682074308395386;0.5884160399436951;0.21353431046009064;0.2259286493062973
0.7676556706428528;0.5888542532920837;0.21631351113319397;0.22813764214515686
0.7678496241569519;0.5886628031730652;0.21387170255184174;0.22665849328041077
0.7689195871353149;0.5892786383628845;0.21525703370571136;0.22835473716259003
0.7699309587478638;0.5881392359733582;0.2116536945104599;0.22862713038921356
0.7701367735862732;0.5864986181259155;0.21450252830982208;0.22664928436279297
0.773930013179779;0.5880981683731079;0.21313753724098206;0.2273935079574585
0.774411141872406;0.5872538685798645;0.21584701538085938;0.2238532304763794
0.7731008529663086;0.5897281169891357;0.21716821193695068;0.22730866074562073
0.774712860584259;0.590948760509491;0.21510158479213715;0.22472034394741058
0.7738215327262878;0.5921792984008789;0.21216221153736115;0.22249026596546173
0.7721192240715027;0.5912310481071472;0.208449125289917;0.21793155372142792
0.7727804780006409;0.5896415114402771;0.21113815903663635;0.21774975955486298
0.77244633436203;0.5927935838699341;0.21110787987709045;0.2144239991903305
0.7722997665405273;0.5917513370513916;0.21187834441661835;0.2190590351819992
0.7715845108032227;0.5919578075408936;0.21280010044574738;0.22310855984687805
0.7749547958374023;0.59264075756073;0.2088574469089508;0.225062295794487
0.7742516398429871;0.5901898741722107;0.20809100568294525;0.224748894572258
0.7756592035293579;0.5899591445922852;0.20937691628932953;0.22699856758117676
0.7762301564216614;0.588605523109436;0.20932994782924652;0.22588305175304413
0.7787350416183472;0.5903878211975098;0.21054907143115997;0.22547756135463715
0.778902530670166;0.5899422764778137;0.2105669230222702;0.2269911766052246
0.7774969935417175;0.5889890789985657;0.21142356097698212;0.22162365913391113
0.7767624258995056;0.5894395709037781;0.20995751023292542;0.22237788140773773
0.7761778831481934;0.5890852808952332;0.2103603631258011;0.2200101912021637
0.7776842713356018;0.5883989334106445;0.21383331716060638;0.21907687187194824
0.7819754481315613;0.586178719997406;0.21259820461273193;0.22153273224830627
0.7845610976219177;0.5870943069458008;0.2167956829071045;0.21782302856445312
0.7840558290481567;0.5875923037528992;0.21451309323310852;0.22202454507350922
0.784731388092041;0.5871044993400574;0.2148108333349228;0.22750826179981232
0.7846888899803162;0.5863198041915894;0.21638703346252441;0.22860220074653625
0.7862986922264099;0.5888832211494446;0.2124742567539215;0.2260107547044754
0.7857841849327087;0.5882612466812134;0.2149093598127365;0.2216203212738037
0.787320077419281;0.5902026891708374;0.21838240325450897;0.22237268090248108
0.7905271053314209;0.588736355304718;0.21403157711029053;0.2239898294210434
0.7927141785621643;0.5882055163383484;0.20781035721302032;0.22521279752254486
0.7933592796325684;0.5894938707351685;0.21252170205116272;0.22672703862190247
0.7945036888122559;0.5898863673210144;0.2154572308063507;0.2220304012298584
0.7945453524589539;0.5883831977844238;0.21186195313930511;0.22304384410381317
0.7958287596702576;0.5900009274482727;0.21529345214366913;0.22822324931621552
0.796683132648468;0.5902833342552185;0.21472196280956268;0.22446632385253906
0.8005970120429993;0.5903467535972595;0.21364684402942657;0.2241319864988327
0.799475908279419;0.5895399451255798;0.2122119516134262;0.22288966178894043
0.8014273643493652;0.5892853140830994;0.21251992881298065;0.22518396377563477
0.7993028163909912;0.5920639634132385;0.213141068816185;0.2268250435590744
0.797493577003479;0.5917558670043945;0.21404846012592316;0.22574134171009064
0.800521194934845;0.5897968411445618;0.21654024720191956;0.22187498211860657
0.7998612523078918;0.5909873843193054;0.21592462062835693;0.22451601922512054
0.7992295622825623;0.5889279246330261;0.21491387486457825;0.22682999074459076
0.7986021041870117;0.5883089303970337;0.21749582886695862;0.22496938705444336
0.7995448112487793;0.5866228342056274;0.21752367913722992;0.22555816173553467
0.8001351356506348;0.5873849987983704;0.2163233757019043;0.22824053466320038
0.7973337173461914;0.5845732092857361;0.21324610710144043;0.23100829124450684
0.7979275584220886;0.5838109254837036;0.2119700163602829;0.22770671546459198
0.7963213920593262;0.5833768248558044;0.21289192140102386;0.22665123641490936
0.7989743947982788;0.5829326510429382;0.21594686806201935;0.22579632699489594
0.797954261302948;0.5827215313911438;0.2145952731370926;0.22385697066783905
0.7998316884040833;0.5833943486213684;0.21271668374538422;0.22282543778419495
0.8014095425605774;0.5842350721359253;0.21482610702514648;0.22718146443367004
0.8008058667182922;0.5835573077201843;0.21671843528747559;0.22839660942554474
0.8033254742622375;0.5862950682640076;0.21437707543373108;0.22445301711559296
0.8026208877563477;0.5865859985351562;0.21392498910427094;0.22497473657131195
0.8040031790733337;0.5859228372573853;0.21399366855621338;0.22517600655555725
0.8043773770332336;0.5868753790855408;0.2140342742204666;0.22461044788360596
0.8053388595581055;0.5881229639053345;0.2142620086669922;0.22465269267559052
0.80584317445755;0.5877453684806824;0.21353338658809662;0.223584845662117
0.8033699989318848;0.5873772501945496;0.2161308377981186;0.22767578065395355
0.8034759759902954;0.5858883261680603;0.21515043079853058;0.22469334304332733
0.805328369140625;0.5857521891593933;0.21343834698200226;0.22816573083400726
0.8068775534629822;0.5842423439025879;0.21375851333141327;0.225822314620018
0.8057617545127869;0.5844091176986694;0.21252532303333282;0.22531156241893768
0.8020424246788025;0.58242267370224;0.21279875934123993;0.2253064215183258
0.8032371401786804;0.5824233889579773;0.20925652980804443;0.22403402626514435
0.8021731376647949;0.5811402201652527;0.20856685936450958;0.22743438184261322
0.8008947372436523;0.5809618830680847;0.21088337898254395;0.227447971701622
0.8013314604759216;0.5817160606384277;0.21103087067604065;0.2298104614019394
0.8023056387901306;0.5842201709747314;0.20902180671691895;0.22682134807109833
0.8012027144432068;0.5833579897880554;0.20783796906471252;0.2249862253665924
0.7986099720001221;0.5836946368217468;0.20777402818202972;0.22381149232387543
0.7990493178367615;0.583422839641571;0.20982447266578674;0.22352294623851776
0.8014600872993469;0.583602786064148;0.20835037529468536;0.2224014848470688
0.8002687692642212;0.5839821100234985;0.20841915905475616;0.22780251502990723
0.8037626147270203;0.584517240524292;0.20846520364284515;0.22760358452796936
0.8025170564651489;0.584065854549408;0.21006059646606445;0.2235962599515915
0.8035754561424255;0.5842344164848328;0.2105724811553955;0.22148051857948303
0.7998656034469604;0.5834123492240906;0.20978175103664398;0.2197137326002121
0.8010269999504089;0.5836858749389648;0.21199774742126465;0.22220182418823242
0.7997048497200012;0.5846838355064392;0.2132507562637329;0.21953235566616058
0.8012483716011047;0.5852127075195312;0.21250413358211517;0.2211010456085205
0.8031253814697266;0.5860937237739563;0.21139565110206604;0.22609300911426544
0.8066162467002869;0.5860409736633301;0.21003270149230957;0.2214374989271164
0.8065508008003235;0.5879694819450378;0.21118099987506866;0.22056646645069122
0.8054551482200623;0.5861225128173828;0.2123844176530838;0.2230311930179596
0.8074246644973755;0.586502730846405;0.21271860599517822;0.2232505828142166
0.8108153343200684;0.5877243876457214;0.2132091522216797;0.22712574899196625
0.8099074363708496;0.5869817733764648;0.2123594582080841;0.2275574654340744
0.8076667785644531;0.5861001014709473;0.2111193984746933;0.22852101922035217
0.8104410171508789;0.586199939250946;0.2112320512533188;0.23057527840137482
0.8100935816764832;0.5872335433959961;0.21147778630256653;0.22852925956249237
0.8115732073783875;0.5882603526115417;0.21125607192516327;0.2312179058790207
0.8137184977531433;0.5864595770835876;0.20976614952087402;0.22901125252246857
0.8098616003990173;0.5865548253059387;0.21059079468250275;0.23219218850135803
0.8083669543266296;0.5887290239334106;0.2105608433485031;0.23083201050758362
0.8094456791877747;0.5892481207847595;0.21125300228595734;0.2300414890050888
0.8092856407165527;0.589385449886322;0.21143952012062073;0.22559571266174316
0.8085991144180298;0.5889713764190674;0.2114029973745346;0.2257709801197052
0.8082936406135559;0.5895523428916931;0.20902779698371887;0.22636155784130096
0.8061464428901672;0.5899196863174438;0.21237945556640625;0.22700762748718262
0.8053938150405884;0.5904188752174377;0.2137303203344345;0.22800755500793457
0.805232048034668;0.5902732014656067;0.21271465718746185;0.2293284386396408
0.8050921559333801;0.5897752642631531;0.21311166882514954;0.22511759400367737
0.8050810694694519;0.5905775427818298;0.21315209567546844;0.22235742211341858
0.8024110198020935;0.5899131298065186;0.21423017978668213;0.2261497527360916
0.8031206130981445;0.5887327194213867;0.2166370153427124;0.22110453248023987
0.8038954138755798;0.5892776846885681;0.21525080502033234;0.2179267853498459
0.8063632249832153;0.5901286602020264;0.21824251115322113;0.22453348338603973
0.8071420788764954;0.5904531478881836;0.21393179893493652;0.2214088886976242
0.8089694976806641;0.5901238322257996;0.21049605309963226;0.22123630344867706
0.8090171813964844;0.5921537280082703;0.2111348956823349;0.2226913422346115
0.8102078437805176;0.5901345014572144;0.20838990807533264;0.21955929696559906
0.809639573097229;0.5919623374938965;0.2064329832792282;0.22106385231018066
0.8106356859207153;0.5911147594451904;0.20405898988246918;0.223409041762352
0.8111934065818787;0.5928765535354614;0.20598378777503967;0.2224537432193756
0.8104410171508789;0.5938577055931091;0.2066861391067505;0.2171565741300583
0.8089073300361633;0.5918959975242615;0.20533500611782074;0.22267937660217285
0.8073229193687439;0.5925545692443848;0.20504479110240936;0.22270405292510986
0.8060286641120911;0.5903139114379883;0.2100144475698471;0.2254004329442978
0.8083111047744751;0.5893558859825134;0.21219396591186523;0.2240837663412094
0.8067139983177185;0.58868408203125;0.2142246812582016;0.22320008277893066
0.8074755072593689;0.5892433524131775;0.211940199136734;0.22374315559864044
0.8085810542106628;0.5906800627708435;0.2097916603088379;0.225916787981987
0.8093175888061523;0.5905623435974121;0.2133810818195343;0.23061604797840118
0.8084625601768494;0.5895437598228455;0.21304504573345184;0.22889180481433868
0.8062366843223572;0.5895528793334961;0.20998649299144745;0.22801731526851654
0.8087679147720337;0.5891098380088806;0.21123598515987396;0.22882536053657532
0.809033989906311;0.5895583033561707;0.21033494174480438;0.22826705873012543
0.8115078210830688;0.5902945399284363;0.20878472924232483;0.22557197511196136
0.8087908029556274;0.5916036367416382;0.20973335206508636;0.22273197770118713
0.8090372085571289;0.5924407839775085;0.21285779774188995;0.2192087173461914
0.8124357461929321;0.5923377275466919;0.21708527207374573;0.21802178025245667
0.8131457567214966;0.5917225480079651;0.21593613922595978;0.22009673714637756
0.8130592703819275;0.5902019739151001;0.2177644819021225;0.22341422736644745
0.8114814162254333;0.5898358225822449;0.21475671231746674;0.22776365280151367
0.8124521374702454;0.5912327170372009;0.21362371742725372;0.22632622718811035
0.8121296167373657;0.5911152362823486;0.21166720986366272;0.2250419408082962
0.8129976391792297;0.5918099284172058;0.21033607423305511;0.22682271897792816
0.8114920854568481;0.5900630950927734;0.20901978015899658;0.2260562926530838
0.8123840689659119;0.5913406610488892;0.2108561098575592;0.22530463337898254
0.8135356903076172;0.5910077691078186;0.21208103001117706;0.22024007141590118
0.8130304217338562;0.5916218757629395;0.2117725908756256;0.22174100577831268
0.8127574920654297;0.5928154587745667;0.21324525773525238;0.22170224785804749
0.8122979402542114;0.5931483507156372;0.21256732940673828;0.22225534915924072
0.8135677576065063;0.5913082361221313;0.20974384248256683;0.21935133635997772
0.8132767081260681;0.591313898563385;0.21535468101501465;0.22144317626953125
0.8133398294448853;0.5905085206031799;0.2183825969696045;0.22421684861183167
0.8145920038223267;0.5921083688735962;0.21760228276252747;0.22430120408535004
0.8166624307632446;0.5940012335777283;0.21640358865261078;0.2257191389799118
0.8172365427017212;0.593413233757019;0.2173544019460678;0.22349591553211212
0.8209789395332336;0.5935418605804443;0.2159470170736313;0.229964017868042
0.8187066912651062;0.5920506715774536;0.21658487617969513;0.2327301800251007
0.8176059126853943;0.5902924537658691;0.21526212990283966;0.22770898044109344
0.8176397681236267;0.5898919105529785;0.21686916053295135;0.22815194725990295
0.8167353868484497;0.5912782549858093;0.21583156287670135;0.22530972957611084
0.814723789691925;0.5931002497673035;0.2180926352739334;0.2234363555908203
0.8146734237670898;0.5917634963989258;0.2173071652650833;0.22483442723751068
0.8156847953796387;0.5912579894065857;0.2193765938282013;0.2272343635559082
0.8123076558113098;0.5893916487693787;0.219639852643013;0.22268891334533691
0.8128499984741211;0.5888081789016724;0.21500079333782196;0.22314687073230743
0.8165932893753052;0.5861722230911255;0.21627143025398254;0.22627635300159454
0.8161277770996094;0.5859810709953308;0.2167849987745285;0.22626791894435883
0.8172211647033691;0.5871139168739319;0.2168869972229004;0.224135160446167
0.8181999325752258;0.5874053835868835;0.2120482474565506;0.22348566353321075
0.8212193846702576;0.5886684656143188;0.21080565452575684;0.2213321179151535
0.8207141757011414;0.5873791575431824;0.2104264497756958;0.22071269154548645
0.820365846157074;0.5876521468162537;0.21029435098171234;0.22323869168758392
0.8172875642776489;0.5871391296386719;0.2091774195432663;0.22372007369995117
0.8174280524253845;0.587402880191803;0.21042732894420624;0.22277550399303436
0.8171893358230591;0.5869024395942688;0.21039509773254395;0.22697913646697998
0.8182438015937805;0.5891359448432922;0.21087847650051117;0.21958883106708527
0.8153627514839172;0.5886545181274414;0.21167825162410736;0.22113461792469025
0.8168990015983582;0.5883069038391113;0.212171271443367;0.22685328125953674
0.8165400624275208;0.5893551111221313;0.20997677743434906;0.2220003604888916
0.8167311549186707;0.5874775052070618;0.2097555249929428;0.2246147245168686
0.8177312016487122;0.5882097482681274;0.20988328754901886;0.22566671669483185
0.815529465675354;0.5864092707633972;0.2112230509519577;0.22419972717761993
0.8154563307762146;0.5860827565193176;0.21392057836055756;0.22678552567958832
0.8161846399307251;0.5855242013931274;0.21691809594631195;0.22138886153697968
0.8158221244812012;0.5857667922973633;0.21602140367031097;0.22326688468456268
0.815926194190979;0.5848965048789978;0.21130791306495667;0.22926285862922668
0.8172896504402161;0.5844013094902039;0.2098514586687088;0.22687485814094543
0.8165048956871033;0.5842131972312927;0.20796199142932892;0.22985005378723145
0.8160514831542969;0.5845522880554199;0.2058362066745758;0.22817778587341309
0.8165587782859802;0.5856027603149414;0.2057170867919922;0.22344665229320526
0.8164529204368591;0.586375892162323;0.21026311814785004;0.22671110928058624
0.8175448775291443;0.5875524878501892;0.20881490409374237;0.22651229798793793
0.8173896670341492;0.5900793075561523;0.20812344551086426;0.22788789868354797
0.8186721801757812;0.590294361114502;0.21265821158885956;0.2275603860616684
0.817814826965332;0.5889796614646912;0.2097550928592682;0.22753730416297913
0.8191073536872864;0.5900180339813232;0.2087363302707672;0.22655491530895233
0.8189681172370911;0.5894023776054382;0.21000969409942627;0.22166819870471954
0.817387580871582;0.5890304446220398;0.20918770134449005;0.22404828667640686
0.8211467862129211;0.5888125896453857;0.2069428265094757;0.22334225475788116
0.8234238624572754;0.5894958972930908;0.21325019001960754;0.22428737580776215
0.8238560557365417;0.5896608233451843;0.21216873824596405;0.22666402161121368
0.8240475654602051;0.5900864601135254;0.21187888085842133;0.2246144860982895
0.8262616991996765;0.5895835757255554;0.21507655084133148;0.22219911217689514
0.8285625576972961;0.5890750885009766;0.21294446289539337;0.22602291405200958
0.8262796401977539;0.5883533358573914;0.21105535328388214;0.22358523309230804
0.8268901705741882;0.5884436368942261;0.20930270850658417;0.22435413300991058
0.8263010382652283;0.588520348072052;0.20985202491283417;0.2248247116804123
0.8277986645698547;0.5879740715026855;0.20424969494342804;0.2215336114168167
0.8260329365730286;0.5862376093864441;0.20943544805049896;0.2217024862766266
0.8238285183906555;0.5865848660469055;0.2118057757616043;0.22420787811279297
0.8228034377098083;0.5853907465934753;0.20889392495155334;0.22842101752758026
0.8247438669204712;0.5863534212112427;0.21276512742042542;0.22489599883556366
0.8260392546653748;0.5885674953460693;0.2126065343618393;0.22502437233924866
0.8234409689903259;0.5889952778816223;0.21428869664669037;0.22489356994628906
0.8259246945381165;0.5881785750389099;0.2105054408311844;0.23096905648708344
0.8246566653251648;0.589458167552948;0.20815443992614746;0.22458238899707794
0.8248445391654968;0.5893670320510864;0.20866559445858002;0.2265872210264206
0.8261572122573853;0.5892037749290466;0.21102137863636017;0.22442352771759033
0.8252514004707336;0.5892168879508972;0.20953300595283508;0.22390370070934296
0.8255009055137634;0.5911890864372253;0.20916347205638885;0.22322037816047668
0.8268495798110962;0.5894152522087097;0.21140408515930176;0.22460603713989258
0.8299927711486816;0.5891335606575012;0.2081810086965561;0.2239217311143875
0.8301006555557251;0.5891529321670532;0.2102368324995041;0.21992336213588715
0.824709415435791;0.5892363786697388;0.20973694324493408;0.22073569893836975
0.8236610293388367;0.5887987017631531;0.20865236222743988;0.22201700508594513
0.825920581817627;0.5868660807609558;0.20572960376739502;0.2251465618610382
0.826347827911377;0.5868561863899231;0.20730820298194885;0.22281713783740997
0.8278976678848267;0.5869706273078918;0.21016769111156464;0.22141937911510468
0.8293260931968689;0.5892088413238525;0.2091984748840332;0.22282806038856506
0.8291698694229126;0.5896849632263184;0.20739789307117462;0.2242143601179123
0.830840528011322;0.5888339877128601;0.20773883163928986;0.22389693558216095
0.8279622197151184;0.5889273881912231;0.2076577991247177;0.2242375612258911
0.828626811504364;0.590660035610199;0.21028871834278107;0.22413483262062073
0.8310770392417908;0.5900745391845703;0.2092277556657791;0.22399340569972992
0.8324837684631348;0.5894798040390015;0.2077200710773468;0.225214883685112
0.8314224481582642;0.5895140767097473;0.20897524058818817;0.22379103302955627
0.8311115503311157;0.5893962383270264;0.20911858975887299;0.22153286635875702
0.830838680267334;0.590974748134613;0.20973196625709534;0.21937747299671173
0.8281810879707336;0.5910555124282837;0.20854802429676056;0.2204890251159668
0.8271751403808594;0.5923184156417847;0.20968623459339142;0.22328434884548187
0.8283190131187439;0.5913516879081726;0.21087990701198578;0.22050905227661133
0.8283795714378357;0.5908282399177551;0.21546052396297455;0.21960516273975372
0.8299789428710938;0.5895839929580688;0.21783776581287384;0.22042003273963928
0.8314337730407715;0.5890313982963562;0.21600060164928436;0.22632341086864471
0.8329362273216248;0.5869823694229126;0.21339920163154602;0.2279321253299713
0.8314775824546814;0.586963951587677;0.21035590767860413;0.22504310309886932
0.8323074579238892;0.5870669484138489;0.2104959934949875;0.220971018075943
0.8333366513252258;0.5863629579544067;0.21023933589458466;0.21870379149913788
0.8322631120681763;0.58767169713974;0.21305616199970245;0.2288886308670044
0.8309421539306641;0.5893948674201965;0.2141563445329666;0.22763799130916595
0.8290117383003235;0.5906228423118591;0.2164384126663208;0.22504077851772308
0.8307248950004578;0.5904454588890076;0.21547852456569672;0.22124066948890686
0.8285354971885681;0.5906130075454712;0.21247528493404388;0.22339215874671936
0.825687050819397;0.5920507311820984;0.21329927444458008;0.22352735698223114
0.8273307681083679;0.5905551314353943;0.21248161792755127;0.22312088310718536
0.8244660496711731;0.5901688933372498;0.2126954048871994;0.22564111649990082
0.822879433631897;0.5888252258300781;0.21407027542591095;0.22519440948963165
0.8243352770805359;0.5894549489021301;0.2143833190202713;0.22722359001636505
0.8219890594482422;0.5893993377685547;0.21220307052135468;0.22329437732696533
0.8194042444229126;0.5901802182197571;0.21058721840381622;0.2255488932132721
0.8193318247795105;0.5911650061607361;0.2113824337720871;0.22608168423175812
0.8184043765068054;0.5906874537467957;0.2140885889530182;0.21928603947162628
0.819054126739502;0.5914782881736755;0.20800207555294037;0.21791355311870575
0.8182725310325623;0.5928706526756287;0.2076430320739746;0.220088392496109
0.8172990083694458;0.5945581793785095;0.20671498775482178;0.22207923233509064
0.8176707625389099;0.593852162361145;0.20862121880054474;0.22717486321926117
0.8191418647766113;0.5941376090049744;0.2107473909854889;0.2255810797214508
0.8203696608543396;0.5946990847587585;0.2074296474456787;0.22399769723415375
0.8191779255867004;0.5956069231033325;0.20752035081386566;0.2260608673095703
0.8184636235237122;0.593994140625;0.20657852292060852;0.2216884195804596
0.8196511268615723;0.5934492945671082;0.20635318756103516;0.21835732460021973
0.8204793930053711;0.5942800641059875;0.20670948922634125;0.2266458123922348
0.8211016058921814;0.5938308238983154;0.20811335742473602;0.22524872422218323
0.8256794214248657;0.5931522250175476;0.2123112976551056;0.22313180565834045
0.8279053568840027;0.5914258360862732;0.2069637030363083;0.22412431240081787
0.8271199464797974;0.5910995602607727;0.21039652824401855;0.22543075680732727
0.8274446725845337;0.5912215113639832;0.2087109535932541;0.22436030209064484
0.8256528973579407;0.5896838307380676;0.20555217564105988;0.22264766693115234
0.825025200843811;0.5897733569145203;0.20840339362621307;0.22572927176952362
0.8246479034423828;0.5903637409210205;0.20660988986492157;0.22596314549446106
0.8253160715103149;0.5892035961151123;0.20651979744434357;0.2278793901205063
0.825436532497406;0.5877518057823181;0.20753474533557892;0.22664029896259308
0.8244525790214539;0.5891447067260742;0.20809654891490936;0.22293443977832794
0.8258814215660095;0.5895723104476929;0.20673175156116486;0.22539477050304413
0.8247024416923523;0.5892274379730225;0.20613880455493927;0.22220993041992188
0.8233529925346375;0.5865137577056885;0.20771418511867523;0.22565817832946777
0.8226680755615234;0.5865405201911926;0.20896457135677338;0.2250880002975464
0.8221656680107117;0.5867595076560974;0.21079936623573303;0.22449059784412384
0.8227981925010681;0.5862818956375122;0.21231143176555634;0.22634129226207733
0.8230454325675964;0.5876240134239197;0.20862793922424316;0.2281177043914795
0.8221917152404785;0.5886068344116211;0.20745611190795898;0.2258446216583252
0.8230952620506287;0.5871814489364624;0.2064811736345291;0.22132940590381622
0.8239948153495789;0.586446225643158;0.20803117752075195;0.22005324065685272
0.8262403607368469;0.5861765742301941;0.208359032869339;0.22605863213539124
0.827985405921936;0.5857644081115723;0.2056954950094223;0.22502703964710236
0.8280996680259705;0.5850160717964172;0.20706096291542053;0.22439680993556976
0.8277031183242798;0.5867055058479309;0.21037684381008148;0.2263702005147934
0.8263497352600098;0.5865258574485779;0.20765994489192963;0.22330276668071747
0.825032651424408;0.5882055163383484;0.21058395504951477;0.2220747023820877
0.8248039484024048;0.589745819568634;0.2111082822084427;0.22719831764698029
0.8248406648635864;0.590843677520752;0.20832888782024384;0.23075895011425018
0.8232123255729675;0.5916391611099243;0.20917494595050812;0.22671417891979218
0.8223569989204407;0.5926631093025208;0.20870032906532288;0.22602061927318573
0.8219998478889465;0.590123176574707;0.2101314514875412;0.2253832370042801
0.8238281607627869;0.588901162147522;0.20540247857570648;0.22706642746925354
0.8214425444602966;0.5866560339927673;0.20599675178527832;0.2269548922777176
0.8192147612571716;0.5860376358032227;0.20969675481319427;0.23136654496192932
0.8175255656242371;0.5880987048149109;0.2118867188692093;0.23064318299293518
0.8174600601196289;0.5885513424873352;0.2134486436843872;0.23104138672351837
0.8178728222846985;0.5871642231941223;0.21446767449378967;0.2277638167142868
0.8190435767173767;0.5850726962089539;0.2120896875858307;0.22560743987560272
0.8211084604263306;0.5862554907798767;0.21062321960926056;0.2285514920949936
0.818019688129425;0.5854678153991699;0.20783095061779022;0.22297368943691254
0.8178971409797668;0.5841342806816101;0.20858518779277802;0.22756293416023254
0.8168323636054993;0.586921751499176;0.2108650952577591;0.22344033420085907
0.8186395764350891;0.5872069597244263;0.2082989513874054;0.22926901280879974
0.814108669757843;0.5875495076179504;0.2098979949951172;0.22773471474647522
0.8148274421691895;0.5901275873184204;0.2114306539297104;0.2288006842136383
0.8153366446495056;0.5906744003295898;0.21175502240657806;0.22458720207214355
0.8129478693008423;0.5903668403625488;0.21091794967651367;0.22383899986743927
0.8142456412315369;0.5897495150566101;0.21239355206489563;0.2225753366947174
0.8173525929450989;0.588822066783905;0.21315740048885345;0.22614049911499023
0.8169981241226196;0.5883941650390625;0.2133558839559555;0.22644244134426117
0.8182716369628906;0.5907166600227356;0.21792259812355042;0.22430561482906342
0.8220152258872986;0.5914101004600525;0.219036266207695;0.225878044962883
0.8217965960502625;0.5908171534538269;0.21597424149513245;0.22746975719928741
0.8214212656021118;0.5900289416313171;0.2142515629529953;0.2250698059797287
0.8209915161132812;0.5909767150878906;0.2137536257505417;0.22643494606018066
0.8223153352737427;0.5897496938705444;0.21127724647521973;0.22526994347572327
0.8216258883476257;0.589603841304779;0.2106206715106964;0.2238665074110031
0.8188791275024414;0.5902903079986572;0.20875385403633118;0.22427263855934143
0.8210679888725281;0.5911670923233032;0.20794367790222168;0.21989265084266663
0.8224340677261353;0.5906538963317871;0.20753860473632812;0.2175845354795456
0.8223931193351746;0.5922886729240417;0.20680327713489532;0.2187298983335495
0.8236962556838989;0.5911738276481628;0.20846052467823029;0.2193111926317215
0.8229537010192871;0.5915964245796204;0.21017809212207794;0.22500412166118622
0.8219303488731384;0.5917390584945679;0.2115134298801422;0.22520475089550018
0.8212476968765259;0.5915581583976746;0.21302072703838348;0.22418585419654846
0.8194150328636169;0.5937346816062927;0.21250782907009125;0.22763080894947052
0.8142704367637634;0.5922998785972595;0.21095232665538788;0.22824712097644806
0.8147813677787781;0.5909402966499329;0.21239200234413147;0.22495989501476288
0.8144871592521667;0.5899733304977417;0.21023009717464447;0.22103933990001678
0.8143293261528015;0.5894928574562073;0.21242938935756683;0.22726602852344513
0.8173085451126099;0.5893962383270264;0.2110360860824585;0.22578954696655273
0.8165618777275085;0.5875517129898071;0.21382592618465424;0.22038450837135315
0.8188303112983704;0.5872512459754944;0.2147665023803711;0.22037076950073242
0.8171130418777466;0.584597647190094;0.21305353939533234;0.22021237015724182
0.8193869590759277;0.5840814709663391;0.21481886506080627;0.2167760133743286
0.8204168677330017;0.5840839743614197;0.21380186080932617;0.2161557674407959
0.8206373453140259;0.581603467464447;0.20976881682872772;0.2223912477493286
0.8235862851142883;0.5820325613021851;0.21060295403003693;0.2235582321882248
0.822121798992157;0.5817776918411255;0.21296730637550354;0.22049938142299652
0.8228325843811035;0.5832687616348267;0.20913448929786682;0.2210926115512848
0.8229266405105591;0.5843947529792786;0.21185195446014404;0.22002430260181427
0.8204625248908997;0.585168182849884;0.2150229960680008;0.22353768348693848
0.8216201663017273;0.5852113366127014;0.21474723517894745;0.22499985992908478
0.8202394843101501;0.5863990187644958;0.21383194625377655;0.22175775468349457
0.8205176591873169;0.5853320360183716;0.2121109962463379;0.224381685256958
0.8210530281066895;0.5844414234161377;0.2115599662065506;0.22650687396526337
0.8201536536216736;0.5851283073425293;0.20888061821460724;0.22253134846687317
0.8207079172134399;0.585536539554596;0.2097838670015335;0.22177410125732422
0.8205384612083435;0.5859211087226868;0.20862817764282227;0.22563505172729492
0.8194319605827332;0.5854046940803528;0.2058430165052414;0.2244323045015335
0.820615291595459;0.5856004953384399;0.20941896736621857;0.2201261818408966
0.819541871547699;0.5848994255065918;0.21073415875434875;0.22196796536445618
0.8177413940429688;0.5872663855552673;0.21348290145397186;0.22549627721309662
0.8202083706855774;0.5876511335372925;0.2147386372089386;0.22814522683620453
0.8223429918289185;0.5874325633049011;0.21681194007396698;0.22489826381206512
0.8206568956375122;0.5870248079299927;0.2145392745733261;0.22644703090190887
0.8239709138870239;0.5873317122459412;0.212521031498909;0.22720174491405487
0.8225672841072083;0.5860694646835327;0.21203294396400452;0.2222965806722641
0.8219779133796692;0.586527943611145;0.2135743647813797;0.22347335517406464
