err_mean;err_cos1;err_cos2;err_cos3
0.9814150929450989;0.15843622386455536;0.5001866817474365;1.0311154127120972
0.768169641494751;0.3822791278362274;0.21956732869148254;0.23452480137348175
0.7679029107093811;0.39223694801330566;0.2216881811618805;0.2339628040790558
0.7686741948127747;0.3997856676578522;0.2209482640028;0.22838155925273895
0.766009509563446;0.4085879325866699;0.21911989152431488;0.22850356996059418
0.766645610332489;0.4185177981853485;0.21798136830329895;0.22637052834033966
0.7669147849082947;0.4264236390590668;0.2179088145494461;0.2277940809726715
0.7682286500930786;0.43557363748550415;0.21530763804912567;0.22715161740779877
0.7679924964904785;0.44337883591651917;0.21753156185150146;0.2262096256017685
0.7681772112846375;0.45049983263015747;0.21747222542762756;0.22764280438423157
0.7666484117507935;0.4576161503791809;0.21289876103401184;0.22401748597621918
0.7673493027687073;0.4675702154636383;0.21603284776210785;0.22431901097297668
0.7668957710266113;0.4748353064060211;0.21917390823364258;0.22705809772014618
0.7676121592521667;0.482903391122818;0.2171509712934494;0.22780373692512512
0.7676520943641663;0.4897545874118805;0.2198595106601715;0.23076072335243225
0.7691093683242798;0.4965667724609375;0.21945562958717346;0.22500255703926086
0.767813503742218;0.5040265917778015;0.21675992012023926;0.23095910251140594
0.7699602842330933;0.51007479429245;0.21585886180400848;0.23083148896694183
0.7667047381401062;0.5135411620140076;0.21799683570861816;0.2296888381242752
0.7657603025436401;0.5179834365844727;0.21778073906898499;0.22806964814662933
0.7684553265571594;0.5228084921836853;0.21343369781970978;0.2305440902709961
0.7685129046440125;0.5272662043571472;0.21027253568172455;0.22964124381542206
0.7687749862670898;0.5323948264122009;0.2108394205570221;0.22848331928253174
0.7678724527359009;0.5376682877540588;0.20778699219226837;0.22986964881420135
0.7687866687774658;0.5413658022880554;0.20910139381885529;0.23023729026317596
0.7712873816490173;0.5473111271858215;0.20933614671230316;0.22951488196849823
0.7750234603881836;0.5502318143844604;0.21089866757392883;0.2307146042585373
0.7756807208061218;0.5523406863212585;0.214003786444664;0.2333746701478958
0.7756407856941223;0.5557987093925476;0.20805315673351288;0.2316870242357254
0.7738729119300842;0.5575600862503052;0.2086738646030426;0.23261116445064545
0.7751819491386414;0.5582135319709778;0.21266226470470428;0.2293085902929306
0.7759076356887817;0.5636096000671387;0.21612034738063812;0.22535400092601776
0.7775633931159973;0.5664669871330261;0.21781890094280243;0.2257886677980423
0.7767370343208313;0.5665642619132996;0.2121202051639557;0.2230312079191208
0.7761899828910828;0.5678861141204834;0.21335351467132568;0.22339439392089844
0.7747774124145508;0.5691556334495544;0.21485085785388947;0.22362451255321503
0.7733017802238464;0.5702052116394043;0.21305446326732635;0.2283930778503418
0.7730845808982849;0.5717428922653198;0.21670274436473846;0.2246609926223755
0.7733160257339478;0.5745270848274231;0.2163308709859848;0.2240944355726242
0.7750291228294373;0.5757095813751221;0.21886658668518066;0.22463230788707733
0.7746320366859436;0.5773965716362;0.21368198096752167;0.22843967378139496
0.7749665975570679;0.5819193124771118;0.20946884155273438;0.22133246064186096
0.776278018951416;0.5830292105674744;0.20871782302856445;0.22690777480602264
0.7734394073486328;0.5831966996192932;0.20863185822963715;0.22665171325206757
0.7701427340507507;0.5842574834823608;0.20652972161769867;0.22482648491859436
0.7720295190811157;0.5830304026603699;0.20836864411830902;0.22628331184387207
0.7722589373588562;0.5847875475883484;0.2117898017168045;0.22371068596839905
0.77021723985672;0.5872988700866699;0.2155400961637497;0.2235206663608551
0.7712671160697937;0.588483452796936;0.2125673145055771;0.22686056792736053
0.7706343531608582;0.5881161093711853;0.2103503793478012;0.22956006228923798
0.7687150239944458;0.5889655947685242;0.21166208386421204;0.2295762151479721
0.7684135437011719;0.5880172848701477;0.21130140125751495;0.2308635711669922
0.7693929672241211;0.5852636694908142;0.21483555436134338;0.23218727111816406
0.7710508704185486;0.584164559841156;0.211867094039917;0.2265717089176178
0.7674442529678345;0.5868812799453735;0.21045136451721191;0.22376875579357147
0.7698978781700134;0.5878302454948425;0.21345730125904083;0.22493059933185577
0.7733225226402283;0.5897858142852783;0.2169712334871292;0.22540806233882904
0.7729148268699646;0.5895393490791321;0.2164793759584427;0.22154675424098969
0.7730339169502258;0.5915525555610657;0.21451742947101593;0.2193193882703781
0.774415910243988;0.5923895835876465;0.2151557058095932;0.22307954728603363
0.7751535773277283;0.5924661159515381;0.2163441926240921;0.22156071662902832
0.7721049189567566;0.592704176902771;0.2127736657857895;0.22243785858154297
0.7723976373672485;0.5912627577781677;0.21304936707019806;0.22726216912269592
0.7713350653648376;0.5904366374015808;0.2141193151473999;0.22648394107818604
0.7753762602806091;0.5911561250686646;0.21457354724407196;0.22415287792682648
0.775520920753479;0.5915901064872742;0.21400217711925507;0.22553519904613495
0.7776329517364502;0.5896804332733154;0.21356873214244843;0.22779583930969238
0.7759275436401367;0.5910993814468384;0.21433643996715546;0.2237313836812973
0.7738443613052368;0.5920156240463257;0.21514204144477844;0.22644515335559845
0.7716678977012634;0.5892520546913147;0.21526575088500977;0.2260086089372635
0.7688394784927368;0.5895146727561951;0.21728089451789856;0.22527217864990234
0.7691680788993835;0.5885393023490906;0.21605105698108673;0.22606734931468964
0.7649061679840088;0.590008556842804;0.2158183604478836;0.23041343688964844
0.7643057703971863;0.59271639585495;0.21880140900611877;0.23025575280189514
0.765661895275116;0.5931355357170105;0.22025637328624725;0.2248416244983673
0.7682281136512756;0.5914678573608398;0.21553786098957062;0.22562432289123535
0.7668870687484741;0.5900167226791382;0.21664173901081085;0.22684411704540253
0.7630343437194824;0.5881364941596985;0.21491681039333344;0.22764380276203156
0.7627583146095276;0.5890437364578247;0.21402840316295624;0.2270667552947998
0.7635383605957031;0.5879096388816833;0.21697454154491425;0.23400263488292694
0.7636837363243103;0.5868803858757019;0.21303032338619232;0.22919419407844543
0.7654401659965515;0.5893191695213318;0.20899944007396698;0.22699999809265137
0.7664934992790222;0.5895103812217712;0.20965266227722168;0.23215042054653168
0.766207754611969;0.5883194208145142;0.21144556999206543;0.22838535904884338
0.7675724029541016;0.5897994041442871;0.21406923234462738;0.22591905295848846
0.7652750015258789;0.589322566986084;0.21411418914794922;0.2258276492357254
0.7644176483154297;0.5889042615890503;0.2116035521030426;0.23054955899715424
0.7650174498558044;0.5894154906272888;0.21131382882595062;0.22956068813800812
0.764531135559082;0.5888926386833191;0.20839045941829681;0.23001277446746826
0.762466549873352;0.588470458984375;0.21140380203723907;0.2292185127735138
0.7627381086349487;0.5889695286750793;0.20921047031879425;0.2225831001996994
0.7613304853439331;0.5911015272140503;0.2121252566576004;0.22285524010658264
0.7621578574180603;0.591623842716217;0.21305738389492035;0.21955417096614838
0.7600482702255249;0.5927605628967285;0.21262414753437042;0.22091709077358246
0.7605175375938416;0.5926684737205505;0.21347461640834808;0.2233978807926178
0.7605053782463074;0.5918431282043457;0.2139439582824707;0.22078648209571838
0.763216495513916;0.590545654296875;0.2128383368253708;0.22665314376354218
0.7647615671157837;0.5888668298721313;0.21376577019691467;0.22557039558887482
0.7654266953468323;0.5883646011352539;0.21114063262939453;0.23052750527858734
0.7659417390823364;0.5884708762168884;0.21543312072753906;0.2347497045993805
0.7653229832649231;0.5890695452690125;0.21347510814666748;0.23301194608211517
0.7657102942466736;0.5898270010948181;0.2151261866092682;0.23043985664844513
0.7645353674888611;0.5885831117630005;0.21775439381599426;0.22898967564105988
0.7640326619148254;0.5883883833885193;0.2121296226978302;0.22720125317573547
0.7656028866767883;0.5874409079551697;0.2154265195131302;0.22402119636535645
0.7664536833763123;0.5860229134559631;0.21300320327281952;0.22760362923145294
0.7682134509086609;0.5848986506462097;0.2117825746536255;0.2239965945482254
0.7646066546440125;0.5847101211547852;0.21278905868530273;0.2299274057149887
0.7635918855667114;0.5880398154258728;0.21799711883068085;0.22597776353359222
0.7643312811851501;0.5870351195335388;0.2190956175327301;0.22676502168178558
0.7642684578895569;0.5885804295539856;0.21829180419445038;0.22697019577026367
0.764319658279419;0.588933527469635;0.21612213551998138;0.2278345674276352
0.7632517218589783;0.5887687802314758;0.21430377662181854;0.22340631484985352
0.7615309953689575;0.5905880928039551;0.21694587171077728;0.2271365225315094
0.7606140971183777;0.5904746055603027;0.21604113280773163;0.22949658334255219
0.7602007985115051;0.5917137265205383;0.21049371361732483;0.2345006763935089
0.7582418322563171;0.5918715596199036;0.20946912467479706;0.23346136510372162
0.756076991558075;0.5922117233276367;0.21128761768341064;0.2242424488067627
0.7534618973731995;0.5929082036018372;0.21122507750988007;0.2220841944217682
0.7515530586242676;0.5917922258377075;0.21169669926166534;0.22156131267547607
0.7525680661201477;0.591725766658783;0.21424761414527893;0.22311440110206604
0.7539749145507812;0.5899487137794495;0.21574723720550537;0.22751779854297638
0.7505854368209839;0.5915253758430481;0.21592755615711212;0.2289746254682541
0.7539329528808594;0.5912653803825378;0.21749773621559143;0.22856473922729492
0.7537339925765991;0.5940884947776794;0.22124944627285004;0.22858913242816925
0.754142701625824;0.5944719314575195;0.2185901701450348;0.22552518546581268
0.7527403235435486;0.5949158072471619;0.22213593125343323;0.22995053231716156
0.750907301902771;0.5934898257255554;0.22148430347442627;0.22906318306922913
0.7512241005897522;0.5933945775032043;0.2168259471654892;0.22456875443458557
0.7508639693260193;0.593582808971405;0.21518266201019287;0.2336050122976303
0.7462382316589355;0.593111515045166;0.2186819314956665;0.2272130250930786
0.7472273111343384;0.5936345458030701;0.22089672088623047;0.2227182686328888
0.7495927810668945;0.5947871208190918;0.21684661507606506;0.22320424020290375
0.750901997089386;0.5932746529579163;0.2115621566772461;0.22794990241527557
0.7511398792266846;0.5935532450675964;0.21176643669605255;0.2295166254043579
0.7526831030845642;0.593481719493866;0.2143799364566803;0.2308383733034134
0.7568206191062927;0.594129741191864;0.21454505622386932;0.22244425117969513
0.756041944026947;0.5942009091377258;0.21270175278186798;0.22736702859401703
0.7582805156707764;0.5945722460746765;0.21319089829921722;0.2279246300458908
0.7555658221244812;0.5923148989677429;0.21021269261837006;0.22759099304676056
0.7540213465690613;0.5932452082633972;0.21382038295269012;0.2289610654115677
0.7547991871833801;0.5923387408256531;0.21992647647857666;0.22574399411678314
0.7565908432006836;0.5924444794654846;0.2172865867614746;0.229400634765625
0.7573761940002441;0.5914627909660339;0.2208908051252365;0.2316739410161972
0.7555034756660461;0.5934493541717529;0.21762004494667053;0.22540783882141113
0.7573696970939636;0.5933911800384521;0.2163517028093338;0.22445856034755707
0.7555930018424988;0.593558669090271;0.21655045449733734;0.225753054022789
0.7548271417617798;0.5936510562896729;0.21632008254528046;0.22665099799633026
0.7557721138000488;0.595170795917511;0.21337924897670746;0.22444596886634827
0.7536243796348572;0.5944293141365051;0.21161524951457977;0.2271285057067871
0.7528098821640015;0.5923013687133789;0.21437712013721466;0.22657452523708344
0.7527602910995483;0.5925331115722656;0.21743635833263397;0.22707803547382355
0.7513971328735352;0.5929886698722839;0.2171836942434311;0.23099079728126526
0.7505829930305481;0.5924858450889587;0.21921253204345703;0.22817698121070862
0.7503548860549927;0.5926820635795593;0.21728423237800598;0.2313142865896225
0.7515591979026794;0.5949177145957947;0.2158244103193283;0.23118357360363007
0.750345766544342;0.5954753756523132;0.21449430286884308;0.22870469093322754
0.7498599886894226;0.5958648920059204;0.215083509683609;0.23204897344112396
0.746690571308136;0.594425618648529;0.2133486270904541;0.23126982152462006
0.747523844242096;0.5955595970153809;0.21586909890174866;0.22458891570568085
0.7478855848312378;0.5976954698562622;0.21653950214385986;0.22622834146022797
0.7471446394920349;0.598402202129364;0.21848800778388977;0.22285032272338867
0.7477476000785828;0.5983200073242188;0.21692025661468506;0.22512312233448029
0.7475408911705017;0.5987817645072937;0.2177450954914093;0.22412636876106262
0.748964250087738;0.5964412093162537;0.21523018181324005;0.22658215463161469
0.7469977736473083;0.5964763760566711;0.21025334298610687;0.221537783741951
0.7480016946792603;0.5954765677452087;0.2149973213672638;0.22086553275585175
0.7482680678367615;0.59583580493927;0.21207240223884583;0.22341656684875488
0.7489451766014099;0.5947530269622803;0.2136242687702179;0.2226957380771637
0.7466678619384766;0.5936879515647888;0.21544960141181946;0.2256608009338379
0.7483044862747192;0.5924481749534607;0.21947260200977325;0.22852769494056702
0.7463674545288086;0.5927990078926086;0.2218315601348877;0.22942271828651428
0.7465383410453796;0.5922850966453552;0.22617340087890625;0.22684450447559357
0.7465488314628601;0.5920752286911011;0.22185611724853516;0.22767631709575653
0.7464730143547058;0.5912971496582031;0.2220771312713623;0.22293797135353088
0.7440983057022095;0.5905308723449707;0.21820008754730225;0.22636325657367706
0.742763340473175;0.5888455510139465;0.22068873047828674;0.2287677824497223
0.7426870465278625;0.5909608006477356;0.21978817880153656;0.22724595665931702
0.7438710927963257;0.5900930762290955;0.22004495561122894;0.23263482749462128
0.7448567748069763;0.5909964442253113;0.21948209404945374;0.2336946278810501
0.7446592450141907;0.5913835763931274;0.21894875168800354;0.23096609115600586
0.7444363832473755;0.5932291150093079;0.21988718211650848;0.22953294217586517
0.7413845062255859;0.5947363376617432;0.2164263278245926;0.22928348183631897
0.7416879534721375;0.5925890803337097;0.21876339614391327;0.2259102314710617
0.7415220737457275;0.5941640734672546;0.21808187663555145;0.23037004470825195
0.7438268065452576;0.5945858359336853;0.21492920815944672;0.2238573133945465
0.7460038065910339;0.5967920422554016;0.21460239589214325;0.22522024810314178
0.7466357350349426;0.5961155295372009;0.21279899775981903;0.2250957489013672
0.74726402759552;0.595704972743988;0.21693392097949982;0.2275983840227127
0.7520155310630798;0.5963193774223328;0.21979296207427979;0.2266012281179428
0.7530129551887512;0.5972926616668701;0.21691901981830597;0.22913499176502228
0.7511942982673645;0.5947896242141724;0.21583791077136993;0.22755542397499084
0.7516975998878479;0.5948895812034607;0.2137354463338852;0.2245039939880371
0.7524586319923401;0.5932714343070984;0.21552586555480957;0.22515757381916046
0.7514312267303467;0.5934974551200867;0.21703091263771057;0.2232167273759842
0.7508755326271057;0.5947825908660889;0.21318168938159943;0.22249865531921387
0.7495241761207581;0.5948513150215149;0.21471881866455078;0.22079811990261078
0.7494738698005676;0.5939032435417175;0.21212680637836456;0.2207179069519043
0.7499951720237732;0.5947932600975037;0.2176014930009842;0.22743110358715057
0.7529782652854919;0.5942239165306091;0.21292372047901154;0.22492507100105286
0.7530868649482727;0.5928290486335754;0.21449565887451172;0.22536931931972504
0.7524607181549072;0.5924260020256042;0.21425794064998627;0.22502613067626953
0.7544620633125305;0.5937435030937195;0.212616428732872;0.22599387168884277
0.7519539594650269;0.5925808548927307;0.21229088306427002;0.22793512046337128
0.7531653642654419;0.5919661521911621;0.21258604526519775;0.2278027981519699
0.7527157664299011;0.5938557386398315;0.21479053795337677;0.22598691284656525
0.7535439729690552;0.5952776670455933;0.21467387676239014;0.2200433760881424
0.7551034688949585;0.5940923094749451;0.21559639275074005;0.22195415198802948
0.7555777430534363;0.5937579274177551;0.21637459099292755;0.22651433944702148
0.7569705843925476;0.5935925841331482;0.21515822410583496;0.2294934242963791
0.7610122561454773;0.5915281772613525;0.21625356376171112;0.23009590804576874
0.7594625353813171;0.5929273962974548;0.21566541492938995;0.22921323776245117
0.7616043090820312;0.5942676067352295;0.21750889718532562;0.22806492447853088
0.7621826529502869;0.5958288311958313;0.21812903881072998;0.22665546834468842
0.7634978890419006;0.5942831039428711;0.21698179841041565;0.22423754632472992
0.762411892414093;0.5924578905105591;0.21604640781879425;0.22832946479320526
0.7586139440536499;0.5910630226135254;0.2159065306186676;0.22717447578907013
0.7590382695198059;0.5911636352539062;0.21589405834674835;0.22318601608276367
0.7566452026367188;0.5913586616516113;0.21463046967983246;0.2265341728925705
0.7577128410339355;0.5921787023544312;0.21283960342407227;0.223774716258049
0.7568957209587097;0.5933160185813904;0.21557675302028656;0.226278617978096
0.7562429308891296;0.5945386290550232;0.2161332666873932;0.2296973317861557
0.7560623288154602;0.5944716930389404;0.21554608643054962;0.23270629346370697
0.7582993507385254;0.5945252776145935;0.21027708053588867;0.2301148921251297
0.7589451670646667;0.5951425433158875;0.20923571288585663;0.22778932750225067
0.7607869505882263;0.5935760736465454;0.2139415591955185;0.2300044596195221
0.7629656791687012;0.5935389995574951;0.2139042466878891;0.2266775667667389
0.7646719217300415;0.5935640335083008;0.21094274520874023;0.2257308065891266
0.7654078006744385;0.5935608744621277;0.21088743209838867;0.2240649312734604
0.7648472785949707;0.5941686630249023;0.21444463729858398;0.22795803844928741
0.7661100029945374;0.5941798090934753;0.2147025614976883;0.22522902488708496
0.7640110850334167;0.5936865210533142;0.21492543816566467;0.2284192144870758
0.765144944190979;0.5931258201599121;0.2139114886522293;0.2299315482378006
0.7648469805717468;0.592585563659668;0.21197667717933655;0.22624044120311737
0.7638064622879028;0.5931867957115173;0.2161371260881424;0.22712698578834534
0.7626863718032837;0.5932637453079224;0.21501676738262177;0.2276727259159088
0.7636637687683105;0.5937013626098633;0.21376238763332367;0.22949059307575226
0.7643510699272156;0.5945115089416504;0.21370087563991547;0.22858396172523499
0.7649930715560913;0.5951840281486511;0.21327748894691467;0.23272369801998138
0.7644435167312622;0.5955407023429871;0.21079671382904053;0.22947116196155548
0.7640706300735474;0.5951371192932129;0.21376417577266693;0.22896866500377655
0.7644022107124329;0.5932700037956238;0.2107044905424118;0.22407785058021545
0.7612819671630859;0.5927814841270447;0.21331821382045746;0.22764253616333008
0.7590373158454895;0.5907819867134094;0.2142057865858078;0.22701478004455566
0.7619662284851074;0.5891206860542297;0.21342499554157257;0.22516170144081116
0.7615900039672852;0.589521050453186;0.21390290558338165;0.23016200959682465
0.7595288157463074;0.5906960368156433;0.21191167831420898;0.2290647327899933
0.7637193202972412;0.5919433832168579;0.20944714546203613;0.2285892218351364
0.7626897096633911;0.5916714668273926;0.2131030112504959;0.22337721288204193
0.7629703879356384;0.5926534533500671;0.21343426406383514;0.22229500114917755
0.7636780142784119;0.5920388102531433;0.2144758552312851;0.2249334305524826
0.7642585635185242;0.5916164517402649;0.21408085525035858;0.22163735330104828
0.7643195986747742;0.5918422341346741;0.21429593861103058;0.22481654584407806
0.7611507773399353;0.5924495458602905;0.21012738347053528;0.22687852382659912
0.7611514925956726;0.5937618613243103;0.2109559029340744;0.22373166680335999
0.7639430165290833;0.594071090221405;0.21012531220912933;0.22611193358898163
0.7654476165771484;0.592000424861908;0.21107648313045502;0.22893595695495605
0.7630138397216797;0.5919911861419678;0.21453674137592316;0.22745266556739807
0.7619547843933105;0.5918066501617432;0.2142159789800644;0.22567330300807953
0.7620394229888916;0.5906344652175903;0.21727286279201508;0.22368848323822021
0.7609016299247742;0.5917863249778748;0.2206752747297287;0.22588486969470978
0.7612050175666809;0.5910932421684265;0.21989159286022186;0.22174425423145294
0.7602702379226685;0.5914254784584045;0.2166692316532135;0.22505073249340057
0.7607085108757019;0.5908839702606201;0.21473653614521027;0.22518451511859894
0.7576162219047546;0.5911937952041626;0.21468853950500488;0.22270603477954865
0.7578225135803223;0.5911769866943359;0.21713292598724365;0.22887901961803436
0.7555034756660461;0.5914269685745239;0.21816220879554749;0.22558818757534027
0.7588968276977539;0.5927312970161438;0.21844077110290527;0.22228136658668518
0.7604974508285522;0.5913519263267517;0.22057440876960754;0.22380776703357697
0.7633237242698669;0.5891032814979553;0.21871629357337952;0.22783279418945312
0.764340341091156;0.5898247957229614;0.21891959011554718;0.22427216172218323
0.7643669247627258;0.5887482762336731;0.21918252110481262;0.22504837810993195
0.7607129216194153;0.5879907011985779;0.21841803193092346;0.22913482785224915
0.7616613507270813;0.5895781517028809;0.21732592582702637;0.23409922420978546
0.7664545178413391;0.5899635553359985;0.2164442092180252;0.233245849609375
0.7666744589805603;0.5890020728111267;0.212777242064476;0.22875981032848358
0.7650572061538696;0.5876062512397766;0.21310046315193176;0.22771787643432617
0.7643361687660217;0.5895662307739258;0.21446602046489716;0.22881650924682617
0.7625380754470825;0.5916733145713806;0.21599780023097992;0.22746185958385468
0.7621516585350037;0.5937318205833435;0.21610036492347717;0.2265113890171051
0.7649133801460266;0.5936193466186523;0.21490542590618134;0.22796545922756195
0.7661773562431335;0.5943244099617004;0.2113426774740219;0.2239028513431549
0.7691124081611633;0.5951269865036011;0.2113129198551178;0.22791941463947296
0.7657496929168701;0.5961179733276367;0.21500268578529358;0.23038330674171448
0.7660239934921265;0.5953423380851746;0.2141072303056717;0.2256571352481842
0.765652060508728;0.5945085883140564;0.21760521829128265;0.23084814846515656
0.7664692997932434;0.5934662818908691;0.21706604957580566;0.22866399586200714
0.7643221020698547;0.5928403735160828;0.21967540681362152;0.23010364174842834
0.765044093132019;0.5929613709449768;0.22225923836231232;0.23375511169433594
0.7653490900993347;0.5936070084571838;0.2200516313314438;0.22833667695522308
0.7627143859863281;0.5946842432022095;0.22044768929481506;0.2303307056427002
0.7628766894340515;0.5938727855682373;0.22056208550930023;0.23148933053016663
0.7623298764228821;0.5953779816627502;0.21916580200195312;0.23094554245471954
0.7625946402549744;0.5935904383659363;0.21744513511657715;0.22644172608852386
0.7612806558609009;0.5934257507324219;0.2184266597032547;0.2258019745349884
0.7596913576126099;0.5918198823928833;0.2173316925764084;0.22670522332191467
0.7569100260734558;0.5929352641105652;0.2177688181400299;0.22510989010334015
0.7587446570396423;0.5899176597595215;0.21664662659168243;0.22744202613830566
0.756565272808075;0.5893399119377136;0.21838317811489105;0.22743836045265198
0.7569366097450256;0.590855062007904;0.21642529964447021;0.22517991065979004
0.7550706267356873;0.590524435043335;0.2160450518131256;0.23048312962055206
0.7562347054481506;0.5910049676895142;0.21626722812652588;0.22901223599910736
0.7559055685997009;0.5925285220146179;0.21610943973064423;0.2346964329481125
0.7560224533081055;0.5937975645065308;0.2189977467060089;0.23401744663715363
0.7563365697860718;0.5932319760322571;0.219530388712883;0.2345261573791504
0.7558543086051941;0.5915050506591797;0.22124400734901428;0.2314809411764145
0.7576692700386047;0.5941717624664307;0.21680454909801483;0.23046861588954926
0.755344808101654;0.594526469707489;0.21582423150539398;0.23062698543071747
0.7574650645256042;0.5948198437690735;0.21282406151294708;0.22933907806873322
0.7583720088005066;0.5957521796226501;0.21465860307216644;0.22400198876857758
0.7578452825546265;0.5974483489990234;0.2126028835773468;0.22430923581123352
0.7570375800132751;0.5977010130882263;0.21161814033985138;0.22521863877773285
0.7553044557571411;0.598282516002655;0.21156182885169983;0.22378385066986084
0.7552832961082458;0.5990101099014282;0.21104469895362854;0.22750265896320343
0.7550572752952576;0.5998747944831848;0.2123098224401474;0.22855065762996674
0.7546811103820801;0.5985402464866638;0.20880602300167084;0.22659988701343536
0.7568527460098267;0.598038375377655;0.20789122581481934;0.22493906319141388
0.7552041411399841;0.596127450466156;0.20890982449054718;0.2275286465883255
0.7558708190917969;0.5976039171218872;0.21352683007717133;0.23112015426158905
0.7551639676094055;0.5977573394775391;0.21168379485607147;0.22728458046913147
0.7560917735099792;0.5976285934448242;0.21200859546661377;0.22501280903816223
0.7570526599884033;0.5989292860031128;0.20889821648597717;0.2280489057302475
0.7565253973007202;0.5979235768318176;0.21056047081947327;0.22432886064052582
0.754059910774231;0.597073495388031;0.21092000603675842;0.22849130630493164
0.7529625296592712;0.5980765223503113;0.21273517608642578;0.22919760644435883
0.751067578792572;0.5975794196128845;0.21525780856609344;0.2225494384765625
0.748820960521698;0.5969781279563904;0.22037582099437714;0.21935133635997772
0.7482016682624817;0.5958651304244995;0.22213958203792572;0.2259044200181961
0.7459730505943298;0.5960818529129028;0.22127477824687958;0.2255537062883377
0.7453902959823608;0.5950956344604492;0.2198040932416916;0.22743964195251465
0.749256432056427;0.5953015089035034;0.21771350502967834;0.22869323194026947
0.7495312094688416;0.5955406427383423;0.21406765282154083;0.22682516276836395
0.7478044629096985;0.5956839919090271;0.21286581456661224;0.22829274833202362
0.7481619715690613;0.5942609906196594;0.21333642303943634;0.2264757603406906
0.7473775148391724;0.5946273803710938;0.215017631649971;0.22634004056453705
0.7459970712661743;0.5933814644813538;0.21449676156044006;0.22763381898403168
0.7469831705093384;0.5941346883773804;0.21568770706653595;0.22767868638038635
0.7481855750083923;0.5956473350524902;0.21588626503944397;0.22772255539894104
0.7501842975616455;0.5960243940353394;0.2123417854309082;0.2281602919101715
0.7512707114219666;0.5957271456718445;0.21184836328029633;0.22624348104000092
0.7510784268379211;0.5959367156028748;0.21242408454418182;0.22979871928691864
0.7534952759742737;0.5950929522514343;0.21014778316020966;0.2303265631198883
0.7538342475891113;0.5963004231452942;0.21123290061950684;0.2352941334247589
0.7514525651931763;0.5947610139846802;0.21457533538341522;0.23159055411815643
0.7519227862358093;0.5930811166763306;0.21649198234081268;0.2307172268629074
0.7503095865249634;0.59304279088974;0.2133191078901291;0.23070994019508362
0.7489110231399536;0.5933249592781067;0.21067595481872559;0.22517631947994232
0.751745879650116;0.5924180746078491;0.2125929445028305;0.22384214401245117
0.753513514995575;0.5947318077087402;0.2142016887664795;0.22803162038326263
0.7542392611503601;0.594622790813446;0.21618090569972992;0.22288532555103302
0.7543132305145264;0.5947340130805969;0.2149238884449005;0.2245195358991623
0.751625657081604;0.594809889793396;0.2147320806980133;0.22425775229930878
0.7516672015190125;0.5924205183982849;0.21746693551540375;0.22657442092895508
0.7525523900985718;0.5930171012878418;0.21515372395515442;0.2276809960603714
0.7495627403259277;0.5924146175384521;0.21584539115428925;0.22709310054779053
0.7516613006591797;0.5935360789299011;0.2172098457813263;0.22308503091335297
0.7523472905158997;0.5938328504562378;0.21953926980495453;0.22806258499622345
0.7538331151008606;0.5909423232078552;0.2182845175266266;0.22727195918560028
0.7529403567314148;0.5910855531692505;0.21493230760097504;0.22942189872264862
0.7515808939933777;0.5883550643920898;0.21245436370372772;0.22312675416469574
0.7489588260650635;0.5881159901618958;0.21095596253871918;0.22172918915748596
0.7508578896522522;0.5882123112678528;0.21664638817310333;0.22670748829841614
0.7483009099960327;0.5897877216339111;0.21663522720336914;0.22943034768104553
0.7483618855476379;0.5899717807769775;0.2158859223127365;0.22469763457775116
0.7499478459358215;0.5906177759170532;0.21746496856212616;0.22731804847717285
0.7511268854141235;0.5910432934761047;0.21629314124584198;0.22967052459716797
0.7516846656799316;0.5905059576034546;0.21670027077198029;0.23128418624401093
0.7515849471092224;0.5914785265922546;0.21539735794067383;0.23082557320594788
0.7527109384536743;0.5929864048957825;0.21728448569774628;0.2327396422624588
0.7534211874008179;0.5929515957832336;0.21483592689037323;0.2327423393726349
0.7516418099403381;0.592449963092804;0.2145717591047287;0.22783301770687103
0.7535216212272644;0.5923489928245544;0.21394963562488556;0.22799281775951385
0.7552571892738342;0.5915724635124207;0.21622653305530548;0.2274734228849411
0.7564761638641357;0.5911368727684021;0.21792368590831757;0.22672882676124573
0.7563519477844238;0.5897735953330994;0.21857307851314545;0.22515998780727386
0.7565889358520508;0.5897067189216614;0.2203165739774704;0.22122278809547424
0.7574011087417603;0.5890005230903625;0.22089159488677979;0.22070971131324768
0.7567026019096375;0.5886465907096863;0.21969187259674072;0.22149744629859924
0.7569603323936462;0.5886616110801697;0.21770253777503967;0.22199249267578125
0.7562417387962341;0.588837206363678;0.21827879548072815;0.22367702424526215
0.7560425996780396;0.5910826921463013;0.21578489243984222;0.2247348129749298
0.7566996812820435;0.5919689536094666;0.2139173001050949;0.22725515067577362
0.7557761073112488;0.5909879207611084;0.21510274708271027;0.2307984083890915
0.757499098777771;0.5913758277893066;0.2143140286207199;0.22906862199306488
0.7575393319129944;0.591683566570282;0.21354058384895325;0.2289671152830124
0.7553750872612;0.59312903881073;0.21568380296230316;0.22845230996608734
0.7582792043685913;0.5939722657203674;0.21152500808238983;0.2320839911699295
0.7583880424499512;0.5928311347961426;0.21186208724975586;0.23053698241710663
0.7580875754356384;0.5928899645805359;0.21202881634235382;0.23213425278663635
0.75630784034729;0.5936877131462097;0.2116347998380661;0.2269776165485382
0.7559272050857544;0.5936312079429626;0.21445389091968536;0.22938676178455353
0.7563334703445435;0.5941433906555176;0.21520452201366425;0.22854149341583252
0.7523981928825378;0.59400475025177;0.21302790939807892;0.22415338456630707
0.7525724768638611;0.5941256880760193;0.2138267606496811;0.2237073928117752
0.7527708411216736;0.5937357544898987;0.21526184678077698;0.22482609748840332
0.7535881400108337;0.5939993858337402;0.21547691524028778;0.22288303077220917
0.7538444399833679;0.5964337587356567;0.21383368968963623;0.22466102242469788
0.7545057535171509;0.5974861979484558;0.21372871100902557;0.22137324512004852
0.7544068694114685;0.5979083776473999;0.21112127602100372;0.22357335686683655
0.7548390030860901;0.5975602269172668;0.21422934532165527;0.22364966571331024
0.7554981112480164;0.597521960735321;0.2096298187971115;0.2252485752105713
0.758476197719574;0.5957409739494324;0.2124890387058258;0.21879731118679047
0.7600585222244263;0.5943408012390137;0.21476002037525177;0.2219487428665161
0.759515106678009;0.5917211174964905;0.21443243324756622;0.22190366685390472
0.7605897784233093;0.5926914215087891;0.21213820576667786;0.22375045716762543
0.7615658640861511;0.5918803215026855;0.2148989737033844;0.22381143271923065
0.758504331111908;0.5902247428894043;0.2164032906293869;0.22316865622997284
0.7577100992202759;0.5900555849075317;0.21782229840755463;0.22407880425453186
0.7574566006660461;0.590150773525238;0.21463477611541748;0.2273392677307129
0.7563632130622864;0.5915822982788086;0.2159658521413803;0.2253708392381668
0.7552973628044128;0.5925378799438477;0.21366523206233978;0.22678375244140625
0.7551271319389343;0.591644287109375;0.21316133439540863;0.22764967381954193
0.7547245025634766;0.5919290781021118;0.21298065781593323;0.22761403024196625
0.7552282214164734;0.5919232368469238;0.21337459981441498;0.2316371500492096
0.7558256983757019;0.5912758111953735;0.21503208577632904;0.23276686668395996
0.7561471462249756;0.5920326113700867;0.2149384468793869;0.2291029542684555
0.7589153051376343;0.5917448997497559;0.21460910141468048;0.22893653810024261
0.7568697333335876;0.5921995043754578;0.210091695189476;0.22960816323757172
0.7563807368278503;0.5916527509689331;0.20949788391590118;0.2279907763004303
0.7581063508987427;0.5919720530509949;0.21270392835140228;0.2250746339559555
0.7574023604393005;0.5929741263389587;0.2153252363204956;0.22331909835338593
0.7571014761924744;0.5926218032836914;0.21384087204933167;0.22599497437477112
0.7565704584121704;0.5925284624099731;0.21219931542873383;0.2260880470275879
0.7549483776092529;0.5922134518623352;0.2124401330947876;0.22350101172924042
0.7560736536979675;0.5913817286491394;0.21128807961940765;0.2263273298740387
0.7555774450302124;0.5898043513298035;0.21157221496105194;0.22491393983364105
0.7530124187469482;0.5894609689712524;0.2126816362142563;0.22379378974437714
0.7549241185188293;0.589114248752594;0.213896706700325;0.2238907366991043
0.7571640014648438;0.5904971361160278;0.21063470840454102;0.22567211091518402
0.759274423122406;0.5906619429588318;0.2144855558872223;0.22568534314632416
0.7599374055862427;0.5901013612747192;0.21618548035621643;0.22908513247966766
0.7586153149604797;0.5872969627380371;0.2171403467655182;0.23123888671398163
0.7570059299468994;0.5875831842422485;0.2148013561964035;0.23269139230251312
0.7586146593093872;0.5866715312004089;0.21468813717365265;0.23032371699810028
0.7560924291610718;0.5883147120475769;0.21688686311244965;0.22871819138526917
0.7589583992958069;0.5874211192131042;0.21618890762329102;0.22460804879665375
0.7558523416519165;0.5857968330383301;0.21577958762645721;0.22517113387584686
0.7561547160148621;0.585303783416748;0.21761170029640198;0.22453129291534424
0.754538893699646;0.585723340511322;0.21631737053394318;0.22100697457790375
0.7559449076652527;0.5852648615837097;0.21662040054798126;0.22749514877796173
0.7546109557151794;0.5864077210426331;0.21290956437587738;0.2327713966369629
0.7549800872802734;0.5861008763313293;0.2125142365694046;0.2295866459608078
0.7538213133811951;0.585015058517456;0.2128516286611557;0.23108278214931488
0.7521840333938599;0.5855289697647095;0.21254070103168488;0.23009271919727325
0.7544234991073608;0.5861760973930359;0.21337921917438507;0.22681550681591034
0.7538482546806335;0.5861430168151855;0.21359840035438538;0.23103146255016327
0.7520768642425537;0.5841934084892273;0.2118205577135086;0.2292487919330597
0.7521151900291443;0.5861426591873169;0.21413516998291016;0.2247665375471115
0.7546884417533875;0.5875105857849121;0.21411862969398499;0.22802653908729553
0.7532111406326294;0.5871184468269348;0.21259765326976776;0.22772812843322754
0.7539021372795105;0.5882740616798401;0.21575616300106049;0.22542765736579895
0.7548200488090515;0.5871136784553528;0.21780835092067719;0.22534501552581787
0.7563087344169617;0.5872071385383606;0.21795625984668732;0.22672192752361298
0.7561608552932739;0.5869404673576355;0.21781352162361145;0.2284679263830185
0.7588281631469727;0.5863648653030396;0.21754895150661469;0.22813215851783752
0.7597199082374573;0.5873625874519348;0.21627674996852875;0.22962509095668793
0.7607713341712952;0.5877005457878113;0.21451234817504883;0.22566013038158417
0.7595053911209106;0.5894796252250671;0.21666143834590912;0.22545373439788818
0.7615044713020325;0.5883649587631226;0.21408765017986298;0.22777394950389862
0.7640519738197327;0.5872478485107422;0.20885924994945526;0.22854149341583252
0.7631848454475403;0.587367057800293;0.2107115238904953;0.22743593156337738
0.7593552470207214;0.5875518321990967;0.21432296931743622;0.22383847832679749
0.761178195476532;0.5882713198661804;0.2153634876012802;0.2211505025625229
0.7608461976051331;0.5892226099967957;0.21409063041210175;0.22527408599853516
0.7608322501182556;0.5884703993797302;0.2156888097524643;0.22290027141571045
0.762089192867279;0.5898622870445251;0.22098247706890106;0.22487269341945648
0.7649277448654175;0.5901281237602234;0.22159521281719208;0.22775249183177948
0.7648555040359497;0.5919135212898254;0.2172303944826126;0.2288566380739212
0.7650039196014404;0.5906252861022949;0.2173224687576294;0.22774052619934082
0.7635222673416138;0.5932590365409851;0.21445722877979279;0.22349600493907928
0.7641869187355042;0.5936737060546875;0.2132505476474762;0.22404013574123383
0.7646791338920593;0.5937824249267578;0.21246035397052765;0.22331662476062775
0.7637655138969421;0.5920904278755188;0.2119857519865036;0.2231581211090088
0.7619091272354126;0.5926887392997742;0.2104637622833252;0.22153592109680176
0.7611120343208313;0.5912900567054749;0.2094602882862091;0.22139354050159454
0.7632549405097961;0.5918826460838318;0.2098483294248581;0.22219812870025635
0.7628363966941833;0.5925842523574829;0.20883718132972717;0.22260580956935883
0.760944128036499;0.5922002792358398;0.20877762138843536;0.22592370212078094
0.7628110647201538;0.5923957228660583;0.21153263747692108;0.2282913774251938
0.7635314464569092;0.5905025601387024;0.21601979434490204;0.23394374549388885
0.7634838819503784;0.5915905833244324;0.2160957306623459;0.23216688632965088
0.7621725797653198;0.5922932028770447;0.218636617064476;0.22873173654079437
0.7636252641677856;0.5928174257278442;0.2174510508775711;0.2281215935945511
0.7633991241455078;0.5939339995384216;0.2195267677307129;0.2267063707113266
0.763924777507782;0.5944036841392517;0.21937517821788788;0.22783677279949188
0.7648852467536926;0.5934696197509766;0.21899817883968353;0.2259865254163742
0.7652140855789185;0.5948718190193176;0.2189212143421173;0.2234262079000473
0.7659851908683777;0.5945014357566833;0.21625857055187225;0.225727841258049
0.7691624760627747;0.5943619012832642;0.21847796440124512;0.22690685093402863
0.7682042717933655;0.5940262079238892;0.21910130977630615;0.2281620055437088
0.7669568061828613;0.5947583913803101;0.21673241257667542;0.22647595405578613
0.7671725153923035;0.5949932932853699;0.21262390911579132;0.22152315080165863
0.7690286636352539;0.5963797569274902;0.21271884441375732;0.22515015304088593
0.7672377824783325;0.5984050631523132;0.21181993186473846;0.22587823867797852
0.7680829167366028;0.5971596837043762;0.2135741263628006;0.22675351798534393
0.7658063769340515;0.5979124307632446;0.21357031166553497;0.2279510498046875
0.7661146521568298;0.5972587466239929;0.21615032851696014;0.2264634668827057
0.7661156058311462;0.5972865223884583;0.21583962440490723;0.22737479209899902
0.7674087882041931;0.5959474444389343;0.2173377275466919;0.22651369869709015
0.7695266604423523;0.5956746935844421;0.21684102714061737;0.22938814759254456
0.7682738304138184;0.5967499017715454;0.21879053115844727;0.22287654876708984
0.7700088620185852;0.595915675163269;0.21744036674499512;0.22246651351451874
0.769904375076294;0.5960274338722229;0.21987958252429962;0.224632129073143
0.7718533277511597;0.5960187315940857;0.21647191047668457;0.22674663364887238
0.7718560099601746;0.5953157544136047;0.21853211522102356;0.2259526252746582
0.7721141576766968;0.597377598285675;0.21620260179042816;0.22792541980743408
0.7710647583007812;0.596112847328186;0.21567349135875702;0.23079727590084076
0.7710375189781189;0.5964919924736023;0.21414966881275177;0.22777915000915527
0.7688358426094055;0.5969375967979431;0.21790190041065216;0.2307365983724594
0.7690849900245667;0.597800076007843;0.2178020477294922;0.22881567478179932
0.7700495719909668;0.597368061542511;0.21610963344573975;0.22701530158519745
0.7689118981361389;0.5977126955986023;0.21419942378997803;0.2279862016439438
0.7672519087791443;0.5977611541748047;0.2125612050294876;0.22889494895935059
0.7661280035972595;0.5959107279777527;0.2120872586965561;0.2287798374891281
0.7624702453613281;0.5967841148376465;0.2166304588317871;0.22726278007030487
0.7616543769836426;0.5960386395454407;0.21349672973155975;0.22989463806152344
0.7649648189544678;0.5954314470291138;0.2141232043504715;0.22711041569709778
0.7638572454452515;0.594271719455719;0.21337051689624786;0.2274971455335617
0.7643119692802429;0.594534695148468;0.212250754237175;0.2238014191389084
0.761372983455658;0.594103217124939;0.21217761933803558;0.22798681259155273
0.7633007168769836;0.5927098989486694;0.21418023109436035;0.2300366908311844
0.7654048204421997;0.5912749171257019;0.21327514946460724;0.231878861784935
0.7638322710990906;0.5925825834274292;0.2144484966993332;0.233357772231102
0.7616909742355347;0.5935899019241333;0.21585460007190704;0.22975753247737885
0.7630105018615723;0.5958037972450256;0.21541237831115723;0.223481222987175
0.764091432094574;0.5935800075531006;0.21406996250152588;0.22330017387866974
0.763289749622345;0.593510091304779;0.21022139489650726;0.22116222977638245
0.7627964019775391;0.5945224165916443;0.20739276707172394;0.22178371250629425
0.7638601064682007;0.5936641693115234;0.20939676463603973;0.22763453423976898
0.7634194493293762;0.5958433747291565;0.20941339433193207;0.22844310104846954
0.7647420167922974;0.5950361490249634;0.2106807678937912;0.22654680907726288
0.7653879523277283;0.5958371162414551;0.2082442343235016;0.22672756016254425
0.7626551985740662;0.5960038304328918;0.20846962928771973;0.2258743792772293
0.7647300362586975;0.5944138765335083;0.2076531946659088;0.22438473999500275
0.7650786638259888;0.5951647162437439;0.20757584273815155;0.2244548350572586
0.7633504867553711;0.5929781198501587;0.2087411731481552;0.2258913516998291
0.7640854716300964;0.5929669737815857;0.20918206870555878;0.2255747765302658
0.7638828158378601;0.5945603251457214;0.21234408020973206;0.22818803787231445
0.7649373412132263;0.5946837663650513;0.21641221642494202;0.23017536103725433
0.7661059498786926;0.5944855213165283;0.2131163328886032;0.2285975068807602
0.7647473216056824;0.5941960215568542;0.21191664040088654;0.2304970771074295
0.7670893669128418;0.5940179228782654;0.21378055214881897;0.2274845689535141
0.768201470375061;0.5940751433372498;0.2129860371351242;0.22703595459461212
0.7690003514289856;0.5926325917243958;0.21322813630104065;0.22785799205303192
0.7690292596817017;0.5939480066299438;0.21387045085430145;0.22607357800006866
0.7683501243591309;0.5942339301109314;0.21478520333766937;0.22195008397102356
0.7673214077949524;0.5942582488059998;0.21404674649238586;0.22754521667957306
0.7659695148468018;0.5954697728157043;0.21426601707935333;0.23018813133239746
0.7658588290214539;0.5969576835632324;0.21540763974189758;0.22800476849079132
0.766838014125824;0.597194254398346;0.21477508544921875;0.22676169872283936
0.7669523358345032;0.5977883338928223;0.21473203599452972;0.22824132442474365
0.7668269276618958;0.5986629724502563;0.2158157378435135;0.23038995265960693
0.7714373469352722;0.5991351008415222;0.21653056144714355;0.22830787301063538
0.7722799181938171;0.5993730425834656;0.21410046517848969;0.23269891738891602
0.7736830711364746;0.5995164513587952;0.2125043421983719;0.23436348140239716
0.7745051383972168;0.5977296233177185;0.2138519585132599;0.23166482150554657
0.7770241498947144;0.5978423357009888;0.2137688249349594;0.2290106564760208
0.7764401435852051;0.5978918671607971;0.21538138389587402;0.23085017502307892
0.7765697836875916;0.5983721017837524;0.212294802069664;0.22878146171569824
0.7769436836242676;0.597662627696991;0.21036911010742188;0.22826381027698517
0.7778657078742981;0.5996676087379456;0.21280191838741302;0.22415538132190704
0.7754889726638794;0.5993678569793701;0.2168256789445877;0.22455623745918274
0.7733697891235352;0.5980503559112549;0.21570055186748505;0.22818513214588165
0.7751025557518005;0.5971038937568665;0.21407921612262726;0.22713056206703186
0.7778453230857849;0.5972633361816406;0.21290969848632812;0.2302807867527008
0.7768627405166626;0.5962027907371521;0.21475039422512054;0.2285887449979782
0.7786887884140015;0.5974065661430359;0.21369457244873047;0.22866077721118927
0.7788187861442566;0.5955795645713806;0.2133016437292099;0.2325744479894638
0.7785231471061707;0.5948019027709961;0.21465329825878143;0.22904352843761444
0.7819826602935791;0.5951007008552551;0.21466243267059326;0.23101210594177246
0.7821149826049805;0.5945869088172913;0.21205921471118927;0.22545038163661957
0.7801465392112732;0.5936569571495056;0.20771494507789612;0.22147636115550995
0.7804262638092041;0.59064120054245;0.20918188989162445;0.22426997125148773
0.7794473171234131;0.5914157032966614;0.21365702152252197;0.2217918485403061
0.775920569896698;0.5907348394393921;0.21363766491413116;0.22470131516456604
0.7777045369148254;0.589745044708252;0.21424415707588196;0.22607989609241486
0.7805551290512085;0.5910727381706238;0.21622247993946075;0.22603347897529602
0.778861939907074;0.5927906632423401;0.2168380320072174;0.223409965634346
0.7808670401573181;0.5948516726493835;0.21466708183288574;0.2213447093963623
0.781048595905304;0.5936114192008972;0.21297650039196014;0.22616611421108246
0.7802948355674744;0.593786358833313;0.21357445418834686;0.22665753960609436
0.7804770469665527;0.5914899706840515;0.21534514427185059;0.2292252629995346
0.7818174958229065;0.591635525226593;0.21562376618385315;0.23009680211544037
0.7822903990745544;0.5918687582015991;0.21628117561340332;0.22693701088428497
0.7801644206047058;0.5932480096817017;0.21821951866149902;0.2280406951904297
0.7802131175994873;0.5935915112495422;0.21946609020233154;0.22554413974285126
0.7827840447425842;0.5947449803352356;0.21858039498329163;0.22475281357765198
0.7831858992576599;0.5947160124778748;0.2166602611541748;0.2220606803894043
0.7828769683837891;0.5944393277168274;0.21611951291561127;0.2253432273864746
0.7846670746803284;0.5941540598869324;0.2136118859052658;0.22661469876766205
0.7843217253684998;0.5942525267601013;0.21667122840881348;0.22522516548633575
0.7855455875396729;0.5946553349494934;0.21318499743938446;0.2231626957654953
0.7847471237182617;0.5941364765167236;0.2117546796798706;0.22471864521503448
0.785887598991394;0.5940418243408203;0.21220195293426514;0.23118248581886292
0.7849763035774231;0.5939345359802246;0.21468058228492737;0.22997556626796722
0.7841235995292664;0.5950415730476379;0.21481776237487793;0.23183150589466095
0.7812771201133728;0.5961230397224426;0.21454119682312012;0.22360877692699432
0.7831102013587952;0.5969234108924866;0.2132505476474762;0.22261540591716766
0.7808899283409119;0.5968419909477234;0.21614770591259003;0.2222306728363037
0.7789801955223083;0.596486508846283;0.2140253633260727;0.22398987412452698
0.7774845957756042;0.5955673456192017;0.2139611691236496;0.22688892483711243
0.7766275405883789;0.5943439602851868;0.21389766037464142;0.22495560348033905
0.7750574350357056;0.5941392779350281;0.2118513435125351;0.2228008359670639
0.7758867144584656;0.594763457775116;0.20786380767822266;0.22226200997829437
0.7765634655952454;0.596625804901123;0.21071814000606537;0.2267310619354248
0.7752891778945923;0.5980783700942993;0.21204125881195068;0.22600474953651428
0.7754837274551392;0.5970615148544312;0.21082191169261932;0.22103920578956604
0.7758779525756836;0.5946529507637024;0.21356616914272308;0.21956263482570648
0.7742366194725037;0.5941182971000671;0.21128956973552704;0.22248630225658417
0.775239884853363;0.594103991985321;0.21229445934295654;0.2215733528137207
0.7733110189437866;0.5940108299255371;0.2119775265455246;0.22580157220363617
0.7769288420677185;0.5925698280334473;0.21147380769252777;0.22317324578762054
0.7754478454589844;0.5926477313041687;0.20834894478321075;0.22384050488471985
0.7761735320091248;0.5926782488822937;0.20799806714057922;0.22429203987121582
0.7741360664367676;0.5911866426467896;0.20683179795742035;0.2262333631515503
0.7752532362937927;0.5923289656639099;0.2062244415283203;0.22635236382484436
0.7722029089927673;0.5914551615715027;0.20981311798095703;0.22145919501781464
0.7723932862281799;0.5901973843574524;0.21380963921546936;0.22130171954631805
0.7709476351737976;0.5892217755317688;0.21546640992164612;0.22160105407238007
0.7694092988967896;0.5912639498710632;0.2163592129945755;0.22332210838794708
0.7722722887992859;0.592530369758606;0.21918363869190216;0.22595787048339844
0.7717408537864685;0.5939383506774902;0.2169247418642044;0.22927410900592804
0.7697402834892273;0.5935875773429871;0.21853406727313995;0.2296985238790512
0.7695850729942322;0.5934224128723145;0.2118023931980133;0.22831813991069794
0.7703186273574829;0.5931451916694641;0.21529164910316467;0.22625906765460968
0.7718912959098816;0.5919803977012634;0.2126116007566452;0.2225268930196762
0.7721290588378906;0.5924509763717651;0.21229782700538635;0.22978363931179047
0.7730391025543213;0.5941035747528076;0.2117445021867752;0.22676943242549896
0.7699906826019287;0.5922330021858215;0.20886361598968506;0.22641919553279877
0.7698337435722351;0.5931320190429688;0.21121846139431;0.22920890152454376
0.7696258425712585;0.5926026701927185;0.21005716919898987;0.23353953659534454
0.7702099680900574;0.5912384986877441;0.21344099938869476;0.22643037140369415
0.7706305384635925;0.5923572778701782;0.2098126858472824;0.22572670876979828
0.7705098986625671;0.5946831107139587;0.20797692239284515;0.22609952092170715
0.7716313004493713;0.5938203930854797;0.21261870861053467;0.22240690886974335
0.7729434370994568;0.5917987823486328;0.2129783183336258;0.22107310593128204
0.7724701166152954;0.5915830135345459;0.2139820158481598;0.225995734333992
0.7737852334976196;0.591249942779541;0.21531794965267181;0.22709862887859344
0.7765730023384094;0.592217206954956;0.21404893696308136;0.2278444766998291
0.7773452401161194;0.5918922424316406;0.21723508834838867;0.2261391133069992
0.775528609752655;0.5921671986579895;0.22019360959529877;0.22556129097938538
0.77496737241745;0.5933211445808411;0.21802747249603271;0.2283906489610672
0.7713829874992371;0.5929859280586243;0.2163502722978592;0.23128800094127655
0.7725269198417664;0.5924303531646729;0.21698568761348724;0.2282070368528366
0.7731080651283264;0.5932238698005676;0.21546807885169983;0.22961950302124023
0.7747383117675781;0.5935724377632141;0.21577750146389008;0.22730575501918793
0.7706794142723083;0.5930941700935364;0.21585579216480255;0.22928264737129211
0.7686602473258972;0.5929585695266724;0.2135448008775711;0.22815532982349396
0.7665813565254211;0.5916604399681091;0.2129436582326889;0.2275315821170807
0.768058180809021;0.5918583273887634;0.21322126686573029;0.22787144780158997
0.7678312659263611;0.5905757546424866;0.2142058163881302;0.22705058753490448
0.7682958841323853;0.5916391611099243;0.21549618244171143;0.22936268150806427
0.7688600420951843;0.5925991535186768;0.21860802173614502;0.23182106018066406
0.7666407823562622;0.5925208926200867;0.21797628700733185;0.23355546593666077
0.767207145690918;0.5929648280143738;0.21453432738780975;0.23214080929756165
0.7643352150917053;0.5927314162254333;0.21534259617328644;0.22963695228099823
0.7631478309631348;0.5952509045600891;0.21481621265411377;0.22873607277870178
0.7650883197784424;0.5942507982254028;0.21568171679973602;0.22882294654846191
0.7637931704521179;0.5947803854942322;0.21737146377563477;0.22946570813655853
0.7652698755264282;0.5924933552742004;0.21421323716640472;0.23015685379505157
0.7657248377799988;0.5944936871528625;0.21414124965667725;0.23702697455883026
0.7619701623916626;0.5929467082023621;0.21664071083068848;0.2346702665090561
0.7598244547843933;0.5921211242675781;0.21858854591846466;0.22750286757946014
0.7593727707862854;0.5954729318618774;0.21748629212379456;0.2253779023885727
0.7626306414604187;0.5949951410293579;0.21242456138134003;0.2261030673980713
0.7631635069847107;0.5967193841934204;0.21251212060451508;0.22614960372447968
0.7613010406494141;0.5970538258552551;0.21428723633289337;0.22789931297302246
0.7643619775772095;0.5973121523857117;0.2149083912372589;0.22886018455028534
0.7658635973930359;0.5972768664360046;0.2170839160680771;0.22725136578083038
0.7668219208717346;0.5971712470054626;0.2163788378238678;0.22994808852672577
0.7665533423423767;0.5966994166374207;0.2148733139038086;0.23075070977210999
0.7649487853050232;0.5964202880859375;0.21210792660713196;0.22584418952465057
0.7666038274765015;0.5971335768699646;0.21397660672664642;0.22575674951076508
0.7650184035301208;0.5978507399559021;0.21234746277332306;0.22860682010650635
0.7621880769729614;0.5963579416275024;0.211382195353508;0.2295011281967163
0.7644885182380676;0.597156822681427;0.21094553172588348;0.22634263336658478
0.7652079463005066;0.5968855023384094;0.2110801786184311;0.22457610070705414
0.7662704586982727;0.5969204902648926;0.21340475976467133;0.22173118591308594
0.7684729695320129;0.5972466468811035;0.21596816182136536;0.21934211254119873
0.7665813565254211;0.5954914689064026;0.21430431306362152;0.22197166085243225
0.7674224376678467;0.5945724844932556;0.21534453332424164;0.22802303731441498
0.7680468559265137;0.5934005379676819;0.2150915116071701;0.2281801551580429
0.7663806080818176;0.5942885279655457;0.21337321400642395;0.22772808372974396
0.7657219767570496;0.5953177809715271;0.20983920991420746;0.23275752365589142
0.7676262259483337;0.5955333709716797;0.21505527198314667;0.23299574851989746
0.767824113368988;0.5954683423042297;0.21555577218532562;0.23337200284004211
0.7687311768531799;0.595279335975647;0.21779146790504456;0.22954416275024414
0.7688142657279968;0.5956434607505798;0.2157466858625412;0.23174667358398438
0.7686846256256104;0.5961426496505737;0.2153283655643463;0.2273331880569458
0.7694376707077026;0.596379280090332;0.2144612818956375;0.2230544090270996
0.7664951682090759;0.5971367955207825;0.2117534875869751;0.22421029210090637
0.7660254836082458;0.5958764553070068;0.21362780034542084;0.22464826703071594
0.7657368183135986;0.597162663936615;0.214577779173851;0.22486086189746857
0.7658791542053223;0.5959820747375488;0.2118573635816574;0.22865822911262512
0.7678751349449158;0.5951603651046753;0.2124059647321701;0.22713704407215118
0.7678788304328918;0.5951352119445801;0.2124953269958496;0.22784069180488586
0.7677674293518066;0.595996081829071;0.21231234073638916;0.22565673291683197
0.7699671983718872;0.5976014137268066;0.21442364156246185;0.22378674149513245
0.7698039412498474;0.5974298119544983;0.21586814522743225;0.22741149365901947
0.7710755467414856;0.5963122248649597;0.211995467543602;0.23171591758728027
0.7732308506965637;0.5969368815422058;0.21335259079933167;0.22575080394744873
0.771584689617157;0.5975053310394287;0.21391569077968597;0.22775092720985413
0.774965763092041;0.5963401198387146;0.21658530831336975;0.22330693900585175
0.7746756672859192;0.5973379015922546;0.21747176349163055;0.22799062728881836
0.777052104473114;0.597169816493988;0.21734535694122314;0.22904916107654572
0.7768034338951111;0.5972959399223328;0.21657800674438477;0.22486303746700287
0.7765592336654663;0.5978538393974304;0.2187054604291916;0.22599230706691742
0.7798485159873962;0.5997211337089539;0.21545957028865814;0.23066411912441254
0.7806235551834106;0.5999795794487;0.21297815442085266;0.22571225464344025
0.7858319282531738;0.5998849868774414;0.21364612877368927;0.22109094262123108
0.7837528586387634;0.5992558598518372;0.21237006783485413;0.2231132835149765
0.781582772731781;0.5999645590782166;0.21575582027435303;0.22545741498470306
0.7831341028213501;0.6012424826622009;0.21659424901008606;0.2254205197095871
0.7835862636566162;0.5982570052146912;0.2188013792037964;0.2273191511631012
0.7855362296104431;0.5985264778137207;0.21385526657104492;0.2282705307006836
0.7868698239326477;0.598480761051178;0.21455009281635284;0.23036937415599823
0.7873523831367493;0.600378692150116;0.21265064179897308;0.23348663747310638
0.787357747554779;0.5993990898132324;0.21402311325073242;0.2306114286184311
0.7902857661247253;0.5977727770805359;0.21333220601081848;0.2312677949666977
0.7908893823623657;0.5987357497215271;0.2135029137134552;0.22723737359046936
0.7893914580345154;0.5993512868881226;0.21238279342651367;0.2265676110982895
0.7892231345176697;0.5987157821655273;0.21009960770606995;0.22763291001319885
0.7897035479545593;0.5980629920959473;0.21265816688537598;0.22522471845149994
0.790608823299408;0.5985958576202393;0.21001210808753967;0.22392626106739044
0.7903429865837097;0.5982341766357422;0.21304281055927277;0.22703047096729279
0.7906844019889832;0.5960619449615479;0.21407417953014374;0.22390644252300262
0.7899678945541382;0.5962987542152405;0.21300649642944336;0.22365672886371613
0.7887105941772461;0.5961903929710388;0.21455009281635284;0.22358527779579163
0.7898516654968262;0.5964176654815674;0.20978473126888275;0.22814984619617462
0.7869779467582703;0.5957301259040833;0.21027784049510956;0.22613468766212463
0.7884197235107422;0.5968274474143982;0.20926828682422638;0.22297874093055725
0.7872427105903625;0.5977258086204529;0.21380305290222168;0.22911548614501953
0.7858540415763855;0.5979928374290466;0.2163206785917282;0.22959446907043457
0.7853022217750549;0.597885251045227;0.21244540810585022;0.23036161065101624
0.7848827242851257;0.5981687903404236;0.21249714493751526;0.22578535974025726
0.7840806245803833;0.5984241366386414;0.21367917954921722;0.2243281453847885
0.7840275168418884;0.5966375470161438;0.21486206352710724;0.22864805161952972
0.7825955748558044;0.5951918959617615;0.21716757118701935;0.23342366516590118
0.7835183143615723;0.5961878299713135;0.21448767185211182;0.23000016808509827
0.7846429944038391;0.5949689745903015;0.21902596950531006;0.22498498857021332
0.7859808206558228;0.5954896211624146;0.21801257133483887;0.22107456624507904
0.7853103876113892;0.5942656397819519;0.2161850482225418;0.22479163110256195
0.7849187254905701;0.5943515300750732;0.21352119743824005;0.22566953301429749
0.7869834303855896;0.5933848023414612;0.21378672122955322;0.22522878646850586
0.787487268447876;0.5942903757095337;0.21139073371887207;0.22631345689296722
0.7867596745491028;0.5964797139167786;0.21289511024951935;0.22757458686828613
0.7862869501113892;0.593880832195282;0.21360281109809875;0.22814249992370605
0.7843778729438782;0.5952353477478027;0.21292172372341156;0.22706544399261475
0.7837251424789429;0.5950424075126648;0.21728837490081787;0.2286718338727951
0.7855302095413208;0.5935970544815063;0.2155514806509018;0.22711358964443207
0.7864984273910522;0.5926970839500427;0.21450911462306976;0.22699208557605743
