err_mean;err_cos1;err_cos2;err_cos3
0.9814150929450989;0.15843622386455536;0.5001866817474365;1.0311154127120972
0.3596857786178589;0.27412936091423035;0.20923657715320587;0.22681672871112823
0.35576221346855164;0.2911814749240875;0.2119382619857788;0.22906441986560822
0.355823278427124;0.307607501745224;0.21300506591796875;0.22661499679088593
0.35301852226257324;0.32272452116012573;0.21537601947784424;0.2236861288547516
0.3531779944896698;0.33775630593299866;0.21448536217212677;0.22950051724910736
0.3530855178833008;0.3506401479244232;0.21515797078609467;0.22983728349208832
0.35357776284217834;0.36356475949287415;0.2151806354522705;0.2280133068561554
0.3518308699131012;0.37712401151657104;0.21876029670238495;0.22744488716125488
0.35168957710266113;0.3907108008861542;0.214714914560318;0.22888946533203125
0.350791871547699;0.40380340814590454;0.2131037563085556;0.23054368793964386
0.3501971364021301;0.41523289680480957;0.21123920381069183;0.22781096398830414
0.3504495620727539;0.4266121983528137;0.20884089171886444;0.22943387925624847
0.34844446182250977;0.437073290348053;0.20789363980293274;0.22737212479114532
0.3484501540660858;0.44731688499450684;0.20932255685329437;0.2255827933549881
0.3484961688518524;0.45685917139053345;0.2119005173444748;0.22273433208465576
0.35025978088378906;0.4658966064453125;0.20964892208576202;0.22472409904003143
0.35073843598365784;0.4758446216583252;0.21159735321998596;0.22109512984752655
0.3505595922470093;0.4843791127204895;0.20809487998485565;0.2265925258398056
0.35353541374206543;0.49019837379455566;0.20839343965053558;0.23034106194972992
0.3514472246170044;0.49687081575393677;0.20983897149562836;0.22627615928649902
0.35037145018577576;0.5011945962905884;0.20917747914791107;0.23050284385681152
0.35270339250564575;0.5080339312553406;0.20853295922279358;0.23162971436977386
0.3532158434391022;0.5124192237854004;0.20660825073719025;0.23366379737854004
0.3523883819580078;0.5159191489219666;0.20705436170101166;0.23100093007087708
0.3517593443393707;0.5204784274101257;0.2077217847108841;0.22925762832164764
0.35177546739578247;0.5241245627403259;0.2120717316865921;0.23470473289489746
0.3534421920776367;0.5301247835159302;0.2154006063938141;0.2316972315311432
0.3508172333240509;0.5341678857803345;0.21394634246826172;0.22683219611644745
0.35262733697891235;0.5357428789138794;0.21296332776546478;0.2306065410375595
0.3530464172363281;0.5379679799079895;0.21091103553771973;0.22422592341899872
0.35422301292419434;0.5397465229034424;0.20824432373046875;0.2232968807220459
0.3517971932888031;0.5427613258361816;0.20902816951274872;0.224099263548851
0.3515877425670624;0.5462936758995056;0.2107688933610916;0.22446607053279877
0.3498540222644806;0.5494410991668701;0.21000023186206818;0.2171490639448166
0.3529779613018036;0.5533839464187622;0.21121792495250702;0.21969647705554962
0.349485844373703;0.5562430620193481;0.21234790980815887;0.2226174920797348
0.35181209444999695;0.5569843649864197;0.2135181427001953;0.2272769659757614
0.3516998291015625;0.558244526386261;0.21334286034107208;0.22654198110103607
0.35197433829307556;0.5596009492874146;0.21302083134651184;0.22680416703224182
0.35137301683425903;0.5628432035446167;0.21097473800182343;0.22539471089839935
0.35037872195243835;0.5630998611450195;0.21446576714515686;0.22209058701992035
0.35140344500541687;0.5641843676567078;0.21429963409900665;0.22317123413085938
0.3501299023628235;0.5667006373405457;0.2137177735567093;0.22122855484485626
0.3494344651699066;0.5684518814086914;0.21303175389766693;0.2236429750919342
0.3424202501773834;0.5702444314956665;0.21277010440826416;0.22603659331798553
0.34283769130706787;0.5707813501358032;0.21270544826984406;0.22657771408557892
0.3432838022708893;0.5716220736503601;0.21526303887367249;0.2245866060256958
0.34221741557121277;0.5724839568138123;0.21543864905834198;0.2253747433423996
0.34421563148498535;0.574135422706604;0.21279004216194153;0.22678618133068085
0.34532782435417175;0.5752711892127991;0.21319428086280823;0.22666878998279572
0.34383633732795715;0.5763489007949829;0.21268168091773987;0.22101245820522308
0.34356072545051575;0.5775961875915527;0.2087637186050415;0.2261166125535965
0.34609556198120117;0.5795783400535583;0.20729897916316986;0.22384686768054962
0.3462318181991577;0.5812014937400818;0.20534217357635498;0.22508148849010468
0.34683194756507874;0.5820884704589844;0.2097233086824417;0.22510340809822083
0.346145361661911;0.5826611518859863;0.2082279920578003;0.2276422083377838
0.3468438982963562;0.584010660648346;0.20969192683696747;0.2269740104675293
0.3459576964378357;0.5844023823738098;0.21072399616241455;0.22364144027233124
0.3449091613292694;0.5858344435691833;0.20851865410804749;0.2273191511631012
0.3434242904186249;0.5849139094352722;0.20721431076526642;0.22723524272441864
0.3454182744026184;0.5853946208953857;0.20941491425037384;0.22650311887264252
0.34516581892967224;0.5864206552505493;0.2121695727109909;0.224712535738945
0.3425476551055908;0.5865527987480164;0.21006055176258087;0.22454722225666046
0.34076744318008423;0.586251437664032;0.21055097877979279;0.22578997910022736
0.340247243642807;0.5844554305076599;0.2124096155166626;0.22630953788757324
0.3389706611633301;0.5834864974021912;0.2101391851902008;0.22246837615966797
0.34246930480003357;0.5838143229484558;0.21013210713863373;0.22273142635822296
0.3432191014289856;0.5841547250747681;0.2088814228773117;0.22873027622699738
0.34283462166786194;0.5836832523345947;0.2084435522556305;0.22552736103534698
0.3422311842441559;0.5839475393295288;0.20976851880550385;0.2301102727651596
0.3426133692264557;0.5843706130981445;0.20987670123577118;0.22861753404140472
0.3443708121776581;0.5851998329162598;0.20862793922424316;0.22689703106880188
0.34492456912994385;0.5848903656005859;0.21162307262420654;0.22805534303188324
0.34244340658187866;0.5862735509872437;0.2081775665283203;0.22992479801177979
0.34028318524360657;0.5869277715682983;0.20950059592723846;0.2250901311635971
0.3397049605846405;0.5873772501945496;0.207615926861763;0.2250358611345291
0.34053486585617065;0.58840411901474;0.2072312831878662;0.22543945908546448
0.33934006094932556;0.5893998742103577;0.20485003292560577;0.22323432564735413
0.3380098044872284;0.5882954597473145;0.20441992580890656;0.22308678925037384
0.3374888598918915;0.5874887108802795;0.20908360183238983;0.22293929755687714
0.33739086985588074;0.5865788459777832;0.21161718666553497;0.22354598343372345
0.3395625650882721;0.5856893062591553;0.2123079150915146;0.22466540336608887
0.34136366844177246;0.5838518142700195;0.20968477427959442;0.22098711133003235
0.3419628143310547;0.583001971244812;0.20963311195373535;0.22654619812965393
0.34133726358413696;0.5853608250617981;0.2107066661119461;0.22426572442054749
0.3410738408565521;0.5864467620849609;0.21071183681488037;0.22408924996852875
0.3440109193325043;0.5880693197250366;0.2105875462293625;0.22550706565380096
0.3447975218296051;0.5909583568572998;0.21264643967151642;0.2230820655822754
0.34649136662483215;0.591539204120636;0.2088252604007721;0.2243964672088623
0.3428924083709717;0.5911806225776672;0.20782308280467987;0.2274249643087387
0.3424362242221832;0.5904247164726257;0.20804689824581146;0.23074133694171906
0.3426969349384308;0.5897926688194275;0.20540860295295715;0.22876349091529846
0.34398746490478516;0.589836835861206;0.20528927445411682;0.22778187692165375
0.3407157361507416;0.5886884927749634;0.20451752841472626;0.22700093686580658
0.34047120809555054;0.5887594223022461;0.20316338539123535;0.23063652217388153
0.3414091169834137;0.5883045196533203;0.20259475708007812;0.2308441698551178
0.3415151536464691;0.5874396562576294;0.20446805655956268;0.22729186713695526
0.3416951596736908;0.5872652530670166;0.20526154339313507;0.22913992404937744
0.3416694104671478;0.5873494148254395;0.20734910666942596;0.2230396717786789
0.3401712477207184;0.5873498320579529;0.21180681884288788;0.22366967797279358
0.34045812487602234;0.5887729525566101;0.21152055263519287;0.22441251575946808
0.34082135558128357;0.5864384174346924;0.210648775100708;0.22821450233459473
0.3388485312461853;0.5869168639183044;0.21000635623931885;0.22778888046741486
0.3389882743358612;0.5859519839286804;0.2100185602903366;0.22751489281654358
0.34139347076416016;0.5851422548294067;0.2116270512342453;0.22781090438365936
0.34191036224365234;0.5842382907867432;0.21232973039150238;0.22668297588825226
0.33980536460876465;0.5825957655906677;0.211553692817688;0.22481921315193176
0.339290589094162;0.5816984176635742;0.2107788622379303;0.22202973067760468
0.34114986658096313;0.5827499628067017;0.212276890873909;0.22272467613220215
0.33921000361442566;0.5823699831962585;0.21187224984169006;0.21671538054943085
0.34108325839042664;0.582775354385376;0.20997123420238495;0.2206926792860031
0.3412552773952484;0.5837422609329224;0.21131157875061035;0.2250385731458664
0.3401780128479004;0.5834774374961853;0.21261440217494965;0.22399258613586426
0.3394547402858734;0.5842531323432922;0.21604441106319427;0.2252362221479416
0.3385621905326843;0.5850639939308167;0.2163703292608261;0.22546377778053284
0.33486443758010864;0.5848545432090759;0.215663343667984;0.2270060032606125
0.33739855885505676;0.5848106741905212;0.21447224915027618;0.2280890941619873
0.3336585462093353;0.5847339630126953;0.21500642597675323;0.22702911496162415
0.3349933624267578;0.5850702524185181;0.21330046653747559;0.22763963043689728
0.336168110370636;0.5849512815475464;0.21139299869537354;0.22937297821044922
0.33681365847587585;0.5845029950141907;0.21111707389354706;0.22657410800457
0.33291301131248474;0.5840693712234497;0.2096986323595047;0.23039376735687256
0.3321634829044342;0.5841566324234009;0.21133127808570862;0.22842060029506683
0.3313998878002167;0.5849847197532654;0.20699672400951385;0.22522249817848206
0.33201634883880615;0.5842160582542419;0.21205902099609375;0.22714801132678986
0.3292182981967926;0.584587037563324;0.21151895821094513;0.22862735390663147
0.32823047041893005;0.5850569009780884;0.20686928927898407;0.2241147756576538
0.32817283272743225;0.5847306251525879;0.2071683704853058;0.22530685365200043
0.32789990305900574;0.5852841734886169;0.20590932667255402;0.22381630539894104
0.3291705548763275;0.5850189328193665;0.2118462175130844;0.22585086524486542
0.3309533894062042;0.5824481248855591;0.20986652374267578;0.22384457290172577
0.3308069109916687;0.5818584561347961;0.2106754332780838;0.22212205827236176
0.3309852182865143;0.5825971364974976;0.2138839215040207;0.22062817215919495
0.3280107080936432;0.5850575566291809;0.2125164121389389;0.2222496122121811
0.3257632851600647;0.5862343311309814;0.21222300827503204;0.21973662078380585
0.32511743903160095;0.5885590314865112;0.2131025791168213;0.22156520187854767
0.32653385400772095;0.5895270705223083;0.2095518559217453;0.22074823081493378
0.32875537872314453;0.590242326259613;0.20933106541633606;0.22589300572872162
0.33142873644828796;0.5901637077331543;0.2117398977279663;0.22652049362659454
0.3326587975025177;0.5903693437576294;0.2124146968126297;0.22485463321208954
0.3349165618419647;0.5913213491439819;0.21048788726329803;0.22825203835964203
0.3345600664615631;0.5941130518913269;0.21352873742580414;0.22917883098125458
0.3317820727825165;0.5935733318328857;0.21484021842479706;0.22725534439086914
0.3347656726837158;0.5928811430931091;0.2126462459564209;0.22540107369422913
0.33354732394218445;0.5929866433143616;0.21088539063930511;0.226836159825325
0.33216625452041626;0.5926597714424133;0.20846512913703918;0.22899408638477325
0.3324083983898163;0.5923966765403748;0.20686769485473633;0.22779349982738495
0.33339983224868774;0.5908447504043579;0.21036604046821594;0.22910462319850922
0.33454009890556335;0.5919929146766663;0.21291427314281464;0.22623634338378906
0.33100399374961853;0.5913811922073364;0.21022124588489532;0.22693434357643127
0.3348526954650879;0.5920338034629822;0.20864859223365784;0.2277219593524933
0.33514919877052307;0.5923538208007812;0.20728473365306854;0.21980857849121094
0.33444270491600037;0.5917214751243591;0.21148252487182617;0.21973121166229248
0.33566761016845703;0.5912570357322693;0.21454744040966034;0.2223329395055771
0.33389121294021606;0.5894705057144165;0.21564297378063202;0.22469346225261688
0.33307909965515137;0.5901107788085938;0.21716876327991486;0.22628846764564514
0.333301305770874;0.5886465311050415;0.21236741542816162;0.2245631217956543
0.33340927958488464;0.5892512798309326;0.2153390645980835;0.22688832879066467
0.33244702219963074;0.589523434638977;0.21304574608802795;0.2262919694185257
0.3344128131866455;0.5891678929328918;0.2139131873846054;0.22658057510852814
0.3333052098751068;0.5888976454734802;0.21854054927825928;0.2243398278951645
0.3297843635082245;0.587303876876831;0.21680743992328644;0.22893615067005157
0.33211880922317505;0.5882217288017273;0.22119581699371338;0.23044705390930176
0.33348536491394043;0.5864153504371643;0.22029243409633636;0.22720161080360413
0.33517763018608093;0.5849947333335876;0.216435506939888;0.2231660932302475
0.33510729670524597;0.5840389728546143;0.21530194580554962;0.22446174919605255
0.33466610312461853;0.5838753581047058;0.21229992806911469;0.22840678691864014
0.3351207673549652;0.5848316550254822;0.20687063038349152;0.2290245145559311
0.3370984196662903;0.5851616263389587;0.2066558599472046;0.2250073403120041
0.3359919488430023;0.5842050909996033;0.2053661346435547;0.22536830604076385
0.3378903269767761;0.5842131972312927;0.20633259415626526;0.22713947296142578
0.33907565474510193;0.5841581225395203;0.2051129788160324;0.22693172097206116
0.3390025794506073;0.5854178667068481;0.20630276203155518;0.2255135327577591
0.33796098828315735;0.5869123339653015;0.2084541767835617;0.2242586612701416
0.33674517273902893;0.5872869491577148;0.208120658993721;0.22223520278930664
0.3362989127635956;0.58683842420578;0.20853693783283234;0.22170805931091309
0.33722588419914246;0.5904596447944641;0.21128983795642853;0.22752146422863007
0.33603712916374207;0.5921149253845215;0.2084527313709259;0.22766290605068207
0.33251485228538513;0.5927830338478088;0.20952187478542328;0.22989940643310547
0.3347195088863373;0.591103196144104;0.20807603001594543;0.22847822308540344
0.33583030104637146;0.5927605628967285;0.20745514333248138;0.22762835025787354
0.3340182304382324;0.5927330255508423;0.20791085064411163;0.22395412623882294
0.33492547273635864;0.5929489135742188;0.2091464251279831;0.2244246006011963
0.33599957823753357;0.5921961665153503;0.21077601611614227;0.2269115298986435
0.33542248606681824;0.5915845036506653;0.20987367630004883;0.22358016669750214
0.33358511328697205;0.5927050113677979;0.21166689693927765;0.22242803871631622
0.33484646677970886;0.5917259454727173;0.21184468269348145;0.22935831546783447
0.33350425958633423;0.5918163061141968;0.2116381675004959;0.22869424521923065
0.32999369502067566;0.5905988812446594;0.20978136360645294;0.223521426320076
0.329915851354599;0.5905971527099609;0.2093987911939621;0.21862845122814178
0.330623060464859;0.5906055569648743;0.2130262851715088;0.22034697234630585
0.3318283259868622;0.591401994228363;0.20944634079933167;0.22240403294563293
0.33121442794799805;0.5919029712677002;0.21021226048469543;0.22293810546398163
0.3286917209625244;0.5900980234146118;0.20787587761878967;0.22318311035633087
0.32755258679389954;0.58913654088974;0.21019914746284485;0.22607269883155823
0.32628074288368225;0.5878865122795105;0.2100420743227005;0.2239348441362381
0.32778796553611755;0.588019073009491;0.21157288551330566;0.22289609909057617
0.32547813653945923;0.5875908136367798;0.20816217362880707;0.2241617739200592
0.327908992767334;0.5869671702384949;0.2098713368177414;0.2228224277496338
0.3263847827911377;0.5863534808158875;0.21022556722164154;0.2272477149963379
0.3288348317146301;0.5872262120246887;0.21020665764808655;0.22154060006141663
0.3276546001434326;0.5885672569274902;0.21333621442317963;0.22365358471870422
0.3256456255912781;0.5878246426582336;0.2112894505262375;0.22593556344509125
0.32446977496147156;0.588775098323822;0.21284399926662445;0.2269691526889801
0.32463183999061584;0.5897752046585083;0.21062718331813812;0.22619353234767914
0.3237029016017914;0.589160680770874;0.20731806755065918;0.2275971621274948
0.3254368305206299;0.5884405970573425;0.20905493199825287;0.22630992531776428
0.32451996207237244;0.5883925557136536;0.2126627266407013;0.22260431945323944
0.3206422030925751;0.5890271067619324;0.2139430046081543;0.22178450226783752
0.32409048080444336;0.5885745882987976;0.2170255035161972;0.2236533910036087
0.32356223464012146;0.5875079035758972;0.2132280319929123;0.22407928109169006
0.3222891390323639;0.584876537322998;0.2092500776052475;0.22262802720069885
0.32203102111816406;0.586431622505188;0.21006202697753906;0.22388111054897308
0.32448610663414;0.586217999458313;0.2085273265838623;0.22378425300121307
0.32468172907829285;0.5870875716209412;0.2079603523015976;0.22252772748470306
0.3211437165737152;0.5887081623077393;0.2092868834733963;0.22603698074817657
0.3162502348423004;0.5888762474060059;0.20936405658721924;0.2257649451494217
0.31710147857666016;0.5904129147529602;0.21090136468410492;0.22932200133800507
0.3181844651699066;0.5900464057922363;0.20987097918987274;0.22991685569286346
0.31881871819496155;0.5907236933708191;0.2133956402540207;0.22838953137397766
0.31975057721138;0.5891367197036743;0.21097739040851593;0.22863034904003143
0.3197392523288727;0.5909535884857178;0.21191726624965668;0.22594566643238068
0.3199707567691803;0.5917450189590454;0.21046319603919983;0.22138777375221252
0.32230740785598755;0.5911393165588379;0.21096007525920868;0.22501793503761292
0.32335954904556274;0.5897689461708069;0.21021084487438202;0.2239723652601242
0.32408079504966736;0.5890520811080933;0.21025900542736053;0.22663357853889465
0.32231828570365906;0.588819146156311;0.21050257980823517;0.22674040496349335
0.32377541065216064;0.5903471112251282;0.21360798180103302;0.2248101681470871
0.3225652277469635;0.5898650288581848;0.2111610472202301;0.2299177199602127
0.3194828927516937;0.5894490480422974;0.21213722229003906;0.22093522548675537
0.3190491795539856;0.5860490202903748;0.21106700599193573;0.22496919333934784
0.3182563781738281;0.5860291719436646;0.21338339149951935;0.2261631339788437
0.3178562521934509;0.5868422389030457;0.2140207141637802;0.22858667373657227
0.31900906562805176;0.5868753790855408;0.2154938280582428;0.22926270961761475
0.31907281279563904;0.5886530876159668;0.2140578031539917;0.2251770794391632
0.31845319271087646;0.588191032409668;0.21318630874156952;0.22865401208400726
0.3210209310054779;0.5879115462303162;0.21304355561733246;0.22523346543312073
0.3198661506175995;0.5879989266395569;0.21332959830760956;0.2274400293827057
0.32375675439834595;0.5895596742630005;0.21163229644298553;0.223348006606102
0.3255786597728729;0.5870976448059082;0.21320536732673645;0.22365036606788635
0.3234003782272339;0.5872602462768555;0.21317625045776367;0.22472207248210907
0.3226216733455658;0.5870609283447266;0.21173587441444397;0.2289859801530838
0.32271382212638855;0.5866672396659851;0.21403153240680695;0.22540871798992157
0.32433605194091797;0.5872600674629211;0.21219496428966522;0.2284848988056183
0.32226648926734924;0.5881617665290833;0.2140921652317047;0.2254408448934555
0.3210255205631256;0.5879937410354614;0.21413736045360565;0.22408537566661835
0.3224371373653412;0.5875572562217712;0.214746356010437;0.22233448922634125
0.3229391276836395;0.5883558392524719;0.21495957672595978;0.22164833545684814
0.322996586561203;0.5893377661705017;0.21736474335193634;0.22435303032398224
0.32255128026008606;0.5891932845115662;0.21607613563537598;0.224307581782341
0.32423025369644165;0.5871047377586365;0.21378551423549652;0.2226947546005249
0.3237341642379761;0.5861515402793884;0.2140502780675888;0.22318017482757568
0.32061177492141724;0.5866461992263794;0.21865718066692352;0.22420108318328857
0.3195577561855316;0.5866981744766235;0.21636824309825897;0.2234133780002594
0.32151511311531067;0.5861377120018005;0.2160821408033371;0.22345204651355743
0.3228020668029785;0.5866428017616272;0.2148849219083786;0.22344814240932465
0.3230598270893097;0.5879108309745789;0.2142680138349533;0.22092993557453156
0.3236071765422821;0.5889811515808105;0.21606174111366272;0.22151096165180206
0.3259134292602539;0.5914600491523743;0.21427755057811737;0.22477558255195618
0.32510682940483093;0.5906598567962646;0.21060650050640106;0.2191304713487625
0.3231702446937561;0.5906199216842651;0.21140733361244202;0.22244997322559357
0.3215058743953705;0.5924903154373169;0.21424806118011475;0.2235466092824936
0.32258543372154236;0.5910319685935974;0.21437029540538788;0.22247782349586487
0.3231866657733917;0.5908427238464355;0.21119080483913422;0.21787281334400177
0.3222845196723938;0.5928391814231873;0.207509383559227;0.2253398448228836
0.32237106561660767;0.591805636882782;0.20714449882507324;0.2238146811723709
0.3246031701564789;0.5916473269462585;0.20801308751106262;0.2224571704864502
0.32576701045036316;0.5923064351081848;0.206691175699234;0.22363677620887756
0.32590147852897644;0.5906959772109985;0.20961785316467285;0.22869379818439484
0.3268357217311859;0.5880270004272461;0.20813694596290588;0.23130451142787933
0.32686281204223633;0.5880213975906372;0.20840869843959808;0.22873258590698242
0.3260093033313751;0.5895854830741882;0.2069227248430252;0.22829608619213104
0.3270759582519531;0.588737428188324;0.2065414935350418;0.22705931961536407
0.32579025626182556;0.5903922915458679;0.20911674201488495;0.22511787712574005
0.3271517753601074;0.5906221270561218;0.20949511229991913;0.22114193439483643
0.32704973220825195;0.5901476740837097;0.21125543117523193;0.22588220238685608
0.3258683383464813;0.5889818668365479;0.21243207156658173;0.2253676950931549
0.3257843554019928;0.5906764268875122;0.21384496986865997;0.22581271827220917
0.32765406370162964;0.5894426107406616;0.21155576407909393;0.223358616232872
0.3266676962375641;0.5874051451683044;0.21202443540096283;0.2233324497938156
0.32550135254859924;0.5897252559661865;0.20940327644348145;0.22720371186733246
0.32323384284973145;0.5904967188835144;0.21381346881389618;0.23062856495380402
0.3216888904571533;0.5888813734054565;0.21426422894001007;0.22615878283977509
0.3204621970653534;0.588575005531311;0.21503649652004242;0.22863660752773285
0.31833648681640625;0.589468240737915;0.21098671853542328;0.2256263941526413
0.31871694326400757;0.5885774493217468;0.21022358536720276;0.224105104804039
0.3196733891963959;0.5891758799552917;0.21214674413204193;0.21764349937438965
0.3231498897075653;0.5900154709815979;0.2100295126438141;0.2207278311252594
0.32488739490509033;0.5895562171936035;0.20787015557289124;0.22382350265979767
0.3250289857387543;0.5877645015716553;0.20812927186489105;0.22224760055541992
0.32529217004776;0.5885441899299622;0.20861735939979553;0.22398363053798676
0.32564523816108704;0.5909960269927979;0.20821361243724823;0.22330299019813538
0.32368820905685425;0.5912039875984192;0.21237145364284515;0.223277285695076
0.32270950078964233;0.5934575200080872;0.20980513095855713;0.22652454674243927
0.3228233754634857;0.5941754579544067;0.21041929721832275;0.22918005287647247
0.32226359844207764;0.5925952792167664;0.21109771728515625;0.22930240631103516
0.32335686683654785;0.5930231213569641;0.20959658920764923;0.2321282923221588
0.3222326338291168;0.5917560458183289;0.20831871032714844;0.2320880889892578
0.3202992379665375;0.593868613243103;0.2077385038137436;0.2317616045475006
0.3187474310398102;0.594338059425354;0.20279669761657715;0.22792606055736542
0.31873461604118347;0.5942818522453308;0.20545946061611176;0.22606144845485687
0.3172844350337982;0.5928658843040466;0.20791731774806976;0.22070255875587463
0.32003799080848694;0.5920247435569763;0.20871250331401825;0.2195337861776352
0.3175097107887268;0.592795193195343;0.20797018706798553;0.22193454205989838
0.3195515275001526;0.5930913090705872;0.21160423755645752;0.22232165932655334
0.31947168707847595;0.5927441716194153;0.21538808941841125;0.2265709489583969
0.3253806531429291;0.5931907892227173;0.21006929874420166;0.22770912945270538
0.32340583205223083;0.5947346687316895;0.20975418388843536;0.22217491269111633
0.32536670565605164;0.5931156873703003;0.2119407206773758;0.22381868958473206
0.32488343119621277;0.5936662554740906;0.21235667169094086;0.2280559539794922
0.3240499198436737;0.5929688215255737;0.21098361909389496;0.22864846885204315
0.32383784651756287;0.5926994681358337;0.21558772027492523;0.22507944703102112
0.3253113925457001;0.5932044982910156;0.2158801108598709;0.22441892325878143
0.3243292570114136;0.5930414199829102;0.2131378948688507;0.2263421267271042
0.3239358961582184;0.5920963287353516;0.21086107194423676;0.22314070165157318
0.3228043019771576;0.5926045775413513;0.2108098715543747;0.22238805890083313
0.3220653235912323;0.593015193939209;0.21166400611400604;0.22219884395599365
0.3251023292541504;0.5937545895576477;0.21245579421520233;0.223763570189476
0.32521018385887146;0.5924725532531738;0.21202920377254486;0.2208929806947708
0.32302531599998474;0.5912877321243286;0.2127944976091385;0.22429704666137695
0.3222428858280182;0.5924461483955383;0.21459677815437317;0.22423799335956573
0.3222765028476715;0.5925208330154419;0.21567964553833008;0.21841321885585785
0.324003666639328;0.593317449092865;0.2126338928937912;0.22174231708049774
0.32374387979507446;0.5937566161155701;0.21000412106513977;0.2236219197511673
0.32323741912841797;0.5918605327606201;0.21277356147766113;0.22403793036937714
0.3219650089740753;0.5912415385246277;0.21396367251873016;0.22111158072948456
0.3214031755924225;0.5942946672439575;0.21344414353370667;0.2216619998216629
0.32237130403518677;0.5933074951171875;0.21341244876384735;0.223439559340477
0.3218737542629242;0.5937901735305786;0.21192780137062073;0.22367362678050995
0.32117554545402527;0.5938931107521057;0.2131401151418686;0.22451567649841309
0.3191733956336975;0.5918912291526794;0.21419338881969452;0.22375638782978058
0.31805992126464844;0.5914613604545593;0.21521063148975372;0.22055689990520477
0.31878599524497986;0.5926110148429871;0.2177654355764389;0.2168399840593338
0.3195335865020752;0.5904893279075623;0.21641623973846436;0.22229377925395966
0.31931331753730774;0.5915518403053284;0.21378636360168457;0.2242383509874344
0.31896352767944336;0.5922638773918152;0.21367771923542023;0.22649502754211426
0.3186909556388855;0.5911048054695129;0.21120071411132812;0.22512875497341156
0.317890465259552;0.5893908143043518;0.21153901517391205;0.22784996032714844
0.3190518915653229;0.5917895436286926;0.21534095704555511;0.22768454253673553
0.321088045835495;0.5922090411186218;0.21327908337116241;0.2313953936100006
0.3203231394290924;0.5908805727958679;0.21321110427379608;0.2305845320224762
0.321077436208725;0.5917256474494934;0.21209636330604553;0.22677850723266602
0.32056379318237305;0.5892134308815002;0.2108449935913086;0.22730091214179993
0.32302096486091614;0.5886465311050415;0.2069741040468216;0.22841258347034454
0.32137060165405273;0.586902916431427;0.2090693712234497;0.22615285217761993
0.3233972489833832;0.5870575904846191;0.206776961684227;0.23082780838012695
0.3228886127471924;0.5867006778717041;0.20980432629585266;0.22714924812316895
0.32213136553764343;0.5866474509239197;0.21293644607067108;0.2244667261838913
0.3229919373989105;0.5869437456130981;0.21097910404205322;0.22347083687782288
0.32630735635757446;0.5868145227432251;0.20927546918392181;0.2258255034685135
0.3289656341075897;0.587303638458252;0.20853543281555176;0.2249433994293213
0.32900378108024597;0.5887197852134705;0.21255722641944885;0.22365699708461761
0.3302866518497467;0.589148759841919;0.21324439346790314;0.22307813167572021
0.33145567774772644;0.589555561542511;0.2145465612411499;0.22568891942501068
0.335268497467041;0.5899755358695984;0.21344247460365295;0.2270319014787674
0.3350336253643036;0.5911332964897156;0.213260218501091;0.2296292781829834
0.33423683047294617;0.591619610786438;0.2094862312078476;0.22747664153575897
0.33548909425735474;0.5895364880561829;0.21079818904399872;0.22908543050289154
0.3369017541408539;0.5896872878074646;0.21268415451049805;0.22891560196876526
0.3375891149044037;0.5896461606025696;0.21067285537719727;0.22747759521007538
0.3385283052921295;0.590144157409668;0.2088775485754013;0.22699208557605743
0.3388526141643524;0.587885856628418;0.20536933839321136;0.22511611878871918
0.3374226689338684;0.5865287780761719;0.20973579585552216;0.22739827632904053
0.3386567234992981;0.5868806838989258;0.21160760521888733;0.22933712601661682
0.34115904569625854;0.5869508981704712;0.21340279281139374;0.23042550683021545
0.34164977073669434;0.5875830054283142;0.2102821320295334;0.22694750130176544
0.3419620990753174;0.586154580116272;0.21250522136688232;0.22422003746032715
0.3410664498806;0.5869174599647522;0.2131604254245758;0.22609737515449524
0.34058383107185364;0.5882349014282227;0.2105759233236313;0.22041654586791992
0.34479913115501404;0.5893002152442932;0.21328310668468475;0.22634637355804443
0.3465116322040558;0.5899124145507812;0.21498118340969086;0.22505517303943634
0.3432067930698395;0.5908624529838562;0.21385374665260315;0.22358131408691406
0.3451698124408722;0.5929120182991028;0.21409976482391357;0.22488661110401154
0.3461272418498993;0.5883666276931763;0.21062198281288147;0.22216467559337616
0.34638169407844543;0.5888845324516296;0.20712211728096008;0.22388973832130432
0.34413793683052063;0.589745283126831;0.20813219249248505;0.2267417013645172
0.3462490737438202;0.5899340510368347;0.2049974650144577;0.22443735599517822
0.34490498900413513;0.5902450680732727;0.20509572327136993;0.23003244400024414
0.3451474606990814;0.5914162993431091;0.20640349388122559;0.22889509797096252
0.3440400958061218;0.5933411717414856;0.2089659720659256;0.2242412120103836
0.34432074427604675;0.5937408804893494;0.21185770630836487;0.2303839921951294
0.34245261549949646;0.5927743315696716;0.20981310307979584;0.23070697486400604
0.3430848717689514;0.5938544869422913;0.20927150547504425;0.2276667207479477
0.34445083141326904;0.5948843955993652;0.20990966260433197;0.22705475986003876
0.3457220196723938;0.5949906706809998;0.21114687621593475;0.23009303212165833
0.34442663192749023;0.5943727493286133;0.2116338461637497;0.2299042046070099
0.3456386625766754;0.5928937792778015;0.21048946678638458;0.22479787468910217
0.3445788025856018;0.5915877819061279;0.21151211857795715;0.226202130317688
0.3449006676673889;0.5916107296943665;0.21406304836273193;0.22983098030090332
0.34606096148490906;0.5920302867889404;0.21332037448883057;0.22855126857757568
0.3453288972377777;0.5923418402671814;0.21046534180641174;0.22450295090675354
0.34665775299072266;0.5940521955490112;0.20847836136817932;0.2249925583600998
0.34820422530174255;0.5921212434768677;0.21172840893268585;0.22316555678844452
0.3503133952617645;0.5931804776191711;0.21319420635700226;0.22725002467632294
0.3475562036037445;0.5926335453987122;0.21229107677936554;0.22337985038757324
0.3486965298652649;0.591883659362793;0.2112920731306076;0.22514967620372772
0.34806665778160095;0.5915689468383789;0.2128446102142334;0.22339443862438202
0.3518787920475006;0.5914919972419739;0.2081129550933838;0.2249578982591629
0.35592198371887207;0.5913165211677551;0.20736610889434814;0.22726333141326904
0.35331159830093384;0.591067373752594;0.2090998739004135;0.227656751871109
0.3563351333141327;0.5916265249252319;0.21036826074123383;0.22523117065429688
0.3575315475463867;0.5903353095054626;0.21146145462989807;0.22273850440979004
0.3577454090118408;0.5914506316184998;0.20772068202495575;0.22252023220062256
0.35482364892959595;0.5896154642105103;0.20942337810993195;0.22357411682605743
0.35641223192214966;0.5891641974449158;0.20997896790504456;0.22213736176490784
0.3555978238582611;0.5907863974571228;0.20543436706066132;0.22110605239868164
0.35366782546043396;0.5928316712379456;0.20898742973804474;0.2232058048248291
0.35634753108024597;0.5930859446525574;0.20726028084754944;0.2269144058227539
0.35689738392829895;0.5937590599060059;0.2086852639913559;0.2224322408437729
0.35673585534095764;0.5914639830589294;0.20795391499996185;0.22456400096416473
0.35468482971191406;0.5912500619888306;0.20910167694091797;0.22614899277687073
0.35364291071891785;0.5907008051872253;0.2052471935749054;0.22608743607997894
0.35243794322013855;0.5910472273826599;0.2079710215330124;0.22869491577148438
0.3524194657802582;0.5900553464889526;0.2055874913930893;0.22941111028194427
0.3532138764858246;0.5897905826568604;0.20364533364772797;0.2341633290052414
0.3557884693145752;0.5890274047851562;0.2059289664030075;0.23021136224269867
0.357186883687973;0.5893415808677673;0.2057424634695053;0.2260064333677292
0.35884180665016174;0.5895403027534485;0.20653605461120605;0.22401466965675354
0.3601367175579071;0.5889781713485718;0.20708869397640228;0.22535324096679688
0.36042270064353943;0.5901821851730347;0.20650418102741241;0.22482232749462128
0.36118778586387634;0.5880235433578491;0.20873931050300598;0.22980132699012756
0.3643461763858795;0.5889290571212769;0.20991931855678558;0.22924809157848358
0.364658385515213;0.5920923352241516;0.20997226238250732;0.23019035160541534
0.3639101982116699;0.5926586985588074;0.21141032874584198;0.22464290261268616
0.36528584361076355;0.5913796424865723;0.2102496474981308;0.22539129853248596
0.3637987971305847;0.5904423594474792;0.20764665305614471;0.2235093116760254
0.3623393177986145;0.5893710255622864;0.20760729908943176;0.23008184134960175
0.36300620436668396;0.5893813967704773;0.20562827587127686;0.23132209479808807
0.3631581962108612;0.5897818803787231;0.21002154052257538;0.23273144662380219
0.36216211318969727;0.5875650644302368;0.21319495141506195;0.2297757863998413
0.3618218004703522;0.5888671875;0.2108672708272934;0.22974805533885956
0.36309123039245605;0.5878409743309021;0.21131311357021332;0.22881928086280823
0.36223164200782776;0.5869337320327759;0.20924845337867737;0.22447405755519867
0.359542578458786;0.5881434679031372;0.21385565400123596;0.22850923240184784
0.3591199815273285;0.5873924493789673;0.21419458091259003;0.22381682693958282
0.35848650336265564;0.5894104838371277;0.21603821218013763;0.22756104171276093
0.35939040780067444;0.5899081230163574;0.21286682784557343;0.22712130844593048
0.36041828989982605;0.5900418162345886;0.2132468968629837;0.22361592948436737
0.3610696792602539;0.5883527994155884;0.2132577747106552;0.2239087074995041
0.360383540391922;0.5875253677368164;0.21076743304729462;0.2244795560836792
0.3600156903266907;0.5880328416824341;0.21325121819972992;0.2322264015674591
0.35913601517677307;0.5877457857131958;0.21153047680854797;0.22728843986988068
0.35732313990592957;0.5859575271606445;0.2107335329055786;0.229482963681221
0.3592289686203003;0.5869574546813965;0.2116623967885971;0.22721914947032928
0.35966014862060547;0.5872456431388855;0.21041062474250793;0.22104881703853607
0.3577894866466522;0.5863104462623596;0.21132969856262207;0.22318723797798157
0.35680559277534485;0.5891224145889282;0.21138274669647217;0.2240709364414215
0.35587605834007263;0.5895006060600281;0.2103743553161621;0.22619996964931488
0.3545668125152588;0.5890777707099915;0.21047520637512207;0.22628526389598846
0.3548935353755951;0.5893720984458923;0.21083617210388184;0.227406844496727
0.35566410422325134;0.590161144733429;0.21170122921466827;0.22856593132019043
0.35587701201438904;0.5906624794006348;0.211017444729805;0.22351685166358948
0.35755857825279236;0.5909830927848816;0.212250754237175;0.22187435626983643
0.3608732223510742;0.5917273759841919;0.21321921050548553;0.22336773574352264
0.3620414733886719;0.5926448702812195;0.20655158162117004;0.22334066033363342
0.3631821274757385;0.5932468771934509;0.20821838080883026;0.22378216683864594
0.3624095916748047;0.5919685959815979;0.20685158669948578;0.2225111573934555
0.36308667063713074;0.593973696231842;0.20772705972194672;0.22833888232707977
0.3639397621154785;0.5930306315422058;0.20944873988628387;0.22993388772010803
0.36373940110206604;0.5942978262901306;0.20881977677345276;0.2283385545015335
0.3637738823890686;0.5929493308067322;0.209121972322464;0.2224140465259552
0.36385422945022583;0.5916814208030701;0.21042867004871368;0.2231409102678299
0.36568236351013184;0.5914437174797058;0.2127581387758255;0.22806000709533691
0.36626455187797546;0.5926748514175415;0.21354363858699799;0.22077897191047668
0.36705535650253296;0.5921547412872314;0.21375274658203125;0.22150862216949463
0.3679525554180145;0.591402530670166;0.21489587426185608;0.22456860542297363
0.3677656352519989;0.5925074815750122;0.21222448348999023;0.22568142414093018
0.366214781999588;0.5910179018974304;0.21337683498859406;0.22478273510932922
0.3665371537208557;0.5896291136741638;0.2156386375427246;0.2227991670370102
0.36747607588768005;0.5902107357978821;0.21400132775306702;0.21985164284706116
0.36545562744140625;0.5893844962120056;0.21737216413021088;0.22554555535316467
0.36469367146492004;0.588848888874054;0.21894703805446625;0.22602573037147522
0.36691731214523315;0.5872986912727356;0.21548543870449066;0.22384722530841827
0.36666470766067505;0.587281346321106;0.21565580368041992;0.2195911407470703
0.364845335483551;0.5864541530609131;0.21249544620513916;0.2202315777540207
0.36566999554634094;0.5861312747001648;0.21443037688732147;0.22020407021045685
0.365856409072876;0.586810290813446;0.2116578370332718;0.22254648804664612
0.3646015524864197;0.5871598124504089;0.21331989765167236;0.22658036649227142
0.3613664209842682;0.5858484506607056;0.21121156215667725;0.2318737953901291
0.36137568950653076;0.5870611071586609;0.21223942935466766;0.23024265468120575
0.3627394735813141;0.5887659788131714;0.2114790678024292;0.228219136595726
0.3612369894981384;0.5893463492393494;0.2140970677137375;0.22583971917629242
0.3635543882846832;0.5895870327949524;0.21687881648540497;0.22772370278835297
0.36478662490844727;0.5914704203605652;0.21745364367961884;0.2300041913986206
0.3651398718357086;0.5912618041038513;0.21554656326770782;0.22641029953956604
0.3637393116950989;0.5924763083457947;0.2130696028470993;0.22560010850429535
0.3651367723941803;0.5923153758049011;0.21175646781921387;0.22464771568775177
0.3651468753814697;0.5927810072898865;0.21173103153705597;0.22414104640483856
0.36702439188957214;0.5931636095046997;0.21040211617946625;0.22686176002025604
0.3679634630680084;0.5937137007713318;0.21087343990802765;0.22243981063365936
0.3663267195224762;0.5937014818191528;0.20963211357593536;0.22851300239562988
0.36747443675994873;0.594227135181427;0.2073560506105423;0.2290223091840744
0.3683646619319916;0.5943994522094727;0.20388618111610413;0.2316800206899643
0.36706382036209106;0.5940937399864197;0.2081425040960312;0.2264394760131836
0.3684346079826355;0.5945188403129578;0.20677128434181213;0.2224106341600418
0.36646053194999695;0.5955623388290405;0.20653335750102997;0.22590966522693634
0.36472612619400024;0.5951246619224548;0.20614348351955414;0.22824876010417938
0.3621342182159424;0.5943627953529358;0.2051434963941574;0.22894327342510223
0.3638264536857605;0.5925673842430115;0.2091200202703476;0.23094120621681213
0.36240154504776;0.5910455584526062;0.2099294662475586;0.22809219360351562
0.365398108959198;0.5889782905578613;0.20742860436439514;0.2298687994480133
0.3638955056667328;0.587554395198822;0.20928660035133362;0.2292417734861374
0.3639601171016693;0.5882163047790527;0.20824050903320312;0.22686854004859924
0.36352941393852234;0.587786853313446;0.2073991298675537;0.22575728595256805
0.3619246780872345;0.5884431004524231;0.20942027866840363;0.22850704193115234
0.3626166582107544;0.5865713953971863;0.20951800048351288;0.22774532437324524
0.3602670133113861;0.5888957381248474;0.207919642329216;0.22702835500240326
0.3625171482563019;0.5891207456588745;0.21026389300823212;0.22742629051208496
0.3653387725353241;0.5900222659111023;0.2099686861038208;0.224470853805542
0.3657471537590027;0.5903658866882324;0.21096467971801758;0.22393479943275452
0.36648377776145935;0.5910869240760803;0.21238212287425995;0.22506533563137054
0.36506327986717224;0.590203583240509;0.21368789672851562;0.22681498527526855
0.36354923248291016;0.5900022983551025;0.21148581802845;0.22383368015289307
0.36290571093559265;0.591059684753418;0.2098105400800705;0.2243942767381668
0.36454737186431885;0.589216411113739;0.21185338497161865;0.2238091230392456
0.36534953117370605;0.5906972885131836;0.20751841366291046;0.2257647067308426
0.3654356002807617;0.5905094742774963;0.21026065945625305;0.2219986468553543
0.3673200309276581;0.5903043150901794;0.21070237457752228;0.2246842235326767
0.36523786187171936;0.5888148546218872;0.21049900352954865;0.22818227112293243
0.3648473918437958;0.5893710255622864;0.20914201438426971;0.2271386682987213
0.3641609251499176;0.5899965167045593;0.2092992514371872;0.22477459907531738
0.3640024662017822;0.5900557637214661;0.21049754321575165;0.22528953850269318
0.36545705795288086;0.5899115800857544;0.21144528687000275;0.23004575073719025
0.36622533202171326;0.5885170698165894;0.21319888532161713;0.22633115947246552
0.3670639097690582;0.58918297290802;0.21094226837158203;0.21980099380016327
0.3685595691204071;0.5902584791183472;0.20718072354793549;0.2268935739994049
0.3699367642402649;0.5914454460144043;0.20643563568592072;0.22953954339027405
0.36864182353019714;0.5928212404251099;0.20679226517677307;0.22671464085578918
0.36931756138801575;0.5920535922050476;0.20676381886005402;0.2268272489309311
0.3672928512096405;0.5921688079833984;0.2042691707611084;0.22605863213539124
0.3647971451282501;0.5931211113929749;0.20300725102424622;0.22629964351654053
0.3654414713382721;0.5923225283622742;0.20717211067676544;0.2224111109972
0.36161041259765625;0.5924776196479797;0.2070886641740799;0.22078171372413635
0.3626910150051117;0.5901193022727966;0.20578613877296448;0.22521844506263733
0.3619801998138428;0.5905745029449463;0.20701253414154053;0.22724619507789612
0.35898810625076294;0.5934877395629883;0.21015234291553497;0.2247956544160843
0.35750848054885864;0.5928233861923218;0.21225766837596893;0.22361373901367188
0.3577381670475006;0.5930383801460266;0.21191111207008362;0.22366514801979065
0.3588661253452301;0.5929512977600098;0.2120649814605713;0.2213219404220581
0.35979846119880676;0.5935139060020447;0.2108679562807083;0.2203109711408615
0.36334702372550964;0.5919281840324402;0.20929281413555145;0.2203093320131302
0.3632514178752899;0.5937532782554626;0.20849327743053436;0.22559361159801483
0.36650383472442627;0.5937965512275696;0.21142783761024475;0.22666385769844055
0.36752375960350037;0.5930361151695251;0.21388116478919983;0.22595493495464325
0.3673461377620697;0.5933825373649597;0.21213893592357635;0.22500987350940704
0.371739000082016;0.5937766432762146;0.2090875655412674;0.23089499771595
0.372948557138443;0.5921676158905029;0.21103398501873016;0.23235152661800385
0.3729259967803955;0.5929221510887146;0.20957589149475098;0.23180313408374786
0.3703114688396454;0.5926389098167419;0.21155229210853577;0.23238115012645721
0.3715682625770569;0.5901867151260376;0.2167636901140213;0.2314705103635788
0.3695310056209564;0.5894905924797058;0.21266117691993713;0.22864647209644318
0.3688254952430725;0.5896880030632019;0.2118581384420395;0.2248954325914383
0.3697322905063629;0.5904707312583923;0.21177558600902557;0.22883601486682892
0.368121474981308;0.5898658037185669;0.2121998369693756;0.22606146335601807
0.3683517873287201;0.5898233652114868;0.21141083538532257;0.2291918247938156
0.36816397309303284;0.5908447504043579;0.209788516163826;0.227676659822464
0.36809197068214417;0.5925655364990234;0.21028685569763184;0.22524075210094452
0.3674235939979553;0.5938032269477844;0.2085333913564682;0.22501444816589355
0.3655209541320801;0.5929262042045593;0.20646627247333527;0.2260282337665558
0.3649555742740631;0.5929584503173828;0.20919504761695862;0.22961679100990295
0.36820188164711;0.5923755764961243;0.2088715136051178;0.22922702133655548
0.3662961423397064;0.5917918682098389;0.20994257926940918;0.22852058708667755
0.3669945299625397;0.5919532179832458;0.21109333634376526;0.22617502510547638
0.36724352836608887;0.5921350121498108;0.21126523613929749;0.22736196219921112
0.368263304233551;0.5914942026138306;0.208221897482872;0.22354240715503693
0.3688625991344452;0.5902677774429321;0.21055224537849426;0.22219328582286835
0.36745354533195496;0.5920352935791016;0.21284723281860352;0.22539988160133362
0.36840108036994934;0.5916038751602173;0.21152953803539276;0.2288726419210434
0.3696371614933014;0.5926193594932556;0.21088342368602753;0.2250177413225174
0.3688777983188629;0.5940097570419312;0.20906101167201996;0.22619561851024628
0.3693513870239258;0.5915445685386658;0.2086392492055893;0.22075994312763214
0.3686109483242035;0.590925395488739;0.20885634422302246;0.22141484916210175
0.36714664101600647;0.5902952551841736;0.20558343827724457;0.22120456397533417
0.36972102522850037;0.5900285243988037;0.2060360461473465;0.2246903032064438
0.36881276965141296;0.5881809592247009;0.20551934838294983;0.22306518256664276
0.3670212924480438;0.5892173647880554;0.20692038536071777;0.22367802262306213
0.36591586470603943;0.5888897180557251;0.21002669632434845;0.22597971558570862
0.36873531341552734;0.589708685874939;0.2097049057483673;0.23399300873279572
0.3662363290786743;0.5898011326789856;0.20946276187896729;0.22811944782733917
0.36725443601608276;0.5895707607269287;0.20924101769924164;0.23248091340065002
0.36827540397644043;0.5912562608718872;0.20811407268047333;0.22862668335437775
0.36653366684913635;0.5913462042808533;0.2073720246553421;0.22864706814289093
0.36594367027282715;0.5903161764144897;0.21017466485500336;0.22484736144542694
0.36439990997314453;0.5883848667144775;0.21393640339374542;0.22299854457378387
0.36384013295173645;0.5902685523033142;0.21295857429504395;0.22011259198188782
0.36212587356567383;0.5901281237602234;0.20924854278564453;0.22118330001831055
0.36180049180984497;0.5885778069496155;0.20985673367977142;0.22173066437244415
0.364346981048584;0.5879303216934204;0.21166980266571045;0.2221500128507614
0.3640724718570709;0.5881804823875427;0.21159322559833527;0.2227352112531662
0.36531075835227966;0.5874661803245544;0.21005475521087646;0.22096028923988342
0.36410918831825256;0.5869433283805847;0.2090475857257843;0.22237376868724823
0.3648260533809662;0.5871039628982544;0.20828266441822052;0.22728577256202698
0.3645718991756439;0.5861383080482483;0.20791757106781006;0.23117032647132874
0.3657485842704773;0.5861049890518188;0.2064724713563919;0.2269752472639084
0.36383819580078125;0.5862941145896912;0.20693130791187286;0.2306300848722458
0.36377498507499695;0.5853310823440552;0.2089255303144455;0.23090019822120667
0.3633497357368469;0.5854436755180359;0.21121850609779358;0.2307174950838089
0.3643019199371338;0.5876323580741882;0.2084924280643463;0.22869937121868134
0.3644064962863922;0.5868268013000488;0.20992718636989594;0.23120331764221191
0.36429429054260254;0.5861887335777283;0.20995759963989258;0.2293575555086136
0.3664710223674774;0.5850780606269836;0.2092331498861313;0.2275516539812088
0.36501866579055786;0.5854235887527466;0.21080468595027924;0.22170762717723846
0.36717507243156433;0.5882140398025513;0.2078416347503662;0.22189882397651672
0.3688279688358307;0.5894705653190613;0.20688095688819885;0.2254188507795334
0.367960125207901;0.5904820561408997;0.20851175487041473;0.23370647430419922
0.37020161747932434;0.5912024974822998;0.2112128734588623;0.23050816357135773
0.3705751299858093;0.5917157530784607;0.21013687551021576;0.231892928481102
0.37176749110221863;0.5928554534912109;0.21153464913368225;0.22665069997310638
0.37020012736320496;0.5943959355354309;0.21307222545146942;0.23017878830432892
0.37150731682777405;0.5938971042633057;0.20934753119945526;0.22901788353919983
0.374423086643219;0.5933359861373901;0.20814763009548187;0.23024678230285645
0.37519022822380066;0.5939594507217407;0.20822857320308685;0.22040390968322754
0.37335404753685;0.593602180480957;0.20783188939094543;0.226527601480484
0.37272945046424866;0.5953370332717896;0.2031569480895996;0.2315208911895752
0.3723565638065338;0.5959046483039856;0.2062784880399704;0.23318615555763245
0.3721122443675995;0.5947626233100891;0.20549021661281586;0.23022790253162384
0.3732430040836334;0.5928230881690979;0.20897185802459717;0.22646526992321014
0.3723001778125763;0.5938512086868286;0.210865780711174;0.22390258312225342
0.3712978959083557;0.5926918983459473;0.21069346368312836;0.22801382839679718
0.36987724900245667;0.5935161709785461;0.2121763527393341;0.22622139751911163
0.37061190605163574;0.592780351638794;0.21138456463813782;0.22891293466091156
0.3704410493373871;0.5931078791618347;0.21184006333351135;0.22672660648822784
0.36871397495269775;0.5947489142417908;0.20930729806423187;0.2317308932542801
0.3691689968109131;0.5916463732719421;0.20930182933807373;0.231097012758255
0.3692657947540283;0.5948594212532043;0.20733800530433655;0.2336559295654297
0.36778706312179565;0.5964787602424622;0.20779716968536377;0.23349438607692719
0.3676082491874695;0.594961941242218;0.2070150375366211;0.23191307485103607
0.36457160115242004;0.5948395729064941;0.20684467256069183;0.22498369216918945
0.3636421263217926;0.5968942642211914;0.20546916127204895;0.22148576378822327
0.3623524308204651;0.5932151675224304;0.20768897235393524;0.22424927353858948
0.3639945685863495;0.5925100445747375;0.210142120718956;0.22726397216320038
0.36641713976860046;0.5942901968955994;0.21072058379650116;0.22750245034694672
0.36914074420928955;0.595437228679657;0.2121715396642685;0.22503839433193207
0.3710390031337738;0.5952714085578918;0.21235375106334686;0.23144124448299408
0.3707221746444702;0.5938061475753784;0.21275316178798676;0.2310938835144043
0.3708583116531372;0.5922600626945496;0.2139415591955185;0.23141761124134064
0.3703116476535797;0.5908381342887878;0.21139121055603027;0.2310851365327835
0.36641669273376465;0.5921580791473389;0.21130774915218353;0.22646312415599823
0.36635667085647583;0.5918824076652527;0.2102034091949463;0.22683799266815186
0.3681769073009491;0.5913637280464172;0.2111985981464386;0.22145305573940277
0.3693135678768158;0.5935220718383789;0.21136195957660675;0.22236590087413788
0.3697526454925537;0.5946767926216125;0.20941415429115295;0.22757931053638458
0.3686233460903168;0.593972384929657;0.2063756287097931;0.22574631869792938
0.3681747615337372;0.59312504529953;0.210518479347229;0.22586874663829803
0.36840394139289856;0.5926737189292908;0.21073885262012482;0.22457237541675568
0.3700450360774994;0.5916101336479187;0.2094748318195343;0.22608374059200287
0.3713645040988922;0.5925919413566589;0.2100590467453003;0.22323575615882874
0.3739459216594696;0.5908911824226379;0.20871709287166595;0.228221133351326
0.3760662078857422;0.5906245112419128;0.20671992003917694;0.22707167267799377
0.3795928657054901;0.5904482007026672;0.2081242799758911;0.22651541233062744
0.37996405363082886;0.590875506401062;0.20894522964954376;0.22499623894691467
0.37940987944602966;0.5903528332710266;0.20687571167945862;0.22131600975990295
0.37945836782455444;0.5900806784629822;0.20864462852478027;0.22271950542926788
0.379695326089859;0.5894094705581665;0.2113419622182846;0.2226480096578598
0.38057956099510193;0.5915986895561218;0.21203461289405823;0.22479918599128723
0.37695977091789246;0.5905027389526367;0.21150536835193634;0.22533860802650452
0.3774677515029907;0.5895814299583435;0.21193161606788635;0.22246132791042328
0.3777124583721161;0.5888437628746033;0.20736658573150635;0.22334323823451996
0.3768899738788605;0.5913428664207458;0.20547881722450256;0.22602343559265137
0.380899578332901;0.5910428166389465;0.2064989060163498;0.22574757039546967
0.38100215792655945;0.5912039875984192;0.20813874900341034;0.22351232171058655
0.37931180000305176;0.59126877784729;0.20827627182006836;0.2282973825931549
0.3788187503814697;0.5902714133262634;0.21060729026794434;0.22519747912883759
0.3804430067539215;0.5885617733001709;0.20909777283668518;0.2278885841369629
0.3813236355781555;0.5873299837112427;0.20704106986522675;0.23048734664916992
0.38168346881866455;0.5883976221084595;0.20821641385555267;0.23020239174365997
0.38040298223495483;0.5895977020263672;0.20787011086940765;0.2273983210325241
0.3791661858558655;0.5914801359176636;0.21042552590370178;0.224374920129776
0.37897545099258423;0.5917026996612549;0.2120058387517929;0.22137951850891113
0.37939509749412537;0.5928071737289429;0.20874550938606262;0.22509685158729553
0.3796304166316986;0.5928756594657898;0.20909743010997772;0.22858653962612152
0.3774145841598511;0.5915017127990723;0.20980313420295715;0.22927427291870117
0.3779854476451874;0.5891311764717102;0.21016888320446014;0.2314440757036209
0.37736034393310547;0.590583860874176;0.2091704159975052;0.23427191376686096
0.379767507314682;0.5916354060173035;0.211130291223526;0.23134684562683105
0.3786504566669464;0.5907039046287537;0.20794883370399475;0.22930768132209778
0.3762386441230774;0.5904251337051392;0.21081069111824036;0.2268342524766922
0.3784041702747345;0.589840829372406;0.21070252358913422;0.22554627060890198
0.37825557589530945;0.5901018977165222;0.21051643788814545;0.2248636931180954
0.3748815655708313;0.5906162858009338;0.21003849804401398;0.22657886147499084
0.3751527965068817;0.591641366481781;0.20755067467689514;0.22411179542541504
0.3745117783546448;0.5915572643280029;0.20787353813648224;0.2213095724582672
0.37356752157211304;0.5913389921188354;0.20733368396759033;0.22721867263317108
0.37580135464668274;0.5925160646438599;0.20699505507946014;0.22213809192180634
0.37485095858573914;0.5938743948936462;0.21096988022327423;0.22372813522815704
0.37365683913230896;0.592166543006897;0.2119915783405304;0.22403597831726074
0.37430647015571594;0.5920100808143616;0.21575741469860077;0.22528362274169922
0.3746541440486908;0.5928694009780884;0.21359597146511078;0.22857880592346191
0.37509262561798096;0.5942505598068237;0.21213804185390472;0.2252034991979599
0.3745971620082855;0.593200147151947;0.2147640734910965;0.22517505288124084
0.37446948885917664;0.5925774574279785;0.21149252355098724;0.2239684909582138
0.3729954659938812;0.5925294160842896;0.2111918032169342;0.2248036414384842
0.3759196698665619;0.594144344329834;0.2077345848083496;0.22659631073474884
0.3765427768230438;0.5924481749534607;0.20784199237823486;0.22221891582012177
0.37917444109916687;0.5907244086265564;0.2080548256635666;0.22287368774414062
0.37818318605422974;0.5909038782119751;0.20694594085216522;0.22633564472198486
0.37969323992729187;0.5896584391593933;0.20635008811950684;0.22014422714710236
0.3801683187484741;0.5901848077774048;0.20527473092079163;0.22351594269275665
0.3796134889125824;0.590101420879364;0.20650994777679443;0.22096450626850128
0.3782986104488373;0.5892193913459778;0.20589859783649445;0.2240455597639084
0.3802902400493622;0.5914427638053894;0.20739400386810303;0.22290559113025665
0.3788740336894989;0.591458261013031;0.2091115266084671;0.2255706638097763
0.37938445806503296;0.5916615128517151;0.21187689900398254;0.2283439189195633
0.3750399649143219;0.5929340720176697;0.21125714480876923;0.22450165450572968
0.37357425689697266;0.5936031341552734;0.20870719850063324;0.22510886192321777
0.37141767144203186;0.5937768816947937;0.20788335800170898;0.22572536766529083
0.37144288420677185;0.5920226573944092;0.20899878442287445;0.22428174316883087
0.3720395863056183;0.5917412638664246;0.21352732181549072;0.22353672981262207
0.3715759217739105;0.5919698476791382;0.2091977894306183;0.2221895009279251
0.3705681264400482;0.5909878015518188;0.20659804344177246;0.224632129073143
0.3709407448768616;0.5906105041503906;0.20688720047473907;0.22143851220607758
0.36848893761634827;0.591728687286377;0.206477552652359;0.22558796405792236
0.3680030405521393;0.5903593897819519;0.2081996500492096;0.22271724045276642
0.3690878450870514;0.5916709899902344;0.20869827270507812;0.22518578171730042
0.36991000175476074;0.591567873954773;0.2097003012895584;0.22336888313293457
0.3688279092311859;0.5919821858406067;0.21061697602272034;0.22659145295619965
0.37047964334487915;0.5943310856819153;0.21119554340839386;0.2288082093000412
0.3692954480648041;0.5931636691093445;0.20802238583564758;0.2316276580095291
0.36918771266937256;0.5924177169799805;0.2074524462223053;0.2318292111158371
0.3687484562397003;0.5923446416854858;0.21061120927333832;0.2357945442199707
0.37019962072372437;0.5922853946685791;0.2085711508989334;0.2349557876586914
0.3726455569267273;0.5905761122703552;0.21177783608436584;0.23163776099681854
0.3693808913230896;0.5904139876365662;0.21227721869945526;0.22976218163967133
0.3690386712551117;0.5911148190498352;0.21277327835559845;0.22656075656414032
0.36699268221855164;0.591278612613678;0.21485792100429535;0.2276087999343872
0.3663109540939331;0.5899264216423035;0.21787655353546143;0.22765207290649414
0.3678189516067505;0.5899800658226013;0.21674025058746338;0.22326044738292694
0.36546963453292847;0.5909676551818848;0.21398711204528809;0.22806988656520844
0.36653539538383484;0.5911784172058105;0.21368788182735443;0.22592785954475403
0.3675743043422699;0.5898986458778381;0.21109700202941895;0.22971422970294952
0.36846408247947693;0.590386688709259;0.2122497856616974;0.23042546212673187
0.3690503239631653;0.5916038751602173;0.20993053913116455;0.230881005525589
0.37257930636405945;0.5931025743484497;0.21113371849060059;0.22548797726631165
0.3710140883922577;0.5943506360054016;0.2135135680437088;0.22300830483436584
0.37117907404899597;0.5945894718170166;0.2122347354888916;0.22519193589687347
0.36907684803009033;0.5929928421974182;0.2138374149799347;0.2176445573568344
0.3695511519908905;0.5924602150917053;0.2139805406332016;0.21970932185649872
0.37061360478401184;0.5939632654190063;0.2138272523880005;0.22040119767189026
0.37116366624832153;0.594693124294281;0.2154553383588791;0.22110676765441895
0.36894384026527405;0.5946261882781982;0.21345411241054535;0.21977238357067108
0.36777305603027344;0.592979371547699;0.2132096290588379;0.22559678554534912
0.3705127537250519;0.5928382873535156;0.2149457186460495;0.23052406311035156
0.36945459246635437;0.5935598015785217;0.21578989923000336;0.22780823707580566
0.3700571656227112;0.593846321105957;0.21329466998577118;0.22977109253406525
0.36662694811820984;0.5945730209350586;0.211007758975029;0.2287203073501587
0.3688725531101227;0.5937270522117615;0.21024565398693085;0.22447071969509125
0.3691236078739166;0.5920876264572144;0.21060846745967865;0.2286408394575119
0.370486319065094;0.5919591784477234;0.2093893587589264;0.22722554206848145
0.3703852593898773;0.5917724967002869;0.20786593854427338;0.22535911202430725
0.3707617223262787;0.5905053019523621;0.2063390463590622;0.2276606559753418
