TV;KL
1.9999535083770752;13.89739990234375
1.400130271911621;1.2497199773788452
1.3998734951019287;1.2054716348648071
1.3997548818588257;1.2049975395202637
1.399922490119934;1.2055960893630981
1.3997045755386353;1.2058014869689941
1.3996800184249878;1.2042475938796997
1.3998734951019287;1.2053589820861816
1.3997161388397217;1.2044963836669922
1.3999004364013672;1.2053017616271973
1.3998324871063232;1.205042839050293
1.3999388217926025;1.205296277999878
1.3996589183807373;1.2048542499542236
1.3996798992156982;1.2045230865478516
1.3996800184249878;1.2051364183425903
1.3996590375900269;1.205005168914795
1.3998372554779053;1.205944299697876
1.3997769355773926;1.2061238288879395
1.4000065326690674;1.2047945261001587
1.399853229522705;1.204880714416504
1.3999731540679932;1.2060399055480957
1.3996800184249878;1.2045851945877075
1.3997275829315186;1.2061868906021118
1.3998324871063232;1.2051836252212524
1.399770736694336;1.207094669342041
1.3996919393539429;1.2048137187957764
1.3997032642364502;1.205335259437561
1.3998041152954102;1.2051526308059692
1.3997751474380493;1.2044869661331177
1.3997342586517334;1.2047498226165771
1.3999073505401611;1.205987811088562
1.39973783493042;1.205180048942566
1.399890661239624;1.2059777975082397
1.399861454963684;1.2055553197860718
1.3996953964233398;1.2046597003936768
1.3997983932495117;1.2051502466201782
1.3998006582260132;1.2052874565124512
1.3998090028762817;1.2049355506896973
1.3998324871063232;1.2063215970993042
1.3998780250549316;1.2059504985809326
1.3998645544052124;1.2063237428665161
1.399881362915039;1.2063921689987183
1.3997706174850464;1.2052335739135742
1.3997045755386353;1.2056890726089478
1.3998371362686157;1.2043144702911377
1.3997162580490112;1.205418348312378
1.399853229522705;1.204574465751648
1.3996734619140625;1.206176996231079
1.3998613357543945;1.2052102088928223
1.399985671043396;1.2058312892913818
1.39992356300354;1.2047500610351562
1.3998267650604248;1.2053885459899902
1.399867057800293;1.2048863172531128
1.3997408151626587;1.205270528793335
1.3998959064483643;1.2051256895065308
1.3997687101364136;1.2053321599960327
1.399844765663147;1.2055583000183105
1.400038242340088;1.2059433460235596
1.3998475074768066;1.204463005065918
1.3996589183807373;1.2039408683776855
1.4000146389007568;1.2059106826782227
1.400033712387085;1.205752968788147
1.399936556816101;1.2048594951629639
1.3999892473220825;1.2053412199020386
1.399786353111267;1.2051080465316772
1.3996837139129639;1.2050387859344482
1.3996679782867432;1.2049928903579712
1.399819254875183;1.205005168914795
1.3997352123260498;1.2054767608642578
1.399895429611206;1.2055890560150146
1.3997132778167725;1.2050572633743286
1.3998286724090576;1.2048994302749634
1.3998998403549194;1.2047964334487915
1.4000800848007202;1.2064628601074219
1.399677038192749;1.2050390243530273
1.3996590375900269;1.2049328088760376
1.39973783493042;1.205562710762024
1.3997300863265991;1.205322504043579
1.3996490240097046;1.2051156759262085
1.3997313976287842;1.2051862478256226
1.3998810052871704;1.2050920724868774
1.3996591567993164;1.2055779695510864
1.3998324871063232;1.205228328704834
1.3998371362686157;1.2050011157989502
1.3996798992156982;1.2058634757995605
1.3997163772583008;1.2046184539794922
1.4000545740127563;1.2051234245300293
1.3999457359313965;1.205176830291748
1.399770736694336;1.204543948173523
1.4000053405761719;1.2061413526535034
1.3997204303741455;1.205629825592041
1.3998475074768066;1.2051998376846313
1.399912714958191;1.205519676208496
1.3998985290527344;1.205382227897644
1.399768590927124;1.2061223983764648
1.3997802734375;1.2051037549972534
1.3998327255249023;1.2056519985198975
1.3998525142669678;1.2055720090866089
1.3999989032745361;1.205642580986023
1.3998408317565918;1.2046968936920166
1.3997091054916382;1.2053567171096802
1.3998324871063232;1.205201268196106
1.3996801376342773;1.2042280435562134
1.3996837139129639;1.2048286199569702
1.3999193906784058;1.205837368965149
1.4000955820083618;1.2057520151138306
1.399708867073059;1.2054154872894287
1.3998496532440186;1.2051976919174194
1.399945855140686;1.205371618270874
1.3998091220855713;1.2046271562576294
1.3996590375900269;1.2051875591278076
1.399777889251709;1.2047269344329834
1.3997342586517334;1.2049542665481567
1.3996763229370117;1.2052452564239502
1.3998585939407349;1.2055526971817017
1.399837613105774;1.2057900428771973
1.399688959121704;1.2043778896331787
1.3998868465423584;1.2051435708999634
1.3996800184249878;1.205293893814087
1.3999269008636475;1.2056442499160767
1.3996798992156982;1.2050658464431763
1.3999099731445312;1.204962968826294
1.3996936082839966;1.205297827720642
1.3998305797576904;1.2051308155059814
1.3997299671173096;1.205607295036316
1.399923324584961;1.205094814300537
1.3998115062713623;1.2050611972808838
1.3998655080795288;1.2060033082962036
1.3996800184249878;1.204796552658081
1.399741768836975;1.2051903009414673
1.399741768836975;1.2053650617599487
1.3997418880462646;1.2055320739746094
1.3997353315353394;1.2058751583099365
1.3999525308609009;1.205207109451294
1.3999168872833252;1.2053382396697998
1.400046467781067;1.2057806253433228
1.3997498750686646;1.2050628662109375
1.399771809577942;1.205267310142517
1.3998868465423584;1.2045024633407593
1.399927020072937;1.205880880355835
1.3996591567993164;1.2046512365341187
1.3997937440872192;1.2061604261398315
1.3997342586517334;1.2046841382980347
1.3997336626052856;1.2051080465316772
1.3997039794921875;1.205575704574585
1.3998627662658691;1.2051407098770142
1.399807095527649;1.2050845623016357
1.399726390838623;1.2053977251052856
1.3997299671173096;1.2049875259399414
1.3999309539794922;1.2058334350585938
1.3999214172363281;1.204983115196228
1.3998252153396606;1.2059686183929443
1.3996953964233398;1.2052706480026245
1.3997163772583008;1.2046728134155273
1.399778127670288;1.204654335975647
1.3999193906784058;1.2053334712982178
1.3997162580490112;1.2050822973251343
1.3998868465423584;1.2069119215011597
1.3998191356658936;1.2043756246566772
1.3996953964233398;1.2045111656188965
1.3998117446899414;1.204728364944458
1.3997334241867065;1.2056523561477661
1.3997342586517334;1.206047773361206
1.3997275829315186;1.2046691179275513
1.3999512195587158;1.2052706480026245
1.3999011516571045;1.2058422565460205
1.3997163772583008;1.204788327217102
1.3998117446899414;1.204984188079834
1.3998502492904663;1.2060916423797607
1.3997182846069336;1.2051293849945068
1.3998117446899414;1.2051763534545898
1.3999173641204834;1.2059659957885742
1.3997224569320679;1.205915093421936
1.399678111076355;1.2055575847625732
1.3997163772583008;1.2046210765838623
1.3997712135314941;1.2056541442871094
1.3997879028320312;1.2049235105514526
1.3997588157653809;1.2052593231201172
1.3998404741287231;1.2057722806930542
1.3997588157653809;1.205194115638733
1.3996589183807373;1.204661250114441
1.399823784828186;1.204875111579895
1.3997334241867065;1.2046267986297607
1.3997129201889038;1.2054356336593628
1.3997408151626587;1.2057327032089233
1.400017499923706;1.2053555250167847
1.3998242616653442;1.2049378156661987
1.3998262882232666;1.205752968788147
1.399824857711792;1.2042704820632935
1.3998371362686157;1.205371618270874
1.3998371362686157;1.2050398588180542
1.3998905420303345;1.20502769947052
1.399718999862671;1.2047145366668701
1.3999557495117188;1.2059259414672852
1.3996952772140503;1.2047874927520752
1.3997836112976074;1.2046602964401245
1.399741768836975;1.204920768737793
1.399766445159912;1.2053788900375366
1.4000025987625122;1.20652174949646
1.3997418880462646;1.2049545049667358
1.3998006582260132;1.2047462463378906
1.399770736694336;1.204552173614502
1.3997163772583008;1.2044687271118164
1.3999383449554443;1.2052316665649414
1.3996790647506714;1.2066009044647217
1.3996800184249878;1.2051067352294922
1.3997163772583008;1.2044485807418823
1.399741768836975;1.2052243947982788
1.3999483585357666;1.204866647720337
1.3997706174850464;1.2050503492355347
1.3998091220855713;1.2046866416931152
1.3998327255249023;1.2060317993164062
1.3999497890472412;1.2064965963363647
1.3997973203659058;1.2053029537200928
1.3997418880462646;1.2046986818313599
1.4000352621078491;1.2055933475494385
1.3998692035675049;1.205327033996582
1.3997830152511597;1.2057085037231445
1.399770736694336;1.20577871799469
1.3997188806533813;1.2049404382705688
1.3996800184249878;1.204953908920288
1.4000091552734375;1.2050464153289795
1.399749755859375;1.204581618309021
1.3996798992156982;1.2045361995697021
1.3998326063156128;1.2048759460449219
1.3999100923538208;1.2051013708114624
1.3997619152069092;1.2052849531173706
1.3997632265090942;1.2051329612731934
1.399907112121582;1.2046418190002441
1.3997209072113037;1.205430030822754
1.3997013568878174;1.2047932147979736
1.3997828960418701;1.2061103582382202
1.3997278213500977;1.2060514688491821
1.3997015953063965;1.2054448127746582
1.3998132944107056;1.2054375410079956
1.3997163772583008;1.2053453922271729
1.3997163772583008;1.2052301168441772
1.3999319076538086;1.205254316329956
1.3997586965560913;1.2051899433135986
1.3998262882232666;1.2053674459457397
1.3997783660888672;1.2049143314361572
1.3997879028320312;1.2041271924972534
1.399733304977417;1.2051259279251099
1.3997498750686646;1.2060363292694092
1.400177001953125;1.2056970596313477
1.3997163772583008;1.204893946647644
1.3997119665145874;1.2055312395095825
1.3998475074768066;1.2052948474884033
1.399796724319458;1.2053232192993164
1.3998184204101562;1.2051012516021729
1.399738073348999;1.2049264907836914
1.3996472358703613;1.2044415473937988
1.399777889251709;1.2057278156280518
1.3997669219970703;1.2046146392822266
1.3997962474822998;1.2058145999908447
1.3996680974960327;1.2050976753234863
1.3998910188674927;1.205485224723816
1.3997416496276855;1.204529047012329
1.3999316692352295;1.20553719997406
1.3998205661773682;1.2050763368606567
1.4000613689422607;1.2055736780166626
1.3997163772583008;1.2053502798080444
1.3997960090637207;1.2051723003387451
1.4000277519226074;1.204808235168457
1.399964451789856;1.2054131031036377
1.3997619152069092;1.2055405378341675
1.3996953964233398;1.2049609422683716
1.3999449014663696;1.2045954465866089
1.3997496366500854;1.2055766582489014
1.400017261505127;1.205823302268982
1.399807095527649;1.2056999206542969
1.3997163772583008;1.2053437232971191
1.3997418880462646;1.2055901288986206
1.3997045755386353;1.2051491737365723
1.3996682167053223;1.2053767442703247
1.3997278213500977;1.2051537036895752
1.3999353647232056;1.2043575048446655
1.3997275829315186;1.2057502269744873
1.3996472358703613;1.2050796747207642
1.399721622467041;1.205298900604248
1.3998090028762817;1.205920934677124
1.3998734951019287;1.2047712802886963
1.3998997211456299;1.2045409679412842
1.3996800184249878;1.2043366432189941
1.3998523950576782;1.2050361633300781
1.3996734619140625;1.2041977643966675
1.4000636339187622;1.2058602571487427
1.3999106884002686;1.2048389911651611
1.3997416496276855;1.2046161890029907
1.3996798992156982;1.2048168182373047
1.3996798992156982;1.2052156925201416
1.3997163772583008;1.2044634819030762
1.3997496366500854;1.2055869102478027
1.3996835947036743;1.2062160968780518
1.3997342586517334;1.2056097984313965
1.3997209072113037;1.2055410146713257
1.4001119136810303;1.205719232559204
1.3996682167053223;1.2043412923812866
1.3997633457183838;1.2051469087600708
1.3999863862991333;1.20527982711792
1.3997750282287598;1.2049205303192139
1.4003427028656006;1.2063359022140503
1.3997324705123901;1.2064286470413208
1.399778127670288;1.2043813467025757
1.399926781654358;1.2050082683563232
1.3997418880462646;1.2049700021743774
1.3999115228652954;1.2067629098892212
1.3997710943222046;1.2053362131118774
1.399749755859375;1.2046397924423218
1.3998072147369385;1.2048817873001099
1.3998329639434814;1.2049542665481567
1.399936318397522;1.204935073852539
1.39967679977417;1.2056597471237183
1.399816632270813;1.2056713104248047
1.3998161554336548;1.2048345804214478
1.3997163772583008;1.2051670551300049
1.3998206853866577;1.2042014598846436
1.39979887008667;1.2055436372756958
1.3998072147369385;1.2052028179168701
1.4001133441925049;1.2061353921890259
1.3997782468795776;1.2050938606262207
1.3997843265533447;1.2053471803665161
1.3997704982757568;1.206043004989624
1.3998804092407227;1.2055258750915527
1.399830937385559;1.2047408819198608
1.3996953964233398;1.2050505876541138
1.3997163772583008;1.2047803401947021
1.400112509727478;1.2057565450668335
1.3998379707336426;1.2055983543395996
1.3998479843139648;1.205644965171814
1.399810791015625;1.2058231830596924
1.399778127670288;1.2053909301757812
1.3996800184249878;1.205125331878662
1.399770736694336;1.2073613405227661
1.3998708724975586;1.2053325176239014
1.3996682167053223;1.2048375606536865
1.3998650312423706;1.2046501636505127
1.3997865915298462;1.205329418182373
1.3997782468795776;1.2057126760482788
1.3999512195587158;1.2054201364517212
1.3998613357543945;1.2048245668411255
1.399929165840149;1.2052223682403564
1.3997995853424072;1.2045490741729736
1.3998456001281738;1.2045992612838745
1.3997583389282227;1.206183671951294
1.3997571468353271;1.20509934425354
1.399767279624939;1.2050065994262695
1.3997632265090942;1.2048988342285156
1.3998498916625977;1.2052910327911377
1.3996975421905518;1.2053492069244385
1.3997045755386353;1.2055013179779053
1.3997045755386353;1.2047940492630005
1.399749755859375;1.2044776678085327
1.400170087814331;1.206520438194275
1.3998169898986816;1.2050912380218506
1.3998078107833862;1.2046911716461182
1.3997207880020142;1.2052738666534424
1.3997045755386353;1.2048383951187134
1.399842619895935;1.2051417827606201
1.399778127670288;1.205263376235962
1.3996798992156982;1.2057056427001953
1.399763822555542;1.2054446935653687
1.3997209072113037;1.2052528858184814
1.399848222732544;1.205074429512024
1.3996798992156982;1.2046407461166382
1.3997300863265991;1.2050892114639282
1.3999547958374023;1.2054097652435303
1.3998072147369385;1.2044703960418701
1.399778127670288;1.2048804759979248
1.3997184038162231;1.2054150104522705
1.399951457977295;1.205001950263977
1.3996779918670654;1.204659104347229
1.3998526334762573;1.204105257987976
1.399792194366455;1.2052375078201294
1.3997342586517334;1.205331802368164
1.3997009992599487;1.2059926986694336
1.4000263214111328;1.2058197259902954
1.3998308181762695;1.205539584159851
1.3998371362686157;1.206128478050232
1.3998335599899292;1.2051527500152588
1.3998292684555054;1.2046759128570557
1.3997015953063965;1.2046840190887451
1.3998264074325562;1.205618977546692
1.399770736694336;1.2046269178390503
1.3997163772583008;1.20538330078125
1.3997702598571777;1.2047510147094727
1.3998403549194336;1.2062122821807861
1.3998689651489258;1.204750418663025
1.3998191356658936;1.2046328783035278
1.3996800184249878;1.2053802013397217
1.399935007095337;1.2063703536987305
1.399694561958313;1.2048214673995972
1.399770736694336;1.2051866054534912
1.3997162580490112;1.2046468257904053
1.3997163772583008;1.204603672027588
1.3998998403549194;1.2047322988510132
1.3997697830200195;1.2050917148590088
1.3997782468795776;1.2048614025115967
1.3999537229537964;1.2047690153121948
1.3997974395751953;1.2057677507400513
1.3997782468795776;1.2048532962799072
1.3997827768325806;1.205640196800232
1.3999499082565308;1.2063556909561157
1.3998048305511475;1.2052297592163086
1.3997882604599;1.2058805227279663
1.3997706174850464;1.2047516107559204
1.399963617324829;1.2047137022018433
1.3997538089752197;1.2047832012176514
1.3996801376342773;1.2043887376785278
1.399749755859375;1.204964280128479
1.399964451789856;1.2059555053710938
1.3999608755111694;1.2057559490203857
1.3996789455413818;1.2050256729125977
1.3996469974517822;1.205601453781128
1.3997185230255127;1.2044862508773804
1.3996591567993164;1.2048113346099854
1.3998162746429443;1.2056928873062134
1.3997044563293457;1.2042174339294434
1.3999509811401367;1.2064330577850342
1.3997163772583008;1.2059170007705688
1.3996798992156982;1.2043952941894531
1.3997828960418701;1.2052359580993652
1.3998454809188843;1.2055988311767578
1.3997552394866943;1.2052860260009766
1.399906039237976;1.2048704624176025
1.399767279624939;1.2048187255859375
1.3997827768325806;1.2047635316848755
1.399770975112915;1.2045612335205078
1.3998117446899414;1.2058521509170532
1.3997771739959717;1.2053101062774658
1.3996590375900269;1.2044938802719116
1.3996953964233398;1.2056068181991577
1.3996682167053223;1.20425283908844
1.3996682167053223;1.2052528858184814
1.3997342586517334;1.204738974571228
1.3997066020965576;1.2051805257797241
1.3997516632080078;1.2059496641159058
1.3999383449554443;1.2049752473831177
1.4000165462493896;1.2064844369888306
1.3999099731445312;1.2048882246017456
1.3998751640319824;1.2054792642593384
1.3997015953063965;1.2038884162902832
1.3996800184249878;1.2044315338134766
1.3998630046844482;1.2054190635681152
1.399923324584961;1.204777479171753
1.4000351428985596;1.2062854766845703
1.3997571468353271;1.2055250406265259
1.3998379707336426;1.2050870656967163
1.3998743295669556;1.2052725553512573
1.3997708559036255;1.2051256895065308
1.3998734951019287;1.204986572265625
1.3996590375900269;1.2052463293075562
1.4001524448394775;1.205308437347412
1.3997782468795776;1.2057178020477295
1.3997132778167725;1.2047148942947388
1.3997710943222046;1.2053431272506714
1.3998324871063232;1.2060068845748901
1.3997379541397095;1.2064871788024902
1.399825930595398;1.2050607204437256
1.3998324871063232;1.2058664560317993
1.3997712135314941;1.2056256532669067
1.399749755859375;1.2050741910934448
1.399701476097107;1.2044203281402588
1.3998970985412598;1.2058522701263428
1.3998041152954102;1.2058870792388916
1.3998240232467651;1.205119013786316
1.3996684551239014;1.2054446935653687
1.3997706174850464;1.2059013843536377
1.3996798992156982;1.2054461240768433
1.3999279737472534;1.2049063444137573
1.3998973369598389;1.2054718732833862
1.399820327758789;1.205532193183899
1.3998324871063232;1.205674171447754
1.3998016119003296;1.205539584159851
1.4000080823898315;1.2051055431365967
1.3997828960418701;1.2047871351242065
1.3998286724090576;1.2056834697723389
1.4000635147094727;1.2052099704742432
1.3997514247894287;1.2045506238937378
1.3999345302581787;1.2055073976516724
1.3998935222625732;1.2055599689483643
1.399688720703125;1.2047557830810547
1.3997242450714111;1.2061848640441895
1.399923324584961;1.2063941955566406
1.3998266458511353;1.2058801651000977
1.399842381477356;1.205524206161499
1.3998379707336426;1.2055939435958862
1.3998323678970337;1.2049068212509155
1.3997572660446167;1.2048380374908447
1.3997670412063599;1.2050247192382812
1.3996589183807373;1.204750895500183
1.3997340202331543;1.205124855041504
1.3998324871063232;1.2056244611740112
1.399807095527649;1.2043120861053467
1.3998116254806519;1.2055541276931763
1.3996798992156982;1.2047393321990967
1.3998326063156128;1.2050904035568237
1.3997589349746704;1.2046951055526733
1.399770736694336;1.2056547403335571
1.3997782468795776;1.2049479484558105
1.3996953964233398;1.2055093050003052
1.3997961282730103;1.2047522068023682
1.4002439975738525;1.2062584161758423
1.399778127670288;1.204972505569458
1.3996591567993164;1.2050219774246216
1.3997704982757568;1.2060974836349487
1.3996590375900269;1.2046313285827637
1.3998291492462158;1.2055540084838867
1.3997653722763062;1.2052348852157593
1.3998700380325317;1.2048782110214233
1.3999814987182617;1.2054524421691895
1.3997973203659058;1.2054415941238403
1.3997300863265991;1.2047277688980103
1.4000647068023682;1.2054815292358398
1.3999937772750854;1.2054004669189453
1.399709701538086;1.2050923109054565
1.3998734951019287;1.2050776481628418
1.3998734951019287;1.2051475048065186
1.399819254875183;1.205337405204773
1.3998327255249023;1.2048958539962769
1.3997782468795776;1.204398274421692
1.399770736694336;1.2045259475708008
1.3997163772583008;1.2051680088043213
1.399764060974121;1.2040287256240845
1.4000170230865479;1.2059102058410645
1.3997118473052979;1.2051594257354736
1.3997782468795776;1.2049920558929443
1.3997082710266113;1.2055753469467163
1.3997858762741089;1.2061868906021118
1.3999114036560059;1.204934000968933
1.3997782468795776;1.2047061920166016
1.3998982906341553;1.204698920249939
1.3997706174850464;1.205108404159546
1.3998870849609375;1.205272912979126
1.3998737335205078;1.2045655250549316
1.3998868465423584;1.205628752708435
1.3997342586517334;1.20497727394104
1.3999505043029785;1.2061141729354858
1.3997843265533447;1.2055367231369019
1.3997044563293457;1.2046754360198975
1.399713158607483;1.2050195932388306
1.3997464179992676;1.2049733400344849
1.3998734951019287;1.205393671989441
1.3997278213500977;1.2048017978668213
1.3997342586517334;1.2048678398132324
1.3996953964233398;1.2051448822021484
1.3998541831970215;1.2050986289978027
1.399902582168579;1.2052924633026123
1.399819254875183;1.2064859867095947
1.3997780084609985;1.2046610116958618
1.3996524810791016;1.2056339979171753
1.3997384309768677;1.2053800821304321
1.399734377861023;1.204295039176941
1.3996801376342773;1.2049723863601685
1.3997184038162231;1.2051811218261719
1.4000091552734375;1.2053086757659912
1.399764060974121;1.2055363655090332
1.399861454963684;1.204749584197998
1.399766206741333;1.205221176147461
1.3997704982757568;1.2055003643035889
1.399747371673584;1.2051376104354858
1.3998634815216064;1.2051278352737427
1.3998651504516602;1.2045704126358032
1.3998465538024902;1.2061363458633423
1.3997398614883423;1.2053675651550293
1.3997801542282104;1.2049548625946045
1.4001011848449707;1.2054767608642578
1.3996615409851074;1.2051821947097778
1.3997300863265991;1.20558762550354
1.4003405570983887;1.2059326171875
1.3997960090637207;1.2048715353012085
1.3996663093566895;1.2046927213668823
1.3997198343276978;1.2053532600402832
1.3997961282730103;1.20513117313385
1.3997278213500977;1.2054473161697388
1.399819254875183;1.2055513858795166
1.3997952938079834;1.205143928527832
1.399770736694336;1.2048803567886353
1.3998324871063232;1.2045643329620361
1.3996953964233398;1.2048007249832153
1.3997209072113037;1.204634666442871
1.3997223377227783;1.2050399780273438
1.3998528718948364;1.2058933973312378
1.3996800184249878;1.2057791948318481
1.3999102115631104;1.2054592370986938
1.3997588157653809;1.2064759731292725
1.399673342704773;1.205837368965149
1.400015950202942;1.2052699327468872
1.399908423423767;1.205333948135376
1.3999934196472168;1.2049850225448608
1.399795413017273;1.204419732093811
1.3996589183807373;1.2044591903686523
1.3999054431915283;1.2043347358703613
1.3997209072113037;1.2045164108276367
1.399778127670288;1.2051390409469604
1.3997342586517334;1.20518159866333
1.3996800184249878;1.2049131393432617
1.3999162912368774;1.2064416408538818
1.399803638458252;1.204738974571228
1.3998245000839233;1.2049481868743896
1.399863362312317;1.205283761024475
1.3997342586517334;1.2047693729400635
1.3997132778167725;1.2057275772094727
1.4001084566116333;1.205216646194458
1.399967908859253;1.2052326202392578
1.3999099731445312;1.2060067653656006
1.3999773263931274;1.2068724632263184
1.3997746706008911;1.2046478986740112
1.399861454963684;1.2048497200012207
1.4002314805984497;1.206045389175415
1.3997163772583008;1.2045280933380127
1.3997571468353271;1.2056756019592285
1.3998324871063232;1.2047680616378784
1.39992356300354;1.2056663036346436
1.3997399806976318;1.2049098014831543
1.3997163772583008;1.2049884796142578
1.399807095527649;1.2056950330734253
1.3997163772583008;1.2057442665100098
1.3999353647232056;1.2059112787246704
1.3998868465423584;1.2048332691192627
1.3999119997024536;1.2054126262664795
1.3996953964233398;1.2051515579223633
1.3997997045516968;1.2050328254699707
1.3996798992156982;1.2048290967941284
1.399741768836975;1.2058099508285522
1.399871587753296;1.2052921056747437
1.399861454963684;1.205229640007019
1.3997209072113037;1.2057008743286133
1.3999898433685303;1.205348014831543
1.399918556213379;1.2044929265975952
1.3998156785964966;1.2045477628707886
1.3999980688095093;1.2061041593551636
1.3997278213500977;1.204992413520813
1.3996789455413818;1.2050179243087769
1.3998050689697266;1.205518364906311
1.4000177383422852;1.2055082321166992
1.3997132778167725;1.206511378288269
1.3998115062713623;1.2055712938308716
1.3998185396194458;1.2050257921218872
1.3998651504516602;1.2046630382537842
1.3997067213058472;1.2061959505081177
1.3998301029205322;1.2058354616165161
1.3999547958374023;1.2057461738586426
1.3996953964233398;1.2049919366836548
1.3999366760253906;1.205274224281311
1.399744987487793;1.2047860622406006
1.399823784828186;1.2051806449890137
1.3996682167053223;1.2056527137756348
1.3998132944107056;1.2056074142456055
1.3997098207473755;1.2045542001724243
1.3996953964233398;1.2059954404830933
1.3997163772583008;1.2042415142059326
1.3997802734375;1.2048012018203735
1.3997783660888672;1.2055940628051758
1.3998756408691406;1.2050436735153198
1.399807333946228;1.2056063413619995
1.3997080326080322;1.2058513164520264
1.3998996019363403;1.205909013748169
1.399803876876831;1.2045865058898926
1.3997670412063599;1.2052747011184692
1.4000179767608643;1.2058581113815308
1.3997163772583008;1.204960823059082
1.3997671604156494;1.2052843570709229
1.4000365734100342;1.2049134969711304
1.3996800184249878;1.2047613859176636
1.3998072147369385;1.205333948135376
1.3997572660446167;1.2043604850769043
1.3997224569320679;1.2059215307235718
1.399713397026062;1.2042863368988037
1.3997782468795776;1.2048888206481934
1.3997496366500854;1.2056660652160645
1.399770975112915;1.2052823305130005
1.3997209072113037;1.2053171396255493
1.3998252153396606;1.205172061920166
1.39988112449646;1.2057195901870728
1.3997715711593628;1.2045915126800537
1.3997163772583008;1.2044131755828857
1.3997706174850464;1.205610990524292
1.3996951580047607;1.2051676511764526
1.3997416496276855;1.206755518913269
1.3997706174850464;1.2044531106948853
1.3997589349746704;1.2049939632415771
1.3996950387954712;1.2045953273773193
1.399788737297058;1.2051278352737427
1.3998324871063232;1.2051297426223755
1.3997342586517334;1.2069621086120605
1.3996953964233398;1.2042561769485474
1.3996715545654297;1.2054224014282227
1.3997184038162231;1.2050683498382568
1.3996591567993164;1.2051079273223877
1.3998249769210815;1.206443190574646
1.3997961282730103;1.2047525644302368
1.3998076915740967;1.205318808555603
1.3997044563293457;1.205324411392212
1.399709939956665;1.205498456954956
1.3998372554779053;1.205125331878662
1.3998839855194092;1.2060083150863647
1.3998208045959473;1.205174446105957
1.3998686075210571;1.2057743072509766
1.399844765663147;1.2044649124145508
1.3997716903686523;1.2050563097000122
1.3998868465423584;1.2048015594482422
1.3998186588287354;1.2049949169158936
1.3997783660888672;1.20530366897583
1.399709701538086;1.205222725868225
1.3999106884002686;1.2044275999069214
1.39981210231781;1.2045073509216309
1.3996590375900269;1.2044072151184082
1.3999252319335938;1.2049528360366821
1.3997828960418701;1.2053797245025635
1.3997706174850464;1.2047779560089111
1.3996765613555908;1.2051045894622803
1.399935007095337;1.2066951990127563
1.3998571634292603;1.2051615715026855
1.3997588157653809;1.2044395208358765
1.399678111076355;1.2056907415390015
1.3998258113861084;1.2049628496170044
1.3997163772583008;1.2046393156051636
1.3997496366500854;1.204562783241272
1.3998615741729736;1.2054539918899536
1.4000945091247559;1.2063994407653809
1.399794578552246;1.206311821937561
1.3998115062713623;1.2056270837783813
1.3996798992156982;1.2042356729507446
1.399778127670288;1.2052119970321655
1.399880290031433;1.2056598663330078
1.3997830152511597;1.204744577407837
1.3997828960418701;1.2050837278366089
1.3998006582260132;1.2050565481185913
1.3996800184249878;1.2051615715026855
1.3997746706008911;1.2055031061172485
1.3996589183807373;1.2048712968826294
1.4003554582595825;1.2055909633636475
1.3997472524642944;1.2048319578170776
1.399709939956665;1.2048698663711548
1.399816632270813;1.2043571472167969
1.3997045755386353;1.2063337564468384
1.3997080326080322;1.2061517238616943
1.3997396230697632;1.2047111988067627
1.4001410007476807;1.2057793140411377
1.399778127670288;1.2045377492904663
1.399778127670288;1.2049188613891602
1.3998734951019287;1.2057322263717651
1.3998126983642578;1.2052863836288452
1.399767279624939;1.2054015398025513
1.3998191356658936;1.2051106691360474
1.3998225927352905;1.2052626609802246
1.3996682167053223;1.2038395404815674
1.3997342586517334;1.2041078805923462
1.3997862339019775;1.2047924995422363
1.3997418880462646;1.2051374912261963
1.3998115062713623;1.2056396007537842
1.3997068405151367;1.2053372859954834
1.3998128175735474;1.2056609392166138
1.399770736694336;1.2061529159545898
1.3997879028320312;1.205369234085083
1.3996953964233398;1.2048166990280151
1.399764060974121;1.205562710762024
1.3998327255249023;1.2058501243591309
1.3998072147369385;1.205858588218689
1.3998115062713623;1.2052122354507446
1.3998404741287231;1.2064106464385986
1.3998476266860962;1.2051774263381958
1.3997782468795776;1.204131841659546
1.3998245000839233;1.2051451206207275
1.3998228311538696;1.2049272060394287
1.3997353315353394;1.2043347358703613
1.3998689651489258;1.2052557468414307
1.3997726440429688;1.2062020301818848
1.3999409675598145;1.2052229642868042
1.3998405933380127;1.2052195072174072
1.399741768836975;1.2051836252212524
1.3996918201446533;1.2050074338912964
1.3998371362686157;1.2045563459396362
1.3998132944107056;1.2048667669296265
1.3997671604156494;1.2051492929458618
1.3997782468795776;1.2055330276489258
1.3997224569320679;1.2059910297393799
1.3996590375900269;1.2056889533996582
1.3997199535369873;1.2050591707229614
1.3998525142669678;1.205571174621582
1.4000378847122192;1.2061009407043457
1.3999382257461548;1.2060394287109375
1.3998771905899048;1.205873727798462
1.399767518043518;1.2046386003494263
1.3996800184249878;1.204633355140686
1.3996800184249878;1.2055679559707642
1.3997782468795776;1.2048890590667725
1.3997163772583008;1.205039143562317
1.3997827768325806;1.2047643661499023
1.3998651504516602;1.2044376134872437
1.3997164964675903;1.2043612003326416
1.3996953964233398;1.2055319547653198
1.3998526334762573;1.2056602239608765
1.399853229522705;1.204911231994629
1.3997864723205566;1.2055364847183228
1.3997554779052734;1.2050671577453613
1.400010585784912;1.205579400062561
1.3997418880462646;1.2051026821136475
1.3996953964233398;1.205082654953003
1.3996800184249878;1.204475998878479
1.399860143661499;1.2059638500213623
1.3997163772583008;1.2055586576461792
1.4000582695007324;1.2058838605880737
1.3997708559036255;1.2047040462493896
1.3998228311538696;1.205720067024231
1.3998537063598633;1.2051160335540771
1.3998712301254272;1.2050029039382935
1.3997961282730103;1.2049174308776855
1.3997960090637207;1.204605221748352
1.3997342586517334;1.2049542665481567
1.3997828960418701;1.2045373916625977
1.3998324871063232;1.2058628797531128
1.399764060974121;1.2048051357269287
1.3997498750686646;1.2052761316299438
1.3998370170593262;1.206544041633606
1.3997862339019775;1.204819679260254
1.399844765663147;1.206048607826233
1.3998476266860962;1.2051774263381958
1.3997044563293457;1.2041858434677124
1.3999470472335815;1.2052003145217896
1.399819254875183;1.2046973705291748
1.3997548818588257;1.2047643661499023
1.3996590375900269;1.205467939376831
1.3997132778167725;1.204901099205017
1.3997132778167725;1.2058470249176025
1.3997162580490112;1.2048563957214355
1.399766445159912;1.2061799764633179
1.3996800184249878;1.2051218748092651
1.399951457977295;1.2051223516464233
1.3997163772583008;1.2052706480026245
1.3997663259506226;1.20547616481781
1.399709701538086;1.2046406269073486
1.3996472358703613;1.2054961919784546
1.3998267650604248;1.205623984336853
1.3997982740402222;1.2052178382873535
1.3999347686767578;1.2064709663391113
1.3997162580490112;1.20470130443573
1.3996682167053223;1.204734444618225
1.3996798992156982;1.2054755687713623
1.3997091054916382;1.2050628662109375
1.3998615741729736;1.2043700218200684
1.4000072479248047;1.2048295736312866
1.3998404741287231;1.2061275243759155
1.3998191356658936;1.204777479171753
1.3997598886489868;1.2056528329849243
1.3996798992156982;1.204513430595398
1.4000591039657593;1.2050836086273193
1.399909496307373;1.2050412893295288
1.3997143507003784;1.2060294151306152
1.3996800184249878;1.2041809558868408
1.3996765613555908;1.2048934698104858
1.3996590375900269;1.2054164409637451
1.3998262882232666;1.2052717208862305
1.3999247550964355;1.206437587738037
1.3998041152954102;1.2062087059020996
1.3997182846069336;1.204785943031311
1.39994478225708;1.2056227922439575
1.4002364873886108;1.2055944204330444
1.3997278213500977;1.2046409845352173
1.3999074697494507;1.2055768966674805
1.3997353315353394;1.2048691511154175
1.3997455835342407;1.2049672603607178
1.3997880220413208;1.2045530080795288
1.3999483585357666;1.2045259475708008
1.3997342586517334;1.2048832178115845
1.3997163772583008;1.204723834991455
1.399807333946228;1.205123782157898
1.3998050689697266;1.20501708984375
1.3997342586517334;1.2051737308502197
1.3999119997024536;1.205124020576477
1.3998690843582153;1.2053592205047607
1.3997983932495117;1.2046529054641724
1.3998746871948242;1.204785943031311
1.3997045755386353;1.2049871683120728
1.3997882604599;1.2050472497940063
1.3996590375900269;1.2058528661727905
1.3997163772583008;1.2052556276321411
1.3999707698822021;1.2053171396255493
1.3997273445129395;1.2047573328018188
1.3996953964233398;1.2042739391326904
1.3997128009796143;1.2056450843811035
1.3997619152069092;1.2061271667480469
1.3999204635620117;1.204463243484497
1.399678111076355;1.205239176750183
1.3997308015823364;1.2050039768218994
1.3996732234954834;1.2048331499099731
1.399697184562683;1.2050267457962036
1.3998324871063232;1.205246925354004
1.399749755859375;1.205300211906433
1.399777889251709;1.2058265209197998
1.3997132778167725;1.2049707174301147
1.3996591567993164;1.2043377161026
1.399766445159912;1.2048481702804565
1.3998805284500122;1.2056562900543213
1.399749755859375;1.2052838802337646
1.3998016119003296;1.205436110496521
1.3998808860778809;1.2055319547653198
1.3998477458953857;1.205162763595581
1.3998512029647827;1.2055537700653076
1.399661660194397;1.205467700958252
1.4001994132995605;1.2045999765396118
1.399735450744629;1.2053877115249634
1.399890422821045;1.2049663066864014
1.3996951580047607;1.205397367477417
1.399713397026062;1.2050228118896484
1.3996680974960327;1.2049400806427002
1.3998991250991821;1.204684853553772
1.3998161554336548;1.2048007249832153
1.399734377861023;1.2052240371704102
1.3997162580490112;1.2051818370819092
1.3997089862823486;1.2048180103302002
1.3997983932495117;1.204825520515442
1.3996764421463013;1.2044894695281982
1.3998069763183594;1.2048147916793823
1.3997983932495117;1.2043551206588745
1.3998323678970337;1.2055100202560425
1.3998477458953857;1.2046468257904053
1.399734377861023;1.2042123079299927
1.3998205661773682;1.2056583166122437
1.4001123905181885;1.2057037353515625
1.3997706174850464;1.2048959732055664
1.4000442028045654;1.2054086923599243
1.3998055458068848;1.2051262855529785
1.3997299671173096;1.2051348686218262
1.399985671043396;1.205169677734375
1.39983069896698;1.205643653869629
1.4000458717346191;1.2052935361862183
1.3997224569320679;1.2054985761642456
1.3997979164123535;1.2060095071792603
1.4000227451324463;1.205604910850525
1.3998206853866577;1.205809235572815
1.3997045755386353;1.2055647373199463
1.3996953964233398;1.2045437097549438
1.3998324871063232;1.205351710319519
1.3997973203659058;1.205021858215332
1.3998016119003296;1.2059201002120972
1.4000409841537476;1.2056052684783936
1.3996682167053223;1.204820990562439
1.3997572660446167;1.20484459400177
1.399741768836975;1.2050119638442993
1.3997461795806885;1.2051739692687988
1.3997547626495361;1.2050514221191406
1.399778127670288;1.205819010734558
1.3998709917068481;1.2048288583755493
1.3998287916183472;1.2047702074050903
1.3997864723205566;1.2045142650604248
1.3998830318450928;1.204583764076233
1.3998336791992188;1.2050132751464844
1.3997982740402222;1.2048718929290771
1.3998440504074097;1.2052912712097168
1.3996953964233398;1.204211711883545
1.3996801376342773;1.2052916288375854
1.3997962474822998;1.2049702405929565
1.3998026847839355;1.2054435014724731
1.399770736694336;1.204274296760559
1.3998512029647827;1.204521894454956
1.399865984916687;1.206221103668213
1.3997708559036255;1.2051070928573608
1.3998072147369385;1.2049473524093628
1.3996798992156982;1.205539584159851
1.3998987674713135;1.2054976224899292
1.399778127670288;1.204801082611084
1.3997163772583008;1.2058240175247192
1.3997418880462646;1.2062729597091675
1.399825096130371;1.2053080797195435
1.3997342586517334;1.205708622932434
1.3999238014221191;1.205787181854248
1.3998286724090576;1.2053695917129517
1.3997572660446167;1.2048507928848267
1.3997782468795776;1.2051968574523926
1.3998749256134033;1.2054656744003296
1.3999356031417847;1.2055001258850098
1.399749517440796;1.2049052715301514
1.3997098207473755;1.2052440643310547
1.39976966381073;1.2049247026443481
1.3999571800231934;1.2052233219146729
1.3996572494506836;1.2054743766784668
1.3997962474822998;1.2043371200561523
1.3998404741287231;1.2053786516189575
1.3997045755386353;1.2063701152801514
1.3998839855194092;1.2048819065093994
1.3997381925582886;1.205974817276001
1.3999313116073608;1.2062448263168335
1.3998701572418213;1.2062429189682007
1.3998074531555176;1.2048143148422241
1.3998326063156128;1.2047550678253174
1.3998613357543945;1.205845832824707
1.3997163772583008;1.205202579498291
1.399825096130371;1.2051645517349243
1.3997704982757568;1.2047864198684692
1.3997983932495117;1.2047802209854126
1.4000401496887207;1.2058748006820679
1.3997762203216553;1.2054036855697632
1.3998268842697144;1.2054082155227661
1.3997571468353271;1.2057652473449707
1.3997501134872437;1.204927921295166
1.3999145030975342;1.2049719095230103
1.3997961282730103;1.2042030096054077
1.3996953964233398;1.2049568891525269
1.3998277187347412;1.2042969465255737
1.399800181388855;1.2051268815994263
1.3997571468353271;1.2052232027053833
1.4000334739685059;1.206035852432251
1.3997834920883179;1.2042951583862305
1.3999364376068115;1.2050416469573975
1.399749755859375;1.2059415578842163
1.3997669219970703;1.2051117420196533
1.3997972011566162;1.2050927877426147
1.3997751474380493;1.20542311668396
1.3998475074768066;1.205162763595581
1.3996835947036743;1.204375982284546
1.3997589349746704;1.2057098150253296
1.3997162580490112;1.204936146736145
1.3997706174850464;1.2048932313919067
1.399778127670288;1.2040764093399048
1.3996953964233398;1.205578088760376
1.3997163772583008;1.206051230430603
1.3998332023620605;1.2049617767333984
1.399819254875183;1.2049461603164673
1.3999115228652954;1.2070441246032715
1.3998162746429443;1.2049354314804077
1.399713397026062;1.2055209875106812
1.3997163772583008;1.2051793336868286
1.3997342586517334;1.2052786350250244
1.399778127670288;1.2055106163024902
1.3998323678970337;1.2059249877929688
1.400166392326355;1.2045490741729736
1.399953842163086;1.2050046920776367
1.399715781211853;1.2054603099822998
1.3997163772583008;1.205033540725708
1.3997862339019775;1.2052345275878906
1.3998808860778809;1.2056034803390503
1.3998253345489502;1.2058429718017578
1.3997045755386353;1.2049609422683716
1.3996472358703613;1.2039645910263062
1.399883508682251;1.205184817314148
1.3997961282730103;1.2046313285827637
1.399824619293213;1.2052744626998901
1.399693489074707;1.2047710418701172
1.3997917175292969;1.2059006690979004
1.3999024629592896;1.205290675163269
1.399741768836975;1.2051416635513306
1.399816632270813;1.205387830734253
1.3998810052871704;1.2059301137924194
1.3998090028762817;1.2056005001068115
1.3998767137527466;1.2048627138137817
1.3997764587402344;1.2061816453933716
1.3997708559036255;1.2054791450500488
1.3996590375900269;1.2048406600952148
1.3998115062713623;1.2051033973693848
1.3999073505401611;1.204951286315918
1.399997353553772;1.2068655490875244
1.3998336791992188;1.2062304019927979
1.4000122547149658;1.2053413391113281
1.3999193906784058;1.204872488975525
1.399807333946228;1.204422116279602
1.4001487493515015;1.2051105499267578
1.3997418880462646;1.2053422927856445
1.3996800184249878;1.2055389881134033
1.3998454809188843;1.2051738500595093
1.399778127670288;1.204837441444397
1.3997962474822998;1.2045817375183105
1.3996473550796509;1.204746127128601
1.399733543395996;1.2048429250717163
1.3996800184249878;1.2037428617477417
1.3997764587402344;1.2058782577514648
1.3996800184249878;1.2059818506240845
1.3997704982757568;1.2044472694396973
1.3997418880462646;1.2040774822235107
1.3997163772583008;1.2050641775131226
1.3996949195861816;1.2053850889205933
1.3998830318450928;1.2050154209136963
1.3998205661773682;1.204601526260376
1.3998126983642578;1.2055943012237549
1.4000046253204346;1.205305814743042
1.399764060974121;1.205480694770813
1.3997960090637207;1.204563021659851
1.3996953964233398;1.2060754299163818
1.3998866081237793;1.2043508291244507
1.3996590375900269;1.2045443058013916
1.3997224569320679;1.2044222354888916
1.3997163772583008;1.204911708831787
1.3997702598571777;1.2054110765457153
1.3996734619140625;1.2057017087936401
1.3998208045959473;1.2046257257461548
1.3998324871063232;1.205226182937622
1.399824857711792;1.2055881023406982
1.3997209072113037;1.2054908275604248
1.3997342586517334;1.2052322626113892
1.399770736694336;1.2051225900650024
1.3996682167053223;1.2049390077590942
1.3998997211456299;1.2063971757888794
1.3996646404266357;1.205108880996704
1.4000002145767212;1.205548882484436
1.3997209072113037;1.205660343170166
1.3996682167053223;1.2051148414611816
1.3998157978057861;1.2059696912765503
1.39975905418396;1.205122470855713
1.399661660194397;1.2051684856414795
1.3996798992156982;1.205017328262329
1.3998780250549316;1.204582691192627
1.3996800184249878;1.2044486999511719
1.399661660194397;1.2053272724151611
1.399791955947876;1.2051374912261963
1.3996798992156982;1.2043993473052979
1.399770736694336;1.2053124904632568
1.3997706174850464;1.205027461051941
1.3997589349746704;1.205536127090454
1.399764060974121;1.2050236463546753
1.399701476097107;1.2052448987960815
1.399819254875183;1.2054516077041626
1.3998072147369385;1.205137014389038
1.3997342586517334;1.204509973526001
1.3996472358703613;1.2051485776901245
1.3997793197631836;1.2063534259796143
1.3997619152069092;1.204782247543335
1.399816870689392;1.2054424285888672
1.3997522592544556;1.2055776119232178
1.4000999927520752;1.206640362739563
1.3998615741729736;1.2052440643310547
1.3997752666473389;1.2046838998794556
1.3997418880462646;1.204921841621399
1.3997554779052734;1.2052348852157593
1.3999571800231934;1.2053426504135132
1.3997751474380493;1.2052035331726074
1.399734377861023;1.2048845291137695
1.3996800184249878;1.205322265625
1.3997642993927002;1.205471396446228
1.3997782468795776;1.2052931785583496
1.399701476097107;1.2047581672668457
1.3996782302856445;1.205517292022705
1.3997572660446167;1.2053903341293335
1.399673581123352;1.2065943479537964
1.3998526334762573;1.2045738697052002
1.3997163772583008;1.2053349018096924
1.3997225761413574;1.204324722290039
1.399968147277832;1.2056022882461548
1.3997225761413574;1.2039093971252441
1.3998161554336548;1.2050340175628662
1.3996953964233398;1.2060991525650024
1.3996953964233398;1.2048810720443726
1.3999066352844238;1.2059611082077026
1.3999381065368652;1.2054049968719482
1.3997763395309448;1.2048301696777344
1.3996590375900269;1.2051751613616943
1.399770736694336;1.2043262720108032
1.399877905845642;1.205614686012268
1.399851679801941;1.2056760787963867
1.3997960090637207;1.204892635345459
1.3997828960418701;1.204116940498352
1.3996834754943848;1.204511046409607
1.3997209072113037;1.2047224044799805
1.3998613357543945;1.2043877840042114
1.3997641801834106;1.2047253847122192
1.3997353315353394;1.2050291299819946
1.3997794389724731;1.2048691511154175
1.3998291492462158;1.2055912017822266
1.3998792171478271;1.205870509147644
1.3997068405151367;1.2054641246795654
1.4000294208526611;1.2053366899490356
1.3997547626495361;1.204695463180542
1.3998172283172607;1.2054377794265747
1.400038242340088;1.2048462629318237
1.399774432182312;1.2044719457626343
1.399774193763733;1.2057538032531738
1.3997209072113037;1.204723596572876
1.3997960090637207;1.2053622007369995
1.3997704982757568;1.205055594444275
1.3998323678970337;1.2052831649780273
1.3997828960418701;1.2053477764129639
1.3998324871063232;1.2048990726470947
1.399770736694336;1.2052026987075806
1.3997496366500854;1.2049577236175537
1.399749755859375;1.2043602466583252
1.399718999862671;1.2049132585525513
1.3997418880462646;1.2051570415496826
1.3996800184249878;1.2048293352127075
1.39975905418396;1.2064605951309204
1.3997782468795776;1.2051570415496826
1.3997862339019775;1.2052485942840576
1.3997864723205566;1.2063183784484863
1.399778127670288;1.2046256065368652
1.3998734951019287;1.2045934200286865
1.3996798992156982;1.2053076028823853
1.399770736694336;1.2051624059677124
1.3997572660446167;1.204338550567627
1.3998408317565918;1.2055855989456177
1.3996798992156982;1.2047905921936035
1.399877905845642;1.2044239044189453
1.399935245513916;1.2050620317459106
1.3997998237609863;1.205150842666626
1.3997418880462646;1.20500648021698
1.3997619152069092;1.204859733581543
1.3996682167053223;1.2044600248336792
1.3996953964233398;1.204999566078186
1.39975905418396;1.2047436237335205
1.3997588157653809;1.205733299255371
1.3997166156768799;1.2051321268081665
1.4000388383865356;1.2053747177124023
1.3997704982757568;1.205641746520996
1.3997163772583008;1.2054251432418823
1.3996590375900269;1.2047579288482666
1.3997299671173096;1.2051756381988525
1.3999505043029785;1.204936146736145
1.3996682167053223;1.2045469284057617
1.3997278213500977;1.205461859703064
1.3997706174850464;1.2050632238388062
1.399778127670288;1.2044848203659058
1.399890661239624;1.205775499343872
1.3999512195587158;1.2058377265930176
1.3997209072113037;1.2040733098983765
1.3997588157653809;1.204142451286316
1.399825096130371;1.2045907974243164
1.3997454643249512;1.205926775932312
1.3997960090637207;1.205916166305542
1.3998690843582153;1.2046177387237549
1.3998746871948242;1.2050654888153076
1.3998324871063232;1.2050104141235352
1.3998034000396729;1.2049843072891235
1.3997045755386353;1.2055566310882568
1.399825096130371;1.2053276300430298
1.3996591567993164;1.2058284282684326
1.3998651504516602;1.2054775953292847
1.3996800184249878;1.2045249938964844
1.3996953964233398;1.204493761062622
1.3998186588287354;1.205548882484436
1.3998881578445435;1.205609679222107
1.3998041152954102;1.2054345607757568
1.3998578786849976;1.2052159309387207
1.4000262022018433;1.2051364183425903
1.3998446464538574;1.205569863319397
1.399980902671814;1.2045798301696777
1.3996682167053223;1.205370306968689
1.399876356124878;1.2055927515029907
1.3996472358703613;1.2056933641433716
1.3997706174850464;1.2052732706069946
1.399847149848938;1.2061303853988647
1.3997620344161987;1.2051681280136108
1.3996591567993164;1.204915165901184
1.3997547626495361;1.2052806615829468
1.399774432182312;1.2053459882736206
1.3997132778167725;1.2054165601730347
1.3999733924865723;1.2055662870407104
1.3997163772583008;1.2048170566558838
1.3997706174850464;1.2048382759094238
1.4000048637390137;1.2054390907287598
1.3998734951019287;1.2051202058792114
1.399801254272461;1.2047892808914185
1.3996682167053223;1.204689860343933
1.3999675512313843;1.2053747177124023
1.399743914604187;1.2055823802947998
1.3997207880020142;1.2063124179840088
1.3997974395751953;1.206079125404358
1.399693489074707;1.2045799493789673
1.3998467922210693;1.2047739028930664
1.3998886346817017;1.2055697441101074
1.3999792337417603;1.205811619758606
1.3996953964233398;1.2047747373580933
1.399749755859375;1.2054328918457031
1.3999334573745728;1.2055931091308594
1.399887204170227;1.2044731378555298
1.3997862339019775;1.204460620880127
1.3997888565063477;1.2060105800628662
1.399764060974121;1.205751657485962
1.3997572660446167;1.2057225704193115
1.3997355699539185;1.2050845623016357
1.3997098207473755;1.2061997652053833
1.400024652481079;1.2057446241378784
1.4000766277313232;1.2049609422683716
1.3997429609298706;1.20455801486969
1.3997418880462646;1.2042039632797241
1.3996963500976562;1.2054511308670044
1.3997163772583008;1.204520344734192
1.3997132778167725;1.2053295373916626
1.399741768836975;1.2049446105957031
1.399741768836975;1.2066972255706787
1.3997132778167725;1.2055155038833618
1.3998613357543945;1.2065370082855225
1.399695634841919;1.2045258283615112
1.4000170230865479;1.206287145614624
1.3998324871063232;1.2047284841537476
1.399795413017273;1.204594373703003
1.3997961282730103;1.2047715187072754
1.3997794389724731;1.2055360078811646
1.3997952938079834;1.2051770687103271
1.3997708559036255;1.2046157121658325
1.3996734619140625;1.2047125101089478
1.399807095527649;1.2045949697494507
1.3999179601669312;1.205767035484314
1.3996591567993164;1.204752802848816
1.3996953964233398;1.2053227424621582
1.3997379541397095;1.2065210342407227
1.3999264240264893;1.2051653861999512
1.3996591567993164;1.2050446271896362
1.3997842073440552;1.204459547996521
1.399778127670288;1.2048977613449097
1.3997342586517334;1.2048016786575317
1.3998446464538574;1.2049998044967651
1.3998382091522217;1.2058473825454712
1.399951457977295;1.2061479091644287
1.3996953964233398;1.204521894454956
1.399672508239746;1.2057369947433472
1.3998616933822632;1.2063112258911133
1.3996508121490479;1.2054082155227661
1.3997828960418701;1.2055225372314453
1.3997862339019775;1.2049614191055298
1.4001344442367554;1.2056920528411865
1.3996961116790771;1.2050986289978027
1.3998523950576782;1.204978108406067
1.3997209072113037;1.2043416500091553
1.3999958038330078;1.20505690574646
1.3999269008636475;1.204676628112793
1.3996919393539429;1.2054988145828247
1.3998475074768066;1.2055999040603638
1.3997225761413574;1.2058764696121216
1.3998346328735352;1.2051805257797241
1.399865984916687;1.2052478790283203
1.3998441696166992;1.2065579891204834
1.3997163772583008;1.2045698165893555
1.399888277053833;1.2057479619979858
1.3998323678970337;1.2052011489868164
1.3999024629592896;1.2057549953460693
1.3998775482177734;1.2054781913757324
1.3998316526412964;1.2050738334655762
1.3999093770980835;1.2054518461227417
1.3997044563293457;1.2048004865646362
1.3996800184249878;1.2050336599349976
1.3997418880462646;1.205688714981079
1.3997098207473755;1.205151081085205
1.3999238014221191;1.2056382894515991
1.399819254875183;1.2059284448623657
1.3998808860778809;1.2052334547042847
1.3997695446014404;1.2056609392166138
1.3997164964675903;1.2054463624954224
1.399714469909668;1.2058266401290894
1.39988112449646;1.2057164907455444
1.3998091220855713;1.2053344249725342
1.3997642993927002;1.2055860757827759
1.3997547626495361;1.2051172256469727
1.3996734619140625;1.2066222429275513
1.3999167680740356;1.2050657272338867
1.399810552597046;1.2049533128738403
1.3997163772583008;1.204993486404419
1.399701714515686;1.2048176527023315
1.3997224569320679;1.2053277492523193
1.3998422622680664;1.204074501991272
1.3997209072113037;1.204187035560608
1.3996800184249878;1.205884575843811
1.3998072147369385;1.205569863319397
