TV;KL
1.2721729278564453;4.49246883392334
0.4711795151233673;0.5438488721847534
0.33919692039489746;0.2348390817642212
0.29745328426361084;0.15968245267868042
0.24461638927459717;0.10403690487146378
0.22549812495708466;0.07716524600982666
0.1932070106267929;0.05845118314027786
0.19401228427886963;0.05303065478801727
0.16867639124393463;0.0389602929353714
0.16715770959854126;0.03591180592775345
0.1679113507270813;0.03578618913888931
0.14910855889320374;0.02866002731025219
0.14601737260818481;0.027129463851451874
0.14027565717697144;0.02221554145216942
0.1355639398097992;0.0229736790060997
0.12379605323076248;0.017946863546967506
0.12442529946565628;0.01892370544373989
0.12304796278476715;0.016918716952204704
0.11495223641395569;0.014695565216243267
0.11436323821544647;0.014416634105145931
0.115409255027771;0.014264410361647606
0.10734187066555023;0.013890772126615047
0.11940473318099976;0.015396865084767342
0.11914052814245224;0.013626685366034508
0.11184656620025635;0.013620223850011826
0.11528383195400238;0.014288097620010376
0.11577248573303223;0.013523884117603302
0.10876459628343582;0.01220716629177332
0.0885215625166893;0.00826304405927658
0.1060483306646347;0.011717360466718674
0.10005626082420349;0.011917445808649063
0.10122428834438324;0.011880556121468544
0.10280463099479675;0.010554319247603416
0.10543610900640488;0.011680662631988525
0.09323237836360931;0.009327426552772522
0.1053159087896347;0.011936595663428307
0.09801562130451202;0.012088844552636147
0.08878423273563385;0.008588261902332306
0.10960163921117783;0.012269889935851097
0.10597235709428787;0.012217080220580101
0.09055911004543304;0.009827541187405586
0.09668266773223877;0.010355165228247643
0.1049012765288353;0.011723317205905914
0.10873749852180481;0.011494359001517296
0.0945734828710556;0.009446818381547928
0.09746405482292175;0.00953107513487339
0.09429141879081726;0.010572630912065506
0.1010245680809021;0.009637396782636642
0.09245502948760986;0.008955920115113258
0.0889056921005249;0.00978517159819603
0.09368517994880676;0.010308699682354927
0.09796653687953949;0.009971898049116135
0.10540075600147247;0.009650101885199547
0.08902594447135925;0.009899210184812546
0.09442895650863647;0.009199807420372963
0.08983335644006729;0.00965854525566101
0.08918465673923492;0.010269876569509506
0.09342144429683685;0.008976578712463379
0.08608271181583405;0.008693894371390343
0.10075049102306366;0.011394916102290154
0.08729690313339233;0.009114831686019897
0.10563503205776215;0.010355358943343163
0.0819496288895607;0.008855612948536873
0.09102268517017365;0.009807733818888664
0.09096617251634598;0.009259851649403572
0.09769055247306824;0.010955451056361198
0.08875378966331482;0.008754894137382507
0.09586703032255173;0.01000264473259449
0.09585946798324585;0.010086921975016594
0.0931994691491127;0.00862058624625206
0.09275607764720917;0.010455166921019554
0.09288712590932846;0.009771909564733505
0.09782232344150543;0.010518888011574745
0.08717243373394012;0.00865352712571621
0.097101591527462;0.010098490864038467
0.09213188290596008;0.009470338001847267
0.08593176305294037;0.008406044915318489
0.10152938216924667;0.010451072826981544
0.0964340791106224;0.009679093956947327
0.09796664118766785;0.010161058977246284
0.09079019725322723;0.009220832958817482
0.09757537394762039;0.009448911994695663
0.08993697166442871;0.008824361488223076
0.0987776517868042;0.010739007964730263
0.09504710882902145;0.00982944667339325
0.10254466533660889;0.010863970965147018
0.09220463782548904;0.008619964122772217
0.09834848344326019;0.0111955925822258
0.09289566427469254;0.008434461429715157
0.08798427879810333;0.008706368505954742
0.08584834635257721;0.007856573909521103
0.07830072194337845;0.0074928514659404755
0.09516233205795288;0.00996888242661953
0.09288312494754791;0.009565826505422592
0.08655619621276855;0.008878806605935097
0.09112215042114258;0.008750079199671745
0.09246765077114105;0.00850992277264595
0.09868752956390381;0.009549319744110107
0.08721628785133362;0.010356863960623741
0.09238003194332123;0.009154494851827621
0.10051968693733215;0.010622749105095863
0.09370197355747223;0.010281635448336601
0.09105729311704636;0.009318873286247253
0.09534364938735962;0.010276366025209427
0.09435445815324783;0.010028710588812828
0.09584588557481766;0.009021757170557976
0.08751171827316284;0.008990449830889702
0.08203966170549393;0.008013240993022919
0.09307027608156204;0.00973898358643055
0.08391997963190079;0.009060749784111977
0.09131389111280441;0.009767986834049225
0.09250184148550034;0.009526416659355164
0.09832774102687836;0.010915325954556465
0.09849900007247925;0.010620258748531342
0.09326764941215515;0.011036021634936333
0.09172901511192322;0.009208738803863525
0.10099615901708603;0.011011699214577675
0.08654841780662537;0.009470880031585693
0.08898915350437164;0.009712966158986092
0.09457236528396606;0.009416855871677399
0.09714541584253311;0.008947223424911499
0.09158416092395782;0.009486505761742592
0.09058336913585663;0.010044297203421593
0.09537504613399506;0.009512791410088539
0.08795630931854248;0.00865263119339943
0.09273438155651093;0.009591370820999146
0.09696143865585327;0.009681180119514465
0.09348364174365997;0.009428735822439194
0.0965009480714798;0.009970897808670998
0.08962221443653107;0.00961928628385067
0.08935805410146713;0.008366987109184265
0.09163212031126022;0.009170643985271454
0.10063385218381882;0.009900161996483803
0.09350080043077469;0.008335920050740242
0.08744105696678162;0.008683571591973305
0.08576533198356628;0.009256687015295029
0.0927952378988266;0.01062646135687828
0.08708374947309494;0.008926717564463615
0.08203354477882385;0.008219674229621887
0.0948885828256607;0.010146338492631912
0.08878916501998901;0.00889754481613636
0.0970676839351654;0.010056328028440475
0.09328732639551163;0.01006382331252098
0.09402811527252197;0.009558502584695816
0.08933526277542114;0.009351877495646477
0.08979292958974838;0.008564047515392303
0.08969459682703018;0.009069474413990974
0.0864095687866211;0.009654095396399498
0.0971759632229805;0.00989149697124958
0.09112105518579483;0.00918576493859291
0.08935745060443878;0.009201107546687126
0.08673848956823349;0.00836595892906189
0.09726296365261078;0.009115330874919891
0.09328004717826843;0.00813809409737587
0.08652408421039581;0.009887054562568665
0.08382674306631088;0.008581886067986488
0.08894375711679459;0.00908258929848671
0.09011916816234589;0.00994868203997612
0.08949165791273117;0.009696558117866516
0.09318456053733826;0.00914878398180008
0.10203806310892105;0.011571532115340233
0.09835885465145111;0.010260522365570068
0.09602826833724976;0.01035408116877079
0.09211649000644684;0.009228816255927086
0.08772563189268112;0.008965248242020607
0.08657491207122803;0.009730787947773933
0.1045335978269577;0.010665301233530045
0.0888986587524414;0.009831670671701431
0.09830541908740997;0.010604342445731163
0.09710980951786041;0.009071879088878632
0.09886091947555542;0.011105956509709358
0.09069981426000595;0.009920943528413773
0.09878094494342804;0.009619873017072678
0.09244042634963989;0.009684169664978981
0.08485741913318634;0.009051449596881866
0.09328130632638931;0.009510912001132965
0.08690229058265686;0.009913749992847443
0.08396941423416138;0.008037589490413666
0.09457113593816757;0.009579939767718315
0.09120939671993256;0.009358389303088188
0.1007542759180069;0.010162251070141792
0.08677168190479279;0.008355828002095222
0.09637938439846039;0.010103223845362663
0.09524090588092804;0.010362688452005386
0.09031997621059418;0.009966159239411354
0.10442298650741577;0.011119002476334572
0.09225158393383026;0.009913234040141106
0.08901811391115189;0.008401531726121902
0.10026860237121582;0.01063654012978077
0.096886046230793;0.009405156597495079
0.0795670673251152;0.007320869714021683
0.1061994880437851;0.010701142251491547
0.08244123309850693;0.009071014821529388
0.09788008779287338;0.009684033691883087
0.09757339954376221;0.010663190856575966
0.09109114110469818;0.00905190035700798
0.08398368209600449;0.009158024564385414
0.09203726798295975;0.009811703115701675
0.08600856363773346;0.010476389899849892
0.1011618971824646;0.011752938851714134
0.09223282337188721;0.009699448943138123
0.09992986917495728;0.010539991781115532
0.10231998562812805;0.011216562241315842
0.09589937329292297;0.0100422203540802
0.08936315774917603;0.00899384543299675
0.0855209231376648;0.008945677429437637
0.09950539469718933;0.009009882807731628
0.09524847567081451;0.009531544521450996
0.08799310773611069;0.009355830028653145
0.09103481471538544;0.00889434665441513
0.10381202399730682;0.011668549850583076
0.09116320312023163;0.009601254016160965
0.09485465288162231;0.010599484667181969
0.08750025182962418;0.00910910964012146
0.09199093282222748;0.009104102849960327
0.10681131482124329;0.011477714404463768
0.09181977808475494;0.008671239018440247
0.09620022773742676;0.009227864444255829
0.08663155138492584;0.008419455960392952
0.09149900078773499;0.009441869333386421
0.09030084311962128;0.009384607896208763
0.08572882413864136;0.007661387324333191
0.08846677839756012;0.008521102368831635
0.09804302453994751;0.011269265785813332
0.09307502210140228;0.011086948215961456
0.09669362008571625;0.009256815537810326
0.0926329493522644;0.009920788928866386
0.09178204834461212;0.008045163005590439
0.08968806266784668;0.008842743933200836
0.08735373616218567;0.009195685386657715
0.09435053169727325;0.009909279644489288
0.10105928778648376;0.010413693264126778
0.09272852540016174;0.00988880917429924
0.09929172694683075;0.01013810932636261
0.08694387227296829;0.009685467928647995
0.09268011152744293;0.008436303585767746
0.09876354038715363;0.009179605171084404
0.09152372181415558;0.00929604284465313
0.09033890813589096;0.009519819170236588
0.09424115717411041;0.009857557713985443
0.08381614089012146;0.007791794836521149
0.08436230570077896;0.008857792243361473
0.08930341899394989;0.009036313742399216
0.10545986145734787;0.011617755517363548
0.09117712080478668;0.00912039540708065
0.10337541252374649;0.011495983228087425
0.0893421620130539;0.008923813700675964
0.08582380414009094;0.008106175810098648
0.09664124250411987;0.00986897386610508
0.09495209157466888;0.010680507868528366
0.10045623779296875;0.009973706677556038
0.08962416648864746;0.008154274895787239
0.09059437364339828;0.008612984791398048
0.09302645921707153;0.010067431256175041
0.09474247694015503;0.010708458721637726
0.09653430432081223;0.009363766759634018
0.09628621488809586;0.010953206568956375
0.09432942420244217;0.009956808760762215
0.09511125832796097;0.010079316794872284
0.08960061520338058;0.01023128628730774
0.08426157385110855;0.0085691437125206
0.09092245995998383;0.009408105164766312
0.08754821121692657;0.010231789201498032
0.09473276883363724;0.009500330314040184
0.08830513060092926;0.009912071749567986
0.0973348468542099;0.01005006767809391
0.08468575030565262;0.007834866642951965
0.08606508374214172;0.008379077538847923
0.0948113352060318;0.010185031220316887
0.0856107622385025;0.009253708645701408
0.0990934893488884;0.010317981243133545
0.08916373550891876;0.00869431160390377
0.09470288455486298;0.009003162384033203
0.08825793862342834;0.009158261120319366
0.09469367563724518;0.009204026311635971
0.09598307311534882;0.009465888142585754
0.09368106722831726;0.009858369827270508
0.09323813766241074;0.009141720831394196
0.09502148628234863;0.009232493117451668
0.09471060335636139;0.010206153616309166
0.10195370018482208;0.012385336682200432
0.09281459450721741;0.009227350354194641
0.09340982139110565;0.009459076449275017
0.09416424483060837;0.010327789932489395
0.09507573395967484;0.009816503152251244
0.08220019936561584;0.00716063380241394
0.0930720642209053;0.009882766753435135
0.09771024435758591;0.010203296318650246
0.08418447524309158;0.008522702381014824
0.09387753903865814;0.008957086130976677
0.08234904706478119;0.0088701993227005
0.08971934020519257;0.008723536506295204
0.0942801758646965;0.010540366172790527
0.09236869215965271;0.008766263723373413
0.08837385475635529;0.008948367089033127
0.07644200325012207;0.007266370579600334
0.08361607044935226;0.008078416809439659
0.08209975063800812;0.008302101865410805
0.09312953799962997;0.0099234189838171
0.08728611469268799;0.00983363576233387
0.09842556715011597;0.009974665939807892
0.08697664737701416;0.008453091606497765
0.09137000143527985;0.009171940386295319
0.10577982664108276;0.012060821056365967
0.09360844641923904;0.008911406621336937
0.09363160282373428;0.009835796430706978
0.09770460426807404;0.011087536811828613
0.08922072499990463;0.008518023416399956
0.094986192882061;0.010823255404829979
0.0946764126420021;0.009086646139621735
0.09108038991689682;0.009005660191178322
0.09173981845378876;0.008917540311813354
0.09190385043621063;0.010764943435788155
0.09560265392065048;0.009657707065343857
0.09995657205581665;0.01020638644695282
0.086006298661232;0.008423220366239548
0.09903118014335632;0.010363547131419182
0.09256573021411896;0.009868603199720383
0.08415669947862625;0.008537320420145988
0.09608687460422516;0.01032419502735138
0.09145307540893555;0.009435918182134628
0.09703809767961502;0.009196748957037926
0.09946072101593018;0.00993727520108223
0.09830967336893082;0.010580945760011673
0.0871146097779274;0.009089170023798943
0.08933490514755249;0.009296812117099762
0.09636776149272919;0.00953175313770771
0.0876646488904953;0.00859936885535717
0.0960918515920639;0.009236672893166542
0.09195064008235931;0.008878303691744804
0.08017506450414658;0.007647901773452759
0.09866228699684143;0.011151958256959915
0.09200340509414673;0.008578147739171982
0.0909477099776268;0.009044002741575241
0.09264837950468063;0.009413458406925201
0.09490907192230225;0.009155411273241043
0.09904655814170837;0.010447898879647255
0.09458552300930023;0.009331591427326202
0.1002437099814415;0.010148469358682632
0.09653941541910172;0.010024845600128174
0.08940810710191727;0.007987778633832932
0.09752299636602402;0.009651828557252884
0.09326629340648651;0.009927241131663322
0.08407631516456604;0.008228074759244919
0.09377363324165344;0.01001451350748539
0.08851982653141022;0.00858418270945549
0.10099281370639801;0.010176168754696846
0.09265627712011337;0.00931180827319622
0.08391843736171722;0.009429337456822395
0.0906500518321991;0.010053431615233421
0.08993890881538391;0.00928151048719883
0.09261460602283478;0.01019802875816822
0.08952385932207108;0.008902734145522118
0.08680551499128342;0.00999244675040245
0.10023144632577896;0.011220520362257957
0.09276740252971649;0.010301202535629272
0.08811628073453903;0.010458191856741905
0.09137597680091858;0.00941271148622036
0.08735644072294235;0.008572973310947418
0.09345490485429764;0.010150911286473274
0.10243383049964905;0.009692559018731117
0.0910845398902893;0.009835764765739441
0.1052466556429863;0.01288137398660183
0.09045340120792389;0.00960548222064972
0.09148930013179779;0.009573247283697128
0.08747149258852005;0.009431136772036552
0.08498530089855194;0.008561782538890839
0.09076384454965591;0.00874272733926773
0.09234604239463806;0.009449770674109459
0.08102104067802429;0.0075062718242406845
0.09251876920461655;0.008910845965147018
0.08373001217842102;0.008217999711632729
0.09324973821640015;0.009976131841540337
0.08921575546264648;0.008781366050243378
0.08386774361133575;0.007576512172818184
0.09878445416688919;0.010080024600028992
0.08981271088123322;0.00799347274005413
0.10751455277204514;0.009774502366781235
0.10505165159702301;0.010879136621952057
0.09917552769184113;0.010352447628974915
0.08066704869270325;0.00805738940834999
0.08811252564191818;0.009091643616557121
0.08966608345508575;0.009119244292378426
0.09392889589071274;0.009350556880235672
0.08674992620944977;0.00920276902616024
0.09591597318649292;0.010451357811689377
0.0955943614244461;0.009429499506950378
0.09814096242189407;0.011195341125130653
0.08614455163478851;0.00890175998210907
0.1044621467590332;0.011779028922319412
0.08547338843345642;0.008186867460608482
0.09202238917350769;0.009255627170205116
0.0976494625210762;0.009344421327114105
0.09879223257303238;0.010040465742349625
0.1039213240146637;0.011107301339507103
0.08329609781503677;0.007886826992034912
0.09203232079744339;0.008719725534319878
0.0895051509141922;0.009242352098226547
0.08914703875780106;0.009436644613742828
0.09136922657489777;0.009517751634120941
0.08669451624155045;0.009410884231328964
0.09389093518257141;0.00931287370622158
0.08166207373142242;0.008044717833399773
0.09525690972805023;0.009826615452766418
0.09234343469142914;0.009403334930539131
0.09234775602817535;0.00856616348028183
0.10057619214057922;0.011103546246886253
0.09267021715641022;0.010211559012532234
0.09120607376098633;0.009288566187024117
0.09907879680395126;0.010506350547075272
0.08988304436206818;0.008678019046783447
0.08967555314302444;0.008641138672828674
0.1006152480840683;0.009760824963450432
0.09183898568153381;0.008821085095405579
0.09389009326696396;0.009744342416524887
0.09104473143815994;0.008720550686120987
0.09550412744283676;0.010172663256525993
0.09344989061355591;0.009652217850089073
0.09440790861845016;0.010265054181218147
0.08025608211755753;0.00757833756506443
0.09257867932319641;0.009802427142858505
0.09384147822856903;0.009071003645658493
0.10227926820516586;0.011050213128328323
0.0883520245552063;0.00833156704902649
0.08586190640926361;0.007846467196941376
0.09812701493501663;0.011081747710704803
0.09589120745658875;0.009539702907204628
0.09724189341068268;0.01064944826066494
0.1004469096660614;0.010271083563566208
0.10268853604793549;0.010706089437007904
0.09800972789525986;0.010186253115534782
0.08886417001485825;0.00853683054447174
0.09505902230739594;0.00980173610150814
0.10445068776607513;0.010466799139976501
0.09267644584178925;0.008786359801888466
0.0982106626033783;0.010243391618132591
0.08048973977565765;0.008245613425970078
0.09728245437145233;0.011046022176742554
0.10151387751102448;0.011599620804190636
0.10242316871881485;0.01217421144247055
0.08551537990570068;0.007770828902721405
0.07934365421533585;0.0082334503531456
0.08458857238292694;0.008616968989372253
0.0966605395078659;0.009853048250079155
0.08443573862314224;0.00887400284409523
0.0970836728811264;0.010794062167406082
0.08260639011859894;0.007866818457841873
0.09557943791151047;0.010475587099790573
0.08480335772037506;0.008856723085045815
0.09022756665945053;0.008930424228310585
0.08247219771146774;0.007816759869456291
0.08297665417194366;0.008243689313530922
0.09723575413227081;0.010218875482678413
0.08735910058021545;0.009274914860725403
0.0920272171497345;0.009245425462722778
0.0877242311835289;0.009635403752326965
0.09755265712738037;0.010819125920534134
0.0854000449180603;0.00836436077952385
0.08840383589267731;0.008435167372226715
0.09437145292758942;0.010482518002390862
0.09638737142086029;0.009869493544101715
0.09858301281929016;0.0106316227465868
0.09529389441013336;0.010427344590425491
0.09808646142482758;0.011043485254049301
0.08111461997032166;0.00802169181406498
0.08723088353872299;0.008972613140940666
0.09006014466285706;0.008971881121397018
0.09070264548063278;0.009806035086512566
0.0949503630399704;0.009575948119163513
0.0907137393951416;0.008695023134350777
0.09329152852296829;0.008504552766680717
0.09826704859733582;0.010015729814767838
0.0925259068608284;0.009986773133277893
0.08897910267114639;0.008225934579968452
0.08993716537952423;0.010210005566477776
0.0926538035273552;0.009276390075683594
0.08949248492717743;0.009257908910512924
0.08760770410299301;0.00852235034108162
0.09196168184280396;0.008422883227467537
0.09437678009271622;0.00944545492529869
0.0900987833738327;0.009854497388005257
0.0919753834605217;0.009522845968604088
0.0936722680926323;0.010524842888116837
0.09736169874668121;0.009379126131534576
0.08681616187095642;0.008395420387387276
0.08980323374271393;0.008496101945638657
0.09037595987319946;0.009172456339001656
0.09484994411468506;0.00928129069507122
0.09886511415243149;0.010511515662074089
0.10746900737285614;0.013042064383625984
0.09434866905212402;0.010444648563861847
0.10393071174621582;0.011392615735530853
0.08817852288484573;0.009185610339045525
0.08754639327526093;0.00781874917447567
0.0880049541592598;0.007861113175749779
0.09018601477146149;0.009289028123021126
0.09089946746826172;0.009271075949072838
0.09256093204021454;0.01084044761955738
0.08857348561286926;0.008727476000785828
0.0923723354935646;0.010023752227425575
0.09335065633058548;0.0094009879976511
0.09334450960159302;0.009465198963880539
0.0830911248922348;0.008950738236308098
0.09545369446277618;0.009747384116053581
0.08942478895187378;0.010488048195838928
0.08839151263237;0.009183529764413834
0.08752134442329407;0.008340839296579361
0.08848512172698975;0.00807095319032669
0.09554287791252136;0.010259812697768211
0.09018777310848236;0.009424183517694473
0.09919560700654984;0.01017134077847004
0.09149473160505295;0.009517502039670944
0.09550224244594574;0.01114460825920105
0.10151415318250656;0.011445313692092896
0.09818598628044128;0.01000443659722805
0.08766092360019684;0.009774595499038696
0.08669303357601166;0.0090570617467165
0.0915883481502533;0.008453365415334702
0.09126535803079605;0.008807072415947914
0.08897953480482101;0.009132640436291695
0.09809824824333191;0.010326210409402847
0.09412176162004471;0.010813087224960327
0.079327292740345;0.008211500942707062
0.10698142647743225;0.011689666658639908
0.09423036873340607;0.008913544937968254
0.10148696601390839;0.011135688051581383
0.09904822707176208;0.009598426520824432
0.0897652730345726;0.008516648784279823
0.09014241397380829;0.009958233684301376
0.09273356199264526;0.009378844872117043
0.1059069037437439;0.011445613577961922
0.09117846935987473;0.009624304249882698
0.08156274259090424;0.006945975124835968
0.08972238004207611;0.009547177702188492
0.08742120862007141;0.008677620440721512
0.08289305865764618;0.008427174761891365
0.09493132680654526;0.010688938200473785
0.08536192774772644;0.00930294580757618
0.08787479996681213;0.009881308302283287
0.08766299486160278;0.008776221424341202
0.08891235291957855;0.007684467360377312
0.08320259302854538;0.008658826351165771
0.09141978621482849;0.01011427491903305
0.09089642763137817;0.008501464501023293
0.09140095114707947;0.00963144563138485
0.09185966104269028;0.009525289759039879
0.08781100809574127;0.009351911023259163
0.10114617645740509;0.010111648589372635
0.09857544302940369;0.010522520169615746
0.07736587524414062;0.008538670837879181
0.09306897968053818;0.009935449808835983
0.09671948850154877;0.008922651410102844
0.08908713608980179;0.008606921881437302
0.09530290216207504;0.009826485067605972
0.08630035817623138;0.008922204375267029
0.0900484099984169;0.009548606351017952
0.09634476155042648;0.009945515543222427
0.09156589210033417;0.009477728977799416
0.0936647355556488;0.009379588067531586
0.09789423644542694;0.010588888078927994
0.08569604158401489;0.00852421298623085
0.08959489315748215;0.01041397638618946
0.08894128352403641;0.008850965648889542
0.08931037783622742;0.010018561035394669
0.0864686518907547;0.00867580994963646
0.09131994843482971;0.010367799550294876
0.07632781565189362;0.0081565510481596
0.09389830380678177;0.009831104427576065
0.10194842517375946;0.010316302999854088
0.08564537763595581;0.008241929113864899
0.09317834675312042;0.009851142764091492
0.08443400263786316;0.008530078455805779
0.09124021232128143;0.009298542514443398
0.09968434274196625;0.010689763352274895
0.09536104649305344;0.009354697540402412
0.08745214343070984;0.009043475612998009
0.09350922703742981;0.009323883801698685
0.09691192954778671;0.009895885363221169
0.09078848361968994;0.010119311511516571
0.09020113945007324;0.009641202166676521
0.09926989674568176;0.010244108736515045
0.08899568021297455;0.008707981556653976
0.09898625314235687;0.010298352688550949
0.0856589823961258;0.008691888302564621
0.08155381679534912;0.009255383163690567
0.08717206120491028;0.008129967376589775
0.08625340461730957;0.009011289104819298
0.08821889758110046;0.00978901982307434
0.09799512475728989;0.009942170232534409
0.08850934356451035;0.008692014962434769
0.09662018716335297;0.009945565834641457
0.08818136155605316;0.007839793339371681
0.08677617460489273;0.009111233055591583
0.09586352109909058;0.010330673307180405
0.09660302102565765;0.010149538516998291
0.08916368335485458;0.008102664723992348
0.0885671004652977;0.007534842938184738
0.09616590291261673;0.009685194119811058
0.08537207543849945;0.009652268141508102
0.09247638285160065;0.009146969765424728
0.10391787439584732;0.012138515710830688
0.08822955191135406;0.009808085858821869
0.08629689365625381;0.00837688334286213
0.09470617771148682;0.009373312816023827
0.09482921659946442;0.009168131276965141
0.08777524530887604;0.008242707699537277
0.09466008841991425;0.009483104571700096
0.08784720301628113;0.008752679452300072
0.08608837425708771;0.00808989629149437
0.09015192091464996;0.008152777329087257
0.08522894978523254;0.008793942630290985
0.08570090681314468;0.009162437170743942
0.09080298244953156;0.009004512801766396
0.09090159833431244;0.009475884959101677
0.10159631073474884;0.010778607800602913
0.09008572995662689;0.008542818948626518
0.08603809773921967;0.008826958015561104
0.0927654504776001;0.010091369971632957
0.09168002009391785;0.009140927344560623
0.09063492715358734;0.010819558054208755
0.08919276297092438;0.010171819478273392
0.09632863104343414;0.010719431564211845
0.09748531132936478;0.010636575520038605
0.09405333548784256;0.009453793987631798
0.09243842959403992;0.009501459077000618
0.08835817128419876;0.008723573759198189
0.10221389681100845;0.010482128709554672
0.08724352717399597;0.008518464863300323
0.09878058731555939;0.009805092588067055
0.08744047582149506;0.010052582249045372
0.08785083144903183;0.009036185219883919
0.09447885304689407;0.00976356491446495
0.08847467601299286;0.009434327483177185
0.0950346365571022;0.009287960827350616
0.08358415961265564;0.008332222700119019
0.08881896734237671;0.008990276604890823
0.09528214484453201;0.010434092953801155
0.09176908433437347;0.009945385158061981
0.08761852979660034;0.009086893871426582
0.09574881196022034;0.01090141013264656
0.08674266189336777;0.008794067427515984
0.09901513159275055;0.011022759601473808
0.09088923037052155;0.009834354743361473
0.08835703134536743;0.009212769567966461
0.09884066134691238;0.009881583973765373
0.09067651629447937;0.008992165327072144
0.09057261049747467;0.009039141237735748
0.09908128529787064;0.00962836667895317
0.0928816869854927;0.010247260332107544
0.1001310795545578;0.010381260886788368
0.08677356690168381;0.008853919804096222
0.09027828276157379;0.009550701826810837
0.09490105509757996;0.010035103186964989
0.09696497768163681;0.010266657918691635
0.08931056410074234;0.008645420894026756
0.09378939121961594;0.009228803217411041
0.09776458144187927;0.00973723828792572
0.08901584148406982;0.009081082418560982
0.09731048345565796;0.010599205270409584
0.0849493071436882;0.008406564593315125
0.09869919717311859;0.010865822434425354
0.08924025297164917;0.008906761184334755
0.09876136481761932;0.010583648458123207
0.08474285155534744;0.007960855960845947
0.09662401676177979;0.009706627577543259
0.09771213680505753;0.010513335466384888
0.08549456298351288;0.007661346346139908
0.09538618475198746;0.010124238207936287
0.08936090022325516;0.009085258468985558
0.09325309097766876;0.009329885244369507
0.08977948129177094;0.009670345112681389
0.08760078996419907;0.009275635704398155
0.09270526468753815;0.010276362299919128
0.09916465729475021;0.011145178228616714
0.08695180714130402;0.00843292847275734
0.08849962055683136;0.0082237608730793
0.09996674954891205;0.010301269590854645
0.08477217704057693;0.008242407813668251
0.09245615452528;0.010320749133825302
0.09314770996570587;0.009488360956311226
0.08197307586669922;0.008130226284265518
0.09055188298225403;0.008875906467437744
0.09779955446720123;0.010899575427174568
0.08661927282810211;0.009015034884214401
0.09212741255760193;0.00962655246257782
0.10163870453834534;0.01119425892829895
0.09118413925170898;0.009728183969855309
0.08991151303052902;0.007802514359354973
0.08937504887580872;0.009020520374178886
0.09044095873832703;0.010448761284351349
0.09331828355789185;0.010981325060129166
0.08832679688930511;0.008832788094878197
0.08446745574474335;0.008298870176076889
0.09573178738355637;0.009451242163777351
0.09394682198762894;0.009400058537721634
0.08779972046613693;0.009261228144168854
0.09511613845825195;0.008795090019702911
0.09527577459812164;0.01086893118917942
0.08865924179553986;0.009378897026181221
0.10025918483734131;0.010813964530825615
0.09787321835756302;0.010945763438940048
0.09259803593158722;0.008682912215590477
0.08899583667516708;0.008921664208173752
0.09866452217102051;0.010056883096694946
0.08370345830917358;0.008114203810691833
0.10036079585552216;0.01013307087123394
0.09518135339021683;0.011501414701342583
0.08817456662654877;0.009981781244277954
0.09582531452178955;0.00969698652625084
0.09605953842401505;0.010678719729185104
0.08859299123287201;0.009203244000673294
0.09677252173423767;0.008689835667610168
0.08878107368946075;0.009242592379450798
0.0971500426530838;0.009892333298921585
0.09078001976013184;0.00963955745100975
0.07930862158536911;0.007661014795303345
0.08964644372463226;0.009113471955060959
0.09013328701257706;0.008535701781511307
0.10120022296905518;0.01053837314248085
0.08757388591766357;0.008637605234980583
0.09626157581806183;0.010003451257944107
0.10918743908405304;0.01308281160891056
0.09068509936332703;0.00868137739598751
0.09297099709510803;0.009404299780726433
0.09282652288675308;0.00992494449019432
0.08851754665374756;0.009038297459483147
0.09253469109535217;0.00865868665277958
0.09077617526054382;0.01072319969534874
0.10001176595687866;0.011165572330355644
0.09272850304841995;0.009503835812211037
0.08084876835346222;0.008262744173407555
0.08938543498516083;0.010092725977301598
0.08398039638996124;0.008624853566288948
0.09170850366353989;0.010202867910265923
0.09242533147335052;0.009340981021523476
0.09528636187314987;0.009961377829313278
0.09043300151824951;0.009309409186244011
0.08775857090950012;0.008197102695703506
0.10420899093151093;0.011105814948678017
0.09486283361911774;0.01022251881659031
0.09773219376802444;0.010263876989483833
0.10080777108669281;0.01074502058327198
0.09337642788887024;0.009449625387787819
0.08968087285757065;0.010180167853832245
0.11203011870384216;0.011887766420841217
0.10107332468032837;0.01097603514790535
0.08687172085046768;0.008939003571867943
0.08683492243289948;0.010700428858399391
0.0947096198797226;0.010060297325253487
0.0927780270576477;0.010141806676983833
0.0928538590669632;0.009873338043689728
0.08838445693254471;0.009490011259913445
0.10176149010658264;0.010613616555929184
0.09039635956287384;0.009165182709693909
0.08798341453075409;0.008943844586610794
0.09167073667049408;0.009456837549805641
0.09496229887008667;0.009568963199853897
0.09958694875240326;0.010230202227830887
0.08710548281669617;0.00877387821674347
0.10793168842792511;0.012207409366965294
0.1000087708234787;0.010737314820289612
0.09468777477741241;0.009854156523942947
0.0916806310415268;0.008667409420013428
0.08561421930789948;0.008171936497092247
0.09528893232345581;0.010902859270572662
0.10020695626735687;0.010566363111138344
0.09701618552207947;0.009893154725432396
0.08697979897260666;0.008474871516227722
0.09265461564064026;0.009027006104588509
0.09529393911361694;0.009298251941800117
0.09604423493146896;0.009819310158491135
0.08940524607896805;0.009328791871666908
0.09291526675224304;0.009373337030410767
0.09479837864637375;0.01018638163805008
0.0965605080127716;0.009725231677293777
0.0985395610332489;0.0098017118871212
0.10251256078481674;0.010281218215823174
0.09186926484107971;0.010274143889546394
0.09052757173776627;0.010146146640181541
0.09022125601768494;0.009890422224998474
0.08762696385383606;0.0075219497084617615
0.1017918735742569;0.010915732011198997
0.1045646145939827;0.01101011224091053
0.0884435847401619;0.00977264903485775
0.08848866820335388;0.008868476375937462
0.09033098816871643;0.008465221151709557
0.10269042104482651;0.010914960876107216
0.10221052169799805;0.010519759729504585
0.09416346251964569;0.010309170931577682
0.09295492619276047;0.00945001095533371
0.08879347145557404;0.008781377226114273
0.08735987544059753;0.00802786834537983
0.08396680653095245;0.007434111088514328
0.0963612049818039;0.0103919617831707
0.09272496402263641;0.010008124634623528
0.09166494011878967;0.009583218023180962
0.08358020335435867;0.008304400369524956
0.09492725133895874;0.010327756404876709
0.08858338743448257;0.009167293086647987
0.09569912403821945;0.009793529286980629
0.08556327223777771;0.009131167083978653
0.0908460021018982;0.008188523352146149
0.09157336503267288;0.009100094437599182
0.10191285610198975;0.00994516909122467
0.09692777693271637;0.009698403999209404
0.09184979647397995;0.009044498205184937
0.09101074934005737;0.009250489994883537
0.09846456348896027;0.009981386363506317
0.0937986671924591;0.010303787887096405
0.09622609615325928;0.011141419410705566
0.09099575877189636;0.009724421426653862
0.0898689404129982;0.009384263306856155
0.09242911636829376;0.00936131738126278
0.09030282497406006;0.008439408615231514
0.09285501390695572;0.010044477880001068
0.09982986748218536;0.009820964187383652
0.09454508125782013;0.009608397260308266
0.08793535828590393;0.008911771699786186
0.09918896853923798;0.010872384533286095
0.0949912816286087;0.009471409022808075
0.0862601101398468;0.00915839895606041
0.09616287052631378;0.010455306619405746
0.09938888251781464;0.010368915274739265
0.0907796248793602;0.008043613284826279
0.0826839730143547;0.00852295570075512
0.09571162611246109;0.009498579427599907
0.09927941858768463;0.011189434677362442
0.09668838977813721;0.009675031527876854
0.08806036412715912;0.008452773094177246
0.09505763649940491;0.009880177676677704
0.08627065271139145;0.008434804156422615
0.10238853096961975;0.010679299011826515
0.09118513762950897;0.008767440915107727
0.08818958699703217;0.008272744715213776
0.09113048017024994;0.009953869506716728
0.09793120622634888;0.01007734052836895
0.09400854259729385;0.009846361353993416
0.09123478829860687;0.009333580732345581
0.09421072900295258;0.010325102135539055
0.08508757501840591;0.007951084524393082
0.08428004384040833;0.008364802226424217
0.09359543770551682;0.010371170938014984
0.09996077418327332;0.011009324342012405
0.0889308899641037;0.00919102318584919
0.09668269753456116;0.010604975745081902
0.09015737473964691;0.009219156578183174
0.09075647592544556;0.008550284430384636
0.078865647315979;0.0077939946204423904
0.0895724818110466;0.008879916742444038
0.08986789733171463;0.008616864681243896
0.09781688451766968;0.009432941675186157
0.0991889089345932;0.009723292663693428
0.09381218999624252;0.009792119264602661
0.09519769251346588;0.010016657412052155
0.08707793056964874;0.008585454896092415
0.09603312611579895;0.010197877883911133
0.09494247287511826;0.010668383911252022
0.09334679692983627;0.009446335956454277
0.0920255035161972;0.009571593254804611
0.09868305921554565;0.010789642110466957
0.09220170974731445;0.00887695699930191
0.10216227918863297;0.011192981153726578
0.09087782353162766;0.009189395233988762
0.09499472379684448;0.009271766990423203
0.09242168068885803;0.009217087179422379
0.08609803020954132;0.008788306266069412
0.09097890555858612;0.009137250483036041
0.09962975978851318;0.010089630261063576
0.08887211978435516;0.00833820179104805
0.09914939105510712;0.010336196050047874
0.08104598522186279;0.008657753467559814
0.0911683663725853;0.008777840062975883
0.09743839502334595;0.010496281087398529
0.10044737905263901;0.009417133405804634
0.09067556262016296;0.008694123476743698
0.08654843270778656;0.009179484099149704
0.08647569268941879;0.00798187404870987
0.09644681215286255;0.009916665032505989
0.10131910443305969;0.009342348203063011
0.10468504577875137;0.011207057163119316
0.08817019313573837;0.00876905582845211
0.09414233267307281;0.009485738351941109
0.09264994412660599;0.00858505442738533
0.08267033100128174;0.008564883843064308
0.08566820621490479;0.008707631379365921
0.0924064964056015;0.008367806673049927
0.09163956344127655;0.010225323960185051
0.09521449357271194;0.0094356220215559
0.10159727931022644;0.011110574007034302
0.09775941073894501;0.00909818522632122
0.08750695735216141;0.009555799886584282
0.08905096352100372;0.008522538468241692
0.08626987040042877;0.008525583893060684
0.0916256234049797;0.010788360610604286
0.08956968039274216;0.01000848226249218
0.0850895419716835;0.00911661610007286
0.09941869229078293;0.010685700923204422
0.0984976515173912;0.010117677971720695
0.0950574278831482;0.009513840079307556
0.09732319414615631;0.010735690593719482
0.09048552811145782;0.008117960765957832
0.08753075450658798;0.009197285398840904
0.09246169030666351;0.00935327261686325
0.09767114371061325;0.010734010487794876
0.09331166744232178;0.00934065692126751
0.09285400807857513;0.008762750774621964
0.09273368865251541;0.00992414727807045
0.08566951006650925;0.00890020839869976
0.09016069769859314;0.008814183995127678
0.0866202712059021;0.008624862879514694
0.08881884813308716;0.009077604860067368
0.08841685950756073;0.008417155593633652
0.08682363480329514;0.009304992854595184
0.097140371799469;0.01035463809967041
0.08947639167308807;0.009213050827383995
0.09732109308242798;0.009973369538784027
0.09636199474334717;0.00983448326587677
0.09972591698169708;0.0096739511936903
0.09548453986644745;0.010349461808800697
0.09886491298675537;0.0102731604129076
0.09749724715948105;0.009885068982839584
0.09453920274972916;0.0109369195997715
0.0928037241101265;0.010308949276804924
0.09306170046329498;0.009260507300496101
0.09749060124158859;0.010011445730924606
0.09373758733272552;0.0101120974868536
0.09056700021028519;0.00920121930539608
0.08649071305990219;0.009257335215806961
0.0825408473610878;0.008306283503770828
0.08698780834674835;0.008725365623831749
0.089593805372715;0.00824335590004921
0.08420997858047485;0.008351732045412064
0.09924100339412689;0.009495090693235397
0.08462296426296234;0.008692454546689987
0.09675857424736023;0.01100611686706543
0.08946507424116135;0.008691426366567612
0.09664291143417358;0.009958980605006218
0.09614454209804535;0.011125842109322548
0.08901645243167877;0.0077276527881622314
0.0806657075881958;0.007334783673286438
0.0906890332698822;0.009445983916521072
0.08962704986333847;0.00833139382302761
0.10245043784379959;0.010427135974168777
0.09666699171066284;0.009115874767303467
0.08982796967029572;0.008476980030536652
0.08892400562763214;0.009790001437067986
0.09566250443458557;0.009698363021016121
0.085198774933815;0.01017230935394764
0.09414924681186676;0.00965987890958786
0.09357240796089172;0.00920749269425869
0.07797466963529587;0.007777145132422447
0.09803521633148193;0.010819153860211372
0.09001600742340088;0.009068801999092102
0.0874938890337944;0.008654782548546791
0.10012497007846832;0.011059857904911041
0.09557652473449707;0.00963888131082058
0.08964405953884125;0.00975806824862957
0.09546694159507751;0.010458504781126976
0.08592014014720917;0.00879230909049511
0.08670581877231598;0.008834192529320717
0.09266723692417145;0.008933354169130325
0.07945874333381653;0.007793044671416283
0.08566924929618835;0.00840410590171814
0.09202989935874939;0.009079040959477425
0.08787621557712555;0.008608724921941757
0.08893590420484543;0.009553302079439163
0.09352149069309235;0.010067444294691086
0.0903862714767456;0.009758759289979935
0.0966816395521164;0.01020817831158638
0.08545160293579102;0.007962193340063095
0.09562823176383972;0.010288869962096214
0.08432319760322571;0.007744366303086281
0.08732163161039352;0.008863391354680061
0.09825616329908371;0.009638592600822449
0.08533334732055664;0.00839214213192463
0.09963998198509216;0.009979790076613426
0.08372185379266739;0.008394699543714523
0.09424419701099396;0.009434549137949944
0.08569759875535965;0.00956602394580841
0.09327590465545654;0.009754151105880737
0.09049263596534729;0.008974188938736916
0.09212127327919006;0.00931866280734539
0.09356153011322021;0.009138859808444977
0.09463398903608322;0.009302526712417603
0.09321016073226929;0.009318776428699493
0.08467996120452881;0.009061025455594063
0.09270797669887543;0.009196145460009575
0.09710496664047241;0.011149177327752113
0.09644237160682678;0.010024528950452805
0.08194047957658768;0.008979761973023415
0.09042585641145706;0.011084675788879395
0.08848199248313904;0.009528758004307747
0.09811224788427353;0.010954165831208229
0.0809585228562355;0.007177721709012985
0.09292630106210709;0.008218582719564438
0.09360921382904053;0.00968448631465435
0.09859997779130936;0.0111836027354002
0.08450697362422943;0.008129823952913284
0.087744802236557;0.008939718827605247
0.09239991009235382;0.009866559877991676
0.08935132622718811;0.009887289255857468
0.09327739477157593;0.00962780974805355
0.08658459782600403;0.009225554764270782
0.09409590810537338;0.009458834305405617
0.09330660104751587;0.009419780224561691
0.08852306008338928;0.008744940161705017
0.09337060153484344;0.00922461599111557
0.09019839763641357;0.009144363924860954
0.088930144906044;0.010200614109635353
0.09459342062473297;0.010940425097942352
0.09644432365894318;0.01028444990515709
0.09495612978935242;0.008931279182434082
0.09704352915287018;0.011104969307780266
0.09288913011550903;0.008728466928005219
0.10824267566204071;0.011935895308852196
0.10251089185476303;0.01089966855943203
0.09327268600463867;0.008912308141589165
0.09210379421710968;0.00865752063691616
0.10049334913492203;0.010560441762208939
0.09516948461532593;0.01016068272292614
0.0898895189166069;0.008978301659226418
0.09323866665363312;0.010143071413040161
0.09071251004934311;0.009524170309305191
0.08499585092067719;0.008946796879172325
0.09170673787593842;0.009506147354841232
0.10855559259653091;0.013651950284838676
0.09466884285211563;0.009686429053544998
0.09467554092407227;0.009686212986707687
0.09239298105239868;0.01031295582652092
0.08587589859962463;0.007619485259056091
0.08691145479679108;0.007923474535346031
0.08256899565458298;0.008731396868824959
0.08875152468681335;0.009167222306132317
0.09267421066761017;0.00953054428100586
0.09317932277917862;0.010867062956094742
0.09183751046657562;0.010243445634841919
0.09151390194892883;0.009889122098684311
0.09122271835803986;0.009287184104323387
0.08897849917411804;0.009014306589961052
0.09082534909248352;0.009952975437045097
0.1037902981042862;0.011771416291594505
0.08380024135112762;0.009160593152046204
0.08689867705106735;0.009758152067661285
0.09935234487056732;0.010069450363516808
0.09311535209417343;0.009935736656188965
0.08964040875434875;0.008615881204605103
0.09350349009037018;0.010268902406096458
0.09789291024208069;0.009937599301338196
0.09732312709093094;0.009163863956928253
0.08986272662878036;0.009280221536755562
0.09422929584980011;0.009679757058620453
0.09260450303554535;0.009049158543348312
0.09760947525501251;0.010072559118270874
0.09102508425712585;0.00924605317413807
0.0894271731376648;0.009412016719579697
0.09115467965602875;0.008884543552994728
0.08977185934782028;0.008951297029852867
0.09187150001525879;0.009115062654018402
0.09103479981422424;0.00948699563741684
0.09408710151910782;0.009739145636558533
0.0937274694442749;0.010700860992074013
0.08729422092437744;0.008321071043610573
0.0840785950422287;0.00880335085093975
0.08978107571601868;0.01110827550292015
0.08762133121490479;0.008871909230947495
0.09511779248714447;0.008631136268377304
0.10333827137947083;0.011599188670516014
0.08687731623649597;0.008519118651747704
0.09807267785072327;0.009941842406988144
0.0952286496758461;0.008538272231817245
0.09664542973041534;0.00907437689602375
0.07972859591245651;0.00901087373495102
0.0901503711938858;0.008974911645054817
0.08610287308692932;0.009434521198272705
0.08137217909097672;0.007689466699957848
0.09308828413486481;0.009680729359388351
0.08847921341657639;0.009084107354283333
0.08887302875518799;0.008111624047160149
0.08658495545387268;0.00819232314825058
0.08973787724971771;0.009713597595691681
0.09150607138872147;0.009016267955303192
0.10160505771636963;0.011406483128666878
0.0838635116815567;0.008705239742994308
0.08257872611284256;0.00824618712067604
0.09359142184257507;0.00901530310511589
0.08129973709583282;0.008967781439423561
0.09452345967292786;0.009538061916828156
0.09737297147512436;0.009652983397245407
0.0895693227648735;0.009452063590288162
0.08169825375080109;0.008684653788805008
0.09479977190494537;0.009810062125325203
0.08439736068248749;0.008595705032348633
0.09218774735927582;0.009145144373178482
0.09515537321567535;0.009770741686224937
0.0876772552728653;0.008738067001104355
0.09129787236452103;0.009610187262296677
0.08491206914186478;0.009229043498635292
0.08798660337924957;0.008437810465693474
0.09220869839191437;0.009068822488188744
0.09124540537595749;0.009998492896556854
0.09648612141609192;0.010868392884731293
0.08734253793954849;0.010089416056871414
0.08350714296102524;0.00925987958908081
0.10506436228752136;0.01136036403477192
0.09475529938936234;0.00996578298509121
0.09409933537244797;0.009936986491084099
0.07995853573083878;0.007812587544322014
0.094208262860775;0.010100724175572395
0.09871840476989746;0.009306270629167557
0.09392514079809189;0.010417809709906578
0.08815094828605652;0.009705061092972755
0.0883333757519722;0.008838631212711334
0.09080351889133453;0.010275131091475487
0.08995743095874786;0.009395768865942955
0.10509230941534042;0.01045200601220131
0.08438592404127121;0.00809009000658989
0.09355025738477707;0.010679356753826141
0.08838517963886261;0.009215839207172394
0.10084424912929535;0.010879995301365852
0.09181426465511322;0.010570481419563293
0.0919024646282196;0.008601078763604164
0.09539683163166046;0.009283358231186867
0.09886085242033005;0.01024671085178852
0.08775712549686432;0.009557913988828659
0.08841462433338165;0.009279914200305939
0.08953283727169037;0.008773494511842728
0.08978542685508728;0.008829087018966675
0.0849558636546135;0.007967505604028702
0.0927315205335617;0.00837303139269352
0.0990675836801529;0.010752303525805473
0.09154942631721497;0.00924893282353878
0.09076514840126038;0.008667293936014175
0.09841419756412506;0.009780680760741234
0.09148041903972626;0.009683854877948761
0.08460690826177597;0.008851021528244019
0.08494386076927185;0.008685115724802017
0.09373471140861511;0.00916014239192009
0.09378515183925629;0.009790947660803795
0.09235073626041412;0.00927705317735672
0.09121963381767273;0.00912056490778923
0.08348912000656128;0.007901141420006752
0.09914928674697876;0.010059433057904243
0.09658915549516678;0.010500544682145119
0.08823239803314209;0.009707452729344368
0.0797148048877716;0.007579853758215904
0.0905400812625885;0.00893590971827507
0.08847986161708832;0.008969683200120926
0.10327236354351044;0.010727498680353165
0.09266114234924316;0.009200682863593102
0.08533411473035812;0.008204860612750053
0.09168049693107605;0.010056614875793457
0.09569425880908966;0.011649582535028458
0.08994333446025848;0.008869525045156479
0.09049884974956512;0.008904702961444855
0.10087291896343231;0.011038869619369507
0.09136297553777695;0.00971534475684166
0.09005841612815857;0.009652798995375633
0.10070078819990158;0.011832859367132187
0.1025722324848175;0.011125387623906136
0.09840001165866852;0.010574845597147942
0.09037631750106812;0.00921577773988247
0.08957704901695251;0.00884978100657463
0.09479852020740509;0.009057417511940002
0.08996062725782394;0.009113768115639687
0.09073866903781891;0.00999378226697445
0.098397396504879;0.01075752079486847
0.09595826268196106;0.009656665846705437
0.09561130404472351;0.00868774764239788
0.091217540204525;0.009208805859088898
0.09259440004825592;0.009518066421151161
0.08627686649560928;0.008625857532024384
0.09989670664072037;0.010740110650658607
0.09194625914096832;0.010276725515723228
0.1052347719669342;0.01009296253323555
0.09316837042570114;0.009680686518549919
0.08982299268245697;0.009274642914533615
0.08883699029684067;0.009296536445617676
0.0916106253862381;0.009675668552517891
0.08793213963508606;0.008597584441304207
0.09480104595422745;0.008692555129528046
0.09391236305236816;0.009214093908667564
0.0873301550745964;0.009151861071586609
0.09226329624652863;0.009703056886792183
0.09261350333690643;0.009865529835224152
0.0898372009396553;0.009089119732379913
0.0916779637336731;0.009057501330971718
0.0903283879160881;0.009672731161117554
0.09801613539457321;0.01027221605181694
0.08962664008140564;0.008968329057097435
0.09204760193824768;0.009852774441242218
0.09631744772195816;0.010119261220097542
0.08834759891033173;0.009435266256332397
0.08900104463100433;0.009192803874611855
0.08955876529216766;0.009235352277755737
0.09000825136899948;0.009335089474916458
0.08541610091924667;0.008570315316319466
0.08787897229194641;0.008520156145095825
0.08945316076278687;0.00969894789159298
0.0912591740489006;0.00843629240989685
0.09032462537288666;0.009598348289728165
0.0838223397731781;0.007587352767586708
0.09011662006378174;0.009425945580005646
0.09664202481508255;0.009972620755434036
0.09345284104347229;0.010805431753396988
0.08644534647464752;0.008161958307027817
0.08284950256347656;0.00859055481851101
0.09671615064144135;0.00910930335521698
0.08813324570655823;0.008943451568484306
0.08850027620792389;0.008857602253556252
0.09145407378673553;0.00996062345802784
0.08962537348270416;0.009170744568109512
0.09095354378223419;0.009942864999175072
0.08250414580106735;0.008719202131032944
0.08476527035236359;0.008034663274884224
0.0923897922039032;0.009410766884684563
0.08849968016147614;0.009486669674515724
0.08319038152694702;0.008839605376124382
0.0905519351363182;0.010114649310708046
0.08358907699584961;0.009014217182993889
0.08891408145427704;0.00961153395473957
0.08714832365512848;0.008913969621062279
0.10072242468595505;0.009922072291374207
0.09625056385993958;0.010763987898826599
0.09111937880516052;0.009444678202271461
0.07647645473480225;0.007335959002375603
0.09524120390415192;0.010257719084620476
0.07911143451929092;0.00773685984313488
0.10044177621603012;0.011859456077218056
0.10344173014163971;0.010626686736941338
0.08993755280971527;0.009981490671634674
0.09029865264892578;0.008372105658054352
0.09796018898487091;0.010441385209560394
0.08605416864156723;0.008530823513865471
0.09467807412147522;0.009963395074009895
0.0835641399025917;0.00789845734834671
0.09620556980371475;0.010028216987848282
0.09766290336847305;0.010159404948353767
0.09546473622322083;0.009862417355179787
0.08903161436319351;0.009776299819350243
0.08577583730220795;0.008712155744433403
0.09146775305271149;0.008876264095306396
0.08330807089805603;0.008376127108931541
0.08623948693275452;0.009179472923278809
0.09043960273265839;0.008356232196092606
0.09893132746219635;0.009924516081809998
0.10570850223302841;0.011025309562683105
0.09201972931623459;0.009130030870437622
0.0940290167927742;0.009153343737125397
0.09209425002336502;0.009115256369113922
0.08230960369110107;0.007595844566822052
