TV;KL
1.2695127725601196;4.350179672241211
0.430128812789917;0.47856345772743225
0.34222322702407837;0.26575881242752075
0.30764737725257874;0.19890643656253815
0.27892664074897766;0.16504642367362976
0.2598545253276825;0.1448613405227661
0.25059473514556885;0.12193472683429718
0.24257953464984894;0.11080068349838257
0.21706706285476685;0.09130808711051941
0.22034835815429688;0.08544035255908966
0.1845245361328125;0.059191640466451645
0.1929643303155899;0.06917622685432434
0.16742277145385742;0.04585401713848114
0.17770534753799438;0.049055881798267365
0.17918387055397034;0.05038110911846161
0.17200268805027008;0.049094751477241516
0.15524499118328094;0.04156532883644104
0.1513749361038208;0.035501882433891296
0.15682408213615417;0.03901742026209831
0.14810973405838013;0.03447304293513298
0.16041558980941772;0.03687238693237305
0.14699429273605347;0.03801896795630455
0.15961071848869324;0.0378614105284214
0.15475788712501526;0.03335363417863846
0.14838501811027527;0.03036191128194332
0.14987027645111084;0.03443044051527977
0.15165239572525024;0.034449540078639984
0.14445316791534424;0.029747050255537033
0.1458195447921753;0.030201740562915802
0.14590969681739807;0.030433759093284607
0.14278164505958557;0.02896680124104023
0.1310928910970688;0.024952810257673264
0.13510261476039886;0.027059247717261314
0.13077093660831451;0.02363884076476097
0.13507473468780518;0.026133902370929718
0.1257706582546234;0.024453788995742798
0.14128080010414124;0.027497967705130577
0.11957870423793793;0.021321097388863564
0.13484688103199005;0.024478157982230186
0.12887661159038544;0.024803204461932182
0.12456323206424713;0.023599760606884956
0.13425154983997345;0.024024594575166702
0.12131810188293457;0.022534437477588654
0.11804266273975372;0.019342124462127686
0.12510055303573608;0.02229166589677334
0.12427613139152527;0.02095361053943634
0.11943185329437256;0.020261529833078384
0.11063968390226364;0.016681309789419174
0.12052962929010391;0.019039075821638107
0.11751183122396469;0.019496480002999306
0.11537151038646698;0.018817216157913208
0.12358684092760086;0.0193041879683733
0.1039174273610115;0.01946405880153179
0.11608222126960754;0.0199594609439373
0.11750940978527069;0.018548469990491867
0.1105068176984787;0.01756056398153305
0.10971039533615112;0.015752369537949562
0.1283719390630722;0.018717234954237938
0.10842069983482361;0.016316648572683334
0.09879227727651596;0.014707423746585846
0.11677151918411255;0.018395453691482544
0.10913607478141785;0.016114136204123497
0.11299782991409302;0.016936514526605606
0.10588859021663666;0.014259418472647667
0.10050758719444275;0.013306953012943268
0.10286691784858704;0.01555527001619339
0.10023362189531326;0.012515421956777573
0.09042096883058548;0.010756788775324821
0.09946924448013306;0.013977987691760063
0.09496653079986572;0.014181876555085182
0.0990542396903038;0.014169171452522278
0.10312267392873764;0.014113523066043854
0.09567540884017944;0.0119822658598423
0.08077730238437653;0.009865980595350266
0.09545637667179108;0.01110927201807499
0.0979837104678154;0.011982692405581474
0.10623765736818314;0.015845391899347305
0.09890282899141312;0.01216157153248787
0.0859018862247467;0.009944451972842216
0.09732670336961746;0.011746406555175781
0.10994837433099747;0.01307256706058979
0.09321412444114685;0.011453164741396904
0.091047003865242;0.009870000183582306
0.10310573130846024;0.014200571924448013
0.08622558414936066;0.008818157017230988
0.08926238119602203;0.01126672513782978
0.09516839683055878;0.011070219799876213
0.09247782826423645;0.010775549337267876
0.10593848675489426;0.01217643916606903
0.10104835033416748;0.01155858114361763
0.08614164590835571;0.009105481207370758
0.10000528395175934;0.012439493089914322
0.09786266088485718;0.009745381772518158
0.0846540778875351;0.009037381038069725
0.09273761510848999;0.010853605344891548
0.0953122153878212;0.011836934834718704
0.09950686991214752;0.01155584305524826
0.09487902373075485;0.01046748086810112
0.0868353396654129;0.011325540021061897
0.09337043017148972;0.01134573109447956
0.08602637052536011;0.009323213249444962
0.08538863062858582;0.009175155311822891
0.08956489711999893;0.00984889268875122
0.0993257611989975;0.01188674010336399
0.08044840395450592;0.010055538266897202
0.0841437429189682;0.010344797745347023
0.09912946820259094;0.009602785110473633
0.08709223568439484;0.009460389614105225
0.0853986144065857;0.009183799847960472
0.08545093983411789;0.008970316499471664
0.09076374769210815;0.010470626875758171
0.0859491229057312;0.009216004982590675
0.09168197214603424;0.010491544380784035
0.0852193832397461;0.00957050547003746
0.09895464777946472;0.011279430240392685
0.09994768351316452;0.01052568294107914
0.09059702605009079;0.009030008688569069
0.09921319782733917;0.012124843895435333
0.08576162159442902;0.008646761998534203
0.08806514739990234;0.008645910769701004
0.09149810671806335;0.008874058723449707
0.09205281734466553;0.010536739602684975
0.09315463155508041;0.009108437225222588
0.09275593608617783;0.010906906798481941
0.09644436836242676;0.009996319189667702
0.08813843876123428;0.008884197100996971
0.0961684137582779;0.010160878300666809
0.08710943162441254;0.008171280845999718
0.09549606591463089;0.009782493114471436
0.09063700586557388;0.010041357949376106
0.0943569540977478;0.009308520704507828
0.09437449276447296;0.010249527171254158
0.08462101221084595;0.009529419243335724
0.07935652881860733;0.009519616141915321
0.09097383171319962;0.00859914906322956
0.09003698825836182;0.009348437190055847
0.0991520956158638;0.010866425931453705
0.09186524897813797;0.010098529979586601
0.09449340403079987;0.01005883514881134
0.08871150016784668;0.00914960727095604
0.08648111671209335;0.00916159339249134
0.08802559971809387;0.009312871843576431
0.08291737735271454;0.0076982490718364716
0.08950158953666687;0.009392660111188889
0.0838714987039566;0.007888725027441978
0.08559352159500122;0.008452648296952248
0.08831481635570526;0.009416783228516579
0.09266497939825058;0.009870493784546852
0.09473249316215515;0.010327037423849106
0.09415724873542786;0.009008228778839111
0.0878700464963913;0.009128633886575699
0.0902746245265007;0.008900409564375877
0.10015495121479034;0.010598056018352509
0.09241822361946106;0.009519372135400772
0.09404522180557251;0.009424930438399315
0.09795752912759781;0.010339755564928055
0.09932171553373337;0.009922198951244354
0.09464756399393082;0.011706342920660973
0.09359650313854218;0.010818177834153175
0.08522194623947144;0.00923207774758339
0.08930239081382751;0.00905812717974186
0.08248895406723022;0.008958308026194572
0.10117103159427643;0.012091843411326408
0.08992449939250946;0.00972026214003563
0.08503541350364685;0.009002463892102242
0.10104508697986603;0.01125100813806057
0.08441830426454544;0.008689850568771362
0.09093332290649414;0.008653361350297928
0.09470522403717041;0.010653482750058174
0.0938088446855545;0.009463569149374962
0.09379643201828003;0.010448630899190903
0.08400789648294449;0.008902249857783318
0.09782469272613525;0.009925227612257004
0.09143722057342529;0.010542541742324829
0.0957532525062561;0.00968206487596035
0.07832818478345871;0.008078482002019882
0.08662813156843185;0.009480400010943413
0.09163602441549301;0.00982614979147911
0.09407384693622589;0.00887596420943737
0.09237174689769745;0.01021193154156208
0.09242494404315948;0.00916791521012783
0.08011036366224289;0.007772836834192276
0.09055452793836594;0.009890945628285408
0.09555705636739731;0.010660000145435333
0.08296692371368408;0.008584510535001755
0.08117099106311798;0.00869222916662693
0.0852552056312561;0.00867287628352642
0.09163182973861694;0.008519534021615982
0.09391072392463684;0.009858973324298859
0.08383417129516602;0.008425043895840645
0.09149807691574097;0.01009170338511467
0.0966874286532402;0.009902488440275192
0.09021221101284027;0.008654266595840454
0.09212751686573029;0.008887644857168198
0.08477680385112762;0.008253654465079308
0.09178254008293152;0.009247714653611183
0.0869797021150589;0.008057257160544395
0.10045956075191498;0.012238331139087677
0.09239625930786133;0.009881099686026573
0.09745485335588455;0.010960500687360764
0.08685839176177979;0.008903902024030685
0.0964052677154541;0.01106758788228035
0.09109777957201004;0.008456453680992126
0.09606131911277771;0.010522076860070229
0.09116820991039276;0.00967140682041645
0.09445305168628693;0.009784452617168427
0.09152965247631073;0.010367879644036293
0.09411589801311493;0.009003274142742157
0.09249844402074814;0.009933274239301682
0.0966189056634903;0.010710759088397026
0.09373877942562103;0.009348887950181961
0.08298809826374054;0.009129529818892479
0.09001248329877853;0.009339647367596626
0.0862756073474884;0.009475914761424065
0.092100128531456;0.010307010263204575
0.09099335223436356;0.010103041306138039
0.08809898793697357;0.009233377873897552
0.08506806194782257;0.008644629269838333
0.0785217210650444;0.008196037262678146
0.08594194799661636;0.00926186889410019
0.08117035776376724;0.008600203320384026
0.08263441920280457;0.007675992324948311
0.08653702586889267;0.008672509342432022
0.09557975828647614;0.009689908474683762
0.08952313661575317;0.009383462369441986
0.0880255252122879;0.010459300130605698
0.09213394671678543;0.008718157187104225
0.09776021540164948;0.01094156876206398
0.09548989683389664;0.010501932352781296
0.09399007260799408;0.010438017547130585
0.08918388187885284;0.009071193635463715
0.09132416546344757;0.009190879762172699
0.08284023404121399;0.007649362087249756
0.0919683426618576;0.008863572031259537
0.09457394480705261;0.009800242260098457
0.08746220171451569;0.008532678708434105
0.09478726983070374;0.010276805609464645
0.09544050693511963;0.010271431878209114
0.08742309361696243;0.008377570658922195
0.08648299425840378;0.009604746475815773
0.08862611651420593;0.009151117876172066
0.09148900210857391;0.009163405746221542
0.09106533229351044;0.009352978318929672
0.0948062539100647;0.010809963569045067
0.09016294777393341;0.009344067424535751
0.08700784295797348;0.01018400490283966
0.09003494679927826;0.009394098073244095
0.08988852798938751;0.009113278239965439
0.090398408472538;0.010001096874475479
0.08896517008543015;0.008654393255710602
0.08800990879535675;0.009382449090480804
0.08970847725868225;0.009388718754053116
0.09191147238016129;0.010058768093585968
0.09038089960813522;0.008527498692274094
0.09162262082099915;0.009856371209025383
0.08974337577819824;0.010592903941869736
0.09148108959197998;0.009493302553892136
0.08883017301559448;0.010180693119764328
0.09085279703140259;0.009417098015546799
0.08437781035900116;0.007977541536092758
0.09038890153169632;0.010291578248143196
0.08515750616788864;0.009754132479429245
0.08991598337888718;0.009837450459599495
0.09277446568012238;0.009525006636977196
0.08471149206161499;0.009213753044605255
0.08401435613632202;0.009317908436059952
0.08443251997232437;0.008632242679595947
0.08337872475385666;0.0089160967618227
0.08107392489910126;0.0084259994328022
0.09799197316169739;0.010428527370095253
0.08914393186569214;0.008626891300082207
0.08905547857284546;0.009431678801774979
0.08865323662757874;0.010099165141582489
0.09393403679132462;0.010148460045456886
0.09079238772392273;0.00912398286163807
0.09255384653806686;0.009574735537171364
0.09028090536594391;0.009022139012813568
0.09022636711597443;0.00839453935623169
0.08210758864879608;0.008206048980355263
0.07982155680656433;0.00843416340649128
0.08899751305580139;0.009029218927025795
0.09558820724487305;0.010816676542162895
0.08830314129590988;0.00858268141746521
0.10014887899160385;0.010323500260710716
0.08936603367328644;0.010726679116487503
0.08129598200321198;0.007784418761730194
0.09593955427408218;0.010099945589900017
0.09642922878265381;0.009964646771550179
0.09200476109981537;0.010113637894392014
0.08606556057929993;0.009214397519826889
0.09562668204307556;0.009972570464015007
0.08500159531831741;0.008650967851281166
0.09027426689863205;0.009485332295298576
0.07594344019889832;0.008572744205594063
0.08773583173751831;0.009840056300163269
0.09460403025150299;0.010885940864682198
0.09140552580356598;0.009282145649194717
0.08772172033786774;0.008705776184797287
0.09883417189121246;0.01098284125328064
0.09016665816307068;0.009766986593604088
0.08772720396518707;0.009531278163194656
0.09530360996723175;0.00944511778652668
0.09454461187124252;0.010756315663456917
0.08390182256698608;0.009157838299870491
0.0933201014995575;0.009457828477025032
0.08520979434251785;0.008856093510985374
0.09019945561885834;0.009106533601880074
0.09918802976608276;0.010983219370245934
0.08770358562469482;0.008945653215050697
0.08566464483737946;0.008337259292602539
0.08861511945724487;0.009179465472698212
0.09249105304479599;0.010546684265136719
0.09003093838691711;0.010320564731955528
0.08414188027381897;0.00925222784280777
0.08529315143823624;0.009371476247906685
0.08984200656414032;0.009142035618424416
0.08758819103240967;0.009580900892615318
0.09571857750415802;0.009484708309173584
0.08488094806671143;0.008202489465475082
0.0896470695734024;0.009106948971748352
0.09488179534673691;0.010056046769022942
0.08086387813091278;0.008057691156864166
0.08840924501419067;0.009225627407431602
0.09668658673763275;0.01046806201338768
0.08454538136720657;0.009043533354997635
0.08375775814056396;0.009485634043812752
0.09210338443517685;0.01002391055226326
0.08468277752399445;0.00773005373775959
0.09372978657484055;0.010266700759530067
0.08726293593645096;0.008210232481360435
0.0903710275888443;0.01014384999871254
0.08706572651863098;0.008615929633378983
0.08141548186540604;0.008767373859882355
0.09476183354854584;0.010185910388827324
0.0854857936501503;0.009573057293891907
0.0840611532330513;0.00902923010289669
0.09033306688070297;0.009094364941120148
0.08800728619098663;0.008952531963586807
0.08764743059873581;0.010479224845767021
0.09296837449073792;0.010329321026802063
0.09158371388912201;0.010016335174441338
0.09284238517284393;0.009783873334527016
0.08552638441324234;0.008792823180556297
0.09654705226421356;0.011066947132349014
0.08990918099880219;0.01009066216647625
0.09366306662559509;0.009819336235523224
0.09613852202892303;0.010322676971554756
0.09388557821512222;0.0099992286413908
0.09717606008052826;0.009788883849978447
0.08574049174785614;0.009147873148322105
0.08828964829444885;0.008753776550292969
0.09030377864837646;0.009459426626563072
0.09168155491352081;0.009034108370542526
0.09134748578071594;0.009742388501763344
0.08120091259479523;0.009127248078584671
0.09710529446601868;0.009780278429389
0.0881989449262619;0.008824627846479416
0.09485648572444916;0.008981755003333092
0.09208234399557114;0.00969795323908329
0.08925642818212509;0.008917922154068947
0.08558860421180725;0.008778583258390427
0.08895283937454224;0.010470444336533546
0.08273699879646301;0.008034352213144302
0.08530129492282867;0.008887315168976784
0.08782371133565903;0.008881093934178352
0.087051622569561;0.008658790960907936
0.0784883052110672;0.007771698758006096
0.08850999176502228;0.009260404855012894
0.09724725782871246;0.0119036715477705
0.09926774352788925;0.010248051956295967
0.08773313462734222;0.009266985580325127
0.08453506976366043;0.008907901123166084
0.08548864722251892;0.010222934186458588
0.081464022397995;0.009327180683612823
0.08926211297512054;0.00974857248365879
0.09000088274478912;0.008118383586406708
0.08286353200674057;0.008624637499451637
0.09202072769403458;0.009479418396949768
0.09016568958759308;0.008938776329159737
0.09415016323328018;0.00908498466014862
0.09097286313772202;0.008838413283228874
0.08694161474704742;0.00931723415851593
0.0843401551246643;0.008136535063385963
0.09112383425235748;0.008537596091628075
0.0878266990184784;0.009639633819460869
0.08527151495218277;0.009271984919905663
0.08744737505912781;0.008371053263545036
0.09457944333553314;0.00917266309261322
0.09162864089012146;0.010387789458036423
0.0907651036977768;0.009695401415228844
0.08923324942588806;0.009029615670442581
0.0896567553281784;0.010733557865023613
0.08713265508413315;0.008913286030292511
0.0950828492641449;0.010697251185774803
0.08869613707065582;0.009441696107387543
0.08187955617904663;0.008049389347434044
0.09049025923013687;0.010103031992912292
0.089328333735466;0.009865546599030495
0.09203685820102692;0.008876701816916466
0.08617047220468521;0.009032465517520905
0.09500351548194885;0.009805334731936455
0.08718946576118469;0.008976314216852188
0.0899304449558258;0.009279511868953705
0.08895577490329742;0.009600654244422913
0.09740418195724487;0.010478552430868149
0.08744311332702637;0.007534632459282875
0.08288133889436722;0.008503897115588188
0.08514459431171417;0.009646469727158546
0.08991080522537231;0.008532777428627014
0.09541869163513184;0.010310545563697815
0.09466274827718735;0.008956816047430038
0.08868442475795746;0.009998941794037819
0.08821290731430054;0.00868653878569603
0.08456540107727051;0.009736897423863411
0.09909509867429733;0.009979456663131714
0.09623406082391739;0.010040249675512314
0.09009963274002075;0.009689528495073318
0.09009622037410736;0.00984337367117405
0.09798011183738708;0.01060478761792183
0.08942775428295135;0.008955087512731552
0.087946817278862;0.009202025830745697
0.08527516573667526;0.00945425033569336
0.08830346912145615;0.009117254987359047
0.09013840556144714;0.009844288229942322
0.0888122171163559;0.009154176339507103
0.1001664325594902;0.01101130060851574
0.08548323810100555;0.009445615112781525
0.10235214233398438;0.010775957256555557
0.09163898229598999;0.010073840618133545
0.08476541191339493;0.008499778807163239
0.08667098730802536;0.008987070992588997
0.09786872565746307;0.010996421799063683
0.09633220732212067;0.010121040046215057
0.08716771006584167;0.008523380383849144
0.09635378420352936;0.009353166446089745
0.08156904578208923;0.009012984111905098
0.09158700704574585;0.009136009961366653
0.09678773581981659;0.010750558227300644
0.09401774406433105;0.008975043892860413
0.09314931929111481;0.009220205247402191
0.08495770394802094;0.010052701458334923
0.0925370454788208;0.010271614417433739
0.08371271193027496;0.008771741762757301
0.08408796042203903;0.008398188278079033
0.08637914061546326;0.008793830871582031
0.09710785746574402;0.009604532271623611
0.09625989198684692;0.009461823850870132
0.09568780660629272;0.010189119726419449
0.08624663949012756;0.008460469543933868
0.08515042066574097;0.008652638643980026
0.08970160782337189;0.009450804442167282
0.09097906947135925;0.010085437446832657
0.08284848928451538;0.008353807032108307
0.08784797042608261;0.010471345856785774
0.09006353467702866;0.008420523256063461
0.0838727056980133;0.009786305949091911
0.09382908046245575;0.009161688387393951
0.09155623614788055;0.009961728006601334
0.08510231971740723;0.00866028293967247
0.08774921298027039;0.009207626804709435
0.09948767721652985;0.009685829281806946
0.09182850271463394;0.010469639673829079
0.0901733860373497;0.011194508522748947
0.08321573585271835;0.009307630360126495
0.08236187696456909;0.00814228504896164
0.08692611753940582;0.008945515379309654
0.07986444234848022;0.008175207301974297
0.08785070478916168;0.00933639332652092
0.08992660045623779;0.0098931435495615
0.08805268257856369;0.008206922560930252
0.09184655547142029;0.009511098265647888
0.08872915059328079;0.008740540593862534
0.0833718478679657;0.008270656690001488
0.1044352799654007;0.010857213288545609
0.09554087370634079;0.011155592277646065
0.0789080262184143;0.007924487814307213
0.08795558661222458;0.00987912155687809
0.094279944896698;0.010165425017476082
0.09419620037078857;0.009487653151154518
0.0882638543844223;0.00935058668255806
0.09700126200914383;0.011373331770300865
0.09091226756572723;0.009180577471852303
0.09573246538639069;0.0096955057233572
0.08890168368816376;0.010159669443964958
0.09150401502847672;0.008764998987317085
0.09343519806861877;0.008538417518138885
0.08497454226016998;0.008649937808513641
0.0906200185418129;0.00936315581202507
0.0900253877043724;0.009630680084228516
0.0903116911649704;0.00867297500371933
0.08342169225215912;0.008228236809372902
0.10531128197908401;0.011330926790833473
0.08875980228185654;0.008932122960686684
0.09204177558422089;0.010231545194983482
0.09658059477806091;0.00993327982723713
0.08526461571455002;0.010091383010149002
0.08031076192855835;0.008872615173459053
0.09374015033245087;0.010632403194904327
0.08923950046300888;0.011019278317689896
0.09413854032754898;0.01012285053730011
0.0830899253487587;0.009500978514552116
0.08617662638425827;0.008838232606649399
0.09598991274833679;0.0102189090102911
0.08491552621126175;0.008710328489542007
0.0836050882935524;0.008899878710508347
0.09863454103469849;0.010023703798651695
0.09766112267971039;0.009912647306919098
0.09387406706809998;0.009771676734089851
0.09073370695114136;0.009809913113713264
0.08906286954879761;0.009452298283576965
0.09268592298030853;0.008157139644026756
0.09555657207965851;0.00974837876856327
0.08989907056093216;0.009054044261574745
0.08685503900051117;0.008716613054275513
0.09745221585035324;0.009956806898117065
0.08668585121631622;0.009474335238337517
0.09817575663328171;0.010281499475240707
0.09143022447824478;0.010073335841298103
0.08459219336509705;0.007825445383787155
0.08788599073886871;0.008998990058898926
0.09547977149486542;0.009747285395860672
0.08554499596357346;0.008964119479060173
0.08898745477199554;0.009535420686006546
0.08956278860569;0.009162737056612968
0.09416112303733826;0.009198974817991257
0.08612039685249329;0.009041473269462585
0.09004175662994385;0.00966905988752842
0.08997046202421188;0.009245501831173897
0.08909305930137634;0.009226808324456215
0.08815406262874603;0.008457105606794357
0.09275523573160172;0.010407667607069016
0.09289215505123138;0.010392889380455017
0.09265801310539246;0.009212484583258629
0.09038949757814407;0.0103314109146595
0.08704826235771179;0.00852341577410698
0.08291779458522797;0.007588474079966545
0.08189032971858978;0.008126456290483475
0.09273449331521988;0.009340636432170868
0.08332031965255737;0.008668463677167892
0.09227950870990753;0.008549032732844353
0.083719901740551;0.010338705033063889
0.09376812726259232;0.0091879703104496
0.09003734588623047;0.009289184585213661
0.08727078884840012;0.009083623066544533
0.0950867086648941;0.010479070246219635
0.08489497005939484;0.00920110009610653
0.09626039862632751;0.010789848864078522
0.09926889091730118;0.013038694858551025
0.08792920410633087;0.009146790951490402
0.09080013632774353;0.008986389264464378
0.08775699138641357;0.010053727775812149
0.08832953125238419;0.009048188105225563
0.08763584494590759;0.00902913510799408
0.0952947661280632;0.010193219408392906
0.09018052369356155;0.009303133934736252
0.09428071975708008;0.009849481284618378
0.09122796356678009;0.00990956462919712
0.08716146647930145;0.009475169703364372
0.09013394266366959;0.010025996714830399
0.09056109189987183;0.009231245145201683
0.08806663751602173;0.009191127493977547
0.09553898870944977;0.010896403342485428
0.09708201885223389;0.009710175916552544
0.08815111219882965;0.00940835103392601
0.084718719124794;0.009373707696795464
0.09598736464977264;0.01101422868669033
0.08070576936006546;0.008037295192480087
0.08006945997476578;0.008263198658823967
0.09520424902439117;0.01155109517276287
0.08800751715898514;0.009475547820329666
0.08463693410158157;0.009325385093688965
0.08434943854808807;0.007983405143022537
0.08747357130050659;0.00887763500213623
0.08476471900939941;0.008823053911328316
0.0862056165933609;0.007978370413184166
0.08756360411643982;0.01016104593873024
0.08877112716436386;0.008383214473724365
0.08702196925878525;0.008512642234563828
0.08882767707109451;0.009280234575271606
0.0890166386961937;0.008840309455990791
0.09069909155368805;0.009004872292280197
0.09374251961708069;0.009256632998585701
0.08835852146148682;0.008553966879844666
0.08597353845834732;0.008909372612833977
0.0886923149228096;0.008653458207845688
0.09105993807315826;0.010172393172979355
0.08269751816987991;0.008324764668941498
0.08684884011745453;0.009874291718006134
0.08871693909168243;0.008943606168031693
0.08894787728786469;0.009234962984919548
0.09112662076950073;0.009553765878081322
0.08203952014446259;0.00870758667588234
0.09154671430587769;0.009352538734674454
0.08418907225131989;0.008158762007951736
0.0831923708319664;0.009171849116683006
0.08648702502250671;0.009138394147157669
0.08523048460483551;0.008798396214842796
0.09005594998598099;0.009684732183814049
0.09657032787799835;0.010622844099998474
0.0879397839307785;0.009445391595363617
0.07983401417732239;0.0077814143151044846
0.08462090790271759;0.00784347951412201
0.0927034541964531;0.009240113198757172
0.09132277965545654;0.009315641596913338
0.08813931047916412;0.008362846449017525
0.07993073016405106;0.007740627974271774
0.08714526891708374;0.009897569194436073
0.08248432725667953;0.007584733888506889
0.08245976269245148;0.009199587628245354
0.09724511206150055;0.010060470551252365
0.08926300704479218;0.010283894836902618
0.0933515653014183;0.009455056861042976
0.09676191955804825;0.01113888993859291
0.08428144454956055;0.008207837119698524
0.08241026103496552;0.009350506588816643
0.086457759141922;0.009632963687181473
0.08386438339948654;0.009248772636055946
0.0821198970079422;0.008545763790607452
0.09008660912513733;0.010008031502366066
0.09347575157880783;0.009937405586242676
0.08360482007265091;0.010464183986186981
0.0850483626127243;0.009006578475236893
0.09332677721977234;0.009440887719392776
0.08384215831756592;0.008254099637269974
0.07832042127847672;0.008058521896600723
0.08884769678115845;0.00951400026679039
0.08036468923091888;0.00820794329047203
0.09355839341878891;0.009540582075715065
0.08273253589868546;0.009309589862823486
0.08561357110738754;0.008667195215821266
0.09520988166332245;0.009613033384084702
0.08725713938474655;0.009215114638209343
0.08332188427448273;0.008716601878404617
0.08506228029727936;0.008855242282152176
0.08429557085037231;0.008400047197937965
0.0873548835515976;0.009576244279742241
0.08748415112495422;0.008322902023792267
0.0856591984629631;0.008541522547602654
0.08625675737857819;0.009903820231556892
0.09584084898233414;0.012173550203442574
0.09444878250360489;0.010192545130848885
0.08813203871250153;0.00935954786837101
0.09480268508195877;0.010431423783302307
0.09383359551429749;0.009887255728244781
0.09177584201097488;0.009912960231304169
0.09009212255477905;0.00888974592089653
0.08807191252708435;0.008793050423264503
0.09548624604940414;0.010685989633202553
0.08674092590808868;0.008454103022813797
0.09719207137823105;0.011403100565075874
0.09079211950302124;0.010015800595283508
0.09069538116455078;0.010828450322151184
0.09287101030349731;0.010381937026977539
0.08881443738937378;0.00956689938902855
0.07944647967815399;0.008463483303785324
0.09542498737573624;0.010479753836989403
0.09596595913171768;0.010032275691628456
0.09529726952314377;0.012124640867114067
0.09180750697851181;0.010008521378040314
0.09069472551345825;0.009452136233448982
0.0899585485458374;0.009953359141945839
0.09357313811779022;0.010983586311340332
0.09146879613399506;0.009584205225110054
0.082337386906147;0.008517753332853317
0.09180743992328644;0.009530693292617798
0.08373768627643585;0.008631953969597816
0.08609657734632492;0.008699402213096619
0.08258944749832153;0.008934762328863144
0.09943614900112152;0.010930275544524193
0.08715441077947617;0.009889543056488037
0.0926109254360199;0.010676467791199684
0.08138816803693771;0.008018309250473976
0.08078183233737946;0.009386125952005386
0.08910155296325684;0.00993354618549347
0.08998356014490128;0.009152887389063835
0.08276079595088959;0.008306553587317467
0.08494998514652252;0.009077714756131172
0.0888761430978775;0.00944560021162033
0.09716916084289551;0.0110655277967453
0.08656126260757446;0.009481022134423256
0.09020502120256424;0.009647099301218987
0.08832056075334549;0.00933581031858921
0.09453687071800232;0.010083245113492012
0.09243962168693542;0.009417340159416199
0.09263081848621368;0.0099166389554739
0.08704094588756561;0.00816437415778637
0.0959508866071701;0.010107120499014854
0.08921929448843002;0.00884249061346054
0.08763960003852844;0.007481414824724197
0.0860697478055954;0.009324681013822556
0.09723245352506638;0.009076520800590515
0.08503475785255432;0.00927921012043953
0.08809258788824081;0.01014428399503231
0.09273411333560944;0.009783318266272545
0.07389558851718903;0.0076019614934921265
0.0885082259774208;0.009612636640667915
0.08687329292297363;0.009336333721876144
0.09878477454185486;0.010444220155477524
0.09185445308685303;0.010602453723549843
0.09486256539821625;0.009644698351621628
0.09049860388040543;0.009556321427226067
0.09043078124523163;0.009073873981833458
0.08327117562294006;0.008611759170889854
0.09792879968881607;0.0102852713316679
0.08944831788539886;0.008148547261953354
0.08652989566326141;0.009611278772354126
0.09068778902292252;0.010369189083576202
0.08347868919372559;0.0086878202855587
0.08745449781417847;0.008780786767601967
0.08141756057739258;0.008666016161441803
0.08509958535432816;0.009167447686195374
0.084236741065979;0.00969286821782589
0.10254743695259094;0.009896986186504364
0.08539243042469025;0.0084065031260252
0.09076568484306335;0.008946012705564499
0.09297816455364227;0.009171109646558762
0.08976584672927856;0.00983249768614769
0.08823563158512115;0.00928553007543087
0.08571291714906693;0.008730271831154823
0.09125964343547821;0.010653635486960411
0.0930735245347023;0.00986325740814209
0.0866791307926178;0.008777890354394913
0.09885354340076447;0.009650491178035736
0.0896647498011589;0.009590374305844307
0.08644891530275345;0.008223749697208405
0.09845763444900513;0.009854389354586601
0.0874549150466919;0.00969037413597107
0.08650805056095123;0.00833556242287159
0.0792820081114769;0.007081823423504829
0.07759496569633484;0.007766738533973694
0.07341861724853516;0.007075905799865723
0.08259367197751999;0.008166547864675522
0.08952702581882477;0.009849950671195984
0.08379820734262466;0.00906294770538807
0.09186496585607529;0.010182078927755356
0.08412544429302216;0.007968813180923462
0.08765075355768204;0.00894753448665142
0.08304473757743835;0.008010441437363625
0.08830878883600235;0.009375488385558128
0.09163226932287216;0.010233769193291664
0.08701643347740173;0.008836301043629646
0.09844411164522171;0.011291874572634697
0.08709655702114105;0.00863562524318695
0.0841069146990776;0.009083358570933342
0.08855029940605164;0.009987838566303253
0.08360093832015991;0.00826389528810978
0.09219163656234741;0.009424276649951935
0.08035174012184143;0.00820825807750225
0.09878700971603394;0.010514544323086739
0.0866871327161789;0.009328529238700867
0.0878853127360344;0.009486082941293716
0.08621293306350708;0.009226804599165916
0.08383123576641083;0.008600395172834396
0.08260785043239594;0.008666569367051125
0.0905366986989975;0.009730234742164612
0.08853204548358917;0.009228773415088654
0.08917108923196793;0.009462537243962288
0.08376051485538483;0.009385880082845688
0.09032861888408661;0.009473785758018494
0.08722852170467377;0.009444702416658401
0.08913888037204742;0.009178267791867256
0.07739416509866714;0.008206240832805634
0.08251705765724182;0.008862653747200966
0.08999347686767578;0.00923183560371399
0.09085255116224289;0.009149894118309021
0.09034369140863419;0.010108759626746178
0.08231791853904724;0.008459115400910378
0.08918553590774536;0.008086511865258217
0.09351474791765213;0.009728951379656792
0.0786411464214325;0.0085223950445652
0.08425337821245193;0.007806118577718735
0.08593545109033585;0.009328814223408699
0.09971307218074799;0.010014206171035767
0.09757250547409058;0.010848455131053925
0.08500565588474274;0.007924970239400864
0.08894150704145432;0.010052716359496117
0.08918851613998413;0.009464705362915993
0.08435303717851639;0.008374489843845367
0.08789268136024475;0.009653376415371895
0.09593193233013153;0.008504191413521767
0.08411186933517456;0.008747169747948647
0.08184866607189178;0.008534671738743782
0.08711555600166321;0.009203288704156876
0.08881723135709763;0.00980333611369133
0.09518861025571823;0.010305583477020264
0.09739242494106293;0.009927161037921906
0.09063073992729187;0.009509233757853508
0.08178891241550446;0.008576717227697372
0.09926702082157135;0.011364169418811798
0.08860951662063599;0.010418115183711052
0.09096419811248779;0.009050503373146057
0.08814410120248795;0.009920541197061539
0.08299697935581207;0.009169496595859528
0.09298225492238998;0.010566004551947117
0.08732173591852188;0.009847056120634079
0.08434225618839264;0.009298373013734818
0.0956491231918335;0.009492143988609314
0.09533165395259857;0.010682227090001106
0.0821744054555893;0.009031513705849648
0.09117931127548218;0.009094078093767166
0.08527225255966187;0.007980398833751678
0.09331095218658447;0.01034986600279808
0.0882255807518959;0.00950956717133522
0.08476898819208145;0.00885622389614582
0.09776473045349121;0.010264134034514427
0.09121741354465485;0.009860331192612648
0.08100935816764832;0.008447254076600075
0.08675182610750198;0.00841350108385086
0.08369021117687225;0.007707875221967697
0.0951993316411972;0.01110943965613842
0.09473945200443268;0.009976105764508247
0.08942528069019318;0.009246915578842163
0.09141074120998383;0.01043996773660183
0.09137983620166779;0.00920376181602478
0.0885581448674202;0.009550169110298157
0.08698052912950516;0.009722193703055382
0.09175116568803787;0.010245181620121002
0.0872107520699501;0.008442074060440063
0.09102912247180939;0.00941777229309082
0.09110735356807709;0.008710315451025963
0.08620962500572205;0.009096577763557434
0.08556045591831207;0.00858469121158123
0.09406213462352753;0.009003762155771255
0.08292827010154724;0.008063344284892082
0.08852721750736237;0.009208524599671364
0.09056489914655685;0.009920375421643257
0.09156661480665207;0.009538974612951279
0.08089698851108551;0.008160976693034172
0.0894717127084732;0.008893301710486412
0.09440401196479797;0.010146748274564743
0.09637914597988129;0.00927714817225933
0.09082372486591339;0.010245835408568382
0.0981433242559433;0.011446963995695114
0.08060527592897415;0.007698539644479752
0.09369342029094696;0.010357055813074112
0.08538186550140381;0.008566563948988914
0.09444336593151093;0.009978428483009338
0.08724965900182724;0.00863737054169178
0.08371976017951965;0.008892733603715897
0.09345120191574097;0.010227018967270851
0.09781729429960251;0.010876055806875229
0.08125863969326019;0.008351830765604973
0.08339693397283554;0.00905938632786274
0.08084066212177277;0.009068029001355171
0.09425660222768784;0.010688789188861847
0.08971251547336578;0.009816538542509079
0.08668650686740875;0.008915584534406662
0.08973515033721924;0.009328866377472878
0.08926786482334137;0.010137062519788742
0.09714686870574951;0.011093461886048317
0.0908171534538269;0.009086620062589645
0.08208724856376648;0.008607065305113792
0.08206476271152496;0.008384022861719131
0.0896623432636261;0.008635945618152618
0.08210752159357071;0.008803870528936386
0.09405122697353363;0.010166624560952187
0.08568218350410461;0.008908336982131004
0.09891290962696075;0.011104714125394821
0.08623585850000381;0.009731614962220192
0.08721064776182175;0.008858248591423035
0.08271896839141846;0.0077385734766721725
0.09146912395954132;0.009985342621803284
0.08713917434215546;0.00890858843922615
0.08919139951467514;0.010030215606093407
0.0865931436419487;0.009140225127339363
0.08625932037830353;0.009227314963936806
0.09121009707450867;0.00964294746518135
0.09294018149375916;0.009924666956067085
0.08610512316226959;0.008023219183087349
0.09337018430233002;0.01089237816631794
0.09606944024562836;0.010499147698283195
0.08137062191963196;0.0071512386202812195
0.08469921350479126;0.008993754163384438
0.08647967129945755;0.008479028940200806
0.0821273922920227;0.008373361080884933
0.09004394710063934;0.008527269586920738
0.09120966494083405;0.009170427918434143
0.09018277376890182;0.01034863106906414
0.0920107513666153;0.008984245359897614
0.0951366275548935;0.009571993723511696
0.08726636320352554;0.00958620011806488
0.08234672248363495;0.009078148752450943
0.08523181825876236;0.009132187813520432
0.09357315301895142;0.010375941172242165
0.08633655309677124;0.009038172662258148
0.08490822464227676;0.008509088307619095
0.09089914709329605;0.010228853672742844
0.09282495826482773;0.010520238429307938
0.09000199288129807;0.009899623692035675
0.08575960248708725;0.008190646767616272
0.08959305286407471;0.010066842660307884
0.09205317497253418;0.009867433458566666
0.09026016294956207;0.009050996974110603
0.09289388358592987;0.009402019903063774
0.09946110844612122;0.010536923073232174
0.08884428441524506;0.0085409265011549
0.08674018085002899;0.008531689643859863
0.09112091362476349;0.009742068126797676
0.07945673167705536;0.00775052048265934
0.08535480499267578;0.008196119219064713
0.08479252457618713;0.009065669029951096
0.08871687948703766;0.009571226313710213
0.09406425058841705;0.009877031669020653
0.0954989641904831;0.010286856442689896
0.08669157326221466;0.009859390556812286
0.08489254117012024;0.009654253721237183
0.08916591107845306;0.009822646155953407
0.08839280903339386;0.009193064644932747
0.09382683783769608;0.009905355051159859
0.09103323519229889;0.010105123743414879
0.08159753680229187;0.008653545752167702
0.08851327002048492;0.009433042258024216
0.08554764091968536;0.009279366582632065
0.08263718336820602;0.00782812014222145
0.09151199460029602;0.008966371417045593
0.08835044503211975;0.008433107286691666
0.08620423823595047;0.009030258283019066
0.08156706392765045;0.00901154987514019
0.08795944601297379;0.008283998817205429
0.09247468411922455;0.010284381918609142
0.08272874355316162;0.00830465741455555
0.09261012822389603;0.01105857826769352
0.09417491406202316;0.010173428803682327
0.0891013890504837;0.009439807385206223
0.0880441665649414;0.009359840303659439
0.09434741735458374;0.010320320725440979
0.08864890038967133;0.010043233633041382
0.09108580648899078;0.00926002487540245
0.09488024562597275;0.00892951525747776
0.08737353980541229;0.008510984480381012
0.09004853665828705;0.00970882922410965
0.09477484971284866;0.010653750970959663
0.08692897856235504;0.00949251651763916
0.09569785743951797;0.010522633790969849
0.09319374710321426;0.00981023721396923
0.0885961651802063;0.009667402133345604
0.08805796504020691;0.0094122514128685
0.09335301071405411;0.009269634261727333
0.08320692926645279;0.009795799851417542
0.08585964888334274;0.009613608941435814
0.08881010115146637;0.008868176490068436
0.09020303189754486;0.0080912746489048
0.09111512452363968;0.009915851056575775
0.08766618371009827;0.008964676409959793
0.09178879857063293;0.009230326861143112
0.0843336209654808;0.00932232290506363
0.08706196397542953;0.009273633360862732
0.09489217400550842;0.010914604179561138
0.09266551584005356;0.010792944580316544
0.09101720154285431;0.009239757433533669
0.08113448321819305;0.0088729839771986
0.08415673673152924;0.008011121302843094
0.08982333540916443;0.008543368428945541
0.08609649538993835;0.008615583181381226
0.09060071408748627;0.009181797504425049
0.09122804552316666;0.009994205087423325
0.08391734212636948;0.00877407193183899
0.07973518967628479;0.008190324530005455
0.08737536519765854;0.009408770129084587
0.1037529706954956;0.010167606174945831
0.09551665186882019;0.009477395564317703
0.08318420499563217;0.0077453721314668655
0.0846031978726387;0.008649379014968872
0.07947450131177902;0.008749829605221748
0.09850470721721649;0.009932076558470726
0.09094962477684021;0.00961952842772007
0.09448648244142532;0.009618770331144333
0.08074065297842026;0.007824564352631569
0.08015841245651245;0.007358834147453308
0.0972365066409111;0.011376747861504555
0.08382995426654816;0.00957580842077732
0.0974520891904831;0.009218569844961166
0.09191514551639557;0.01003081165254116
0.09632261842489243;0.010654918849468231
0.0815005972981453;0.007771581411361694
0.08295071125030518;0.008905410766601562
0.0781485065817833;0.008094849064946175
0.08063244074583054;0.007516061887145042
0.09172733128070831;0.009223297238349915
0.0918787270784378;0.009253673255443573
0.08458229899406433;0.009000906720757484
0.08447568118572235;0.009378194808959961
0.08011312782764435;0.00829295627772808
0.08249323815107346;0.008556736633181572
0.08540120720863342;0.01000308245420456
0.09056601673364639;0.010503055527806282
0.09126070141792297;0.008939588442444801
0.07870949804782867;0.008360089734196663
0.08534795790910721;0.00817234255373478
0.08142061531543732;0.007682943716645241
0.07732374221086502;0.00781666487455368
0.09427212923765182;0.008856430649757385
0.0992460772395134;0.011199833825230598
0.0947144478559494;0.010377777740359306
0.08601173013448715;0.008126849308609962
0.08682049810886383;0.00827285461127758
0.08650802075862885;0.009418480098247528
0.0964149534702301;0.009841026738286018
0.09290319681167603;0.010748539119958878
0.08527398854494095;0.008643338456749916
0.08664540201425552;0.009626172482967377
0.09449918568134308;0.010620974004268646
0.08527839928865433;0.008476903662085533
0.07908959686756134;0.009025400504469872
0.08470303565263748;0.010036813095211983
0.09569241851568222;0.010084372945129871
0.08891722559928894;0.008894536644220352
0.09027029573917389;0.009011711925268173
0.0957978367805481;0.01059860922396183
0.09685613214969635;0.010126158595085144
0.08625948429107666;0.010056104511022568
0.07976914942264557;0.007926050573587418
0.08908973634243011;0.010376602411270142
0.0815342515707016;0.009420506656169891
0.08930565416812897;0.008384140208363533
0.08466698229312897;0.00879162922501564
0.08991587162017822;0.009758664295077324
0.07570359110832214;0.0074483975768089294
0.08639321476221085;0.00810190662741661
0.09513788670301437;0.009653810411691666
0.09326072037220001;0.010534780099987984
0.08673682808876038;0.01013762317597866
0.08527103811502457;0.008949514478445053
0.08700454235076904;0.00864059291779995
0.08320525288581848;0.008484840393066406
0.09930850565433502;0.01064755767583847
0.08974096179008484;0.008593834936618805
0.08767129480838776;0.009541278705000877
0.086037278175354;0.008761290460824966
0.08210885524749756;0.007670186460018158
0.08832703530788422;0.009171083569526672
0.0905923917889595;0.010826428420841694
0.07809901237487793;0.007323494181036949
0.08918344229459763;0.010677503421902657
0.0981946811079979;0.010807671584188938
0.08187799155712128;0.008183510974049568
0.0835498571395874;0.008512888103723526
0.08935177326202393;0.009638311341404915
0.08830250799655914;0.010034272447228432
0.08510981500148773;0.009401867166161537
0.08031435310840607;0.008536292240023613
0.09159490466117859;0.009212842211127281
0.08471366763114929;0.00905095599591732
0.0922621414065361;0.010523662902414799
0.07984822988510132;0.0076093487441539764
0.09016164392232895;0.010164916515350342
0.09534189850091934;0.009828167036175728
0.08479955792427063;0.008597631007432938
0.08275454491376877;0.009085122495889664
0.09222618490457535;0.010241420939564705
0.0914568156003952;0.009375389665365219
0.08290606737136841;0.008439786732196808
0.07637670636177063;0.007185161113739014
0.08330279588699341;0.008819710463285446
0.09335336834192276;0.009948605671525002
0.08823905885219574;0.009105917066335678
0.0769437924027443;0.007359921932220459
0.0964556336402893;0.010416192933917046
0.08693275600671768;0.009342953562736511
0.08785133808851242;0.008421527221798897
0.10010072588920593;0.012237516231834888
0.09381292015314102;0.008912274613976479
0.08952584862709045;0.009498003870248795
0.08594393730163574;0.00875687226653099
0.08629323542118073;0.007861189544200897
0.09669986367225647;0.011821693740785122
0.09108102321624756;0.01074625737965107
0.09072675555944443;0.008640037849545479
0.07896304130554199;0.009461037814617157
0.08431544899940491;0.0078057777136564255
0.08962923288345337;0.009262006729841232
0.0814155787229538;0.008890623226761818
0.080089271068573;0.009642394259572029
0.07963581383228302;0.009593190625309944
0.09410795569419861;0.009850995615124702
0.08840980380773544;0.00879901833832264
0.08073754608631134;0.009366912767291069
0.09450222551822662;0.010389324277639389
0.08184055984020233;0.008755393326282501
0.0876084491610527;0.00812474638223648
0.08555141091346741;0.009632563218474388
0.08442266285419464;0.009295303374528885
0.07440439611673355;0.007685180753469467
0.09934349358081818;0.01134420931339264
0.09082512557506561;0.008145337924361229
0.0898909717798233;0.008843418210744858
0.07933609187602997;0.008724110201001167
0.08772137016057968;0.010098174214363098
0.08769883215427399;0.010931925848126411
0.086815744638443;0.009618286043405533
0.08732374012470245;0.009884471073746681
0.0862082839012146;0.009734701365232468
0.0809878334403038;0.008291104808449745
0.08570770174264908;0.0090713482350111
0.08248185366392136;0.008679350838065147
0.09347355365753174;0.009620167315006256
0.09106656908988953;0.010530641302466393
0.08271268010139465;0.008534934371709824
0.08998747169971466;0.00902121514081955
0.08435694128274918;0.008681738749146461
0.09827706217765808;0.010041693225502968
0.08663782477378845;0.009041571989655495
0.10038696974515915;0.011242968961596489
0.08394309878349304;0.009187651798129082
0.09222499281167984;0.01113962009549141
0.09870647639036179;0.010872513055801392
0.09527436643838882;0.009848855435848236
0.08463472872972488;0.008594613522291183
0.08482671529054642;0.008532244712114334
0.0939556285738945;0.011621762067079544
0.0930204764008522;0.009854612872004509
0.0880649983882904;0.008935563266277313
0.08135483413934708;0.007061408832669258
0.09002966433763504;0.00892479158937931
0.09005919098854065;0.009845361113548279
0.09046300500631332;0.009968379512429237
0.09000095725059509;0.009964948520064354
0.07448965311050415;0.006623430177569389
0.09044289588928223;0.008929897099733353
0.08507844805717468;0.010457633063197136
0.08932299166917801;0.008962970227003098
0.09190282970666885;0.009584685787558556
0.08614981174468994;0.009320804849267006
0.08929787576198578;0.01033148355782032
0.08515006303787231;0.009019343182444572
0.08892108500003815;0.01038006879389286
0.09000367671251297;0.009300095960497856
0.09056688845157623;0.009257104247808456
0.08464860916137695;0.008485380560159683
0.088615283370018;0.008959030732512474
0.0798042044043541;0.007798159494996071
0.09244242310523987;0.00971643440425396
0.09325188398361206;0.010605042800307274
0.08573244512081146;0.009057730436325073
0.0824001133441925;0.009193787351250648
0.08246081322431564;0.00919424369931221
0.08923086524009705;0.009193802252411842
0.08845514804124832;0.009945353493094444
0.08657508343458176;0.009584283456206322
0.08417462557554245;0.008562920615077019
0.08982774615287781;0.010120866820216179
0.09258154779672623;0.00951620563864708
0.08375173807144165;0.007930010557174683
0.09338761866092682;0.008659351617097855
0.08129718154668808;0.009402791038155556
0.08534363657236099;0.008670661598443985
0.09547452628612518;0.009925046935677528
0.09174080193042755;0.010169669054448605
0.09365928173065186;0.010525593534111977
0.08742206543684006;0.00859512947499752
0.08660609275102615;0.009314052760601044
0.09334924817085266;0.010398799553513527
0.09507189691066742;0.009918170049786568
0.08316612243652344;0.00945202261209488
0.08607053756713867;0.008512968197464943
0.09234506636857986;0.009711187332868576
0.08587586134672165;0.009876225143671036
0.08733320236206055;0.009633447974920273
0.09578172117471695;0.010202350094914436
0.0867718905210495;0.009690150618553162
0.08754907548427582;0.008735043928027153
0.09076855331659317;0.009866258129477501
0.08134861290454865;0.007037147879600525
0.08885118365287781;0.008658194914460182
0.08925454318523407;0.009397251531481743
0.09425210952758789;0.01028982549905777
0.09366002678871155;0.010914642363786697
0.09280698746442795;0.010096235200762749
0.0917503759264946;0.009663816541433334
0.08840825408697128;0.009688066318631172
0.09142380207777023;0.009729091078042984
0.0985274463891983;0.011169159784913063
0.08724722266197205;0.008048955351114273
0.08830128610134125;0.008896682411432266
0.07894299924373627;0.00773252546787262
0.09169191122055054;0.00938064232468605
0.08094236254692078;0.008744264021515846
0.08478890359401703;0.008517410606145859
0.08075044304132462;0.008395843207836151
0.08987210690975189;0.010665863752365112
0.08254553377628326;0.008787531405687332
0.08381456881761551;0.007985681295394897
0.08842097967863083;0.008182341232895851
0.0803258866071701;0.008816681802272797
0.09390281140804291;0.009965240955352783
0.08476831018924713;0.00816432200372219
0.09193240851163864;0.009698182344436646
0.0892900824546814;0.009906699880957603
0.08113713562488556;0.007540766149759293
0.08982989192008972;0.009274378418922424
0.07394365966320038;0.007310010492801666
0.09199126064777374;0.010201038792729378
0.08765223622322083;0.00849652849137783
0.08510934561491013;0.009406866505742073
0.08649072051048279;0.009431958198547363
0.09233301877975464;0.008535061031579971
0.08681744337081909;0.008802998811006546
0.0917881652712822;0.00898405909538269
0.08991920948028564;0.010088207200169563
0.09424271434545517;0.009901493787765503
0.09051191806793213;0.01103883981704712
0.08359423279762268;0.008530406281352043
0.08495410531759262;0.009680282324552536
0.09273520112037659;0.009216580539941788
0.09715376794338226;0.010708946734666824
0.08083095401525497;0.007927799597382545
0.09263089299201965;0.008561840280890465
0.08250784128904343;0.008487798273563385
0.09741216897964478;0.009844066575169563
0.08826540410518646;0.008814902976155281
0.09315617382526398;0.00966648943722248
0.08235834538936615;0.008960423991084099
0.09883192181587219;0.011335806921124458
0.08228199928998947;0.008317336440086365
0.08719339966773987;0.008602198213338852
0.08399156481027603;0.008826244622468948
0.08419959247112274;0.010155636817216873
0.0951739251613617;0.009915408678352833
0.0816548764705658;0.007715912535786629
0.08241185545921326;0.008889226242899895
0.09365467727184296;0.010272005572915077
0.09198716282844543;0.010498272255063057
0.08308804035186768;0.008609583601355553
0.09304430335760117;0.010218227282166481
0.09257020056247711;0.009189529344439507
0.08156509697437286;0.008261216804385185
0.08776253461837769;0.008708711713552475
0.0906362235546112;0.010336615145206451
0.08580119907855988;0.009207028895616531
0.0814586654305458;0.00805836170911789
0.08129260689020157;0.009285038337111473
0.08863647282123566;0.009076124057173729
0.08477649092674255;0.008134830743074417
0.08878234773874283;0.009324813261628151
0.08027105033397675;0.009113548323512077
0.08874974399805069;0.009385505691170692
0.08581314980983734;0.010383294895291328
0.08727124333381653;0.00908828154206276
0.08598281443119049;0.00982695072889328
0.0971229076385498;0.009552983567118645
0.0820707306265831;0.00786464661359787
0.0846787840127945;0.009274594485759735
0.09085311740636826;0.009098734706640244
0.0792015865445137;0.008946660906076431
0.08818323165178299;0.009192818775773048
0.09643305093050003;0.011157985776662827
0.08545474708080292;0.010377373546361923
0.09050574153661728;0.010641183704137802
0.08750981837511063;0.009196057915687561
0.08280715346336365;0.007930422201752663
0.08526228368282318;0.00830032303929329
0.08748059719800949;0.009032242000102997
0.08897020667791367;0.00972149707376957
0.09874192625284195;0.010496418923139572
0.08617427945137024;0.01024864986538887
0.09335868805646896;0.009633593261241913
0.08166786283254623;0.007734999060630798
0.08876313269138336;0.009608713909983635
0.08117758482694626;0.008908864110708237
0.08722734451293945;0.009112149477005005
0.087550088763237;0.0094750402495265
0.09490357339382172;0.009436530992388725
0.09435295313596725;0.011020835489034653
0.0893850028514862;0.008795933797955513
0.08986856043338776;0.009861612692475319
0.09275121986865997;0.010212050750851631
0.08368983864784241;0.008291296660900116
0.08911697566509247;0.009202966466546059
0.0883248895406723;0.009759686887264252
0.09146517515182495;0.00982845202088356
0.0868849903345108;0.008405249565839767
0.08625530451536179;0.008874405175447464
0.0864672064781189;0.009123234078288078
0.08862804621458054;0.008465966209769249
0.08648701757192612;0.009163938462734222
0.09474416822195053;0.010762166231870651
0.09588465094566345;0.009963266551494598
0.09430648386478424;0.010610593482851982
0.08972997963428497;0.009020276367664337
0.0934000313282013;0.009392574429512024
0.08482258021831512;0.008950414136052132
0.07710479199886322;0.00857594981789589
0.09333581477403641;0.01127016730606556
0.08517088741064072;0.007645176723599434
0.08457088470458984;0.009911328554153442
0.08356720209121704;0.0098576620221138
0.07846593856811523;0.007520902901887894
0.09966355562210083;0.009885977953672409
0.08602476119995117;0.009172426536679268
0.09047918021678925;0.010075423866510391
0.08316920697689056;0.00809396430850029
0.0931219533085823;0.009356990456581116
0.08762131631374359;0.010355290025472641
0.08260218799114227;0.007620314136147499
0.0932566374540329;0.010486451908946037
0.09981391578912735;0.010858748108148575
0.08673316240310669;0.009637109935283661
0.08221644163131714;0.008369602262973785
0.084415003657341;0.008358482271432877
0.08654704689979553;0.010550664737820625
0.08766550570726395;0.008864132687449455
0.08455710858106613;0.008513923734426498
0.08624732494354248;0.008482541888952255
0.08885430544614792;0.00959455780684948
0.09361237287521362;0.010328220203518867
0.09817057847976685;0.011570730246603489
0.08283983170986176;0.009354544803500175
0.08667483925819397;0.008594013750553131
0.0868668332695961;0.008929885923862457
0.08675438910722733;0.009160676971077919
0.09194961190223694;0.009745528921484947
0.08590909093618393;0.00828065536916256
0.08720369637012482;0.008841313421726227
0.09872068464756012;0.010039685294032097
0.08106749504804611;0.009339885786175728
0.08906634151935577;0.00924147479236126
0.08120054006576538;0.00795113667845726
0.08925499767065048;0.009645858779549599
0.08293244242668152;0.00819413736462593
0.09625840932130814;0.010915488004684448
