TV;KL
1.4646737575531006;6.632936477661133
1.4238982200622559;6.3370819091796875
1.359429121017456;4.688027381896973
1.2832155227661133;3.5198495388031006
1.2121011018753052;2.7763516902923584
1.147735357284546;2.259190797805786
1.0816514492034912;1.8247535228729248
1.030157208442688;1.5684763193130493
0.9694613218307495;1.3060380220413208
0.9396580457687378;1.152783989906311
0.8938227891921997;0.9842706918716431
0.8407584428787231;0.8440918326377869
0.8182538747787476;0.7413399815559387
0.7666131258010864;0.6523258090019226
0.7382488250732422;0.5876850485801697
0.7249832153320312;0.5278116464614868
0.6948702931404114;0.47243446111679077
0.6810418367385864;0.4381394684314728
0.6579405069351196;0.3984524607658386
0.6328124403953552;0.37304168939590454
0.619753897190094;0.34111887216567993
0.6147568821907043;0.32844647765159607
0.6040551662445068;0.3039773106575012
0.5912047624588013;0.28125375509262085
0.5745869874954224;0.2656330466270447
0.571329653263092;0.2638145387172699
0.5619173049926758;0.2452375590801239
0.5564393997192383;0.23326429724693298
0.5528254508972168;0.22247911989688873
0.5476688146591187;0.22181376814842224
0.5478063225746155;0.2069615125656128
0.547268807888031;0.2115783393383026
0.5506671667098999;0.20610588788986206
0.5394574403762817;0.1975482702255249
0.5379676818847656;0.19317230582237244
0.5421046018600464;0.18623045086860657
0.5370038747787476;0.18413841724395752
0.537217378616333;0.182574063539505
0.5374094247817993;0.18136534094810486
0.5346413850784302;0.17426075041294098
0.5357452630996704;0.17719115316867828
0.5374325513839722;0.17270871996879578
0.5335705876350403;0.17027494311332703
0.5338106155395508;0.1710658073425293
0.5332809090614319;0.16730493307113647
0.5335665941238403;0.1657988429069519
0.5390432476997375;0.16912630200386047
0.5334283113479614;0.16644269227981567
0.5347580313682556;0.1631116271018982
0.5353442430496216;0.16583111882209778
0.5349735021591187;0.16526061296463013
0.5337017178535461;0.16546042263507843
0.5335123538970947;0.16334369778633118
0.5335161685943604;0.16115978360176086
0.5345176458358765;0.16395501792430878
0.5344569683074951;0.16527831554412842
0.5353996753692627;0.16271361708641052
0.5335862636566162;0.15952548384666443
0.5345856547355652;0.16077080368995667
0.5337740182876587;0.1619969606399536
0.5345801115036011;0.16169802844524384
0.5338753461837769;0.16004624962806702
0.5323419570922852;0.160048708319664
0.5322856903076172;0.15967613458633423
0.5333328247070312;0.1613065004348755
0.535728394985199;0.16260197758674622
0.5328016877174377;0.1599361002445221
0.5334954857826233;0.1602441370487213
0.5328261852264404;0.15820756554603577
0.533473551273346;0.15996360778808594
0.5337390899658203;0.1586287021636963
0.5337014198303223;0.1607849895954132
0.5342879295349121;0.16086581349372864
0.5339317917823792;0.15983335673809052
0.5334303379058838;0.15861141681671143
0.5339953899383545;0.16081923246383667
0.5324106812477112;0.16070926189422607
0.5345128774642944;0.16062843799591064
0.5336117744445801;0.15934361517429352
0.5336635708808899;0.1591746211051941
0.5336157083511353;0.1591665893793106
0.5340005159378052;0.15938663482666016
0.5330357551574707;0.15863317251205444
0.5335792899131775;0.159226194024086
0.5325703024864197;0.16028447449207306
0.5339401364326477;0.15966904163360596
0.5330406427383423;0.1601099818944931
0.534328818321228;0.1603991538286209
0.5333459973335266;0.16045063734054565
0.534478485584259;0.16229985654354095
0.532517671585083;0.1591583788394928
0.533711314201355;0.1603321135044098
0.5339332222938538;0.15868186950683594
0.5333953499794006;0.1581539362668991
0.5342178344726562;0.1604706346988678
0.5335792303085327;0.1590670645236969
0.5333219766616821;0.16060413420200348
0.5340366363525391;0.1606542468070984
0.5319920182228088;0.1580783575773239
0.5335872769355774;0.15981122851371765
0.5335279703140259;0.16022637486457825
0.5332034826278687;0.15869140625
0.5331767201423645;0.16049803793430328
0.5340659022331238;0.16021326184272766
0.5332966446876526;0.15893903374671936
0.5331414341926575;0.15870559215545654
0.5346952676773071;0.16069582104682922
0.5334926247596741;0.15983247756958008
0.5351484417915344;0.16023705899715424
0.5337376594543457;0.16076180338859558
0.5336106419563293;0.16063843667507172
0.5341435670852661;0.15962466597557068
0.5333061814308167;0.15959322452545166
0.5337965488433838;0.15998274087905884
0.5334923267364502;0.15954351425170898
0.5327790975570679;0.1598397046327591
0.5336859226226807;0.15895196795463562
0.5340734720230103;0.1601298302412033
0.5340093374252319;0.15992644429206848
0.5343749523162842;0.15950748324394226
0.5330744981765747;0.15902940928936005
0.5341810584068298;0.15997296571731567
0.5337411165237427;0.16000044345855713
0.5337374806404114;0.16082414984703064
0.5329357981681824;0.1593836396932602
0.5355318784713745;0.16357892751693726
0.5337331295013428;0.15798233449459076
0.5345104932785034;0.16061025857925415
0.5344976186752319;0.15960949659347534
0.5331346988677979;0.15963219106197357
0.5335955023765564;0.15962675213813782
0.5351781249046326;0.15930667519569397
0.5326645970344543;0.15794476866722107
0.5327614545822144;0.15941119194030762
0.5324677228927612;0.15927018225193024
0.5323117971420288;0.15872284770011902
0.5326624512672424;0.1587405949831009
0.5329874753952026;0.1598503291606903
0.5330605506896973;0.15884163975715637
0.5353209972381592;0.16003060340881348
0.5336380004882812;0.1598847508430481
0.5339635014533997;0.15965819358825684
0.5334539413452148;0.1593293845653534
0.5332162380218506;0.15941493213176727
0.5336096882820129;0.16028590500354767
0.5338886976242065;0.1603260338306427
0.5342628955841064;0.1598547250032425
0.53349769115448;0.16102084517478943
0.533170759677887;0.15945273637771606
0.5324579477310181;0.15949854254722595
0.5345755815505981;0.16000203788280487
0.5348891019821167;0.16061115264892578
0.5339038372039795;0.15992531180381775
0.5330759286880493;0.15879815816879272
0.5330014228820801;0.15986014902591705
0.5325539112091064;0.15862229466438293
0.5331083536148071;0.16047286987304688
0.5362229943275452;0.16112171113491058
0.5345803499221802;0.16157549619674683
0.5333499908447266;0.15861853957176208
0.5358495712280273;0.16026203334331512
0.532912015914917;0.159517303109169
0.5333167314529419;0.16161517798900604
0.5335259437561035;0.15997900068759918
0.5359325408935547;0.16233739256858826
0.5354090332984924;0.1601906716823578
0.5333641171455383;0.15824678540229797
0.53271484375;0.1588614583015442
0.5330550670623779;0.15925905108451843
0.5325848460197449;0.16004320979118347
0.5337267518043518;0.16007933020591736
0.5332663059234619;0.15989066660404205
0.5333685874938965;0.15986406803131104
0.532788097858429;0.15951883792877197
0.533306360244751;0.1592530459165573
0.533121645450592;0.15960341691970825
0.5333664417266846;0.1587308645248413
0.5335877537727356;0.15806402266025543
0.532183051109314;0.15882737934589386
0.533401370048523;0.15901301801204681
0.5346659421920776;0.16030679643154144
0.5335359573364258;0.15912222862243652
0.5319581031799316;0.15772747993469238
0.5325113534927368;0.158859521150589
0.5342913866043091;0.15916365385055542
0.5334417223930359;0.16022172570228577
0.5347718000411987;0.15907952189445496
0.5339465141296387;0.1591271162033081
0.5323866009712219;0.1578969657421112
0.5330702066421509;0.1587439477443695
0.5341861248016357;0.1595526933670044
0.5341229438781738;0.16000548005104065
0.5323309898376465;0.15842774510383606
0.5332263112068176;0.15983326733112335
0.5333513021469116;0.15944813191890717
0.5327956676483154;0.15914079546928406
0.533372700214386;0.15864746272563934
0.5332183837890625;0.15813730657100677
0.5331130027770996;0.1599123775959015
0.5350763201713562;0.1603103131055832
0.5343354940414429;0.1616457849740982
0.5326403379440308;0.16049824655056
0.5337321758270264;0.15955576300621033
0.533926784992218;0.16002565622329712
0.5342841148376465;0.15918269753456116
0.5332053303718567;0.15904060006141663
0.5338672995567322;0.1577407568693161
0.5327152609825134;0.15939906239509583
0.5332943201065063;0.15881139039993286
0.5330179929733276;0.15883174538612366
0.5335022807121277;0.1601678431034088
0.5333960056304932;0.16002890467643738
0.5327869653701782;0.1594596654176712
0.5339316129684448;0.15911416709423065
0.533145010471344;0.15923087298870087
0.5335685610771179;0.15866291522979736
0.5348988771438599;0.16077843308448792
0.5340629816055298;0.16019010543823242
0.5334361791610718;0.1589743196964264
0.533518373966217;0.15818168222904205
0.533056914806366;0.15929588675498962
0.5333713293075562;0.1607622653245926
0.5336035490036011;0.15924908220767975
0.532747745513916;0.1585763692855835
0.5352782607078552;0.1607639640569687
0.5330749154090881;0.15871191024780273
0.5332680940628052;0.15963248908519745
0.5331542491912842;0.16094720363616943
0.5336054563522339;0.16079102456569672
0.5332437753677368;0.15930646657943726
0.5329138040542603;0.1584305614233017
0.5321391224861145;0.15950068831443787
0.5346570014953613;0.16150030493736267
0.5338754653930664;0.16009259223937988
0.5351210832595825;0.16080929338932037
0.5323729515075684;0.15859529376029968
0.5351077318191528;0.16071031987667084
0.5350134372711182;0.15884153544902802
0.5333699584007263;0.16014811396598816
0.5335236191749573;0.16021616756916046
0.5331100821495056;0.16011229157447815
0.5337831377983093;0.16099441051483154
0.5330740213394165;0.15929675102233887
0.5329657793045044;0.15919183194637299
0.5333502292633057;0.16162991523742676
0.5350986123085022;0.15939095616340637
0.5338077545166016;0.16055041551589966
0.5335474610328674;0.16017934679985046
0.5338901877403259;0.1590786874294281
0.5329208970069885;0.15929505228996277
0.5323814749717712;0.1583707332611084
0.5331041812896729;0.15892735123634338
0.5337852239608765;0.16099633276462555
0.5337001085281372;0.16038630902767181
0.5340617895126343;0.16058608889579773
0.5338852405548096;0.16185858845710754
0.533318042755127;0.1591116189956665
0.534792959690094;0.16041414439678192
0.5333701968193054;0.15939433872699738
0.5340245962142944;0.1593894064426422
0.5339474678039551;0.15996216237545013
0.5333825945854187;0.15954861044883728
0.5337308645248413;0.15968981385231018
0.5355699062347412;0.1598917841911316
0.5334354639053345;0.1581745743751526
0.5328207015991211;0.16016918420791626
0.5324212312698364;0.15934598445892334
0.5336055159568787;0.16139182448387146
0.5359385013580322;0.1606334149837494
0.5321741104125977;0.1583908200263977
0.5345102548599243;0.15969902276992798
0.5334662795066833;0.1601596474647522
0.5334138870239258;0.15830641984939575
0.5330893397331238;0.15948493778705597
0.5341497659683228;0.15937992930412292
0.5334339141845703;0.16013947129249573
0.5334618091583252;0.1582336723804474
0.5331552028656006;0.16032913327217102
0.5330321192741394;0.1590159833431244
0.5333496928215027;0.1586715281009674
0.5329803824424744;0.1593511998653412
0.5331347584724426;0.1591981053352356
0.5340996980667114;0.15926259756088257
0.5337494611740112;0.15948501229286194
0.5343530774116516;0.16009706258773804
0.5336055159568787;0.16059355437755585
0.5326961874961853;0.16056406497955322
0.5331418514251709;0.1596425324678421
0.5333190560340881;0.15909028053283691
0.5327961444854736;0.15834639966487885
0.5347336530685425;0.16125164926052094
0.5321865081787109;0.15931478142738342
0.5336140990257263;0.15921920537948608
0.5329887270927429;0.16067847609519958
0.5328065156936646;0.15943583846092224
0.5325304269790649;0.1589623987674713
0.5328191518783569;0.15840555727481842
0.5334915518760681;0.15863847732543945
0.5341062545776367;0.15926940739154816
0.533545970916748;0.16051989793777466
0.5328448414802551;0.15911947190761566
0.5337262749671936;0.1595616340637207
0.5341658592224121;0.15971466898918152
0.5334216356277466;0.16059626638889313
0.5327637195587158;0.1580040454864502
0.5338664054870605;0.1593543291091919
0.5332667827606201;0.15961185097694397
0.5339307188987732;0.15898805856704712
0.533277153968811;0.15934869647026062
0.5334759950637817;0.15822821855545044
0.5331057906150818;0.1585037112236023
0.5329723954200745;0.16088669002056122
0.5334055423736572;0.15878193080425262
0.5337462425231934;0.16068263351917267
0.5331236720085144;0.15950801968574524
0.5323590040206909;0.15908025205135345
0.5329396724700928;0.16124707460403442
0.5324819087982178;0.15876130759716034
0.534092903137207;0.1599317044019699
0.5334718227386475;0.15952816605567932
0.5332105159759521;0.16097941994667053
0.5347655415534973;0.1607292890548706
0.5333642363548279;0.1604287028312683
0.5350697636604309;0.16031359136104584
0.533665657043457;0.15945133566856384
0.5331006050109863;0.159060537815094
0.5354776978492737;0.16055047512054443
0.5341849327087402;0.16060997545719147
0.5334293246269226;0.15844079852104187
0.5332872271537781;0.15960577130317688
0.5338097810745239;0.15974006056785583
0.5331952571868896;0.15900298953056335
0.5338479280471802;0.16016222536563873
0.5339658260345459;0.15976370871067047
0.5333468317985535;0.16078311204910278
0.5322107672691345;0.1590198278427124
0.5337154269218445;0.15886583924293518
0.532676100730896;0.15839621424674988
0.5331308841705322;0.15934307873249054
0.5340554714202881;0.16042885184288025
0.5329186320304871;0.15957456827163696
0.5337234735488892;0.1597001701593399
0.5337845087051392;0.1605980396270752
0.5323796272277832;0.15902802348136902
0.5347260236740112;0.1617804765701294
0.5340258479118347;0.16157928109169006
0.5339288711547852;0.1586713343858719
0.534756600856781;0.15980437397956848
0.5343019962310791;0.16098150610923767
0.5327627658843994;0.16030018031597137
0.5332372188568115;0.15919741988182068
0.5330252051353455;0.15992707014083862
0.5327363014221191;0.1591305434703827
0.5319173336029053;0.1586892008781433
0.534033477306366;0.16030524671077728
0.532917857170105;0.1590878814458847
0.5330438017845154;0.1604878008365631
0.5345711708068848;0.16069763898849487
0.5323811173439026;0.15935787558555603
0.5335901975631714;0.15830226242542267
0.5330585241317749;0.15798678994178772
0.5334235429763794;0.15889982879161835
0.5324476957321167;0.15904495120048523
0.5340843796730042;0.15908384323120117
0.532764196395874;0.15833315253257751
0.5332298278808594;0.1596420407295227
0.532374382019043;0.15819868445396423
0.5339529514312744;0.15965187549591064
0.5333350300788879;0.15858976542949677
0.5339263677597046;0.15948432683944702
0.5344151258468628;0.16000495851039886
0.5349013209342957;0.15930894017219543
0.5335538983345032;0.15914374589920044
0.5331037044525146;0.1599048227071762
0.5330207943916321;0.15797722339630127
0.533699631690979;0.1609342098236084
0.5344399809837341;0.16004514694213867
0.5331627130508423;0.15863260626792908
0.5326818227767944;0.159963458776474
0.5328055024147034;0.16033098101615906
0.5327963829040527;0.16006602346897125
0.5335133075714111;0.15905112028121948
0.5350185632705688;0.16082245111465454
0.5343321561813354;0.15991537272930145
0.534209132194519;0.1602591574192047
0.534461259841919;0.15842628479003906
0.5332306623458862;0.16016948223114014
0.5337849259376526;0.15981943905353546
0.5324125289916992;0.15778106451034546
0.5319938063621521;0.1593078076839447
0.5332196354866028;0.16022953391075134
0.5347884893417358;0.16036121547222137
0.5343194603919983;0.15872131288051605
0.5332110524177551;0.16006425023078918
0.5325123071670532;0.1574603021144867
0.5339590907096863;0.15943463146686554
0.5350759625434875;0.16045907139778137
0.533685564994812;0.15938618779182434
0.533648669719696;0.16031625866889954
0.531913697719574;0.1589461863040924
0.5332204103469849;0.15934133529663086
0.5347157716751099;0.1607358157634735
0.5331244468688965;0.16070958971977234
0.5328203439712524;0.15848445892333984
0.533695638179779;0.1598813235759735
0.5328149795532227;0.1583786904811859
0.5347006320953369;0.16021178662776947
0.5321865677833557;0.15953806042671204
0.5335503220558167;0.16010522842407227
0.5324004888534546;0.15863674879074097
0.533424437046051;0.16009047627449036
0.533280074596405;0.1609463095664978
0.5332481265068054;0.15904928743839264
0.5339068174362183;0.15957659482955933
0.5327044725418091;0.15850326418876648
0.5342401266098022;0.16197437047958374
0.5359413623809814;0.16225895285606384
0.5343828201293945;0.15956571698188782
0.5335267782211304;0.16102932393550873
0.5335453748703003;0.16087006032466888
0.5326220393180847;0.15909984707832336
0.5341042280197144;0.16004976630210876
0.534135639667511;0.15968233346939087
0.5326136350631714;0.15859857201576233
0.5335574150085449;0.15956349670886993
0.5352123379707336;0.16182614862918854
0.5333817005157471;0.1584940403699875
0.5338957905769348;0.16019290685653687
0.5332939028739929;0.16066454350948334
0.5344785451889038;0.16153860092163086
0.533268928527832;0.15926623344421387
0.5328507423400879;0.15933947265148163
0.5327903032302856;0.16024059057235718
0.5323566198348999;0.15982817113399506
0.5325031280517578;0.16075515747070312
0.5333192348480225;0.1605096459388733
0.533850908279419;0.16049639880657196
0.5333331227302551;0.1603277325630188
0.5337830781936646;0.1598418951034546
0.5337069630622864;0.15900376439094543
0.5341086387634277;0.16040965914726257
0.5315440893173218;0.1600988805294037
0.5352640151977539;0.16032901406288147
0.5334171056747437;0.16060537099838257
0.5330253839492798;0.15907493233680725
0.5334893465042114;0.15969043970108032
0.5328980088233948;0.15845751762390137
0.5336722135543823;0.16169986128807068
0.5341721177101135;0.16046488285064697
0.5347861647605896;0.1617206484079361
0.5330758094787598;0.15852704644203186
0.5327726602554321;0.1598081886768341
0.5328683257102966;0.15962079167366028
0.5329281091690063;0.1590127944946289
0.533525824546814;0.15985125303268433
0.5366127490997314;0.1603168249130249
0.5323175191879272;0.15945741534233093
0.5337814092636108;0.15874236822128296
0.5345179438591003;0.16042861342430115
0.5328081846237183;0.15827447175979614
0.5326732993125916;0.15996971726417542
0.5331149697303772;0.15813195705413818
0.5333610773086548;0.15924377739429474
0.5336927175521851;0.1605101227760315
0.533359169960022;0.15985837578773499
0.5323997735977173;0.15991142392158508
0.535198986530304;0.16124913096427917
0.5328266620635986;0.16028007864952087
0.5331649780273438;0.1597730815410614
0.5328587889671326;0.15855710208415985
0.5321964025497437;0.15867045521736145
0.5352102518081665;0.16118325293064117
0.532484233379364;0.16090598702430725
0.5335915684700012;0.16056886315345764
0.5338074564933777;0.1604778915643692
0.5345516204833984;0.1598067581653595
0.5332736372947693;0.15934453904628754
0.5343017578125;0.16173043847084045
0.5336917638778687;0.1598004400730133
0.5344147086143494;0.16048383712768555
0.5332560539245605;0.1597423553466797
0.532953143119812;0.15916720032691956
0.5324759483337402;0.15965759754180908
0.5330293774604797;0.158384770154953
0.5339308977127075;0.1586938351392746
0.5337412357330322;0.15984299778938293
0.5331143140792847;0.1580566018819809
0.5346668362617493;0.15981179475784302
0.5339922904968262;0.16008099913597107
0.5327843427658081;0.15843886137008667
0.5342960357666016;0.16083312034606934
0.5349845290184021;0.16322749853134155
0.5333751440048218;0.15972483158111572
0.532809853553772;0.15820622444152832
0.5339409112930298;0.1592067927122116
0.5328640937805176;0.15949542820453644
0.533653199672699;0.1604633331298828
0.5327788591384888;0.15918172895908356
0.5335747003555298;0.16025999188423157
0.5338331460952759;0.16008307039737701
0.5325976014137268;0.160063698887825
0.5330464243888855;0.1591709554195404
0.5330623984336853;0.15881679952144623
0.533359706401825;0.16029717028141022
0.532822847366333;0.1578824669122696
0.5336543321609497;0.15970920026302338
0.5335456132888794;0.16047883033752441
0.5326860547065735;0.1590254008769989
0.5331839919090271;0.16149279475212097
0.5325280427932739;0.15708982944488525
0.5344379544258118;0.1596633493900299
0.5330237150192261;0.16028115153312683
0.5318982601165771;0.1591619849205017
0.533605694770813;0.16001850366592407
0.5335619449615479;0.16129814088344574
0.5330840349197388;0.15960228443145752
0.5338708162307739;0.160081148147583
0.5353312492370605;0.1595601737499237
0.5335065126419067;0.1608034074306488
0.533413290977478;0.16017793118953705
0.5348504781723022;0.1614726334810257
0.5334885120391846;0.16032803058624268
0.5347104668617249;0.15944930911064148
0.5330417156219482;0.16032613813877106
0.5331125259399414;0.16012269258499146
0.5320841073989868;0.16040775179862976
0.5337741374969482;0.16147136688232422
0.5339996814727783;0.16166085004806519
0.5352654457092285;0.161949023604393
0.5345346927642822;0.15967173874378204
0.5321204662322998;0.15920448303222656
0.5332721471786499;0.15944907069206238
0.5331933498382568;0.15895405411720276
0.533586323261261;0.1599954068660736
0.5340977907180786;0.1610649675130844
0.5343931913375854;0.160238116979599
0.5328885316848755;0.1600034236907959
0.5342419147491455;0.1604481339454651
0.5346309542655945;0.1601286083459854
0.533945620059967;0.15969926118850708
0.5349883437156677;0.16090157628059387
0.5340869426727295;0.16123177111148834
0.5336627960205078;0.1599106788635254
0.5353294014930725;0.159408837556839
0.5338883399963379;0.1588880717754364
0.5326331257820129;0.15821343660354614
0.5331161022186279;0.16043178737163544
0.5324686169624329;0.15885335206985474
0.5332826972007751;0.16080772876739502
0.5334848165512085;0.1591642200946808
0.5337259769439697;0.15923786163330078
0.5339397192001343;0.1595526486635208
0.5324916243553162;0.15955623984336853
0.5324450731277466;0.15757650136947632
0.5336595177650452;0.15963591635227203
0.5338191986083984;0.15978404879570007
0.532931923866272;0.15918582677841187
0.5329842567443848;0.15916091203689575
0.5339957475662231;0.15921181440353394
0.5324534177780151;0.15976670384407043
0.5344548225402832;0.16070890426635742
0.5331308841705322;0.1583162546157837
0.5327380299568176;0.1582869291305542
0.5350199937820435;0.16133937239646912
0.5325893759727478;0.15789157152175903
0.5332354307174683;0.16007250547409058
0.5343132615089417;0.15934303402900696
0.5341209173202515;0.15910029411315918
0.53426194190979;0.15970075130462646
0.5335844159126282;0.15917111933231354
0.5332111716270447;0.15993468463420868
0.5334724187850952;0.16175802052021027
0.5339013338088989;0.1598326861858368
0.5341758728027344;0.15956014394760132
0.5337059497833252;0.15945567190647125
0.5328957438468933;0.15942876040935516
0.532536506652832;0.15823814272880554
0.5330710411071777;0.15943437814712524
0.5326496958732605;0.16095402836799622
0.5323541164398193;0.15883034467697144
0.5331366062164307;0.15929247438907623
0.533226490020752;0.15929970145225525
0.5327494144439697;0.15946157276630402
0.5344967246055603;0.16142746806144714
0.5321969985961914;0.158878356218338
0.5337468385696411;0.1599518060684204
0.5342572927474976;0.15952512621879578
0.5326498746871948;0.15849199891090393
0.5337592959403992;0.16026383638381958
0.5338700413703918;0.15908066928386688
0.533653736114502;0.1584371030330658
0.5329437255859375;0.16057130694389343
0.5334804058074951;0.1597917675971985
0.5334043502807617;0.1605590581893921
0.5342311859130859;0.1594381481409073
0.5326817035675049;0.15991607308387756
0.5340691208839417;0.15974029898643494
0.53311687707901;0.16000929474830627
0.5342479944229126;0.1585671603679657
0.5340391397476196;0.161386176943779
0.5347919464111328;0.1593714952468872
0.5345529317855835;0.16099011898040771
0.532789409160614;0.15950313210487366
0.5339441299438477;0.16037337481975555
0.5331645011901855;0.16034111380577087
0.5337637066841125;0.15949362516403198
0.5336178541183472;0.16012313961982727
0.5340737104415894;0.16125613451004028
0.533730149269104;0.16092175245285034
0.5334080457687378;0.15914994478225708
0.5339213609695435;0.1603131741285324
0.5349225997924805;0.15984207391738892
0.5335097908973694;0.15994243323802948
0.5326156616210938;0.1581781953573227
0.53333580493927;0.1600854992866516
0.5336437821388245;0.15979917347431183
0.5337589979171753;0.1602555364370346
0.5344921350479126;0.1591372936964035
0.5345789194107056;0.16000908613204956
0.5344768762588501;0.16012543439865112
0.5329840183258057;0.15853576362133026
0.5340195894241333;0.15941202640533447
0.5339189767837524;0.16024212539196014
0.5339062809944153;0.1604110300540924
0.5330577492713928;0.15809330344200134
0.5344433784484863;0.1596055030822754
0.5345232486724854;0.1600475162267685
0.533667802810669;0.15842530131340027
0.5322082042694092;0.15878170728683472
0.5334824323654175;0.15931978821754456
0.5323381423950195;0.1597282886505127
0.5343284606933594;0.16051992774009705
0.5334330797195435;0.1603025197982788
0.534346342086792;0.16104793548583984
0.5335649251937866;0.1600533425807953
0.5327655076980591;0.15832246840000153
0.53354811668396;0.1606418341398239
0.5328173637390137;0.1589043140411377
0.5346298217773438;0.15926197171211243
0.5340722799301147;0.15926986932754517
0.5329558849334717;0.1588640809059143
0.533610463142395;0.15920202434062958
0.5324660539627075;0.15952980518341064
0.533328115940094;0.16042950749397278
0.533998966217041;0.1596706360578537
0.531991720199585;0.15978798270225525
0.5338034629821777;0.1595708727836609
0.5324255228042603;0.1587960124015808
0.5349125266075134;0.16083183884620667
0.5341137051582336;0.16102035343647003
0.5321770906448364;0.1593509465456009
0.5325137376785278;0.15998023748397827
0.5324797034263611;0.15815669298171997
0.5323911905288696;0.15917232632637024
0.5331404209136963;0.15848489105701447
0.532720148563385;0.16023965179920197
0.5349636077880859;0.16208192706108093
0.5345748662948608;0.15947532653808594
0.534182608127594;0.15896616876125336
0.5325111746788025;0.15992531180381775
0.5327744483947754;0.16019462049007416
0.5350354909896851;0.15889546275138855
0.5335270166397095;0.16067415475845337
0.5347021818161011;0.16088107228279114
0.5323067903518677;0.1605510115623474
0.534074068069458;0.15845662355422974
0.5342072248458862;0.16089469194412231
0.5338003635406494;0.15891188383102417
0.5335274338722229;0.1600283533334732
0.5343353748321533;0.1592322587966919
0.5323766469955444;0.1592056304216385
0.5342896580696106;0.15923358500003815
0.5328958034515381;0.15922871232032776
0.5351184606552124;0.1601707488298416
0.5341088175773621;0.1600937843322754
0.5325170755386353;0.1586182713508606
0.532946765422821;0.16100051999092102
0.5327922105789185;0.15994565188884735
0.5331242680549622;0.1600273698568344
0.5333265662193298;0.16118860244750977
0.5335915088653564;0.16079644858837128
0.5346868634223938;0.1599951535463333
0.5332322120666504;0.16077569127082825
0.5333712697029114;0.159336119890213
0.534319281578064;0.1592022180557251
0.5339771509170532;0.16021475195884705
0.5327195525169373;0.159465953707695
0.5336178541183472;0.1590948849916458
0.5321751832962036;0.1583549678325653
0.5319852828979492;0.15776586532592773
0.5330637097358704;0.1603500247001648
0.532184362411499;0.15947884321212769
0.5325958728790283;0.16064515709877014
0.5334186553955078;0.15946629643440247
0.5351618528366089;0.16182734072208405
0.5335520505905151;0.15962591767311096
0.5342153310775757;0.1580769419670105
0.5327804684638977;0.15811684727668762
0.5327240824699402;0.15950042009353638
0.5324655771255493;0.15873709321022034
0.5336645245552063;0.15951207280158997
0.5326406955718994;0.159141406416893
0.5333611369132996;0.1596449464559555
0.5328918695449829;0.16004782915115356
0.5330427885055542;0.15943720936775208
0.5337330102920532;0.16001039743423462
0.5330967903137207;0.16046082973480225
0.5334122180938721;0.16057680547237396
0.5334665775299072;0.16008774936199188
0.5340984463691711;0.15946058928966522
0.5326894521713257;0.15898147225379944
0.5336487293243408;0.16068728268146515
0.5355302095413208;0.16126736998558044
0.5343770384788513;0.1596747636795044
0.5346452593803406;0.16023756563663483
0.5328867435455322;0.15756380558013916
0.5372948050498962;0.16235575079917908
0.5342137217521667;0.16023662686347961
0.5338114500045776;0.15993425250053406
0.5345190763473511;0.1605413258075714
0.5336344242095947;0.15827882289886475
0.5324684977531433;0.16049832105636597
0.5351356267929077;0.16121819615364075
0.5354809761047363;0.16049854457378387
0.5343098044395447;0.1596451848745346
0.5330369472503662;0.15844134986400604
0.5339975953102112;0.15942253172397614
0.5327630639076233;0.1592298150062561
0.5330834984779358;0.15941071510314941
0.5338977575302124;0.1601427048444748
0.5333355665206909;0.16072838008403778
0.5322270393371582;0.15931236743927002
0.5342969298362732;0.15931275486946106
0.5325563549995422;0.15958377718925476
0.5324622392654419;0.15849298238754272
0.5330613851547241;0.1590280383825302
0.53331059217453;0.1578368991613388
0.5332452058792114;0.15944212675094604
0.5353668928146362;0.16018545627593994
0.5328149795532227;0.1588297337293625
0.5335071086883545;0.15931981801986694
0.5329182744026184;0.15972857177257538
0.5330263376235962;0.15875759720802307
0.5349442958831787;0.1604146510362625
0.5343447923660278;0.16035476326942444
0.5343835949897766;0.16048865020275116
0.534028947353363;0.1599535495042801
0.5325735807418823;0.15830600261688232
0.5328751802444458;0.1607293039560318
0.5335872173309326;0.15961319208145142
0.533158540725708;0.1590358018875122
0.5335605144500732;0.15937569737434387
0.5334793925285339;0.1585482358932495
0.5338346362113953;0.16044984757900238
0.5334104299545288;0.15940536558628082
0.5336648225784302;0.1595253348350525
0.5345356464385986;0.16114121675491333
0.5333729982376099;0.16016310453414917
0.5342792868614197;0.16173028945922852
0.5347084999084473;0.15951481461524963
0.5338883399963379;0.16044560074806213
0.5335123538970947;0.1601029336452484
0.532604992389679;0.16019950807094574
0.5326122045516968;0.16028442978858948
0.532400906085968;0.15841682255268097
0.5329455137252808;0.16081199049949646
0.5326787233352661;0.1591896414756775
0.5331072807312012;0.15902039408683777
0.5328267812728882;0.16010931134223938
0.5325881242752075;0.16003184020519257
0.5334597229957581;0.1587744951248169
0.5335851311683655;0.15937422215938568
0.5329843759536743;0.1585628092288971
0.5337023138999939;0.1593722403049469
0.5336993932723999;0.15966826677322388
0.5367264747619629;0.1603526920080185
0.5362875461578369;0.16168630123138428
0.5332097411155701;0.16045190393924713
0.5332255959510803;0.15898266434669495
0.5340585708618164;0.15958335995674133
0.5335781574249268;0.1597743183374405
0.5325412154197693;0.15994428098201752
0.5327277779579163;0.15900781750679016
0.5339276194572449;0.1600084751844406
0.5341687202453613;0.15968695282936096
0.533775806427002;0.16045525670051575
0.5331556797027588;0.15886101126670837
0.5326571464538574;0.15836423635482788
0.5339173078536987;0.16007445752620697
0.5319398641586304;0.1586223840713501
0.5327435731887817;0.1584649235010147
0.5327643752098083;0.15948688983917236
0.5331950783729553;0.1601557731628418
0.5330106019973755;0.1604558676481247
0.5341222882270813;0.15922124683856964
0.5343890190124512;0.1615629643201828
0.5347888469696045;0.16170480847358704
0.5322085022926331;0.16055049002170563
0.5337456464767456;0.161192387342453
0.5330650210380554;0.1588001847267151
0.534349799156189;0.15934264659881592
0.5327965021133423;0.1583309918642044
0.5348239541053772;0.16141203045845032
0.532986044883728;0.15906628966331482
0.5328910946846008;0.15747612714767456
0.5338708162307739;0.15917745232582092
0.5336547493934631;0.1599251925945282
0.5352023839950562;0.1619502305984497
0.5332971215248108;0.16076388955116272
0.5324272513389587;0.15799030661582947
0.5333658456802368;0.15952521562576294
0.5330981016159058;0.15904510021209717
0.5339456796646118;0.16135209798812866
0.5336438417434692;0.15908029675483704
0.5338920950889587;0.16036340594291687
0.5326569080352783;0.15878210961818695
0.5355116128921509;0.1615063101053238
0.5342702865600586;0.16039501130580902
0.5329403281211853;0.1593933403491974
0.5325208902359009;0.15911413729190826
0.5328604578971863;0.15939289331436157
0.533362865447998;0.15832805633544922
0.5345622301101685;0.16160213947296143
0.5356592535972595;0.16222161054611206
0.5326005816459656;0.1588112711906433
0.5324631333351135;0.15779417753219604
0.5346377491950989;0.1607229858636856
0.5332103371620178;0.1600620150566101
0.5338823795318604;0.16052252054214478
0.5322862267494202;0.16185712814331055
0.5330474972724915;0.15940654277801514
0.5324492454528809;0.1598287969827652
0.5327082872390747;0.15799157321453094
0.5340265035629272;0.1588427573442459
0.5339174270629883;0.16051802039146423
0.5336896181106567;0.16044661402702332
0.5331606268882751;0.15958969295024872
0.5343937873840332;0.16120436787605286
0.5330941081047058;0.1611533910036087
0.5317782163619995;0.1593751460313797
0.5334662199020386;0.15995284914970398
0.5320572257041931;0.16020262241363525
0.5329810976982117;0.16023863852024078
0.532337486743927;0.15936625003814697
0.5333212614059448;0.1597360372543335
0.5322698354721069;0.15876270830631256
0.5331617593765259;0.15987668931484222
0.5323932766914368;0.1598970592021942
0.5318773984909058;0.15835578739643097
0.5322809219360352;0.1592739373445511
0.5348758101463318;0.15896010398864746
0.532935380935669;0.15941235423088074
0.533087432384491;0.1598491072654724
0.5343613028526306;0.1606472134590149
0.5331951975822449;0.15935930609703064
0.5326390862464905;0.1593116819858551
0.5335461497306824;0.16092465817928314
0.5325042009353638;0.15888914465904236
0.5327117443084717;0.1583828628063202
0.5329408049583435;0.16058434545993805
0.5348084568977356;0.1603449136018753
0.5342133045196533;0.16048485040664673
0.5326448082923889;0.1592901200056076
0.5337244272232056;0.15929511189460754
0.5326027870178223;0.1593766212463379
0.5334010720252991;0.1609525978565216
0.5333503484725952;0.15946897864341736
0.5327538847923279;0.16024720668792725
0.5340876579284668;0.1585206538438797
0.5335946083068848;0.15969997644424438
0.5328782796859741;0.15920458734035492
0.5339633822441101;0.16070546209812164
0.5337944626808167;0.15965303778648376
0.5333771109580994;0.16067300736904144
0.5335060954093933;0.1605168581008911
0.533827543258667;0.15882129967212677
0.5333468317985535;0.16041956841945648
0.532458484172821;0.15864844620227814
0.5337894558906555;0.16019651293754578
0.5330249071121216;0.15943163633346558
0.5334501266479492;0.16120658814907074
0.533603310585022;0.15857720375061035
0.5324053764343262;0.1599033623933792
0.5352211594581604;0.1601058840751648
0.5328177213668823;0.15835359692573547
0.533318281173706;0.15921610593795776
0.5330477952957153;0.15991565585136414
0.532606303691864;0.15885165333747864
0.535065233707428;0.15966084599494934
0.5333101153373718;0.16053645312786102
0.5326644778251648;0.1595301330089569
0.5336695909500122;0.16108444333076477
0.5338485836982727;0.16139718890190125
0.5336476564407349;0.1594584733247757
0.5349431037902832;0.16075366735458374
0.5342385768890381;0.15996325016021729
0.5334682464599609;0.15964826941490173
0.5341475009918213;0.15979436039924622
0.5333538055419922;0.15885546803474426
0.533207893371582;0.16107720136642456
0.5325790643692017;0.16044533252716064
0.5328874588012695;0.1582556962966919
0.5331013798713684;0.16005706787109375
0.5341846942901611;0.1604253053665161
0.5333011150360107;0.1595543920993805
0.5347768068313599;0.15971530973911285
0.5342916250228882;0.16098031401634216
0.5329687595367432;0.15963393449783325
0.5343762636184692;0.15980125963687897
0.5321855545043945;0.15911659598350525
0.533911943435669;0.16037937998771667
0.5334141850471497;0.16051596403121948
0.53266841173172;0.16059866547584534
0.5344298481941223;0.16103070974349976
0.5324594974517822;0.15879851579666138
0.5334770083427429;0.1603720337152481
0.5338066816329956;0.16025611758232117
0.5336435437202454;0.1594376266002655
0.5334071516990662;0.1600845605134964
0.5327625870704651;0.16043110191822052
0.5326792001724243;0.15912926197052002
0.5343440175056458;0.15874344110488892
0.5357826352119446;0.1609715223312378
0.534845232963562;0.1602829545736313
0.533335268497467;0.16007748246192932
0.5339266061782837;0.15885940194129944
0.5330556631088257;0.15931755304336548
0.5332039594650269;0.15977901220321655
0.5321720838546753;0.16099044680595398
0.5335214138031006;0.1612471640110016
0.5332354307174683;0.1580623984336853
0.5343977212905884;0.15989407896995544
0.5335812568664551;0.15945979952812195
0.5356201529502869;0.15994693338871002
0.5342647433280945;0.1605333387851715
0.5336219668388367;0.16120631992816925
0.5328473448753357;0.16142615675926208
0.533890426158905;0.16121770441532135
0.5355247259140015;0.16089972853660583
0.5324221253395081;0.15905027091503143
0.5338095426559448;0.16080573201179504
0.5321102738380432;0.16084535419940948
0.5337462425231934;0.16187232732772827
0.5324324369430542;0.15994825959205627
0.5346238613128662;0.16102127730846405
0.5330415964126587;0.15929216146469116
0.533577561378479;0.15887275338172913
0.5340529084205627;0.15888935327529907
0.5324987173080444;0.1587216854095459
0.5344007611274719;0.1611185371875763
0.5333709716796875;0.15961700677871704
0.5335040092468262;0.15981438755989075
0.5327243804931641;0.1585925966501236
0.5335477590560913;0.15958309173583984
0.5330051779747009;0.15876322984695435
0.5347527861595154;0.1594892293214798
0.5345405340194702;0.16022607684135437
0.5335091352462769;0.1596631109714508
0.535661518573761;0.1606558859348297
0.5332835912704468;0.1589432656764984
0.5339571833610535;0.16061146557331085
0.5324059128761292;0.1585703194141388
0.5348728895187378;0.16171720623970032
0.5331767201423645;0.15933024883270264
0.5331294536590576;0.15954487025737762
0.5343648195266724;0.16034093499183655
0.5340299010276794;0.1598682999610901
0.5342259407043457;0.16019301116466522
0.5349227786064148;0.1598496437072754
0.5336909294128418;0.1597011387348175
0.5336903929710388;0.1604568064212799
0.533281683921814;0.1595948487520218
0.5332896709442139;0.1599518060684204
0.5327744483947754;0.15886929631233215
0.5334295630455017;0.159993514418602
0.5331711173057556;0.15951929986476898
0.5332831144332886;0.15945839881896973
0.5336086750030518;0.15918871760368347
0.5328788161277771;0.16050821542739868
0.5335803031921387;0.1596229374408722
0.5336753129959106;0.16066358983516693
0.5328382253646851;0.15882974863052368
0.5348770022392273;0.1612405925989151
0.5342285633087158;0.16020143032073975
0.5330777764320374;0.15909990668296814
0.5337201356887817;0.15984292328357697
0.5349878072738647;0.1617095172405243
0.5333153009414673;0.15934321284294128
0.5336625576019287;0.16094796359539032
0.5332940816879272;0.15934807062149048
0.533061146736145;0.15947167575359344
0.5332143902778625;0.1599973440170288
0.5334296822547913;0.1605226993560791
0.5330668687820435;0.1599065363407135
0.5341028571128845;0.16039542853832245
0.5331624150276184;0.1599714457988739
0.5327885150909424;0.15923529863357544
0.534995436668396;0.16028860211372375
0.5321542024612427;0.1599074900150299
0.5328835248947144;0.16124847531318665
0.5338160395622253;0.15972302854061127
0.5328735709190369;0.1582282930612564
0.53364098072052;0.16023793816566467
0.5332702994346619;0.1589028537273407
0.534383237361908;0.16068135201931
0.5327315926551819;0.15971910953521729
0.5324060916900635;0.15911701321601868
0.5336112976074219;0.15906409919261932
0.5343972444534302;0.16059577465057373
0.5322240591049194;0.1589544713497162
0.5337103605270386;0.1613301932811737
0.533349335193634;0.15938732028007507
0.5335445404052734;0.16019569337368011
0.5320875644683838;0.15906992554664612
0.5333846807479858;0.15877003967761993
0.5334690809249878;0.160194993019104
0.5332899689674377;0.15981879830360413
0.5330414175987244;0.15906299650669098
0.533490777015686;0.15960094332695007
0.5334023833274841;0.15809549391269684
0.5328623652458191;0.16022492945194244
0.531947135925293;0.15814943611621857
0.5333035588264465;0.16004610061645508
0.5348681211471558;0.1606396585702896
0.5330678224563599;0.15884220600128174
0.5336191654205322;0.15900394320487976
0.5328876972198486;0.16049614548683167
0.53406822681427;0.1591830551624298
0.532865047454834;0.1592792570590973
0.5326633453369141;0.1589779257774353
0.5337318181991577;0.15934619307518005
0.5337767601013184;0.16142651438713074
0.5330470204353333;0.1596646010875702
0.5329429507255554;0.1603088676929474
0.5341237187385559;0.1599426418542862
0.5341822504997253;0.15861822664737701
0.5323207378387451;0.15822014212608337
0.5323126912117004;0.15918251872062683
0.5336474776268005;0.15952424705028534
0.5347263813018799;0.16129401326179504
0.533047080039978;0.16034986078739166
0.5323728322982788;0.15998788177967072
0.5354404449462891;0.16103965044021606
0.5342715382575989;0.1602468192577362
0.5324525237083435;0.15829253196716309
0.5324127674102783;0.16037286818027496
0.5325480699539185;0.15859489142894745
0.5326874852180481;0.16006220877170563
0.5350688695907593;0.1603509783744812
0.5343315005302429;0.15993531048297882
0.5340020656585693;0.16119933128356934
0.5336481332778931;0.1610071361064911
0.532737672328949;0.15903961658477783
0.5338222980499268;0.1599782109260559
0.5339447259902954;0.16051700711250305
0.5347153544425964;0.16049782931804657
0.5330382585525513;0.15967333316802979
0.5339826345443726;0.16074514389038086
0.5329556465148926;0.15906938910484314
0.5331403017044067;0.16016003489494324
0.5338910818099976;0.160623699426651
0.533381998538971;0.15949395298957825
0.5339765548706055;0.15996038913726807
0.5353899598121643;0.16028353571891785
0.5323615074157715;0.15853098034858704
0.533570408821106;0.15934358537197113
0.533626914024353;0.15983010828495026
0.5326001644134521;0.16030894219875336
0.5334310531616211;0.15929463505744934
0.5331631898880005;0.15938837826251984
0.5339193940162659;0.15866579115390778
0.5329477787017822;0.15983864665031433
0.53309166431427;0.15984463691711426
0.5337645411491394;0.15924398601055145
0.5324987173080444;0.15828675031661987
0.5323970317840576;0.1596200168132782
0.5332339406013489;0.15921884775161743
0.5330066084861755;0.15913483500480652
0.532771110534668;0.15909242630004883
0.5325462818145752;0.15985773503780365
0.5334256291389465;0.1588456630706787
0.5327875018119812;0.15962408483028412
0.5329042673110962;0.15915440022945404
0.533390462398529;0.15825122594833374
0.5329474210739136;0.15918664634227753
0.5335972905158997;0.15958765149116516
0.5338418483734131;0.15918922424316406
0.5325912833213806;0.16075089573860168
0.5330218076705933;0.1585746556520462
0.5341286659240723;0.16062328219413757
0.5333206653594971;0.16107377409934998
0.5346077680587769;0.16148057579994202
0.5328558087348938;0.15985329449176788
0.5346583127975464;0.16045913100242615
0.5331717729568481;0.16027256846427917
0.5346239805221558;0.15994511544704437
0.534625768661499;0.1599501669406891
0.5334348082542419;0.16032616794109344
0.533703088760376;0.16026584804058075
0.5337691903114319;0.15965388715267181
0.532721757888794;0.1594313681125641
0.5347226858139038;0.16118589043617249
0.533132791519165;0.16008447110652924
0.5331614017486572;0.1594924032688141
0.5334228873252869;0.1589697301387787
0.5331993103027344;0.15938490629196167
0.5328565835952759;0.16015803813934326
0.5346361398696899;0.16030561923980713
0.5328261852264404;0.15917688608169556
0.5336035490036011;0.15944930911064148
0.5336695313453674;0.160806804895401
0.532985508441925;0.16010849177837372
0.5334459543228149;0.15986524522304535
0.5332870483398438;0.15881609916687012
0.5326910614967346;0.15819630026817322
0.5339276194572449;0.1591358482837677
0.533937931060791;0.15959562361240387
0.5334039926528931;0.15942488610744476
0.5330042839050293;0.1590801328420639
0.5337783098220825;0.15886548161506653
0.5332802534103394;0.1593109518289566
0.534185528755188;0.1597830355167389
0.5337222814559937;0.15857954323291779
0.5337064862251282;0.1591176688671112
0.5329691171646118;0.15933632850646973
0.5329121947288513;0.1591617912054062
0.532666027545929;0.15998117625713348
0.5326991081237793;0.15921443700790405
0.5340811610221863;0.15982958674430847
0.5347205400466919;0.1600322127342224
0.5324211716651917;0.15863198041915894
0.5327961444854736;0.15829284489154816
0.5335164666175842;0.1591493785381317
0.5341021418571472;0.16121864318847656
0.5329903364181519;0.15990157425403595
0.5335176587104797;0.15999002754688263
0.5332967042922974;0.1600332409143448
0.5332522392272949;0.16186630725860596
0.5331417918205261;0.1587376594543457
0.5323494672775269;0.1589798629283905
0.5348297953605652;0.16163475811481476
0.5340169072151184;0.1602371633052826
0.5333055257797241;0.15890738368034363
0.5325747728347778;0.15914465487003326
0.5342978835105896;0.16115224361419678
0.5320659875869751;0.15933158993721008
0.5339906215667725;0.1598145067691803
0.5325486660003662;0.1592332422733307
0.5332971811294556;0.15959516167640686
0.5330653786659241;0.15922844409942627
0.5323103666305542;0.15748228132724762
0.5344107151031494;0.16048943996429443
0.5333278179168701;0.15988412499427795
0.5331970453262329;0.15951238572597504
0.5349166393280029;0.15923532843589783
0.5334197282791138;0.15939432382583618
0.5338342785835266;0.1595974713563919
0.5326008796691895;0.15817905962467194
0.5332850217819214;0.15877100825309753
0.5337311029434204;0.1594293862581253
0.5326370000839233;0.16045324504375458
0.5346331596374512;0.15898698568344116
0.5359865427017212;0.16038596630096436
0.5334075689315796;0.15942326188087463
0.5336924195289612;0.16034412384033203
0.5348572731018066;0.16112804412841797
0.5343668460845947;0.15901948511600494
0.5343993902206421;0.1601869761943817
0.533173143863678;0.1591961681842804
0.5340041518211365;0.1606212854385376
0.5333401560783386;0.1598898470401764
0.5339891910552979;0.1593547761440277
0.532676100730896;0.1594482958316803
0.5343263149261475;0.16067573428153992
0.5353968143463135;0.16038185358047485
0.5337050557136536;0.15932294726371765
0.5336971879005432;0.15946394205093384
0.5330373048782349;0.1585617959499359
0.534385085105896;0.1586957424879074
0.5329897403717041;0.15843412280082703
0.533200204372406;0.15940003097057343
0.533847451210022;0.1606939733028412
0.5341945886611938;0.16196617484092712
0.5347853899002075;0.16102829575538635
0.5321030616760254;0.15890970826148987
0.5348062515258789;0.15962347388267517
0.5338140726089478;0.16029423475265503
0.5336999297142029;0.15912623703479767
0.5332220792770386;0.15961840748786926
0.5322166681289673;0.15958085656166077
0.5334457755088806;0.15970110893249512
0.5337144732475281;0.15888428688049316
0.5339174270629883;0.16027814149856567
0.5333648324012756;0.16017000377178192
0.5329548120498657;0.15952077507972717
0.5331265926361084;0.1605961173772812
0.5324612855911255;0.15880060195922852
0.5339230298995972;0.1592978835105896
0.5335092544555664;0.1598256230354309
0.5349820852279663;0.16153505444526672
0.5327214002609253;0.15984171628952026
0.5327238440513611;0.15883862972259521
0.5341027975082397;0.15990027785301208
0.533674955368042;0.1592537760734558
0.5333402752876282;0.15935686230659485
0.5338252782821655;0.159765362739563
0.5334678292274475;0.16054610908031464
0.5341392159461975;0.15883168578147888
0.5333383679389954;0.16042040288448334
0.5334351062774658;0.1600659340620041
0.5334420204162598;0.15998157858848572
0.5334534049034119;0.16044652462005615
0.5347573757171631;0.1611005961894989
0.5321424007415771;0.1585080921649933
0.5328722596168518;0.15979322791099548
0.5330871343612671;0.15995663404464722
0.5340034365653992;0.1604059636592865
0.5337473154067993;0.16013284027576447
0.5332955121994019;0.1591995656490326
0.5351923704147339;0.15971606969833374
0.5331565141677856;0.1588718146085739
0.5326266288757324;0.16010351479053497
0.5343204140663147;0.16067084670066833
0.5344642400741577;0.16043519973754883
0.5336116552352905;0.15972839295864105
0.5335282683372498;0.15965354442596436
0.5338211059570312;0.1592712551355362
0.5336342453956604;0.15916940569877625
0.532555341720581;0.1610478162765503
0.5317206978797913;0.15811246633529663
0.534246563911438;0.16138094663619995
0.5350301265716553;0.16122153401374817
0.533413827419281;0.15867656469345093
0.5334444046020508;0.1602354645729065
0.5339258909225464;0.159444198012352
0.5340044498443604;0.1606486439704895
0.5340713262557983;0.15920180082321167
0.5331934690475464;0.1612831950187683
0.5340890288352966;0.16048966348171234
0.5326260924339294;0.15971845388412476
0.5333138108253479;0.1587582230567932
0.5327472686767578;0.1596713364124298
0.5318820476531982;0.1575082242488861
0.5323006510734558;0.15930524468421936
0.5330373644828796;0.15909725427627563
0.5325798988342285;0.15761598944664001
0.5346152186393738;0.15925784409046173
0.5335280895233154;0.16024020314216614
0.5340480804443359;0.1599120795726776
0.5336291193962097;0.15956439077854156
0.5335761308670044;0.1595846563577652
0.5332576632499695;0.15872518718242645
0.5324736833572388;0.15907804667949677
0.5341347455978394;0.16117475926876068
0.5342256426811218;0.15962263941764832
0.5337016582489014;0.15876387059688568
0.5351445078849792;0.16229382157325745
0.5331956744194031;0.15916858613491058
0.5353391170501709;0.16247160732746124
0.5361261963844299;0.16081549227237701
0.5338118672370911;0.15912523865699768
0.5318381786346436;0.15907976031303406
0.5325855016708374;0.15883859992027283
0.533753514289856;0.1609029471874237
0.533255934715271;0.15994802117347717
0.5338855981826782;0.15865156054496765
0.5342437028884888;0.16049745678901672
0.5355238914489746;0.16119854152202606
0.5332525968551636;0.15933692455291748
0.5327111482620239;0.1591808944940567
0.5346237421035767;0.1603238880634308
0.5334867238998413;0.1606941968202591
0.5331444144248962;0.1611405909061432
0.5329688191413879;0.15896376967430115
0.5335283875465393;0.15940287709236145
0.5337438583374023;0.16009077429771423
0.5332546234130859;0.16108185052871704
0.5334312915802002;0.1602848917245865
0.5331398844718933;0.15973368287086487
0.5330300331115723;0.16001878678798676
0.5351061224937439;0.16107216477394104
0.532416820526123;0.15743835270404816
0.5336198806762695;0.16004708409309387
0.5331560373306274;0.15989938378334045
0.5332704186439514;0.1606457680463791
0.5343088507652283;0.15922945737838745
0.5320991277694702;0.15706488490104675
0.533476710319519;0.1596549153327942
0.5327983498573303;0.15923824906349182
0.5330309271812439;0.15934334695339203
0.5328449010848999;0.16086257994174957
0.5336945056915283;0.16044005751609802
0.5327360033988953;0.1594676375389099
0.5342179536819458;0.15934202075004578
0.5340442657470703;0.15968827903270721
0.5325137376785278;0.15886923670768738
0.5322388410568237;0.15882021188735962
0.5334764719009399;0.15995940566062927
0.5339701175689697;0.15975606441497803
0.5350527763366699;0.16111698746681213
0.5337537527084351;0.16005165874958038
0.5353649854660034;0.1608588993549347
0.5341634750366211;0.1590765416622162
0.5325990915298462;0.15804985165596008
0.5316896438598633;0.1590302586555481
0.5338066816329956;0.15869055688381195
0.5331106185913086;0.16039301455020905
0.5337785482406616;0.15885192155838013
0.5338724255561829;0.16092558205127716
0.5322047472000122;0.15863913297653198
0.5335627198219299;0.15993554890155792
0.5325636863708496;0.15871447324752808
0.5334563255310059;0.1597990244626999
0.5331453084945679;0.1595575362443924
0.5342204570770264;0.15958985686302185
0.5330475568771362;0.1585884988307953
0.5337541699409485;0.158579483628273
0.5352003574371338;0.15967752039432526
0.5334126949310303;0.1599600613117218
0.5339135527610779;0.15990382432937622
0.5349849462509155;0.15964534878730774
0.5343559384346008;0.15988291800022125
0.5325627326965332;0.1586177945137024
0.5325996279716492;0.15994256734848022
0.5332126617431641;0.16014385223388672
0.5334188342094421;0.15951570868492126
0.5330681800842285;0.1592477560043335
0.5336599946022034;0.159734845161438
0.5332199335098267;0.15938696265220642
0.5344422459602356;0.1596267819404602
