TV;KL
1.9999995231628418;16.41893768310547
1.9999845027923584;14.550393104553223
1.9999487400054932;14.21403980255127
1.9998440742492676;14.008343696594238
1.9993617534637451;13.871855735778809
1.9992856979370117;13.738750457763672
1.9984855651855469;13.632369995117188
1.9980545043945312;13.508371353149414
1.9976099729537964;13.414796829223633
1.996644139289856;13.32888412475586
1.99484384059906;13.21978759765625
1.99363112449646;13.13827133178711
1.9928603172302246;13.042381286621094
1.989993691444397;12.982194900512695
1.989879846572876;12.884705543518066
1.9888664484024048;12.78620719909668
1.9878664016723633;12.717801094055176
1.9857215881347656;12.637855529785156
1.9825382232666016;12.557790756225586
1.9819382429122925;12.499701499938965
1.9768778085708618;12.424219131469727
1.9765381813049316;12.371564865112305
1.9738729000091553;12.292396545410156
1.9718728065490723;12.188262939453125
1.9676728248596191;12.098636627197266
1.9659777879714966;12.018604278564453
1.9624948501586914;11.939428329467773
1.960599660873413;11.8634033203125
1.9549996852874756;11.7885160446167
1.9521998167037964;11.706068992614746
1.9475996494293213;11.604387283325195
1.9439172744750977;11.54742431640625
1.9419997930526733;11.477128982543945
1.937096118927002;11.414518356323242
1.9273412227630615;11.3212890625
1.9215314388275146;11.235459327697754
1.919141173362732;11.155923843383789
1.9147214889526367;11.075872421264648
1.9077425003051758;11.010388374328613
1.9042620658874512;10.92137336730957
1.8961215019226074;10.842924118041992
1.8846774101257324;10.753721237182617
1.8805272579193115;10.66701889038086
1.87607741355896;10.577539443969727
1.8699567317962646;10.494194030761719
1.8645551204681396;10.415420532226562
1.8591426610946655;10.367605209350586
1.8521409034729004;10.280746459960938
1.844963788986206;10.18008041381836
1.839763879776001;10.08978271484375
1.8317105770111084;10.001996994018555
1.8289543390274048;9.941792488098145
1.8202383518218994;9.852588653564453
1.8123995065689087;9.762792587280273
1.8092888593673706;9.694452285766602
1.8011928796768188;9.617084503173828
1.7921899557113647;9.540924072265625
1.787986397743225;9.4554443359375
1.7837579250335693;9.409273147583008
1.7797760963439941;9.343939781188965
1.775068998336792;9.27155876159668
1.7666456699371338;9.19965934753418
1.757847785949707;9.12710189819336
1.7486974000930786;9.072295188903809
1.7430241107940674;9.0071382522583
1.7333903312683105;8.92943000793457
1.7279565334320068;8.846068382263184
1.718867301940918;8.761504173278809
1.7145683765411377;8.714113235473633
1.7153191566467285;8.650827407836914
1.7048792839050293;8.594525337219238
1.6993873119354248;8.501558303833008
1.6931660175323486;8.449548721313477
1.6834070682525635;8.371578216552734
1.6795997619628906;8.286104202270508
1.6752855777740479;8.228694915771484
1.6688417196273804;8.163215637207031
1.6632695198059082;8.086137771606445
1.6566228866577148;8.033222198486328
1.6518663167953491;7.994259834289551
1.6441471576690674;7.922692775726318
1.6394054889678955;7.870254993438721
1.6344327926635742;7.786752700805664
1.6285368204116821;7.754770278930664
1.624971628189087;7.694812774658203
1.6146717071533203;7.61927604675293
1.6153934001922607;7.568593978881836
1.6152489185333252;7.529621124267578
1.605623722076416;7.465139389038086
1.6023542881011963;7.393111228942871
1.591857671737671;7.347613334655762
1.5850095748901367;7.299683570861816
1.58366060256958;7.247686862945557
1.5796406269073486;7.192065715789795
1.573602557182312;7.1063337326049805
1.568475604057312;7.044084072113037
1.5596339702606201;6.991323471069336
1.549611210823059;6.937150478363037
1.548145055770874;6.857276439666748
1.537439227104187;6.800564765930176
1.531475305557251;6.745016098022461
1.5290093421936035;6.689975738525391
1.5210387706756592;6.6457414627075195
1.5159796476364136;6.614915370941162
1.5166617631912231;6.559934616088867
1.5084290504455566;6.500537872314453
1.5046861171722412;6.449126243591309
1.4962143898010254;6.404541492462158
1.4924267530441284;6.35753059387207
1.4879157543182373;6.296980857849121
1.4803751707077026;6.23667049407959
1.4763520956039429;6.212784767150879
1.4742088317871094;6.194989204406738
1.4700353145599365;6.156632423400879
1.4647204875946045;6.137326240539551
1.4646960496902466;6.107229232788086
1.4574873447418213;6.080742835998535
1.450364589691162;6.047928810119629
1.4469650983810425;5.993686676025391
1.440505862236023;5.9595136642456055
1.4398956298828125;5.931552886962891
1.4343080520629883;5.896993637084961
1.428979516029358;5.839661598205566
1.42656409740448;5.828115463256836
1.423831820487976;5.807831764221191
1.4181848764419556;5.770713806152344
1.4141793251037598;5.753453254699707
1.4131319522857666;5.724830627441406
1.4150675535202026;5.756008148193359
1.4178780317306519;5.737076759338379
1.4114556312561035;5.720083713531494
1.4086976051330566;5.673587322235107
1.4055490493774414;5.6483612060546875
1.4068126678466797;5.619112968444824
1.4021309614181519;5.602483749389648
1.402844786643982;5.57559061050415
1.3991379737854004;5.540394306182861
1.402206540107727;5.580111503601074
1.3975627422332764;5.58441162109375
1.3877724409103394;5.579538345336914
1.3952142000198364;5.601119041442871
1.394843578338623;5.549149513244629
1.397359848022461;5.560973644256592
1.3927658796310425;5.55804443359375
1.3909366130828857;5.502345085144043
1.3821543455123901;5.4792022705078125
1.382126808166504;5.462914943695068
1.3818104267120361;5.46028995513916
1.375566840171814;5.461917877197266
1.3712973594665527;5.452167510986328
1.3672622442245483;5.424532413482666
1.3608553409576416;5.404915809631348
1.3676079511642456;5.382291793823242
1.362554907798767;5.377854347229004
1.362058401107788;5.360424041748047
1.36397123336792;5.36848258972168
1.365952491760254;5.394100666046143
1.3520216941833496;5.348567485809326
1.3613015413284302;5.382110595703125
1.3580777645111084;5.393600940704346
1.3592253923416138;5.394692420959473
1.3561339378356934;5.417664527893066
1.3637218475341797;5.421429634094238
1.363297700881958;5.422192573547363
1.3556342124938965;5.402166366577148
1.3555991649627686;5.386172771453857
1.3464796543121338;5.343369960784912
1.33890962600708;5.3482160568237305
1.3459229469299316;5.3949198722839355
1.3433456420898438;5.425404071807861
1.3426259756088257;5.415962219238281
1.3477766513824463;5.491065979003906
1.3492594957351685;5.494144916534424
1.3539958000183105;5.527568817138672
1.358353614807129;5.557048320770264
1.3514264822006226;5.580121040344238
1.3534843921661377;5.533547878265381
1.3541584014892578;5.523741722106934
1.342394232749939;5.492821216583252
1.3429007530212402;5.448765277862549
1.339403510093689;5.48794412612915
1.3439829349517822;5.548919200897217
1.3387291431427002;5.558610916137695
1.3465142250061035;5.5677337646484375
1.3397109508514404;5.593759536743164
1.3376235961914062;5.614646911621094
1.3421462774276733;5.608897686004639
1.3408584594726562;5.607992172241211
1.3361135721206665;5.618742942810059
1.3348503112792969;5.61872673034668
1.340872049331665;5.591667175292969
1.3350714445114136;5.636874675750732
1.340547800064087;5.661523818969727
1.3334684371948242;5.702243804931641
1.3334765434265137;5.743180751800537
1.337688684463501;5.809305667877197
1.339261531829834;5.806281089782715
1.3344829082489014;5.821238994598389
1.3377745151519775;5.844048500061035
1.3494040966033936;5.909449100494385
1.34340500831604;5.9455695152282715
1.3464981317520142;5.996040344238281
1.3462803363800049;6.023444175720215
1.3424493074417114;6.046260356903076
1.3458811044692993;6.0497727394104
1.3424913883209229;6.047072410583496
1.3322662115097046;6.029652118682861
1.3408401012420654;6.067646503448486
1.3432843685150146;6.107252597808838
1.3457753658294678;6.133150100708008
1.3520206212997437;6.133002281188965
1.350218415260315;6.202273368835449
1.3467261791229248;6.2517313957214355
1.3502929210662842;6.301450252532959
1.3450701236724854;6.341543197631836
1.344618797302246;6.327198028564453
1.3601372241973877;6.4002885818481445
1.3530515432357788;6.4241485595703125
1.3595666885375977;6.459005355834961
1.3564343452453613;6.455259799957275
1.3700335025787354;6.558002471923828
1.3682355880737305;6.579557418823242
1.3639205694198608;6.650674819946289
1.3677616119384766;6.63093376159668
1.3621313571929932;6.632679462432861
1.3548945188522339;6.683928966522217
1.359036922454834;6.6948676109313965
1.3651360273361206;6.713174819946289
1.3631645441055298;6.794101715087891
1.3686565160751343;6.840099811553955
1.3641910552978516;6.828691005706787
1.3747432231903076;6.836600303649902
1.3740540742874146;6.88347053527832
1.3801548480987549;6.972748756408691
1.373403549194336;6.938739776611328
1.372646450996399;6.903172492980957
1.3768336772918701;6.894620418548584
1.3778598308563232;6.886488914489746
1.385895013809204;6.9544453620910645
1.3866333961486816;7.038586139678955
1.3886823654174805;7.040933132171631
1.3897807598114014;7.062275409698486
1.3962023258209229;7.06312370300293
1.3897932767868042;7.082668781280518
1.3882133960723877;7.046606063842773
1.3974671363830566;7.156644821166992
1.3970608711242676;7.160309314727783
1.4039075374603271;7.220552444458008
1.409764289855957;7.245820045471191
1.416081190109253;7.314478874206543
1.4143953323364258;7.339558124542236
1.4156792163848877;7.3484578132629395
1.4205858707427979;7.40173864364624
1.4180666208267212;7.375587463378906
1.4207580089569092;7.382464408874512
1.4237120151519775;7.424510478973389
1.4252322912216187;7.427148818969727
1.4297511577606201;7.445816516876221
1.4360098838806152;7.459277153015137
1.4344595670700073;7.476356506347656
1.4427402019500732;7.546785831451416
1.4402918815612793;7.507778167724609
1.4415428638458252;7.559506416320801
1.447884202003479;7.603206634521484
1.4473297595977783;7.638077735900879
1.4544135332107544;7.645069122314453
1.463938593864441;7.664080619812012
1.4663536548614502;7.673288345336914
1.4653894901275635;7.693225860595703
1.470761775970459;7.687828063964844
1.4715406894683838;7.698979377746582
1.4736974239349365;7.744627475738525
1.4799120426177979;7.763503551483154
1.4783105850219727;7.745005130767822
1.4832921028137207;7.743152618408203
1.4832488298416138;7.774892807006836
1.479149580001831;7.735337734222412
1.4820985794067383;7.740718841552734
1.4893457889556885;7.790234565734863
1.4900975227355957;7.773247241973877
1.4893467426300049;7.7841596603393555
1.4898990392684937;7.737932205200195
1.4847356081008911;7.738621711730957
1.5004205703735352;7.666481018066406
1.4957195520401;7.578458309173584
1.4867026805877686;7.572739124298096
1.4828234910964966;7.586284637451172
1.4859108924865723;7.551401138305664
1.4808624982833862;7.512060165405273
1.4840357303619385;7.512476444244385
1.4930505752563477;7.517146110534668
1.4921085834503174;7.580076217651367
1.4946014881134033;7.559210777282715
1.4992181062698364;7.567351341247559
1.505693793296814;7.625683784484863
1.5071297883987427;7.6279520988464355
1.5108628273010254;7.546607971191406
1.5021133422851562;7.476601600646973
1.5096379518508911;7.512807846069336
1.5156606435775757;7.423713684082031
1.5098098516464233;7.4451117515563965
1.5068153142929077;7.421748638153076
1.5116288661956787;7.411254405975342
1.513965129852295;7.356189727783203
1.5167720317840576;7.302284240722656
1.5151288509368896;7.298430442810059
1.5185054540634155;7.3179731369018555
1.5191712379455566;7.328807353973389
1.5192447900772095;7.2630720138549805
1.5190706253051758;7.207529067993164
1.5250228643417358;7.207151412963867
1.527481198310852;7.17967414855957
1.5286556482315063;7.133903503417969
1.5329477787017822;7.182181358337402
1.5274995565414429;7.107857704162598
1.5273704528808594;7.063016414642334
1.5320607423782349;7.053662300109863
1.5293996334075928;7.0501837730407715
1.5343656539916992;7.017397403717041
1.5381783246994019;7.036612510681152
1.5361008644104004;6.961069107055664
1.5417940616607666;6.904679775238037
1.5328892469406128;6.8573994636535645
1.5372980833053589;6.836507797241211
1.5273383855819702;6.804059028625488
1.5243991613388062;6.734455585479736
1.5300052165985107;6.624567985534668
1.5301247835159302;6.623239994049072
1.5259575843811035;6.615437984466553
1.5202977657318115;6.581198692321777
1.5254573822021484;6.542558670043945
1.5225800275802612;6.503835678100586
1.5248818397521973;6.4674177169799805
1.524550437927246;6.4397501945495605
1.5236740112304688;6.366418838500977
1.522562026977539;6.337175369262695
1.5182772874832153;6.256182670593262
1.5148420333862305;6.210875034332275
1.5174498558044434;6.165103912353516
1.5128403902053833;6.063079833984375
1.5125207901000977;6.071254730224609
1.5153459310531616;6.060839653015137
1.50838303565979;5.998579025268555
1.5102803707122803;5.940352439880371
1.5090835094451904;5.94192361831665
1.5042781829833984;5.888440132141113
1.4985604286193848;5.852684020996094
1.5009740591049194;5.742514610290527
1.495215654373169;5.712669372558594
1.497571349143982;5.667431831359863
1.4975314140319824;5.6588544845581055
1.4998376369476318;5.603524208068848
1.4929983615875244;5.561186790466309
1.4891862869262695;5.492216110229492
1.488762378692627;5.48299503326416
1.4870766401290894;5.383046627044678
1.4876244068145752;5.356740951538086
1.4892387390136719;5.330328464508057
1.4830342531204224;5.241837024688721
1.4845465421676636;5.204561710357666
1.4768236875534058;5.174464225769043
1.4739985466003418;5.090425491333008
1.4692189693450928;5.0664825439453125
1.4667973518371582;4.999201774597168
1.4701813459396362;4.96054220199585
1.4687669277191162;4.906197547912598
1.470196008682251;4.875706672668457
1.4640929698944092;4.825082302093506
1.4668450355529785;4.816960334777832
1.4660149812698364;4.776303768157959
1.4533082246780396;4.693278789520264
1.4534940719604492;4.694836616516113
1.4588464498519897;4.627612590789795
1.4527289867401123;4.608232021331787
1.4538815021514893;4.574133396148682
1.4559133052825928;4.499044895172119
1.4486852884292603;4.444014549255371
1.4424761533737183;4.3733930587768555
1.4460128545761108;4.394940376281738
1.4427685737609863;4.341647624969482
1.4394164085388184;4.283312797546387
1.4297993183135986;4.212391376495361
1.4356275796890259;4.163340091705322
1.428168773651123;4.165736198425293
1.4300472736358643;4.065686225891113
1.4289602041244507;4.050684452056885
1.4304605722427368;4.039680480957031
1.41927170753479;4.0033793449401855
1.4204280376434326;3.913036346435547
1.4115582704544067;3.861739158630371
1.4014291763305664;3.7908005714416504
1.4022958278656006;3.7393949031829834
1.4031744003295898;3.723965883255005
1.3914881944656372;3.6622231006622314
1.3875720500946045;3.651050567626953
1.3909244537353516;3.593782424926758
1.3866586685180664;3.591002941131592
1.3785109519958496;3.5457186698913574
1.3873882293701172;3.530958652496338
1.3843289613723755;3.4778923988342285
1.3766365051269531;3.4052417278289795
1.3690721988677979;3.406207323074341
1.3609182834625244;3.3603382110595703
1.375515103340149;3.362830638885498
1.3680340051651;3.2801673412323
1.3484807014465332;3.1954269409179688
1.3500864505767822;3.199585199356079
1.3480112552642822;3.1145849227905273
1.3490806818008423;3.0850307941436768
1.3399369716644287;3.054140090942383
1.3285163640975952;3.019571304321289
1.3406367301940918;3.01279878616333
1.339152216911316;2.9673285484313965
1.334973692893982;2.967015266418457
1.3172886371612549;2.87642765045166
1.3223106861114502;2.842045545578003
1.3105370998382568;2.7989025115966797
1.3058735132217407;2.7350010871887207
1.3022520542144775;2.7144358158111572
1.301154375076294;2.694439649581909
1.2997528314590454;2.6448280811309814
1.2924551963806152;2.6152846813201904
1.2925488948822021;2.6061394214630127
1.2937955856323242;2.569171905517578
1.2796471118927002;2.5208840370178223
1.271247386932373;2.4943461418151855
1.2753338813781738;2.477717161178589
1.2709282636642456;2.4973106384277344
1.2733776569366455;2.4144208431243896
1.259979009628296;2.3602447509765625
1.2503976821899414;2.3135979175567627
1.2591570615768433;2.3589322566986084
1.2506266832351685;2.3147923946380615
1.2380633354187012;2.247021198272705
1.2300615310668945;2.197645425796509
1.2317535877227783;2.173931360244751
1.2272270917892456;2.157792329788208
1.2339876890182495;2.160893201828003
1.221801519393921;2.101242780685425
1.223831295967102;2.09340238571167
1.2111315727233887;2.0342159271240234
1.2073702812194824;2.032365322113037
1.207915186882019;2.019808769226074
1.1967089176177979;2.019315242767334
1.1999934911727905;1.9869331121444702
1.1846444606781006;1.9165513515472412
1.1862287521362305;1.9029524326324463
1.183253526687622;1.9019622802734375
1.1854560375213623;1.8776224851608276
1.173264503479004;1.8354309797286987
1.1697312593460083;1.7869948148727417
1.1572247743606567;1.7865279912948608
1.1534059047698975;1.7297264337539673
1.1525959968566895;1.7268633842468262
1.1469029188156128;1.7156038284301758
1.149471640586853;1.6914896965026855
1.1391270160675049;1.6374576091766357
1.1277174949645996;1.6419663429260254
1.1236628293991089;1.5976039171218872
1.1140555143356323;1.582270860671997
1.1192835569381714;1.547925591468811
1.115938663482666;1.5381213426589966
1.108109712600708;1.534567952156067
1.1085050106048584;1.4859293699264526
1.1045228242874146;1.4899876117706299
1.082647442817688;1.444728136062622
1.0864958763122559;1.4291257858276367
1.0846308469772339;1.403009057044983
1.0675491094589233;1.3761037588119507
1.0584348440170288;1.3742432594299316
1.0739487409591675;1.3642892837524414
1.0609219074249268;1.343224287033081
1.0570496320724487;1.3134238719940186
1.055541753768921;1.2938332557678223
1.0392366647720337;1.2700691223144531
1.040386438369751;1.2596158981323242
1.0384669303894043;1.2374112606048584
1.026082158088684;1.2361125946044922
1.0245473384857178;1.2140498161315918
1.0241549015045166;1.1891968250274658
1.0375317335128784;1.1736522912979126
1.0217117071151733;1.1498785018920898
1.0285385847091675;1.1452029943466187
1.0072336196899414;1.1266027688980103
0.9981291890144348;1.0981967449188232
0.9941469430923462;1.1045877933502197
0.991363525390625;1.0859371423721313
0.9934561848640442;1.0827257633209229
0.9812376499176025;1.0567073822021484
0.9701802730560303;1.0354411602020264
0.9715642929077148;1.0101256370544434
0.9562938213348389;0.9766393303871155
0.9528563022613525;0.9758394956588745
0.9567891359329224;0.9698352813720703
0.9536798000335693;0.9687703847885132
0.9486017227172852;0.9518606662750244
0.9313519597053528;0.9119431972503662
0.9423466324806213;0.9103380441665649
0.9241555333137512;0.9154587984085083
0.9346217513084412;0.8988760113716125
0.9270996451377869;0.8918343782424927
0.9145948886871338;0.8618717193603516
0.922245442867279;0.8650528788566589
0.9144500494003296;0.8358904123306274
0.9150903224945068;0.8487110733985901
0.901648223400116;0.8131662607192993
0.8875826597213745;0.8064165115356445
0.8777649998664856;0.7736372947692871
0.8896151781082153;0.7916395664215088
0.8763659000396729;0.7715935707092285
0.8637270927429199;0.7376744151115417
0.8650256991386414;0.7489691972732544
0.8649015426635742;0.7462707757949829
0.8635382056236267;0.7361370325088501
0.8760200142860413;0.7488940954208374
0.8648877739906311;0.7203958630561829
0.8468374609947205;0.7053586840629578
0.8333335518836975;0.6854965686798096
0.8439325094223022;0.6870942115783691
0.8304388523101807;0.6747339963912964
0.8309146165847778;0.6549407243728638
0.8259000778198242;0.6578528881072998
0.8166573643684387;0.641668438911438
0.8109685182571411;0.6347194314002991
0.8114255666732788;0.6276645660400391
0.8223053216934204;0.6312919855117798
0.7947331666946411;0.6026620864868164
0.814895510673523;0.6040014624595642
0.8085309863090515;0.6049097776412964
0.8037959337234497;0.5908728837966919
0.7924833297729492;0.5898822546005249
0.7813044786453247;0.5669047236442566
0.783383846282959;0.5680608153343201
0.7851737141609192;0.5507016181945801
0.7788069248199463;0.5405034422874451
0.7622658014297485;0.5310657620429993
0.7560433149337769;0.5190399885177612
0.7621493935585022;0.523678183555603
0.7469068765640259;0.5048878788948059
0.7568055391311646;0.5300766825675964
0.7650119066238403;0.5216950178146362
0.7431131601333618;0.4945414662361145
0.7400112152099609;0.4881764054298401
0.7505043745040894;0.4893333613872528
0.7373955845832825;0.4720773696899414
0.7325036525726318;0.4651629328727722
0.7265868186950684;0.45743682980537415
0.7276307344436646;0.46200236678123474
0.7194452881813049;0.45228350162506104
0.7176592350006104;0.4553804099559784
0.7154499292373657;0.441522479057312
0.7166420221328735;0.4411659836769104
0.702862560749054;0.42547982931137085
0.7161445617675781;0.42632314562797546
0.7042888402938843;0.42564448714256287
0.7007052898406982;0.41910678148269653
0.6971502304077148;0.4108220338821411
0.6910794377326965;0.39978402853012085
0.6790961623191833;0.39536118507385254
0.6807541251182556;0.40001052618026733
0.6776013374328613;0.3834693431854248
0.6828305721282959;0.39068663120269775
0.6860821843147278;0.39028775691986084
0.6677420139312744;0.3766569197177887
0.6670340299606323;0.3741990923881531
0.6645263433456421;0.3713996410369873
0.6702927350997925;0.361205518245697
0.6562979817390442;0.3645671010017395
0.6514354348182678;0.3467930853366852
0.6642308235168457;0.3496127128601074
0.6612143516540527;0.3624536693096161
0.6581352949142456;0.348482608795166
0.6602906584739685;0.34423911571502686
0.6540031433105469;0.3449741303920746
0.6376160383224487;0.3413531482219696
0.6371706128120422;0.32286056876182556
0.6237867474555969;0.32167765498161316
0.6319482922554016;0.3307090997695923
0.6267179250717163;0.32241636514663696
0.6385378837585449;0.32722538709640503
0.6223743557929993;0.31179770827293396
0.6134980916976929;0.31043723225593567
0.6269534826278687;0.3148166239261627
0.6113349795341492;0.30461275577545166
0.6117728352546692;0.3021699786186218
0.6007581949234009;0.29792535305023193
0.6089897155761719;0.3062317967414856
0.5970234870910645;0.2831944525241852
0.6076960563659668;0.2886653244495392
0.602264404296875;0.28287237882614136
0.5995784997940063;0.28443223237991333
0.5901548862457275;0.27761751413345337
0.6039888858795166;0.2845669686794281
0.5953772068023682;0.27722620964050293
0.588449239730835;0.2727000117301941
0.5832547545433044;0.2697630524635315
0.580899715423584;0.2699277400970459
0.5793156623840332;0.27037444710731506
0.5843855142593384;0.269420325756073
0.5714637637138367;0.2597028315067291
0.584298849105835;0.2622160017490387
0.5710557103157043;0.2600080370903015
0.567094624042511;0.25051912665367126
0.5616071820259094;0.24655359983444214
0.5695950388908386;0.2490929514169693
0.572834849357605;0.255513072013855
0.5771715641021729;0.25244054198265076
0.5633379220962524;0.240178644657135
0.5683085918426514;0.24979561567306519
0.5515742897987366;0.2401929795742035
0.5701019763946533;0.24996334314346313
0.5606122016906738;0.2451799213886261
0.5603928565979004;0.23809850215911865
0.5664744973182678;0.24634338915348053
0.5611222386360168;0.2388848066329956
0.5493112802505493;0.23322027921676636
0.5491634607315063;0.2358703762292862
0.5375604033470154;0.2245330810546875
0.5523895025253296;0.23409190773963928
0.5532034635543823;0.23102441430091858
0.5557284355163574;0.228073850274086
0.5520926117897034;0.2283204197883606
0.55202716588974;0.2208613157272339
0.5340189933776855;0.22482678294181824
0.5465803146362305;0.22417742013931274
0.5403977632522583;0.22186529636383057
0.535944938659668;0.2152324616909027
0.5485931634902954;0.22471937537193298
0.5292625427246094;0.20974189043045044
0.5377305150032043;0.211579829454422
0.5267809629440308;0.20861738920211792
0.530463457107544;0.2154369056224823
0.5396246910095215;0.21415232121944427
0.5314334630966187;0.21227240562438965
0.5259315967559814;0.2031051516532898
0.5260542631149292;0.20548409223556519
0.5281080007553101;0.20451000332832336
0.5235170722007751;0.20356950163841248
0.524642825126648;0.20332889258861542
0.5282448530197144;0.2050066590309143
0.5221410989761353;0.20322009921073914
0.5225852727890015;0.20219340920448303
0.5195736289024353;0.19852423667907715
0.5222734808921814;0.20210544764995575
0.5272716879844666;0.2071588784456253
0.526506245136261;0.20164161920547485
0.5151863098144531;0.18988895416259766
0.5091521143913269;0.19241900742053986
0.5127427577972412;0.19435614347457886
0.5139598250389099;0.19155868887901306
0.5073271989822388;0.19198212027549744
0.5070145726203918;0.1885514259338379
0.5159885883331299;0.19648276269435883
0.5069941878318787;0.19189238548278809
0.5095430612564087;0.18831691145896912
0.5110278725624084;0.18710826337337494
0.5181287527084351;0.19072386622428894
0.5194501876831055;0.1917697787284851
0.5055161714553833;0.1850210726261139
0.5121517181396484;0.1898377686738968
0.5085981488227844;0.18804633617401123
0.5121062994003296;0.1894506812095642
0.5046586990356445;0.18656224012374878
0.5075433850288391;0.18786472082138062
0.5017620921134949;0.18044191598892212
0.5038332343101501;0.18185949325561523
0.5096667408943176;0.18468892574310303
0.5019310712814331;0.18317371606826782
0.5002428293228149;0.18240253627300262
0.5003006458282471;0.17961961030960083
0.5075626969337463;0.1791447252035141
0.5111603736877441;0.18056392669677734
0.5043221712112427;0.18135088682174683
0.5021326541900635;0.1797523945569992
0.4991496503353119;0.17615452408790588
0.4907210171222687;0.1751834899187088
0.49771058559417725;0.17627684772014618
0.5023207664489746;0.1779380738735199
0.5044605731964111;0.17797257006168365
0.49914830923080444;0.17523537576198578
0.49609965085983276;0.17570412158966064
0.499336838722229;0.17898844182491302
0.49278295040130615;0.17234796285629272
0.49101269245147705;0.17118778824806213
0.490899920463562;0.17436335980892181
0.496116578578949;0.1753256618976593
0.4971469044685364;0.17510658502578735
0.50324946641922;0.17270031571388245
0.4965106248855591;0.17426595091819763
0.4935823380947113;0.17091333866119385
0.49462640285491943;0.17106440663337708
0.4918442368507385;0.16975028812885284
0.49443453550338745;0.16924136877059937
0.5054760575294495;0.17422936856746674
0.4977434277534485;0.1710399091243744
0.4920758903026581;0.1699034869670868
0.49371904134750366;0.17116765677928925
0.4866514205932617;0.16802294552326202
0.48458826541900635;0.16580386459827423
0.49764686822891235;0.16800975799560547
0.4857027530670166;0.16920647025108337
0.4955369532108307;0.16904844343662262
0.4909382462501526;0.16798394918441772
0.49445784091949463;0.1688491404056549
0.4889557957649231;0.16516605019569397
0.48321157693862915;0.16640564799308777
0.49269363284111023;0.1681702882051468
0.4886607229709625;0.1673610955476761
0.4966939687728882;0.16649676859378815
0.49053484201431274;0.16690760850906372
0.48815348744392395;0.16572292149066925
0.49182647466659546;0.16684088110923767
0.497919499874115;0.16850760579109192
0.4888950288295746;0.16546234488487244
0.4930226504802704;0.17026042938232422
0.4869329333305359;0.1671113818883896
0.4853951036930084;0.16322411596775055
0.4904176592826843;0.1650647073984146
0.4884207248687744;0.1654963195323944
0.49254122376441956;0.1676255613565445
0.49712061882019043;0.16602399945259094
0.4888191819190979;0.16336509585380554
0.4832632541656494;0.16297829151153564
0.48613086342811584;0.16471630334854126
0.48953935503959656;0.16568130254745483
0.487902969121933;0.16319639980793
0.4911060631275177;0.16194555163383484
0.4898815155029297;0.16510885953903198
0.4833177626132965;0.1630592942237854
0.49542999267578125;0.1660219430923462
0.48987722396850586;0.16234806180000305
0.4913591146469116;0.16443346440792084
0.486397922039032;0.16316305100917816
0.4963042438030243;0.16521748900413513
0.4938236474990845;0.166036456823349
0.48879140615463257;0.16310293972492218
0.4829121232032776;0.1604747474193573
0.48915988206863403;0.16341660916805267
0.49107635021209717;0.16532115638256073
0.4893515706062317;0.1623430848121643
0.48853304982185364;0.16141703724861145
0.4890260696411133;0.16211408376693726
0.48300275206565857;0.1623440980911255
0.4844750463962555;0.15995478630065918
0.4823048710823059;0.16089999675750732
0.48748600482940674;0.16104792058467865
0.4921334981918335;0.1632222980260849
0.49047791957855225;0.16219964623451233
0.48616525530815125;0.15886107087135315
0.4846417307853699;0.1617537885904312
0.48612552881240845;0.1597985327243805
0.48198291659355164;0.1620546132326126
0.48428088426589966;0.16096043586730957
0.4790014326572418;0.16004881262779236
0.48618102073669434;0.16142532229423523
0.48147130012512207;0.15964755415916443
0.47555890679359436;0.15936407446861267
0.4813750386238098;0.16109314560890198
0.4834791421890259;0.15891815721988678
0.4806012511253357;0.16137760877609253
0.4811657667160034;0.15844540297985077
0.4826626777648926;0.15864980220794678
0.4851011037826538;0.15770359337329865
0.4844018220901489;0.1602047085762024
0.4885326325893402;0.1594673991203308
0.4817101061344147;0.15896160900592804
0.48034676909446716;0.15867692232131958
0.4861425757408142;0.1584818810224533
0.4856802821159363;0.1597081422805786
0.4810708165168762;0.15777572989463806
0.48787522315979004;0.16124136745929718
0.4851948022842407;0.16007459163665771
0.4819350242614746;0.1590391993522644
0.48248499631881714;0.1585966795682907
0.47968071699142456;0.16003930568695068
0.4790867567062378;0.15753838419914246
0.48566266894340515;0.15848881006240845
0.48139041662216187;0.15746361017227173
0.4895686209201813;0.16108781099319458
0.48280638456344604;0.15918371081352234
0.48611554503440857;0.1596256047487259
0.485035240650177;0.15908274054527283
0.48766833543777466;0.16019779443740845
0.4812979996204376;0.15823647379875183
0.4862700402736664;0.15852028131484985
0.4828622341156006;0.15789218246936798
0.4840310513973236;0.15922747552394867
0.48314762115478516;0.15780195593833923
0.4804059863090515;0.1581920087337494
0.48717719316482544;0.15906746685504913
0.48237690329551697;0.15913237631320953
0.4858112037181854;0.1574767529964447
0.48380953073501587;0.15901924669742584
0.48660290241241455;0.15800349414348602
0.4854944348335266;0.16046003997325897
0.48722678422927856;0.15923842787742615
0.4798741042613983;0.15795117616653442
0.47840583324432373;0.15678241848945618
0.48066890239715576;0.15852251648902893
0.48692476749420166;0.15727022290229797
0.4865233600139618;0.15937316417694092
0.48111623525619507;0.15962648391723633
0.4860438108444214;0.1588401049375534
0.48188886046409607;0.15909039974212646
0.4838053584098816;0.15979138016700745
0.48928189277648926;0.16009961068630219
0.47826313972473145;0.15651288628578186
0.4836660325527191;0.15940237045288086
0.4797877073287964;0.15811334550380707
0.486758291721344;0.15749400854110718
0.491031676530838;0.1596761792898178
0.4847553074359894;0.1591990739107132
0.48292243480682373;0.15801721811294556
0.484103798866272;0.15904457867145538
0.4857543706893921;0.16060109436511993
0.4918251931667328;0.15981420874595642
0.48431122303009033;0.1581750512123108
0.4822579622268677;0.15901364386081696
0.48920539021492004;0.15919026732444763
0.48880672454833984;0.16076067090034485
0.48201337456703186;0.15777544677257538
0.47866466641426086;0.15851883590221405
0.48583748936653137;0.1580183506011963
0.4794919788837433;0.1576557755470276
0.48674625158309937;0.15878576040267944
0.4884565472602844;0.15758003294467926
0.4869452118873596;0.1585300862789154
0.4867432117462158;0.15934741497039795
0.4855669438838959;0.1586313247680664
0.48483800888061523;0.15965251624584198
0.4806952476501465;0.157305046916008
0.48102253675460815;0.15862461924552917
0.4816368818283081;0.15842799842357635
0.47969135642051697;0.15676535665988922
0.47599613666534424;0.15697745978832245
0.4881620407104492;0.15849623084068298
0.48154452443122864;0.1579497903585434
0.4849551320075989;0.1584368646144867
0.4780905842781067;0.15763741731643677
0.48387330770492554;0.1587938666343689
0.4844460189342499;0.15761980414390564
0.47628840804100037;0.1570025086402893
0.4845327138900757;0.15854063630104065
0.48328280448913574;0.1587795615196228
0.4820076525211334;0.1583486795425415
0.48339390754699707;0.15776914358139038
0.4839685559272766;0.15895870327949524
0.48390328884124756;0.1589205414056778
0.48515641689300537;0.159597709774971
0.48506054282188416;0.15965570509433746
0.4831785559654236;0.1577303260564804
0.48199719190597534;0.1577410101890564
0.4805345833301544;0.15830457210540771
0.47985216975212097;0.1584402173757553
0.48378297686576843;0.15784668922424316
0.48248928785324097;0.15840983390808105
0.48374825716018677;0.15842904150485992
0.4849761426448822;0.1590266227722168
0.48662465810775757;0.15929673612117767
0.48179081082344055;0.1584007292985916
0.4807162880897522;0.1583307683467865
0.4868393540382385;0.15879055857658386
0.4802544116973877;0.15833446383476257
0.4788699150085449;0.15789276361465454
0.4784376621246338;0.15834547579288483
0.47809967398643494;0.1583818644285202
0.4860891103744507;0.1590426117181778
0.4853857755661011;0.15969187021255493
0.4824759066104889;0.15722766518592834
0.4846445620059967;0.1579694151878357
0.48513442277908325;0.15777680277824402
0.4869856834411621;0.15846256911754608
0.4826023578643799;0.15851393342018127
0.4785226285457611;0.15594904124736786
0.48938319087028503;0.15951120853424072
0.48478788137435913;0.16018396615982056
0.4840846359729767;0.15808910131454468
0.4825960099697113;0.15750281512737274
0.4805116653442383;0.1581535041332245
0.4790154993534088;0.15842284262180328
0.48503929376602173;0.15898756682872772
0.48279857635498047;0.1575344353914261
0.4825816750526428;0.1585131138563156
0.48523586988449097;0.15759903192520142
0.48228341341018677;0.15855950117111206
0.4818120002746582;0.15914593636989594
0.47884684801101685;0.1578902006149292
0.48606088757514954;0.15726372599601746
0.4833226501941681;0.15846189856529236
0.48019570112228394;0.15858715772628784
0.48492521047592163;0.15824264287948608
0.48787832260131836;0.15868109464645386
0.4787885546684265;0.15662690997123718
0.47741708159446716;0.15843966603279114
0.48263007402420044;0.15760958194732666
0.4843403100967407;0.15839077532291412
0.4795857071876526;0.15750685334205627
0.48174619674682617;0.1594950556755066
0.47989094257354736;0.15670695900917053
0.4849245548248291;0.15947024524211884
0.4858568608760834;0.1587841510772705
0.4877702593803406;0.15894749760627747
0.47793838381767273;0.15616880357265472
0.48672279715538025;0.15876692533493042
0.485006183385849;0.1590043008327484
0.4848657250404358;0.15892502665519714
0.4775151312351227;0.15736038982868195
0.4852977693080902;0.15808287262916565
0.48426389694213867;0.15788058936595917
0.48008808493614197;0.15802541375160217
0.4834830164909363;0.1600748896598816
0.483450323343277;0.15906354784965515
0.48567435145378113;0.1595144122838974
0.48014044761657715;0.1573043316602707
0.48132824897766113;0.1579982191324234
0.4813735783100128;0.15754622220993042
0.48214104771614075;0.16031372547149658
0.48687079548835754;0.15987446904182434
0.485731303691864;0.15760578215122223
0.4860249161720276;0.15871316194534302
0.4842716455459595;0.1582159399986267
0.4876236319541931;0.15792329609394073
0.4839540421962738;0.158808171749115
0.4872550666332245;0.16057118773460388
0.4803674817085266;0.15790380537509918
0.4833340644836426;0.15943807363510132
0.4825681149959564;0.1598915308713913
0.4810527563095093;0.1567470282316208
0.48895150423049927;0.15794846415519714
0.4895082116127014;0.15958121418952942
0.4891819357872009;0.15875664353370667
0.48972541093826294;0.15888196229934692
0.4873889088630676;0.15891508758068085
0.4847404360771179;0.1584324836730957
0.48559677600860596;0.15879975259304047
0.48609310388565063;0.15835824608802795
0.48344871401786804;0.1578129082918167
0.48456865549087524;0.15995590388774872
0.4789974093437195;0.1584772765636444
0.48727941513061523;0.15935055911540985
0.48391735553741455;0.15732604265213013
0.4850742816925049;0.15780644118785858
0.48092639446258545;0.15776705741882324
0.48441407084465027;0.1569080948829651
0.48578381538391113;0.16030478477478027
0.4849511682987213;0.15980713069438934
0.4882451295852661;0.1582726538181305
0.48442649841308594;0.1582605242729187
0.4840497374534607;0.15818952023983002
0.4859556257724762;0.1587817668914795
0.48826783895492554;0.1594371199607849
0.4817213714122772;0.1586267650127411
0.48830336332321167;0.15992756187915802
0.48482751846313477;0.15816938877105713
0.4854353070259094;0.1589277684688568
0.4806925654411316;0.15849068760871887
0.48318004608154297;0.1605234146118164
0.48339593410491943;0.1579837203025818
0.48571544885635376;0.16056004166603088
0.48705536127090454;0.16032373905181885
0.4872826337814331;0.15895399451255798
0.4888552129268646;0.15965136885643005
0.484034925699234;0.1582198143005371
0.4812612533569336;0.15933659672737122
0.4838405251502991;0.15892869234085083
0.4839904010295868;0.15913645923137665
0.48691797256469727;0.16012457013130188
0.4821408987045288;0.1579618752002716
0.4873192310333252;0.15988530218601227
0.4766859710216522;0.15770676732063293
0.488145112991333;0.15845710039138794
0.48700761795043945;0.1583084762096405
0.4866029620170593;0.15892988443374634
0.48298361897468567;0.1579257994890213
0.47997933626174927;0.15705691277980804
0.4911779761314392;0.16220004856586456
0.4802677035331726;0.15755422413349152
0.48495399951934814;0.15893030166625977
0.48794877529144287;0.1591690480709076
0.4853779971599579;0.16067145764827728
0.48324844241142273;0.15830926597118378
0.4835297465324402;0.157843679189682
0.48359787464141846;0.15876641869544983
0.4836606979370117;0.15911930799484253
0.4860472083091736;0.160025492310524
0.4834495782852173;0.15836137533187866
0.4868943691253662;0.16019535064697266
0.4810531735420227;0.1581403911113739
0.4825945496559143;0.157930389046669
0.48508554697036743;0.15945962071418762
0.4811592102050781;0.15884391963481903
0.4813613295555115;0.15860390663146973
0.4765302836894989;0.158199742436409
0.4843776524066925;0.1582341492176056
0.48428887128829956;0.15836751461029053
0.48666539788246155;0.1584377884864807
0.4819752871990204;0.1591135561466217
0.4854096472263336;0.15967056155204773
0.4793729782104492;0.15845690667629242
0.48550617694854736;0.15837961435317993
0.4828979969024658;0.15794357657432556
0.4861719310283661;0.15913738310337067
0.4808192253112793;0.1581505984067917
0.4866727292537689;0.16028724610805511
0.47937095165252686;0.15715287625789642
0.48265597224235535;0.15913982689380646
0.4809383153915405;0.15841345489025116
0.4913942813873291;0.16057059168815613
0.48294931650161743;0.15860684216022491
0.4782435894012451;0.15750311315059662
0.48630523681640625;0.1596153974533081
0.48171424865722656;0.15829071402549744
0.4883657693862915;0.15752054750919342
0.49095749855041504;0.1599823534488678
0.4858819544315338;0.15933693945407867
0.48555201292037964;0.15971656143665314
0.48004764318466187;0.15808740258216858
0.48319751024246216;0.15867745876312256
0.4826156497001648;0.15790224075317383
0.47986340522766113;0.15922251343727112
0.47966551780700684;0.1578489989042282
0.4863227605819702;0.15949881076812744
0.48709702491760254;0.15904110670089722
0.48414716124534607;0.15883289277553558
0.4843687117099762;0.1589776873588562
0.48506441712379456;0.1570201814174652
0.4839355945587158;0.15947143733501434
0.484746515750885;0.15970104932785034
0.48325133323669434;0.1590142846107483
0.4877977967262268;0.15878069400787354
0.48355424404144287;0.15806835889816284
0.4846150875091553;0.15872704982757568
0.4907167851924896;0.1599585860967636
0.48463332653045654;0.15943200886249542
0.48740559816360474;0.16016870737075806
0.4857169985771179;0.1600307673215866
0.4883999824523926;0.1589013934135437
0.48992860317230225;0.16015133261680603
0.481161504983902;0.15873375535011292
0.4866604804992676;0.16014596819877625
0.48871690034866333;0.1601213663816452
0.48359668254852295;0.15912382304668427
0.48739978671073914;0.15875667333602905
0.4814140200614929;0.15838518738746643
0.48703300952911377;0.15961934626102448
0.485678493976593;0.1580822467803955
0.4805254340171814;0.15859541296958923
0.47979408502578735;0.15956014394760132
0.48376739025115967;0.15932418406009674
0.4826425611972809;0.15923167765140533
0.48405322432518005;0.15899817645549774
0.4841391444206238;0.15862682461738586
0.4815370440483093;0.15950942039489746
0.48329272866249084;0.15948697924613953
0.4824187457561493;0.16071835160255432
0.4899804890155792;0.16005368530750275
0.4821438789367676;0.15901140868663788
0.4838717579841614;0.15924257040023804
0.48589441180229187;0.16032910346984863
0.4835907220840454;0.159208282828331
0.48442649841308594;0.1592949777841568
0.48649656772613525;0.16003260016441345
0.4865720272064209;0.16014885902404785
0.4848218560218811;0.15965253114700317
0.4858792722225189;0.1608702838420868
0.48067331314086914;0.15874671936035156
0.47905004024505615;0.1578475832939148
0.48923635482788086;0.15960578620433807
0.48142871260643005;0.1594686061143875
0.4874556362628937;0.15982788801193237
0.4817902445793152;0.1583431363105774
0.48877084255218506;0.1611570119857788
0.48127084970474243;0.15907834470272064
0.4874266982078552;0.15997697412967682
0.4818848967552185;0.1597270965576172
0.4839172959327698;0.15951532125473022
0.4880327880382538;0.15947380661964417
0.48217645287513733;0.15745921432971954
0.48758411407470703;0.15931586921215057
0.48970693349838257;0.1600540727376938
0.4844707250595093;0.15752902626991272
0.49033811688423157;0.16107943654060364
0.49177420139312744;0.1608409583568573
0.4869825541973114;0.16079828143119812
0.48147526383399963;0.15873050689697266
0.4830659329891205;0.16028282046318054
0.4855039417743683;0.15928195416927338
0.486652135848999;0.1593790203332901
0.48561713099479675;0.15979376435279846
0.4867831766605377;0.1593254804611206
0.4858921766281128;0.15970861911773682
0.49127301573753357;0.16151615977287292
0.48341816663742065;0.1582934409379959
0.48599138855934143;0.15904951095581055
0.48445743322372437;0.1596805304288864
0.4872201979160309;0.15858280658721924
0.48756247758865356;0.15934224426746368
0.489065557718277;0.16078133881092072
0.4858325123786926;0.1579742431640625
0.479424387216568;0.15967120230197906
0.4816679358482361;0.1584223210811615
0.4852786660194397;0.15980380773544312
0.48367172479629517;0.15882641077041626
0.484734445810318;0.15875551104545593
0.48584431409835815;0.15871544182300568
0.4867532253265381;0.16182640194892883
0.4845935106277466;0.16061095893383026
0.4872601628303528;0.1601092517375946
0.48485803604125977;0.15945076942443848
0.49259358644485474;0.1602652668952942
0.48861008882522583;0.1597042977809906
0.4826623499393463;0.15819939970970154
0.4843097925186157;0.15948864817619324
0.48756566643714905;0.15769393742084503
0.48618319630622864;0.15926288068294525
0.47933027148246765;0.15732619166374207
0.4812042713165283;0.15945914387702942
0.48567700386047363;0.15956395864486694
0.48485010862350464;0.15861256420612335
0.4881044030189514;0.16001413762569427
0.4836944341659546;0.15869323909282684
0.4808529317378998;0.15807729959487915
0.48009660840034485;0.15878117084503174
0.48998695611953735;0.1603633314371109
0.4879136383533478;0.15907929837703705
0.4848836362361908;0.15967240929603577
0.4877263903617859;0.15966790914535522
0.4855906367301941;0.16173459589481354
0.48391371965408325;0.15884508192539215
0.48702919483184814;0.15875037014484406
0.48491305112838745;0.16042965650558472
0.4856402277946472;0.1599823385477066
0.4868103861808777;0.15882721543312073
0.4843261241912842;0.16005638241767883
0.4812541604042053;0.15763363242149353
0.48469895124435425;0.15863710641860962
0.4872972369194031;0.16032859683036804
0.48232361674308777;0.15901553630828857
0.4868491291999817;0.1605258584022522
0.48641663789749146;0.15961378812789917
0.4885683059692383;0.16080547869205475
0.4875927269458771;0.1594420224428177
0.49170374870300293;0.16007810831069946
0.48338913917541504;0.15866251289844513
0.48374536633491516;0.15806743502616882
0.4877687692642212;0.1600615382194519
0.4855566918849945;0.15897706151008606
0.48880839347839355;0.16061195731163025
0.4823864996433258;0.15887929499149323
0.48688825964927673;0.1581907719373703
0.48026683926582336;0.15863847732543945
0.48739492893218994;0.16067872941493988
0.48646628856658936;0.1597861647605896
0.4847528338432312;0.1591690480709076
0.4852200150489807;0.15932199358940125
0.4902278184890747;0.16174055635929108
0.48693519830703735;0.15969358384609222
0.48217135667800903;0.15803402662277222
0.4804999530315399;0.15865592658519745
0.4847469627857208;0.1598171889781952
0.4869680106639862;0.16053424775600433
0.48546984791755676;0.1597542017698288
0.48800578713417053;0.15951260924339294
0.48437637090682983;0.15992558002471924
0.4783753454685211;0.15821561217308044
0.48354753851890564;0.15943869948387146
0.486785888671875;0.16000622510910034
0.48422783613204956;0.15973448753356934
0.48493558168411255;0.15891727805137634
0.48807063698768616;0.16038751602172852
0.4899350106716156;0.15964028239250183
0.4816555082798004;0.1606147289276123
0.4837645888328552;0.15840119123458862
0.4846818447113037;0.1603914201259613
0.4875358045101166;0.15882399678230286
0.48302000761032104;0.15819133818149567
0.4870268702507019;0.1609344333410263
0.4796825647354126;0.15794126689434052
0.4852224290370941;0.15909069776535034
0.4892670512199402;0.16160859167575836
0.4910578429698944;0.16069835424423218
0.48746025562286377;0.1609574407339096
0.48568594455718994;0.16010576486587524
0.4860929846763611;0.16009970009326935
0.48695147037506104;0.1615927517414093
0.4858492612838745;0.15933890640735626
0.48868802189826965;0.1581512987613678
0.48739057779312134;0.1599242389202118
0.4890235364437103;0.15922509133815765
0.48221316933631897;0.16027824580669403
0.4871577322483063;0.1612021028995514
0.48535990715026855;0.16067762672901154
0.4863475263118744;0.1595248579978943
0.4861215353012085;0.15864939987659454
0.48177289962768555;0.15888811647891998
0.4841112792491913;0.16037985682487488
0.4809088110923767;0.1593417525291443
0.4805539846420288;0.15845715999603271
0.4872657060623169;0.16022861003875732
0.4874654710292816;0.16004590690135956
0.4827485680580139;0.15908625721931458
0.4912697672843933;0.1598503291606903
0.4848684072494507;0.15948738157749176
0.48212170600891113;0.15778256952762604
0.48678892850875854;0.15946583449840546
0.4794060289859772;0.15890353918075562
0.48083966970443726;0.15912772715091705
0.4858776330947876;0.15940125286579132
0.48436239361763;0.15851543843746185
0.48788556456565857;0.1615036427974701
0.48477500677108765;0.15978264808654785
0.487668514251709;0.15998674929141998
0.492872029542923;0.1620090752840042
0.48716071248054504;0.15969544649124146
0.48642265796661377;0.15960195660591125
0.4815836548805237;0.15870089828968048
0.48043832182884216;0.15840762853622437
0.4872891902923584;0.16109487414360046
0.48792895674705505;0.15923944115638733
0.4870555102825165;0.16000279784202576
0.4892154932022095;0.1611434817314148
0.4897673428058624;0.15991812944412231
0.48363161087036133;0.1587243229150772
0.48367056250572205;0.15962383151054382
0.49046948552131653;0.15941834449768066
0.48333099484443665;0.1590985357761383
0.4821878671646118;0.1599898338317871
0.4935115873813629;0.1604606807231903
0.49418318271636963;0.16142471134662628
0.48496460914611816;0.15949758887290955
0.4839109480381012;0.15935704112052917
0.4845643639564514;0.16078157722949982
0.48770150542259216;0.16106748580932617
0.4876002073287964;0.15978731215000153
0.48782819509506226;0.1601271629333496
0.48016121983528137;0.1594473421573639
0.48558998107910156;0.15922477841377258
0.4851076602935791;0.15836527943611145
0.4871928095817566;0.15887460112571716
0.49355217814445496;0.16055087745189667
0.48219388723373413;0.15892204642295837
0.48918086290359497;0.1592748910188675
0.4838447868824005;0.1597917377948761
0.4855710566043854;0.1613946557044983
0.48611003160476685;0.15928184986114502
0.4889144003391266;0.16226264834403992
0.4860331416130066;0.1590379774570465
0.4877587556838989;0.16087399423122406
0.48791465163230896;0.16030533611774445
0.48235422372817993;0.1589689701795578
0.4787493348121643;0.15954795479774475
0.4882907271385193;0.16013088822364807
0.47982561588287354;0.159888356924057
0.48837536573410034;0.16102340817451477
0.4872332811355591;0.16100670397281647
0.4895116686820984;0.16077721118927002
0.48575296998023987;0.15913629531860352
0.48660746216773987;0.1613285392522812
0.4806739389896393;0.15870440006256104
0.4870661199092865;0.16035181283950806
0.48692548274993896;0.15883055329322815
0.48515456914901733;0.16007006168365479
0.49206164479255676;0.16053487360477448
0.48767539858818054;0.15965120494365692
0.48576611280441284;0.16057157516479492
0.4792380630970001;0.15941393375396729
0.4861139953136444;0.1596456915140152
0.4891936779022217;0.1604922115802765
0.4889146387577057;0.16134417057037354
0.48380348086357117;0.16022591292858124
0.48465824127197266;0.16085591912269592
0.4839404225349426;0.15987983345985413
0.48637616634368896;0.1609775573015213
0.49019140005111694;0.1605096012353897
0.49153631925582886;0.1611335277557373
0.4868199825286865;0.1606336534023285
0.48203355073928833;0.15919460356235504
0.48116859793663025;0.16028408706188202
0.48258858919143677;0.16007857024669647
0.4794768989086151;0.15957953035831451
0.48911046981811523;0.1603400707244873
0.4874047636985779;0.16138829290866852
0.4860191345214844;0.16130486130714417
0.48505592346191406;0.1600378453731537
0.48418787121772766;0.15955840051174164
0.4919586181640625;0.16046905517578125
0.48669713735580444;0.1608678698539734
0.4868040382862091;0.15916307270526886
0.48481351137161255;0.15971334278583527
0.48738110065460205;0.16019925475120544
0.4869564473628998;0.16024552285671234
0.48726633191108704;0.16022685170173645
0.4853719472885132;0.15949878096580505
0.49064600467681885;0.15962272882461548
0.4851318299770355;0.1603163331747055
0.4802597165107727;0.15954755246639252
0.487581342458725;0.1606166511774063
0.48190805315971375;0.1596250981092453
0.4862167239189148;0.16065245866775513
0.4848683476448059;0.15977886319160461
0.4868856370449066;0.15990997850894928
0.4837881326675415;0.16002248227596283
0.4925737977027893;0.16067096590995789
0.4858317971229553;0.16073612868785858
0.4850841462612152;0.15915444493293762
0.47907859086990356;0.15951909124851227
0.49173471331596375;0.16031283140182495
0.486080139875412;0.16022242605686188
0.4906056821346283;0.1616499125957489
0.48922795057296753;0.15936025977134705
0.48379403352737427;0.1598481684923172
0.48581093549728394;0.16102103888988495
0.492601215839386;0.1616651713848114
0.48558640480041504;0.15979188680648804
0.4893757998943329;0.16143082082271576
0.4854808747768402;0.1609138697385788
0.47998374700546265;0.15983645617961884
0.48330286145210266;0.16075967252254486
0.48538750410079956;0.159638911485672
0.4851665198802948;0.16112548112869263
0.48637083172798157;0.15874502062797546
0.48398327827453613;0.1596693992614746
0.4895058274269104;0.16076450049877167
0.48723068833351135;0.16022582352161407
0.4791586995124817;0.16091656684875488
0.48627007007598877;0.16045838594436646
0.48406699299812317;0.16088640689849854
0.49055445194244385;0.16123270988464355
0.48881563544273376;0.1605919897556305
0.4908459186553955;0.16100555658340454
0.48915013670921326;0.1601010262966156
0.48191654682159424;0.15904980897903442
0.4929477572441101;0.16265936195850372
0.48670315742492676;0.16114716231822968
0.48728761076927185;0.1602957546710968
0.49076536297798157;0.16008484363555908
0.4853370189666748;0.16054047644138336
0.4942694306373596;0.1614302396774292
0.4898538291454315;0.16038687527179718
0.48100513219833374;0.15800081193447113
0.48514294624328613;0.16146545112133026
0.4908560812473297;0.16133436560630798
0.4814937114715576;0.1601378619670868
0.4869057536125183;0.16058644652366638
0.48536404967308044;0.15927539765834808
0.48902490735054016;0.1614588052034378
0.4783570468425751;0.15951412916183472
0.48009800910949707;0.16012242436408997
0.4843732714653015;0.16160744428634644
0.48587989807128906;0.15809950232505798
0.484813392162323;0.16060078144073486
0.4853748381137848;0.15997754037380219
0.48306748270988464;0.16025185585021973
0.48498234152793884;0.16045573353767395
0.48650115728378296;0.15994256734848022
0.48788952827453613;0.16088822484016418
0.4841703772544861;0.16101530194282532
0.49142423272132874;0.1609993278980255
0.48375287652015686;0.15849816799163818
0.48826584219932556;0.16128143668174744
0.48627233505249023;0.16077382862567902
0.4889742434024811;0.160100057721138
0.48687928915023804;0.1600627601146698
0.4875752627849579;0.16201235353946686
0.4891447424888611;0.16069218516349792
0.481947124004364;0.15941378474235535
0.4875938296318054;0.16019640862941742
0.48980918526649475;0.16013342142105103
0.48938894271850586;0.1601073145866394
0.49076902866363525;0.16296066343784332
0.48865747451782227;0.15976053476333618
0.4857868254184723;0.16133646667003632
0.4908948838710785;0.16050466895103455
0.48633497953414917;0.16011475026607513
0.4875653386116028;0.1608658879995346
0.4862222671508789;0.1594964861869812
0.4853851795196533;0.16108620166778564
0.4870331883430481;0.16092228889465332
0.4863053858280182;0.16038571298122406
0.49071788787841797;0.16042886674404144
0.47874724864959717;0.1591530442237854
0.484474241733551;0.1598799228668213
0.48802369832992554;0.16042128205299377
0.4872346520423889;0.16015632450580597
0.481469988822937;0.15952064096927643
0.4814049005508423;0.15941902995109558
0.485241562128067;0.16164399683475494
0.48186904191970825;0.15962736308574677
0.47751879692077637;0.16041336953639984
0.48726686835289;0.1610291749238968
0.48778194189071655;0.1609814465045929
0.4855619966983795;0.16114109754562378
0.4878235459327698;0.16064199805259705
0.4852823317050934;0.16002456843852997
0.4916679859161377;0.16239264607429504
0.4865145683288574;0.159976527094841
0.4903838634490967;0.1605604588985443
0.48690298199653625;0.1601206660270691
0.4826270341873169;0.16001422703266144
0.48917192220687866;0.16105243563652039
0.4843185842037201;0.16003841161727905
0.4882197976112366;0.16180196404457092
0.48829060792922974;0.15950420498847961
0.48624998331069946;0.16074274480342865
0.4862430989742279;0.15888449549674988
0.48437193036079407;0.15801399946212769
0.4814477264881134;0.15859226882457733
0.48301297426223755;0.15959055721759796
0.49024298787117004;0.16113953292369843
0.4849731922149658;0.1609644889831543
0.4879499077796936;0.1605050265789032
0.4798678755760193;0.15886354446411133
0.48900604248046875;0.16078124940395355
0.4878602623939514;0.16098201274871826
0.49113720655441284;0.16101814806461334
0.4818037748336792;0.1601468026638031
0.48269057273864746;0.16010402143001556
0.4846004843711853;0.1596076786518097
0.4869046211242676;0.15997067093849182
0.4857836365699768;0.15961934626102448
0.48533856868743896;0.16035592555999756
0.48437029123306274;0.1603093445301056
0.488844633102417;0.15966159105300903
0.4877382218837738;0.15950268507003784
0.48742857575416565;0.16089066863059998
0.47791391611099243;0.15933996438980103
0.48154008388519287;0.1590566635131836
0.4819502830505371;0.1587933897972107
0.48698270320892334;0.16046682000160217
0.48490291833877563;0.1593935191631317
0.4868481159210205;0.16031992435455322
0.48579126596450806;0.16033130884170532
0.4932325482368469;0.16131526231765747
0.48315849900245667;0.15836508572101593
0.4858006238937378;0.15951231122016907
0.4902724623680115;0.15963834524154663
0.4851230978965759;0.16002441942691803
0.48193034529685974;0.16114790737628937
0.4937872886657715;0.16188475489616394
0.48354777693748474;0.15956929326057434
0.4827670454978943;0.16000543534755707
0.48451173305511475;0.1594143658876419
0.4908079504966736;0.1600232869386673
0.4847754240036011;0.15952327847480774
0.4879003167152405;0.15994417667388916
0.48982441425323486;0.15995922684669495
0.48400044441223145;0.158949613571167
0.4901089668273926;0.1603892594575882
0.48534056544303894;0.15948303043842316
0.49091994762420654;0.16161419451236725
0.4880882799625397;0.16088663041591644
0.4847909212112427;0.15855135023593903
0.4985477030277252;0.16266711056232452
0.4851449131965637;0.16248980164527893
0.48916390538215637;0.1606035977602005
0.48624229431152344;0.15989813208580017
0.4860256314277649;0.16026712954044342
0.4899487793445587;0.15952113270759583
0.48311805725097656;0.16074514389038086
0.4811861515045166;0.15876370668411255
0.48582345247268677;0.15986651182174683
0.4867936670780182;0.16110263764858246
0.4914519786834717;0.16084763407707214
0.4892559349536896;0.16028158366680145
0.48881033062934875;0.1609625369310379
0.48634618520736694;0.16017396748065948
0.491115927696228;0.1596468985080719
0.4838654398918152;0.15968403220176697
0.4895927906036377;0.1606181263923645
0.4861145317554474;0.15929250419139862
0.4843152165412903;0.15917983651161194
0.48844388127326965;0.16084742546081543
0.4900657832622528;0.16022297739982605
0.4939707815647125;0.16145265102386475
0.4842439293861389;0.1595238447189331
0.4818979501724243;0.15975838899612427
0.48351091146469116;0.15982754528522491
0.4854014813899994;0.1599205732345581
0.4859459698200226;0.16144847869873047
0.4874160587787628;0.16036945581436157
0.4939219355583191;0.16066597402095795
0.48528170585632324;0.15977942943572998
0.48791658878326416;0.15910807251930237
0.48702654242515564;0.16157451272010803
0.48551517724990845;0.16018182039260864
0.4850514829158783;0.16017352044582367
0.48633629083633423;0.1591152548789978
0.48745065927505493;0.16003625094890594
0.48252537846565247;0.15951882302761078
0.48503485321998596;0.15973614156246185
0.48521485924720764;0.1601044088602066
0.48671412467956543;0.1595732569694519
0.4874807894229889;0.16081123054027557
0.490558385848999;0.16222292184829712
0.4847881495952606;0.16028593480587006
0.4826176166534424;0.16005298495292664
0.4948759973049164;0.1629805713891983
0.4815520644187927;0.15924319624900818
0.49000227451324463;0.1596614122390747
0.4889630675315857;0.16079404950141907
0.4938984811306;0.16214819252490997
0.4940969944000244;0.16148605942726135
0.4819137752056122;0.15939034521579742
0.4873974025249481;0.1614283323287964
0.482265830039978;0.1586747020483017
0.487527072429657;0.15921705961227417
0.48807910084724426;0.1605502963066101
0.4820946753025055;0.15984579920768738
0.48511362075805664;0.159184068441391
0.48458588123321533;0.1595313847064972
0.4842735528945923;0.15934625267982483
0.48331522941589355;0.15925511717796326
0.48499172925949097;0.1623857021331787
0.48837462067604065;0.16194063425064087
0.48413318395614624;0.15941192209720612
0.48639893531799316;0.16050969064235687
0.48489588499069214;0.1608564704656601
0.4872640073299408;0.16023492813110352
0.48895955085754395;0.1602468192577362
0.48415616154670715;0.15986816585063934
0.49113431572914124;0.1612522304058075
0.4887126684188843;0.16090209782123566
0.48617857694625854;0.16045184433460236
0.48766839504241943;0.1599092036485672
0.48691877722740173;0.15974774956703186
0.48790258169174194;0.16269907355308533
0.4888572096824646;0.160454660654068
0.48082810640335083;0.160297229886055
0.49025747179985046;0.1615719497203827
0.4840148389339447;0.1601542830467224
0.48355430364608765;0.15937937796115875
0.4864087402820587;0.15976625680923462
0.48903942108154297;0.16100847721099854
0.4911552965641022;0.16084441542625427
0.48265737295150757;0.16008341312408447
0.4903106987476349;0.161686971783638
0.48636314272880554;0.16077499091625214
0.48716896772384644;0.16030403971672058
0.4835050404071808;0.15955954790115356
0.48631924390792847;0.15937775373458862
0.48529237508773804;0.15906798839569092
0.49244534969329834;0.16058173775672913
0.4827224016189575;0.15962406992912292
0.4836100935935974;0.15926557779312134
0.4857858717441559;0.1597854495048523
0.4845331311225891;0.15901397168636322
0.4828934669494629;0.16067790985107422
0.4840509295463562;0.16116763651371002
0.4806835949420929;0.16026122868061066
0.48490649461746216;0.16001132130622864
0.4881298542022705;0.16054676473140717
0.4930400252342224;0.16282761096954346
0.48223698139190674;0.16055214405059814
0.4830576181411743;0.1593136489391327
0.4879542887210846;0.161203533411026
0.48457232117652893;0.15932634472846985
0.49256929755210876;0.16205449402332306
0.4882960915565491;0.16040095686912537
0.4844946265220642;0.1599084436893463
0.4918341636657715;0.16094425320625305
0.48816603422164917;0.16018354892730713
0.48252665996551514;0.16019609570503235
0.49022284150123596;0.1600368618965149
0.4866279363632202;0.16082562506198883
0.4844876527786255;0.15880052745342255
0.47792285680770874;0.16044460237026215
0.490881085395813;0.16075095534324646
0.48779869079589844;0.1618226319551468
0.48780354857444763;0.1594792604446411
0.4885435700416565;0.16010910272598267
0.48770660161972046;0.16173891723155975
0.4826006293296814;0.15956227481365204
0.4855712056159973;0.1596331000328064
0.48613208532333374;0.16065356135368347
0.49206170439720154;0.16053149104118347
0.48704200983047485;0.16032984852790833
0.48919886350631714;0.1597803235054016
0.48823925852775574;0.15947875380516052
0.48892226815223694;0.15974751114845276
0.48312827944755554;0.1592259705066681
0.48641347885131836;0.15999838709831238
0.4866897165775299;0.15998539328575134
0.4812552332878113;0.16109102964401245
0.4906637966632843;0.16055652499198914
0.4838048815727234;0.15755392611026764
0.4915403425693512;0.16190776228904724
0.48771974444389343;0.16084690392017365
0.48970186710357666;0.16064873337745667
0.48893463611602783;0.16191568970680237
0.49439847469329834;0.16140511631965637
0.4915008246898651;0.15933111310005188
0.47907784581184387;0.15889953076839447
0.4875352680683136;0.15909968316555023
0.4931681752204895;0.16143977642059326
0.4855549931526184;0.16050110757350922
0.4867904484272003;0.16060972213745117
0.48769843578338623;0.15994897484779358
0.49045759439468384;0.1614399552345276
0.4881713390350342;0.1605592668056488
0.4906349182128906;0.1609659194946289
0.49029654264450073;0.1599206030368805
0.4892941117286682;0.161190465092659
0.4892672300338745;0.16110362112522125
0.48570019006729126;0.15968886017799377
0.48414936661720276;0.15933334827423096
0.48507773876190186;0.15933100879192352
0.489607572555542;0.16196253895759583
0.4868313670158386;0.16032201051712036
0.4838637113571167;0.15912923216819763
0.4930046796798706;0.16303718090057373
0.4846218228340149;0.16036929190158844
0.49210408329963684;0.16107742488384247
0.48929548263549805;0.16018067300319672
0.49158069491386414;0.1600024253129959
0.4845079779624939;0.1605922132730484
0.49002885818481445;0.16045379638671875
0.49010077118873596;0.16042909026145935
0.48246443271636963;0.15872056782245636
0.4907175302505493;0.16112028062343597
0.4898711144924164;0.16167691349983215
0.4915412366390228;0.160163015127182
0.4930330514907837;0.16136029362678528
0.49067190289497375;0.16151471436023712
0.4843699336051941;0.15987764298915863
0.4909050762653351;0.16103440523147583
0.48449447751045227;0.16025644540786743
0.4849609136581421;0.1594202220439911
0.4832257032394409;0.15974338352680206
0.4834586977958679;0.15848566591739655
0.48539113998413086;0.16224133968353271
0.4880213141441345;0.16080977022647858
0.4844616651535034;0.1606619507074356
0.4865313172340393;0.16164594888687134
0.4926098585128784;0.16196319460868835
0.48790010809898376;0.16063052415847778
0.4897172451019287;0.1602729856967926
0.49108636379241943;0.16057482361793518
0.4913358688354492;0.16082167625427246
0.4824466407299042;0.16046911478042603
0.4873698949813843;0.15966582298278809
0.48644959926605225;0.15958355367183685
0.4872148931026459;0.1596548706293106
0.48678362369537354;0.16033074259757996
0.48741573095321655;0.1587686538696289
0.48118317127227783;0.16075466573238373
0.48787787556648254;0.15999901294708252
0.48645633459091187;0.15994152426719666
0.49363887310028076;0.1610386222600937
0.48473456501960754;0.16114413738250732
0.48838698863983154;0.1607714593410492
0.4829081594944;0.16092196106910706
0.4901495575904846;0.16159585118293762
0.4889189600944519;0.16034461557865143
0.486160546541214;0.16006910800933838
0.48576071858406067;0.16038846969604492
0.48721396923065186;0.16124796867370605
0.48637282848358154;0.15996526181697845
0.5000026226043701;0.16239789128303528
0.48305702209472656;0.1602802574634552
0.48779621720314026;0.15950703620910645
0.4819425940513611;0.15948595106601715
0.48765695095062256;0.15997196733951569
0.48344939947128296;0.15877196192741394
0.49379733204841614;0.16103516519069672
0.48556792736053467;0.16198278963565826
0.4822084307670593;0.15950199961662292
0.4871419668197632;0.1595407873392105
0.48994889855384827;0.1599213182926178
0.48580777645111084;0.1599564254283905
0.49069738388061523;0.16064569354057312
0.49133551120758057;0.16031992435455322
0.48879292607307434;0.16092893481254578
0.48989784717559814;0.1616021692752838
0.4895920753479004;0.15971490740776062
0.4872220754623413;0.1603090763092041
0.4891858994960785;0.16128167510032654
0.4870418906211853;0.16053080558776855
0.4864557981491089;0.16247321665287018
0.48439592123031616;0.15918275713920593
0.4967024624347687;0.1631191074848175
0.4891907274723053;0.16113512217998505
0.4860915541648865;0.16213634610176086
0.4932361841201782;0.16195270419120789
0.4882083833217621;0.16022343933582306
0.48748016357421875;0.1615564227104187
0.4866991639137268;0.16046302020549774
0.48635348677635193;0.16005419194698334
0.48483091592788696;0.1599666178226471
0.4917498230934143;0.1618722677230835
0.49875181913375854;0.16268230974674225
0.4832611680030823;0.1611984670162201
0.49080318212509155;0.16072560846805573
0.4829462170600891;0.16120503842830658
0.4873042404651642;0.161734938621521
0.4825626611709595;0.15897347033023834
0.48195353150367737;0.15980121493339539
0.48895013332366943;0.16066615283489227
0.49270540475845337;0.161442369222641
0.48237869143486023;0.159796804189682
0.48520833253860474;0.16068652272224426
0.4820987582206726;0.160410076379776
0.48811453580856323;0.15940847992897034
0.4913427233695984;0.16045033931732178
0.49023041129112244;0.16127093136310577
0.4868244230747223;0.16032332181930542
0.488661527633667;0.15974833071231842
0.4867599606513977;0.16101956367492676
0.4921359419822693;0.16092722117900848
0.48972073197364807;0.16001233458518982
0.4832455813884735;0.16112953424453735
0.4879169464111328;0.16139569878578186
0.48686105012893677;0.16102823615074158
0.4881542921066284;0.160929873585701
0.48795583844184875;0.1611875593662262
0.49211764335632324;0.16128674149513245
0.49189889430999756;0.16248951852321625
0.4861676096916199;0.16084407269954681
0.4895550012588501;0.16146133840084076
0.4832911193370819;0.16047582030296326
0.48547041416168213;0.15906760096549988
0.4871443808078766;0.16091713309288025
0.49546363949775696;0.16197247803211212
0.4872240424156189;0.16080574691295624
0.48756664991378784;0.16115576028823853
0.4878889322280884;0.15942727029323578
0.4889904856681824;0.1608901023864746
0.47938472032546997;0.1591598093509674
0.4877464771270752;0.16137386858463287
0.4884521961212158;0.16085681319236755
0.49631646275520325;0.16123680770397186
0.487388014793396;0.16084834933280945
0.48234236240386963;0.15887074172496796
0.4878780245780945;0.16225260496139526
0.48891058564186096;0.1618064045906067
0.4887102544307709;0.16062088310718536
0.48926037549972534;0.16158613562583923
0.4881446659564972;0.16036534309387207
0.49174565076828003;0.1625293791294098
0.48556241393089294;0.15961652994155884
0.48677998781204224;0.1595689058303833
0.4854385256767273;0.1618618667125702
0.48766592144966125;0.16083678603172302
0.4918381869792938;0.1613195240497589
0.48626285791397095;0.16118672490119934
0.485935777425766;0.16035741567611694
0.48649343848228455;0.16022905707359314
0.48606976866722107;0.1608976572751999
0.48062852025032043;0.16002291440963745
0.4914461374282837;0.16033077239990234
0.49173739552497864;0.1607469618320465
0.48718756437301636;0.1619654893875122
0.4881850481033325;0.15963302552700043
0.4846343398094177;0.16027405858039856
0.48851102590560913;0.16123904287815094
0.48812225461006165;0.1608378291130066
0.4876154065132141;0.16084042191505432
0.48669135570526123;0.16063177585601807
0.48540040850639343;0.15900659561157227
0.4844790995121002;0.16025376319885254
0.4827994108200073;0.16055791079998016
0.49001550674438477;0.15973471105098724
0.4870974123477936;0.16005384922027588
0.4872284233570099;0.1592000275850296
