TV;KL
1.467882752418518;6.715527534484863
1.4458993673324585;6.582789421081543
1.4566783905029297;6.39266300201416
1.4244786500930786;5.955853462219238
1.4093701839447021;5.57114839553833
1.382997989654541;5.118160247802734
1.3620648384094238;4.77421236038208
1.3303658962249756;4.425004005432129
1.3120651245117188;4.0954389572143555
1.2793275117874146;3.8577346801757812
1.2553030252456665;3.639350414276123
1.2438180446624756;3.44260835647583
1.212391972541809;3.1888608932495117
1.193488359451294;2.9566972255706787
1.1746857166290283;2.8761653900146484
1.1527239084243774;2.680302619934082
1.1334730386734009;2.523195743560791
1.1113837957382202;2.3632354736328125
1.1100153923034668;2.289940118789673
1.0869818925857544;2.193533420562744
1.0784505605697632;2.0760443210601807
1.0589942932128906;1.9397956132888794
1.0367454290390015;1.8558528423309326
1.0278223752975464;1.7995845079421997
1.007568359375;1.7146433591842651
0.9857290983200073;1.611630916595459
0.9760298728942871;1.5465500354766846
0.9715009331703186;1.5359165668487549
0.9597692489624023;1.4380645751953125
0.9560855627059937;1.4277458190917969
0.932330846786499;1.337380051612854
0.9198229312896729;1.2954866886138916
0.8969957232475281;1.2313865423202515
0.8875488042831421;1.1884678602218628
0.8851244449615479;1.1377263069152832
0.8621879816055298;1.0796453952789307
0.8608623743057251;1.0429877042770386
0.8446175456047058;1.0272984504699707
0.8457462787628174;0.9954432249069214
0.8132652640342712;0.9315382242202759
0.8134945631027222;0.9140457510948181
0.8022977709770203;0.8855599164962769
0.7860167622566223;0.8267807960510254
0.7827803492546082;0.8271503448486328
0.7806121110916138;0.7971690893173218
0.7809904217720032;0.7858560681343079
0.740720808506012;0.734179675579071
0.7377437949180603;0.6990261077880859
0.741317868232727;0.7047471404075623
0.716842770576477;0.6726140379905701
0.7295349836349487;0.6523256897926331
0.7233691811561584;0.6487830281257629
0.7043009996414185;0.6132501363754272
0.6910521388053894;0.5986929535865784
0.6779881119728088;0.564457356929779
0.6675931215286255;0.5649487972259521
0.662325382232666;0.544106125831604
0.6613566279411316;0.5289801955223083
0.6478771567344666;0.4966234266757965
0.6428266167640686;0.5105612277984619
0.6384106874465942;0.4690974950790405
0.6376318335533142;0.4807182848453522
0.6245603561401367;0.4503311216831207
0.6157092452049255;0.4471646547317505
0.6233107447624207;0.43472835421562195
0.6077832579612732;0.41765978932380676
0.5938532948493958;0.3977064788341522
0.5838067531585693;0.3782861530780792
0.5799667835235596;0.38424232602119446
0.5750342011451721;0.364404559135437
0.5688658952713013;0.3636164665222168
0.5644875764846802;0.34090691804885864
0.5465788841247559;0.3373448848724365
0.5507816076278687;0.3386728763580322
0.5388900637626648;0.3117421865463257
0.5438608527183533;0.31879979372024536
0.5322350263595581;0.3039495646953583
0.5451896786689758;0.3110883831977844
0.5216265916824341;0.2915470600128174
0.5111193656921387;0.2810603380203247
0.5135297775268555;0.2763294279575348
0.5212284326553345;0.2817099988460541
0.5035155415534973;0.26146265864372253
0.509252667427063;0.26505640149116516
0.4905034899711609;0.24554964900016785
0.49793541431427;0.2573365569114685
0.4998375177383423;0.24672812223434448
0.4783090353012085;0.2282232791185379
0.4709051251411438;0.2266661673784256
0.465955913066864;0.220670685172081
0.46281698346138;0.21674135327339172
0.46968066692352295;0.22231918573379517
0.46236079931259155;0.21024096012115479
0.4571835994720459;0.20153763890266418
0.44454848766326904;0.19077150523662567
0.43373340368270874;0.18880465626716614
0.4469856917858124;0.2033301740884781
0.42999058961868286;0.18250323832035065
0.423919677734375;0.17645865678787231
0.4094580411911011;0.16950850188732147
0.421600341796875;0.16875404119491577
0.41665980219841003;0.16795384883880615
0.41663849353790283;0.16786973178386688
0.3942718207836151;0.15546563267707825
0.40823453664779663;0.16075070202350616
0.4048001766204834;0.15456557273864746
0.39619070291519165;0.1500188410282135
0.39793145656585693;0.14065244793891907
0.3966367840766907;0.14469295740127563
0.40141725540161133;0.14108413457870483
0.39534538984298706;0.1396380364894867
0.381960928440094;0.1318158209323883
0.38423436880111694;0.13377925753593445
0.3661809265613556;0.12683159112930298
0.37888777256011963;0.12789824604988098
0.36909395456314087;0.12446600198745728
0.3650636672973633;0.11962651461362839
0.36033743619918823;0.1180167868733406
0.35921478271484375;0.11612516641616821
0.3624992370605469;0.12114632874727249
0.3620748519897461;0.11086350679397583
0.35465526580810547;0.1125970333814621
0.3485774099826813;0.10627804696559906
0.33983761072158813;0.10311150550842285
0.35008928179740906;0.10355448722839355
0.33282724022865295;0.10022702068090439
0.3293980658054352;0.0962606891989708
0.33520931005477905;0.09403718262910843
0.3304827809333801;0.0959799736738205
0.33006298542022705;0.09618048369884491
0.3371691405773163;0.10335758328437805
0.32903945446014404;0.09187044948339462
0.32469600439071655;0.0963674932718277
0.32605916261672974;0.0940554141998291
0.3288087248802185;0.09157459437847137
0.3089677691459656;0.08207090198993683
0.30985018610954285;0.08104562759399414
0.3051956593990326;0.08052738010883331
0.30813348293304443;0.07911913841962814
0.30827370285987854;0.07360426336526871
0.30642667412757874;0.08248423039913177
0.2986654043197632;0.07246097922325134
0.2952749729156494;0.07265017926692963
0.2992766499519348;0.07454989850521088
0.2915131449699402;0.06871471554040909
0.2996731996536255;0.07454442232847214
0.28947141766548157;0.06855090707540512
0.3044049143791199;0.07466074824333191
0.2890075445175171;0.07157701253890991
0.2758575677871704;0.06574416160583496
0.2802632451057434;0.06651658564805984
0.28467822074890137;0.06852161139249802
0.2958255112171173;0.06876479089260101
0.2787185311317444;0.06500492990016937
0.2888556122779846;0.06583811342716217
0.27412348985671997;0.06383166462182999
0.27654582262039185;0.06280431151390076
0.2795161306858063;0.06355181336402893
0.27375364303588867;0.06075611710548401
0.2695643901824951;0.05635794252157211
0.2633613348007202;0.05909702181816101
0.27106863260269165;0.057525187730789185
0.2579646110534668;0.05282881110906601
0.272051066160202;0.05922037363052368
0.26776066422462463;0.05767107009887695
0.26520729064941406;0.05369769036769867
0.26218390464782715;0.05466607213020325
0.2638414800167084;0.05542324483394623
0.25500813126564026;0.05220842361450195
0.24453464150428772;0.045887291431427
0.25846362113952637;0.051625579595565796
0.2507328987121582;0.05312251299619675
0.2563937306404114;0.05274921655654907
0.26064029335975647;0.05423428863286972
0.24792316555976868;0.04858134686946869
0.2552882432937622;0.05305926501750946
0.2457781434059143;0.047521211206912994
0.25322672724723816;0.04881764203310013
0.2553323209285736;0.05167783051729202
0.25214022397994995;0.04881542921066284
0.24046295881271362;0.044519565999507904
0.25540053844451904;0.04870568960905075
0.2397940456867218;0.04317382723093033
0.23788747191429138;0.04553039371967316
0.23854203522205353;0.04289951175451279
0.24077796936035156;0.0429680272936821
0.23768047988414764;0.04471506178379059
0.244949072599411;0.04804809391498566
0.2425316423177719;0.04419854283332825
0.23562385141849518;0.04003611207008362
0.22912845015525818;0.04023561626672745
0.23138529062271118;0.041743844747543335
0.23618246614933014;0.04322267323732376
0.2434859573841095;0.043178677558898926
0.24862226843833923;0.044467851519584656
0.24552839994430542;0.04463855177164078
0.24021413922309875;0.04449165612459183
0.23150743544101715;0.041766174137592316
0.22428001463413239;0.035508401691913605
0.23054352402687073;0.03975120186805725
0.22406969964504242;0.03884278982877731
0.2371603548526764;0.04281318932771683
0.2236746847629547;0.0379628986120224
0.23511281609535217;0.04163099825382233
0.2222631871700287;0.03824152797460556
0.22522521018981934;0.03842876851558685
0.22412636876106262;0.037272341549396515
0.2245846390724182;0.03723027557134628
0.22163189947605133;0.03679908066987991
0.22468861937522888;0.03790656477212906
0.23660096526145935;0.040581509470939636
0.22581568360328674;0.035878993570804596
0.21796071529388428;0.03634074330329895
0.2123579978942871;0.036489322781562805
0.224006786942482;0.03760474920272827
0.21773162484169006;0.03686597943305969
0.21594281494617462;0.0355762243270874
0.22407416999340057;0.03517653048038483
0.2299121916294098;0.038052141666412354
0.22412559390068054;0.03675760328769684
0.21610568463802338;0.03341308981180191
0.22950869798660278;0.036374352872371674
0.21519899368286133;0.034648895263671875
0.2155323326587677;0.033341482281684875
0.2175534963607788;0.03666803985834122
0.22042235732078552;0.03526827692985535
0.21091367304325104;0.031067222356796265
0.22549909353256226;0.03702273964881897
0.21120713651180267;0.03307487070560455
0.21657761931419373;0.033186137676239014
0.21432209014892578;0.034186117351055145
0.20832712948322296;0.03150998800992966
0.2146390676498413;0.035255685448646545
0.20865431427955627;0.03292766958475113
0.21429318189620972;0.0325840562582016
0.21257436275482178;0.03317086398601532
0.21929363906383514;0.03439725190401077
0.21997793018817902;0.03410438448190689
0.21320587396621704;0.032979220151901245
0.20975834131240845;0.03172880411148071
0.2168603241443634;0.03287962079048157
0.21145027875900269;0.033939436078071594
0.2183685004711151;0.03578762710094452
0.21320903301239014;0.03246310353279114
0.2069486677646637;0.0319208949804306
0.2084244191646576;0.030749022960662842
0.2115015983581543;0.03297783434391022
0.2055274397134781;0.031140483915805817
0.21558651328086853;0.03286099433898926
0.2145845592021942;0.03230178356170654
0.2114577740430832;0.032106541097164154
0.21176236867904663;0.030766882002353668
0.20215243101119995;0.030592627823352814
0.208562433719635;0.03198983520269394
0.20820382237434387;0.03153388202190399
0.2062245011329651;0.02979545295238495
0.20892521739006042;0.02973083406686783
0.20490621030330658;0.029994279146194458
0.20573341846466064;0.02915319800376892
0.20840799808502197;0.03178633749485016
0.21118173003196716;0.031173333525657654
0.2132665067911148;0.032903045415878296
0.2121153473854065;0.031426191329956055
0.20812055468559265;0.029772184789180756
0.2087257206439972;0.028970710933208466
0.20625518262386322;0.028599098324775696
0.20942485332489014;0.03014204651117325
0.20464913547039032;0.02878764271736145
0.20883449912071228;0.03150981664657593
0.2039964497089386;0.03046383708715439
0.20165950059890747;0.02707948535680771
0.20347031950950623;0.029775261878967285
0.20953091979026794;0.030080147087574005
0.21004143357276917;0.030371852219104767
0.20927883684635162;0.030147619545459747
0.21340453624725342;0.03148286044597626
0.20335635542869568;0.027875199913978577
0.2020871937274933;0.029177330434322357
0.20411935448646545;0.02908511459827423
0.2084287405014038;0.03004605323076248
0.2095491886138916;0.031461186707019806
0.2011977583169937;0.02836746722459793
0.20300188660621643;0.03034871071577072
0.20210786163806915;0.029507964849472046
0.2095561921596527;0.03172192722558975
0.20391756296157837;0.02890830487012863
0.20472747087478638;0.028850391507148743
0.20240728557109833;0.027794145047664642
0.21097855269908905;0.031227119266986847
0.19891074299812317;0.02718454599380493
0.20608484745025635;0.028337478637695312
0.2056993544101715;0.031186223030090332
0.20236097276210785;0.027863427996635437
0.20423564314842224;0.02897144854068756
0.20299094915390015;0.027985386550426483
0.20202848315238953;0.027788549661636353
0.20602786540985107;0.029268860816955566
0.2065110206604004;0.02904796600341797
0.20423850417137146;0.028089843690395355
0.20085962116718292;0.02729491889476776
0.19946172833442688;0.028601281344890594
0.20112234354019165;0.027946636080741882
0.2038966417312622;0.027940712869167328
0.20556668937206268;0.02939315140247345
0.20189139246940613;0.02880563586950302
0.1987045556306839;0.028154030442237854
0.20695440471172333;0.028950214385986328
0.2042272835969925;0.028368286788463593
0.20306135714054108;0.02898753434419632
0.20261110365390778;0.02916806936264038
0.1985105276107788;0.02950889617204666
0.2037692666053772;0.028932109475135803
0.20205596089363098;0.0281037837266922
0.20247624814510345;0.028421245515346527
0.1974572241306305;0.026380762457847595
0.20063763856887817;0.02852770686149597
0.20512378215789795;0.029219090938568115
0.19691979885101318;0.02712218463420868
0.20375797152519226;0.028180941939353943
0.20369389653205872;0.02747337520122528
0.20334309339523315;0.028666585683822632
0.20122578740119934;0.026987969875335693
0.2004871517419815;0.028110943734645844
0.20838835835456848;0.0296640545129776
0.20199695229530334;0.02794770896434784
0.20154260098934174;0.028350219130516052
0.20662429928779602;0.02946179360151291
0.2072978913784027;0.030013538897037506
0.19804619252681732;0.02820407599210739
0.20154023170471191;0.02761758863925934
0.19769079983234406;0.026872463524341583
0.20193102955818176;0.027553200721740723
0.19872145354747772;0.027917176485061646
0.20233777165412903;0.02821972221136093
0.2008337825536728;0.02801412343978882
0.19618433713912964;0.0267178937792778
0.1991463303565979;0.027904532849788666
0.20515967905521393;0.029184013605117798
0.2039509415626526;0.028139330446720123
0.20092584192752838;0.028463050723075867
0.19835779070854187;0.02824012190103531
0.2040439397096634;0.02938949316740036
0.2035510241985321;0.028835855424404144
0.20443344116210938;0.02918100357055664
0.2039736807346344;0.028452128171920776
0.2020784318447113;0.028883568942546844
0.20705100893974304;0.027173325419425964
0.19919925928115845;0.026525333523750305
0.2034168839454651;0.028700396418571472
0.19864365458488464;0.027336664497852325
0.20146381855010986;0.0287482813000679
0.19630086421966553;0.028017684817314148
0.2029397189617157;0.02799241989850998
0.20262116193771362;0.029258519411087036
0.2012636959552765;0.029155448079109192
0.19983510673046112;0.028040170669555664
0.20429156720638275;0.028089448809623718
0.2048611044883728;0.028065770864486694
0.19892044365406036;0.02789372205734253
0.20153386890888214;0.02798878401517868
0.20125281810760498;0.027685873210430145
0.2027938961982727;0.028851523995399475
0.1997152715921402;0.02802659571170807
0.19755372405052185;0.02703714370727539
0.21038395166397095;0.029790692031383514
0.2046743929386139;0.028203926980495453
0.19779416918754578;0.027284979820251465
0.205711230635643;0.028476379811763763
0.19869114458560944;0.027353614568710327
0.2004261612892151;0.028026647865772247
0.1966218799352646;0.027984455227851868
0.1984255164861679;0.0276385098695755
0.20112758874893188;0.028511807322502136
0.20169532299041748;0.027984775602817535
0.19924522936344147;0.027569480240345
0.19913098216056824;0.028025299310684204
0.19920210540294647;0.028431132435798645
0.20180343091487885;0.028469204902648926
0.20104125142097473;0.028810128569602966
0.19996121525764465;0.027692608535289764
0.20340661704540253;0.027140215039253235
0.2024131566286087;0.027280211448669434
0.19978642463684082;0.027760647237300873
0.20071196556091309;0.026327796280384064
0.20353341102600098;0.0285843163728714
0.19892224669456482;0.02596116065979004
0.20430254936218262;0.027861788868904114
0.20578348636627197;0.029783613979816437
0.19536623358726501;0.026428550481796265
0.2027517557144165;0.02701554447412491
0.20118263363838196;0.02797088772058487
0.1995662897825241;0.027382850646972656
0.2015497386455536;0.02888144552707672
0.20086103677749634;0.026940174400806427
0.197820782661438;0.027361266314983368
0.19842776656150818;0.025652863085269928
0.20986813306808472;0.029094353318214417
0.20370115339756012;0.02910865843296051
0.19877560436725616;0.02827390283346176
0.20194077491760254;0.02741309255361557
0.19871163368225098;0.026815861463546753
0.19795751571655273;0.026743397116661072
0.20490598678588867;0.02790585160255432
0.20063412189483643;0.027407705783843994
0.2037118673324585;0.028471320867538452
0.2003222107887268;0.026783332228660583
0.2035863995552063;0.028290629386901855
0.19941255450248718;0.027233637869358063
0.20760703086853027;0.027788326144218445
0.2001015841960907;0.026991620659828186
0.20106081664562225;0.026470452547073364
0.20165780186653137;0.027890078723430634
0.20000261068344116;0.02691185474395752
0.1956671178340912;0.026842325925827026
0.19856736063957214;0.027453988790512085
0.19566446542739868;0.026769883930683136
0.2045641392469406;0.026996247470378876
0.20423704385757446;0.028837494552135468
0.1991906464099884;0.02695850282907486
0.20003554224967957;0.02832682430744171
0.20018672943115234;0.026613786816596985
0.19863155484199524;0.027690112590789795
0.19687652587890625;0.026524581015110016
0.19784313440322876;0.02776457369327545
0.19731995463371277;0.026418611407279968
0.19913244247436523;0.02613145112991333
0.19822442531585693;0.027447834610939026
0.19726726412773132;0.027352184057235718
0.2047354280948639;0.029423289000988007
0.20091134309768677;0.027949750423431396
0.19728302955627441;0.026287682354450226
0.20425641536712646;0.02862873673439026
0.1995791792869568;0.027526304125785828
0.19723203778266907;0.027542777359485626
0.20078739523887634;0.02825354039669037
0.19834685325622559;0.02752796560525894
0.20598597824573517;0.02803926169872284
0.2010868787765503;0.02717839926481247
0.2018728256225586;0.02890203893184662
0.19810625910758972;0.026118822395801544
0.20735684037208557;0.029414504766464233
0.19977475702762604;0.027018338441848755
0.20259509980678558;0.028099358081817627
0.19382384419441223;0.024738043546676636
0.19806286692619324;0.02689824253320694
0.19750520586967468;0.02709357440471649
0.1987619400024414;0.02776503562927246
0.2010522335767746;0.02711953967809677
0.19960373640060425;0.02731538563966751
0.19889956712722778;0.02711179107427597
0.19872741401195526;0.028440304100513458
0.19666925072669983;0.026578493416309357
0.20297405123710632;0.02856016904115677
0.19830669462680817;0.028082557022571564
0.19974088668823242;0.02695123851299286
0.19688217341899872;0.027318954467773438
0.20450374484062195;0.027909614145755768
0.20059117674827576;0.027211889624595642
0.20154473185539246;0.028094328939914703
0.1993194818496704;0.02735573798418045
0.2032645046710968;0.02734202891588211
0.19973468780517578;0.02746984362602234
0.20032820105552673;0.02773568034172058
0.1954711377620697;0.02623826265335083
0.2028341293334961;0.029465466737747192
0.19701391458511353;0.026465117931365967
0.1974438577890396;0.027147747576236725
0.1970089077949524;0.027974024415016174
0.19790886342525482;0.026205576956272125
0.197220116853714;0.02733328938484192
0.1964879333972931;0.025412164628505707
0.19963562488555908;0.026893317699432373
0.2064245045185089;0.0295124351978302
0.20150846242904663;0.02859307825565338
0.1999654471874237;0.02688339352607727
0.19827739894390106;0.028233110904693604
0.1990877091884613;0.027732819318771362
0.2047683298587799;0.028755128383636475
0.20111826062202454;0.029615379869937897
0.20045870542526245;0.02846493571996689
0.20189924538135529;0.028077557682991028
0.2048201709985733;0.02892836183309555
0.2031201422214508;0.029583536088466644
0.205795556306839;0.028424710035324097
0.20204630494117737;0.027991823852062225
0.19863799214363098;0.02660326659679413
0.20182159543037415;0.02806480973958969
0.20014292001724243;0.027217335999011993
0.20096555352210999;0.028078779578208923
0.1988387405872345;0.026487238705158234
0.20306941866874695;0.029444478452205658
0.2009330689907074;0.027756482362747192
0.19922980666160583;0.0272790789604187
0.20398682355880737;0.029923833906650543
0.20120498538017273;0.02724713832139969
0.20263665914535522;0.02692796289920807
0.20560406148433685;0.030245237052440643
0.20113566517829895;0.02820802479982376
0.19641563296318054;0.025451041758060455
0.1970357596874237;0.02740982174873352
0.20069964230060577;0.027184486389160156
0.19987604022026062;0.02817663550376892
0.19869135320186615;0.026806719601154327
0.1988750696182251;0.02697370946407318
0.1983013153076172;0.02647758275270462
0.19907349348068237;0.028454937040805817
0.19805574417114258;0.02740786224603653
0.20445340871810913;0.02931874990463257
0.20008999109268188;0.02706442028284073
0.2032526582479477;0.027840502560138702
0.2037745863199234;0.028330393135547638
0.20057691633701324;0.027564197778701782
0.20360948145389557;0.029670722782611847
0.19953274726867676;0.027001693844795227
0.1980995535850525;0.02745244652032852
0.20343121886253357;0.02846439927816391
0.20185726881027222;0.027627184987068176
0.20590412616729736;0.027262747287750244
0.19905269145965576;0.0278548002243042
0.19964271783828735;0.026429466903209686
0.20051495730876923;0.02813062071800232
0.1986619234085083;0.025662124156951904
0.2028174251317978;0.028194352984428406
0.20052602887153625;0.027790293097496033
0.19723504781723022;0.02624494582414627
0.19802992045879364;0.026183880865573883
0.20137052237987518;0.02804732322692871
0.20295728743076324;0.028455600142478943
0.20351973176002502;0.0278475284576416
0.20279549062252045;0.02825131267309189
0.20316213369369507;0.028106778860092163
0.20082667469978333;0.028036683797836304
0.20181232690811157;0.02775871753692627
0.20479415357112885;0.02933920919895172
0.20271506905555725;0.02656463533639908
0.19878500699996948;0.025765419006347656
0.2024538218975067;0.02777838706970215
0.19903498888015747;0.02714722603559494
0.20131100714206696;0.027826428413391113
0.19681482017040253;0.026189066469669342
0.2001200020313263;0.027592532336711884
0.19804495573043823;0.027095213532447815
0.19996801018714905;0.027647018432617188
0.19940677285194397;0.028277933597564697
0.20124392211437225;0.02799530327320099
0.2045142650604248;0.027663305401802063
0.20434655249118805;0.028072185814380646
0.20276910066604614;0.028243213891983032
0.19784989953041077;0.027311556041240692
0.20195432007312775;0.027502484619617462
0.20068293809890747;0.027586229145526886
0.1993834525346756;0.027394704520702362
0.20026585459709167;0.02837473899126053
0.2046581357717514;0.027049437165260315
0.2014911025762558;0.027680449187755585
0.20307126641273499;0.028509847819805145
0.1978640854358673;0.027625977993011475
0.19845183193683624;0.02715206891298294
0.19907313585281372;0.027847938239574432
0.20268452167510986;0.027931511402130127
0.19787397980690002;0.027485333383083344
0.2027992606163025;0.02702178806066513
0.19829609990119934;0.027134969830513
0.19863028824329376;0.026765547692775726
0.20288914442062378;0.028666481375694275
0.2007695585489273;0.026861555874347687
0.19780802726745605;0.026308156549930573
0.2010536789894104;0.027350030839443207
0.20019078254699707;0.027058124542236328
0.2017834484577179;0.028146982192993164
0.20222927629947662;0.028603382408618927
0.19854655861854553;0.02835596352815628
0.20564204454421997;0.02992752194404602
0.20241835713386536;0.02751436084508896
0.20291611552238464;0.02855725586414337
0.2005760818719864;0.027712464332580566
0.20327144861221313;0.02808701992034912
0.19780699908733368;0.025865860283374786
0.19996236264705658;0.02774086594581604
0.20408284664154053;0.02786754071712494
0.1988179236650467;0.026081442832946777
0.20495478808879852;0.027687549591064453
0.19951412081718445;0.026374168694019318
0.2021942138671875;0.02707619220018387
0.20273035764694214;0.028061866760253906
0.20071621239185333;0.028600744903087616
0.20160144567489624;0.028212130069732666
0.20181229710578918;0.02724146842956543
0.2022605538368225;0.026872076094150543
0.20524606108665466;0.02850201725959778
0.20697548985481262;0.028818219900131226
0.20039936900138855;0.027154453098773956
0.1950584352016449;0.025499723851680756
0.20332160592079163;0.027509570121765137
0.1991015076637268;0.026839300990104675
0.1970117688179016;0.027410395443439484
0.2056059092283249;0.02765723317861557
0.1948247253894806;0.0263165682554245
0.19990192353725433;0.027101807296276093
0.2009299397468567;0.02784661203622818
0.20432257652282715;0.026995927095413208
0.19700120389461517;0.02590581774711609
0.20022952556610107;0.027893245220184326
0.1992475539445877;0.026792101562023163
0.1990414410829544;0.026574134826660156
0.2020539790391922;0.02824658900499344
0.19883506000041962;0.026817865669727325
0.2059928923845291;0.028758034110069275
0.2030417025089264;0.027629144489765167
0.19652336835861206;0.027046866714954376
0.20396870374679565;0.027928300201892853
0.19666430354118347;0.027104400098323822
0.20241904258728027;0.028108783066272736
0.1987515687942505;0.026067443192005157
0.20435985922813416;0.028453581035137177
0.20181669294834137;0.027573630213737488
0.19667689502239227;0.025879234075546265
0.20005816221237183;0.02739640325307846
0.20068487524986267;0.02636583149433136
0.2032262682914734;0.029073216021060944
0.1994437724351883;0.027488715946674347
0.20068597793579102;0.02746357023715973
0.19891470670700073;0.027674540877342224
0.20201775431632996;0.02759188413619995
0.20472244918346405;0.02799074351787567
0.19703136384487152;0.027421072125434875
0.2036716789007187;0.02959761768579483
0.20319755375385284;0.027991019189357758
0.20288583636283875;0.029794998466968536
0.20234525203704834;0.0271107479929924
0.19946876168251038;0.02668270468711853
0.19658195972442627;0.026187874376773834
0.19647006690502167;0.026498943567276
0.19926764070987701;0.02610105276107788
0.2022131383419037;0.027358397841453552
0.20203204452991486;0.02768993377685547
0.20176002383232117;0.028778597712516785
0.2070680409669876;0.029331795871257782
0.20400133728981018;0.029046423733234406
0.19883009791374207;0.0261690691113472
0.20239077508449554;0.026907607913017273
0.20410490036010742;0.027744613587856293
0.20199552178382874;0.027020253241062164
0.1990329623222351;0.027891412377357483
0.20175793766975403;0.02679884433746338
0.19655603170394897;0.026997044682502747
0.1995793730020523;0.02853892743587494
0.19694647192955017;0.025915995240211487
0.2015800178050995;0.02773621678352356
0.20113760232925415;0.026985526084899902
0.19544298946857452;0.026882410049438477
0.20022931694984436;0.02685295045375824
0.20418193936347961;0.028292067348957062
0.19910965859889984;0.027786798775196075
0.19930040836334229;0.027554310858249664
0.196165531873703;0.026982009410858154
0.19457054138183594;0.02685532718896866
0.20174135267734528;0.027423344552516937
0.20011094212532043;0.026128120720386505
0.19979441165924072;0.027278050780296326
0.21097534894943237;0.03044934570789337
0.2026248723268509;0.025843806564807892
0.20220103859901428;0.02791794389486313
0.2047433853149414;0.028155528008937836
0.20200347900390625;0.027699753642082214
0.2017209231853485;0.02886655181646347
0.19848501682281494;0.025847293436527252
0.2073611617088318;0.029652580618858337
0.20316046476364136;0.02871406078338623
0.19882380962371826;0.026750095188617706
0.20047466456890106;0.02814297378063202
0.20167134702205658;0.026901796460151672
0.19962038099765778;0.027329348027706146
0.1969340443611145;0.026693813502788544
0.201276496052742;0.027235276997089386
0.19925785064697266;0.027111515402793884
0.20035050809383392;0.02634875476360321
0.19968941807746887;0.02726166695356369
0.19911475479602814;0.0267636701464653
0.19830548763275146;0.026071451604366302
0.20006954669952393;0.02752719819545746
0.20035409927368164;0.02858586609363556
0.19985434412956238;0.027488626539707184
0.20179757475852966;0.02868065983057022
0.20146989822387695;0.028235293924808502
0.20471295714378357;0.028965219855308533
0.20389580726623535;0.027646146714687347
0.20315876603126526;0.028116188943386078
0.2006961554288864;0.027515381574630737
0.20530375838279724;0.02762588858604431
0.20538029074668884;0.028356939554214478
0.20556798577308655;0.026915647089481354
0.2004544585943222;0.02625489979982376
0.20672860741615295;0.029217757284641266
0.1984063684940338;0.027327530086040497
0.197687029838562;0.02787889540195465
0.20289380848407745;0.028427690267562866
0.20301981270313263;0.028370633721351624
0.20445534586906433;0.027605533599853516
0.20156598091125488;0.027480080723762512
0.20045234262943268;0.02753913402557373
0.19962140917778015;0.0265190526843071
0.2071753442287445;0.029013246297836304
0.20172318816184998;0.02674976736307144
0.19900855422019958;0.026791609823703766
0.20236843824386597;0.028414689004421234
0.1984357088804245;0.02812083065509796
0.20222337543964386;0.027243725955486298
0.2013196498155594;0.02744404971599579
0.20226240158081055;0.027456261217594147
0.20025566220283508;0.02584952861070633
0.1967572122812271;0.02627699077129364
0.19953081011772156;0.028014495968818665
0.2020290195941925;0.027765192091464996
0.1977415382862091;0.025531470775604248
0.2008516490459442;0.027409903705120087
0.19752830266952515;0.02607583999633789
0.19928398728370667;0.02743683010339737
0.2009924054145813;0.027580522000789642
0.19888010621070862;0.0270388126373291
0.20400778949260712;0.027688205242156982
0.2001543641090393;0.026806160807609558
0.19834642112255096;0.027405060827732086
0.2006409764289856;0.027739085257053375
0.20053867995738983;0.027046501636505127
0.2041480839252472;0.02821674942970276
0.20037944614887238;0.027700558304786682
0.2000521570444107;0.02712312340736389
0.19959473609924316;0.0270393043756485
0.19979968667030334;0.027521967887878418
0.20026618242263794;0.027308069169521332
0.2044910490512848;0.027292564511299133
0.2045193314552307;0.029043786227703094
0.20171576738357544;0.026839211583137512
0.19835537672042847;0.026180654764175415
0.20108547806739807;0.026202857494354248
0.2008625566959381;0.027855470776557922
0.20069484412670135;0.027103595435619354
0.19712626934051514;0.027372553944587708
0.2067059576511383;0.02890966087579727
0.19886037707328796;0.025891408324241638
0.20550000667572021;0.027656376361846924
0.2062506079673767;0.029063664376735687
0.2016245573759079;0.027774877846240997
0.20634791254997253;0.028374001383781433
0.20406068861484528;0.02791830152273178
0.20252490043640137;0.029079020023345947
0.2020164281129837;0.02734135091304779
0.20025938749313354;0.027617357671260834
0.2032923400402069;0.029621846973896027
0.19995373487472534;0.02662472426891327
0.20126603543758392;0.027837827801704407
0.20278051495552063;0.02714790403842926
0.20379824936389923;0.029087141156196594
0.19831186532974243;0.027910619974136353
0.20094600319862366;0.0273260697722435
0.19847671687602997;0.027817174792289734
0.20336087048053741;0.02976299822330475
0.19833430647850037;0.027630537748336792
0.19719600677490234;0.026515908539295197
0.2003195583820343;0.025936827063560486
0.2019917070865631;0.027831852436065674
0.20077690482139587;0.027062296867370605
0.2008192539215088;0.027512818574905396
0.20581690967082977;0.028593242168426514
0.20091292262077332;0.02778308093547821
0.20331093668937683;0.027702637016773224
0.20314782857894897;0.027001366019248962
0.2008434534072876;0.028369873762130737
0.2014920711517334;0.026479505002498627
0.2036856710910797;0.027376174926757812
0.1998392939567566;0.027988970279693604
0.20146198570728302;0.02750731259584427
0.20234262943267822;0.02734179049730301
0.20056338608264923;0.027863770723342896
0.2040482461452484;0.027996636927127838
0.20082956552505493;0.027423352003097534
0.204327791929245;0.0277072936296463
0.20104368031024933;0.02630588412284851
0.2007148563861847;0.02716168761253357
0.20233750343322754;0.029304690659046173
0.19891893863677979;0.0266740545630455
0.19646582007408142;0.026076793670654297
0.2014531046152115;0.027310922741889954
0.20365528762340546;0.02755177766084671
0.20114564895629883;0.027119748294353485
0.20208923518657684;0.028093241155147552
0.2017848640680313;0.026950210332870483
0.1991012543439865;0.026954077184200287
0.20245260000228882;0.027672335505485535
0.19992700219154358;0.028001993894577026
0.19703173637390137;0.026670746505260468
0.19950686395168304;0.02722269296646118
0.20076104998588562;0.02823944389820099
0.20178988575935364;0.02722030133008957
0.20402134954929352;0.028226196765899658
0.20020252466201782;0.026079118251800537
0.20104512572288513;0.027760863304138184
0.2007879912853241;0.027501799166202545
0.20195133984088898;0.027406930923461914
0.20073577761650085;0.027115099132061005
0.2006653994321823;0.028151921927928925
0.19777849316596985;0.026555903255939484
0.19875198602676392;0.02664005011320114
0.19655460119247437;0.027490772306919098
0.202280193567276;0.027934186160564423
0.2005392462015152;0.028130389750003815
0.2054344117641449;0.02867814153432846
0.20158615708351135;0.02867467701435089
0.20255959033966064;0.028910651803016663
0.19989828765392303;0.027712754905223846
0.20357143878936768;0.02808932214975357
0.2022794485092163;0.028072066605091095
0.20026907324790955;0.028599441051483154
0.19918018579483032;0.028245851397514343
0.20757995545864105;0.03032524138689041
0.20280523598194122;0.028036274015903473
0.20053550601005554;0.027694910764694214
0.20003220438957214;0.02634439617395401
0.19870850443840027;0.026936247944831848
0.20114180445671082;0.027432024478912354
0.2036975622177124;0.027055911719799042
0.19612154364585876;0.025811046361923218
0.2014593780040741;0.028281234204769135
0.20006290078163147;0.027100086212158203
0.20670190453529358;0.02891511470079422
0.20211976766586304;0.027788639068603516
0.1998041868209839;0.02811424434185028
0.19800472259521484;0.027520351111888885
0.20411217212677002;0.027570128440856934
0.19957667589187622;0.027028188109397888
0.1995113492012024;0.02682628482580185
0.20014597475528717;0.027417801320552826
0.200954869389534;0.027605921030044556
0.2036575973033905;0.027500219643115997
0.19964849948883057;0.02676047384738922
0.20450814068317413;0.02690085768699646
0.20296388864517212;0.02831471711397171
0.2001248002052307;0.028247542679309845
0.2020881474018097;0.02836005389690399
0.2018272876739502;0.02679784595966339
0.2054125815629959;0.02767448127269745
0.2024865448474884;0.026387788355350494
0.2016681432723999;0.028477974236011505
0.20355847477912903;0.0293111652135849
0.19789375364780426;0.026552870869636536
0.2011854350566864;0.027001775801181793
0.20136860013008118;0.02827955037355423
0.20009088516235352;0.028721176087856293
0.20038819313049316;0.026851370930671692
0.20126017928123474;0.027951523661613464
0.20436926186084747;0.028007380664348602
0.19812598824501038;0.027992628514766693
0.20238089561462402;0.02712683379650116
0.20264941453933716;0.028523564338684082
0.1986815333366394;0.027384638786315918
0.2005026936531067;0.027103930711746216
0.20114701986312866;0.027420438826084137
0.2021447867155075;0.027476824820041656
0.19921132922172546;0.026567399501800537
0.20201636850833893;0.02730584889650345
0.1992398500442505;0.027188971638679504
0.1996900737285614;0.027297809720039368
0.20094284415245056;0.028338372707366943
0.19885745644569397;0.02636893093585968
0.2013702690601349;0.02716211974620819
0.1971994936466217;0.026683606207370758
0.20199179649353027;0.02794191986322403
0.1989717036485672;0.02670423686504364
0.20243299007415771;0.02917209267616272
0.20205813646316528;0.027545087039470673
0.19956162571907043;0.026811279356479645
0.19992506504058838;0.02849668264389038
0.2003553807735443;0.026701003313064575
0.20094537734985352;0.02636728435754776
0.20106220245361328;0.02692250907421112
0.20226933062076569;0.028241030871868134
0.20503689348697662;0.028855271637439728
0.20208105444908142;0.028007619082927704
0.19920872151851654;0.02745237946510315
0.19964809715747833;0.027549251914024353
0.20518167316913605;0.027676433324813843
0.19876748323440552;0.028826415538787842
0.1995960772037506;0.026477009057998657
0.19893357157707214;0.02698483318090439
0.2036561667919159;0.03013872355222702
0.19897380471229553;0.02914734184741974
0.20055222511291504;0.026546165347099304
0.1988704651594162;0.027638539671897888
0.20221392810344696;0.028490573167800903
0.20248648524284363;0.028293780982494354
0.19840237498283386;0.026483863592147827
0.2037053406238556;0.027708806097507477
0.19810500741004944;0.027627363801002502
0.2012123167514801;0.027329467236995697
0.20273055136203766;0.027257226407527924
0.20681537687778473;0.02804628014564514
0.19916298985481262;0.027046293020248413
0.1970357596874237;0.026506751775741577
0.19803956151008606;0.0268070250749588
0.20393772423267365;0.028965197503566742
0.20217829942703247;0.027580291032791138
0.20290212333202362;0.0274953693151474
0.20106607675552368;0.026877641677856445
0.20150235295295715;0.027693897485733032
0.19906409084796906;0.0273023322224617
0.19862669706344604;0.026696033775806427
0.20042361319065094;0.028368502855300903
0.19883327186107635;0.02672708034515381
0.20160503685474396;0.02654804289340973
0.2092706263065338;0.028700843453407288
0.19913935661315918;0.028823241591453552
0.20361992716789246;0.02733723819255829
0.20299991965293884;0.027965813875198364
0.20199982821941376;0.027430832386016846
0.20611464977264404;0.028208769857883453
0.20080839097499847;0.028530865907669067
0.20129835605621338;0.027332372963428497
0.20700019598007202;0.027969270944595337
0.19847345352172852;0.027379408478736877
0.20602673292160034;0.028520971536636353
0.19964654743671417;0.027416393160820007
0.2063039243221283;0.029644399881362915
0.19952675700187683;0.027151986956596375
0.19999754428863525;0.027677059173583984
0.2018037587404251;0.028011292219161987
0.20113758742809296;0.028881996870040894
0.20176173746585846;0.02865411341190338
0.20163953304290771;0.027006834745407104
0.19941431283950806;0.0264776349067688
0.19974008202552795;0.02693277597427368
0.20367172360420227;0.028348803520202637
0.19829203188419342;0.026135779917240143
0.1984754204750061;0.026696957647800446
0.20008863508701324;0.02699236571788788
0.20617778599262238;0.029847770929336548
0.20553386211395264;0.02816043794155121
0.19977056980133057;0.02701524645090103
0.19765467941761017;0.027034230530261993
0.2010306715965271;0.02770581841468811
0.20130205154418945;0.0276687890291214
0.2030954658985138;0.027401916682720184
0.20133598148822784;0.02764817327260971
0.19783549010753632;0.02698700875043869
0.20243385434150696;0.028018951416015625
0.19922879338264465;0.027081064879894257
0.2026285082101822;0.02790556102991104
0.20040136575698853;0.027208983898162842
0.1999373584985733;0.02755986899137497
0.20013540983200073;0.02681608498096466
0.20507630705833435;0.028530195355415344
0.20181293785572052;0.027007468044757843
0.20244216918945312;0.02799372375011444
0.20264050364494324;0.028866656124591827
0.19699500501155853;0.026132307946681976
0.20488426089286804;0.027533933520317078
0.20154064893722534;0.02757357805967331
0.1990475356578827;0.02776455134153366
0.20148655772209167;0.027343809604644775
0.20600396394729614;0.029704980552196503
0.2051759660243988;0.02802688628435135
0.20525257289409637;0.029260680079460144
0.20195668935775757;0.028980575501918793
0.20063060522079468;0.02778911590576172
0.2039012312889099;0.027835845947265625
0.20153051614761353;0.027738936245441437
0.2059386968612671;0.02790110558271408
0.2017507255077362;0.027536697685718536
0.20266109704971313;0.02722262591123581
0.20511755347251892;0.029095269739627838
0.2017553150653839;0.02821963280439377
0.20083756744861603;0.02676457166671753
0.20072144269943237;0.027802802622318268
0.20399227738380432;0.028839416801929474
0.20392726361751556;0.028103545308113098
0.2007996141910553;0.02675721049308777
0.2055811882019043;0.02947910875082016
0.199721097946167;0.027242176234722137
0.20075350999832153;0.026755064725875854
0.20041340589523315;0.02779734879732132
0.19637659192085266;0.02644088864326477
0.1981334686279297;0.027490675449371338
0.20000877976417542;0.02667190134525299
0.19605207443237305;0.026607051491737366
0.2013932466506958;0.02698429673910141
0.19791845977306366;0.02680017054080963
0.19999444484710693;0.028367280960083008
0.19570033252239227;0.02561226487159729
0.20239344239234924;0.028514184057712555
0.20189616084098816;0.029167965054512024
0.19952881336212158;0.0301973894238472
0.20002910494804382;0.028710417449474335
0.20220693945884705;0.028032898902893066
0.19729265570640564;0.026492789387702942
0.2031850516796112;0.02755499631166458
0.20043739676475525;0.029063448309898376
0.1994589865207672;0.027699343860149384
0.19872674345970154;0.02684268355369568
0.20071572065353394;0.027538836002349854
0.20017941296100616;0.026614055037498474
0.20128166675567627;0.02798064798116684
0.2020062804222107;0.02849428355693817
0.20605605840682983;0.028732508420944214
0.1983793079853058;0.027673892676830292
0.20308463275432587;0.02783600240945816
0.19694383442401886;0.026443228125572205
0.2000548243522644;0.026805199682712555
0.20631295442581177;0.027919158339500427
0.19961971044540405;0.026516035199165344
0.20524926483631134;0.028582073748111725
0.19953495264053345;0.027895256876945496
0.20209121704101562;0.028674215078353882
0.20848067104816437;0.03093918412923813
0.2019537091255188;0.026631511747837067
0.20124927163124084;0.028171338140964508
0.20084379613399506;0.028352484107017517
0.20503747463226318;0.028317466378211975
0.20060837268829346;0.02835213392972946
0.199870303273201;0.02709275484085083
0.2033652663230896;0.028394833207130432
0.20465698838233948;0.027803711593151093
0.20027843117713928;0.02775513380765915
0.2033579796552658;0.027068614959716797
0.2003822922706604;0.02662566304206848
0.20230385661125183;0.026754997670650482
0.19990509748458862;0.026296980679035187
0.19873380661010742;0.026944205164909363
0.20691081881523132;0.027011968195438385
0.2030579149723053;0.027733832597732544
0.19727779924869537;0.026412881910800934
0.2017560452222824;0.027130454778671265
0.20146507024765015;0.026845484972000122
0.2015029489994049;0.0280146524310112
0.1974245011806488;0.02598656713962555
0.20433059334754944;0.0276438370347023
0.20024675130844116;0.0273914635181427
0.19619004428386688;0.02733844518661499
0.1993221640586853;0.027023717761039734
0.19932246208190918;0.028084829449653625
0.20455604791641235;0.028042279183864594
0.19896531105041504;0.025965474545955658
0.19653448462486267;0.02687564492225647
0.20294758677482605;0.029150769114494324
0.2005528062582016;0.026988089084625244
0.20062977075576782;0.028306663036346436
0.2024686336517334;0.02820645272731781
0.20485195517539978;0.028480365872383118
0.19946566224098206;0.027363620698451996
0.19913306832313538;0.02754221111536026
0.19583994150161743;0.025866910815238953
0.20134463906288147;0.02685636281967163
0.20463547110557556;0.028799109160900116
0.20697003602981567;0.02989748865365982
0.20112337172031403;0.02804199606180191
0.20017299056053162;0.02762623131275177
0.20041103661060333;0.026860229671001434
0.20054610073566437;0.027435123920440674
0.20046550035476685;0.028170570731163025
0.20113840699195862;0.02711951732635498
0.2036694437265396;0.028095625340938568
0.1985900104045868;0.027217455208301544
0.19787999987602234;0.02729111909866333
0.1990479677915573;0.026849806308746338
0.205857515335083;0.02842089533805847
0.20386147499084473;0.027466371655464172
0.2026427686214447;0.02774229645729065
0.20330946147441864;0.028411634266376495
0.20040971040725708;0.026604346930980682
0.1992422491312027;0.027422204613685608
0.19507992267608643;0.026050500571727753
0.19854575395584106;0.0268639475107193
0.20216861367225647;0.02709917724132538
0.20112252235412598;0.02660319209098816
0.20955750346183777;0.028170078992843628
0.20071199536323547;0.026263967156410217
0.19729626178741455;0.026477627456188202
0.2024610936641693;0.027823835611343384
0.2004452645778656;0.028272628784179688
0.2066042423248291;0.027817144989967346
0.19585193693637848;0.026225551962852478
0.19969457387924194;0.026156790554523468
0.19924841821193695;0.02682548761367798
0.19549795985221863;0.025855280458927155
0.19928939640522003;0.026477038860321045
0.20322902500629425;0.02834412455558777
0.1941380798816681;0.02597878873348236
0.20075255632400513;0.026582859456539154
0.2013917863368988;0.028229951858520508
0.19655172526836395;0.025598160922527313
0.2011498361825943;0.028130829334259033
0.19898447394371033;0.027355551719665527
0.20039603114128113;0.02728310227394104
0.1985463798046112;0.026473455131053925
0.1998448669910431;0.026858806610107422
0.19885462522506714;0.025883756577968597
0.20023807883262634;0.027965880930423737
0.20086412131786346;0.028650909662246704
0.19571055471897125;0.025412261486053467
0.19982795417308807;0.026893310248851776
0.19790486991405487;0.026859410107135773
0.19816914200782776;0.027264878153800964
0.20315265655517578;0.027843818068504333
0.19963204860687256;0.026005588471889496
0.19956010580062866;0.028402462601661682
0.20173773169517517;0.029148317873477936
0.20370548963546753;0.028203599154949188
0.20255568623542786;0.02849845588207245
0.19823376834392548;0.026358477771282196
0.20372362434864044;0.027476459741592407
0.19998511672019958;0.029221773147583008
0.19904372096061707;0.028061889111995697
0.1971578449010849;0.02612079679965973
0.20468544960021973;0.027308590710163116
0.20202043652534485;0.02831421047449112
0.19961532950401306;0.027256280183792114
0.20345038175582886;0.027096912264823914
0.19946832954883575;0.026741094887256622
0.19655562937259674;0.02571605145931244
0.19991391897201538;0.027904391288757324
0.20159071683883667;0.028006017208099365
0.20278900861740112;0.028283581137657166
0.2067336142063141;0.029130704700946808
0.20073506236076355;0.0276312455534935
0.19931438565254211;0.026589252054691315
0.2041182816028595;0.027666836977005005
0.19657999277114868;0.02623300999403
0.1961590200662613;0.02658616006374359
0.20476296544075012;0.029021598398685455
0.20443445444107056;0.028681278228759766
0.200656920671463;0.026974380016326904
0.2062200903892517;0.02863331139087677
0.20119115710258484;0.027488797903060913
0.2000528872013092;0.02733859419822693
0.20136797428131104;0.02787323296070099
0.1982058584690094;0.026648148894309998
0.1962697058916092;0.026576049625873566
0.2014118731021881;0.02579566091299057
0.20251071453094482;0.02727828174829483
0.2003304660320282;0.02697165310382843
0.19891294836997986;0.02772361785173416
0.19976767897605896;0.02708013355731964
0.20105183124542236;0.02738381177186966
0.20303207635879517;0.02816116064786911
0.19903230667114258;0.02748998999595642
0.19931845366954803;0.02707076072692871
0.2050386667251587;0.02766401320695877
0.2008974403142929;0.02785933017730713
0.20011857151985168;0.028249084949493408
0.20231811702251434;0.027464911341667175
0.19985845685005188;0.028089292347431183
0.20754185318946838;0.02834368497133255
0.1976604461669922;0.02667461335659027
0.19981186091899872;0.02686309814453125
0.2008468210697174;0.027712978422641754
0.19860529899597168;0.027117840945720673
0.1984667032957077;0.02698618173599243
0.19775113463401794;0.026016950607299805
0.20563377439975739;0.027465537190437317
0.19920100271701813;0.0267147496342659
0.20036548376083374;0.02671223133802414
0.19515597820281982;0.026265397667884827
0.20073364675045013;0.027690313756465912
0.19908760488033295;0.027266725897789
0.20349721610546112;0.028190433979034424
0.20243115723133087;0.026952311396598816
0.1991148591041565;0.026508867740631104
0.2009645253419876;0.027377337217330933
0.20029982924461365;0.027311675250530243
0.2061040997505188;0.029239609837532043
0.19714239239692688;0.02669701725244522
0.20000892877578735;0.026968657970428467
0.202112078666687;0.026435486972332
0.1952512264251709;0.027772486209869385
0.2014675736427307;0.028724879026412964
0.19765295088291168;0.025850430130958557
0.2055041790008545;0.028462357819080353
0.19955529272556305;0.0273495614528656
0.1969272643327713;0.026741042733192444
0.19563919305801392;0.026273034512996674
0.19546152651309967;0.025417432188987732
0.20230838656425476;0.027016691863536835
0.20150747895240784;0.02785317599773407
0.19959719479084015;0.026572540402412415
0.20124280452728271;0.02727086842060089
0.20490019023418427;0.028308197855949402
0.19793608784675598;0.026658304035663605
0.19948810338974;0.0273640975356102
0.20272743701934814;0.02680794894695282
0.2012123167514801;0.027338966727256775
0.1982046514749527;0.02695690095424652
0.20011669397354126;0.02746552973985672
0.19909125566482544;0.0280575230717659
0.19984611868858337;0.02801012247800827
0.20052458345890045;0.02845655381679535
0.200423002243042;0.027507200837135315
0.1985975205898285;0.026091329753398895
0.20188447833061218;0.02755458652973175
0.19997264444828033;0.027743451297283173
0.2014036327600479;0.02705329656600952
0.20287708938121796;0.028593584895133972
0.19957271218299866;0.027539215981960297
0.19891875982284546;0.027101919054985046
0.19944147765636444;0.02676517516374588
0.20344290137290955;0.028390251100063324
0.20047512650489807;0.027602657675743103
0.20026686787605286;0.027356870472431183
0.20051711797714233;0.02820083498954773
0.19906355440616608;0.029302939772605896
0.20372940599918365;0.027598410844802856
0.20008084177970886;0.026830047369003296
0.20027005672454834;0.027431420981884003
0.20729392766952515;0.028338536620140076
0.19951114058494568;0.026824437081813812
0.2038438618183136;0.028126060962677002
0.203587144613266;0.028343811631202698
0.2043769359588623;0.028483353555202484
0.20103640854358673;0.02815135568380356
0.19704130291938782;0.02796684205532074
0.1970493346452713;0.027376852929592133
0.2010113000869751;0.027553565800189972
0.19887138903141022;0.02624267339706421
0.19892551004886627;0.026914693415164948
0.2018766701221466;0.02747906744480133
0.19994446635246277;0.02610693871974945
0.19862568378448486;0.026559978723526
0.20368394255638123;0.02830958366394043
0.20016226172447205;0.027413450181484222
0.19935396313667297;0.026358313858509064
0.20069734752178192;0.027681678533554077
0.19916266202926636;0.02725464105606079
0.19910384714603424;0.026517219841480255
0.20094004273414612;0.02813391387462616
0.19908910989761353;0.026366233825683594
0.2024313360452652;0.028142638504505157
0.2009100764989853;0.02933141589164734
0.19991940259933472;0.02721165120601654
0.19840683043003082;0.026684589684009552
0.19790193438529968;0.02825799584388733
0.19890691339969635;0.027728267014026642
0.2032613605260849;0.02895624190568924
0.19988015294075012;0.026461832225322723
0.2049715518951416;0.028841406106948853
0.19832338392734528;0.027983881533145905
0.2043001502752304;0.027592375874519348
0.20048993825912476;0.0266423299908638
0.19901175796985626;0.027532964944839478
0.20164555311203003;0.02788204699754715
0.2018512785434723;0.02786165475845337
0.2010641098022461;0.026475489139556885
0.20714932680130005;0.029941096901893616
0.20049987733364105;0.02700962871313095
0.2057262808084488;0.03169935941696167
0.2022840529680252;0.027339406311511993
0.1994321346282959;0.026630684733390808
