TV;KL
1.2544593811035156;4.386488437652588
0.33675849437713623;0.24322079122066498
0.25218698382377625;0.11032821238040924
0.19893059134483337;0.06130516156554222
0.16460773348808289;0.043483294546604156
0.15518374741077423;0.03307001292705536
0.1428585946559906;0.026349633932113647
0.11424073576927185;0.015672028064727783
0.11377488076686859;0.01739882305264473
0.10702068358659744;0.014647003263235092
0.10852034389972687;0.01421438530087471
0.10726284235715866;0.014747205190360546
0.09416510909795761;0.009229866787791252
0.09562885016202927;0.012096287682652473
0.09180641919374466;0.01009366661310196
0.0870116651058197;0.010377696715295315
0.1029411032795906;0.012159604579210281
0.08215110749006271;0.00949800293892622
0.08050554990768433;0.007971363142132759
0.08665423095226288;0.010399844497442245
0.08246606588363647;0.008372465148568153
0.08586743474006653;0.008475305512547493
0.07563917338848114;0.007364341523498297
0.09263233840465546;0.011059742420911789
0.08431201428174973;0.009682970121502876
0.08646543323993683;0.008998076431453228
0.07755616307258606;0.007499213330447674
0.08216381072998047;0.007528840564191341
0.06227434426546097;0.006649752613157034
0.07908523827791214;0.009309321641921997
0.08646833896636963;0.009031388908624649
0.0870237946510315;0.00867637898772955
0.09091901779174805;0.009176594205200672
0.07750497758388519;0.0075195482932031155
0.08243615925312042;0.008617405779659748
0.07409734278917313;0.007497750222682953
0.0923481285572052;0.00924644060432911
0.07572374492883682;0.00791593175381422
0.07633145898580551;0.007624535821378231
0.0888984352350235;0.009218268096446991
0.08435887843370438;0.008755863644182682
0.0724397823214531;0.007657102309167385
0.06987327337265015;0.007366917096078396
0.08181954175233841;0.008654159493744373
0.08049746602773666;0.007935643196105957
0.07833286374807358;0.0075874910689890385
0.07659471035003662;0.007443881593644619
0.07561894506216049;0.008836373686790466
0.07392371445894241;0.007427805103361607
0.07977991551160812;0.008267665281891823
0.0844123363494873;0.008347742259502411
0.07664437592029572;0.008190380409359932
0.06775760650634766;0.007244576700031757
0.0755830854177475;0.008193077519536018
0.07691563665866852;0.007475309073925018
0.069725900888443;0.006453204900026321
0.08485063910484314;0.008567800745368004
0.08461269736289978;0.009288441389799118
0.0635996162891388;0.006379812024533749
0.07737888395786285;0.007270564790815115
0.07568811625242233;0.008105555549263954
0.08054026961326599;0.008837881498038769
0.0776078850030899;0.0074226148426532745
0.0850338488817215;0.00935734435915947
0.08256064355373383;0.008219332434237003
0.07521387189626694;0.009229572489857674
0.08786068856716156;0.009163983166217804
0.07858842611312866;0.008111135102808475
0.07400649785995483;0.008273929357528687
0.07360351085662842;0.007461084518581629
0.0720125287771225;0.007595393806695938
0.07324299216270447;0.008192590437829494
0.06889984756708145;0.007093159947544336
0.07724431902170181;0.009709998965263367
0.0832519680261612;0.007485596928745508
0.08640175312757492;0.008793612942099571
0.07370675355195999;0.007062343880534172
0.07539485394954681;0.007334934081882238
0.06727820634841919;0.007012137211859226
0.08146919310092926;0.008962711319327354
0.07137744128704071;0.007146503776311874
0.08162079751491547;0.008509154431521893
0.08245702087879181;0.008196407929062843
0.09184464812278748;0.009570810943841934
0.07412111759185791;0.00758402980864048
0.07992016524076462;0.00858808308839798
0.07645198702812195;0.008051722310483456
0.07158394902944565;0.008046138100326061
0.07976865023374557;0.007897031493484974
0.08375971019268036;0.008846411481499672
0.07956807315349579;0.008198206312954426
0.07476308941841125;0.007132406812161207
0.07654774188995361;0.007481168024241924
0.0730798989534378;0.007615519687533379
0.07910744845867157;0.008305195719003677
0.07209576666355133;0.007846440188586712
0.07316085696220398;0.00848663691431284
0.07100778818130493;0.0068071577697992325
0.08705589920282364;0.008973132818937302
0.06839069724082947;0.007161510176956654
0.08130297809839249;0.007234158925712109
0.08263128250837326;0.008515357971191406
0.08833123743534088;0.009719079360365868
0.08507715165615082;0.00886082649230957
0.06918258965015411;0.007212664000689983
0.08209672570228577;0.008390097878873348
0.09145468473434448;0.009259160608053207
0.08055206388235092;0.008748439140617847
0.07609139382839203;0.006987772881984711
0.07396523654460907;0.007401118054986
0.0762007087469101;0.008076033554971218
0.07765521109104156;0.008221179246902466
0.08720879256725311;0.009310922585427761
0.07350680232048035;0.008929343894124031
0.09022006392478943;0.00913157220929861
0.07698752731084824;0.007965263910591602
0.0807667225599289;0.00923521351069212
0.07244928181171417;0.008836852386593819
0.0822436660528183;0.008723839186131954
0.08360566943883896;0.007999498397111893
0.07571244239807129;0.007966112345457077
0.08239033818244934;0.0077514247968792915
0.08400701731443405;0.008247101679444313
0.07524897903203964;0.007460234686732292
0.07661880552768707;0.007325780112296343
0.06993336975574493;0.0069297906011343
0.07130999118089676;0.008714636787772179
0.08305177837610245;0.008284482173621655
0.08932304382324219;0.00951894000172615
0.08894722163677216;0.009754695929586887
0.08164062350988388;0.008481746539473534
0.07376967370510101;0.007170865312218666
0.07342405617237091;0.008196881040930748
0.07188396155834198;0.007345843594521284
0.0818663015961647;0.009586086496710777
0.08188807964324951;0.008581824600696564
0.07979989051818848;0.008082596585154533
0.0643339455127716;0.006140405777841806
0.09083303809165955;0.009977075271308422
0.07670589536428452;0.00901128351688385
0.071181520819664;0.00733448751270771
0.07978730648756027;0.007668224163353443
0.0747259110212326;0.007840761914849281
0.069559246301651;0.007958156988024712
0.07624711096286774;0.007965306751430035
0.08029423654079437;0.009082875214517117
0.07127424329519272;0.007191631011664867
0.0744897648692131;0.00788358598947525
0.08475372195243835;0.009220162406563759
0.07544592767953873;0.006913741119205952
0.08803686499595642;0.009731702506542206
0.08247768133878708;0.009816465899348259
0.08274922519922256;0.008203576318919659
0.0797429084777832;0.009033577516674995
0.08437485992908478;0.00852268934249878
0.07566337287425995;0.008459915407001972
0.07721906900405884;0.0072120181284844875
0.07896940410137177;0.009370462968945503
0.08081769943237305;0.008437015116214752
0.07482047379016876;0.008392540737986565
0.07378078997135162;0.009448593482375145
0.07970881462097168;0.007288337219506502
0.07968200743198395;0.008695254102349281
0.07091045379638672;0.009044644422829151
0.07741338759660721;0.0076211015693843365
0.07655639946460724;0.007611148990690708
0.07256990671157837;0.00744047574698925
0.08627945184707642;0.008874643594026566
0.07659927755594254;0.00773713318631053
0.07162736356258392;0.007775786332786083
0.0770869255065918;0.007516121491789818
0.07462121546268463;0.0074189407750964165
0.08122949302196503;0.008834943175315857
0.08475002646446228;0.008488373830914497
0.08144489675760269;0.009409405291080475
0.07551398128271103;0.008214727975428104
0.0720832496881485;0.006578544620424509
0.07799796760082245;0.008159191347658634
0.07289491593837738;0.0071855578571558
0.08181694895029068;0.007662709802389145
0.08744685351848602;0.009091195650398731
0.07471832633018494;0.008629444986581802
0.07586562633514404;0.008412925526499748
0.06769631803035736;0.007506177294999361
0.09311024844646454;0.009448135271668434
0.07304322719573975;0.007884730584919453
0.0692964419722557;0.00706470338627696
0.08745211362838745;0.00930698961019516
0.08440736681222916;0.008187294006347656
0.08629696071147919;0.008781300857663155
0.07192203402519226;0.008217784576117992
0.07884351909160614;0.007641374599188566
0.08120514452457428;0.007245357148349285
0.08185531198978424;0.008728096261620522
0.0757523700594902;0.007092202547937632
0.08362333476543427;0.0087962057441473
0.08441413938999176;0.007462683599442244
0.08554889261722565;0.009148205630481243
0.0817495584487915;0.009139807894825935
0.08041674643754959;0.007764716632664204
0.07774209976196289;0.007785316556692123
0.08904598653316498;0.009050354361534119
0.0772954523563385;0.00865741167217493
0.06120651215314865;0.006525985896587372
0.07071122527122498;0.007476222701370716
0.07462615519762039;0.007680775597691536
0.08536889404058456;0.00861404463648796
0.09247734397649765;0.010729089379310608
0.0765065848827362;0.009247185662388802
0.0764523521065712;0.008482202887535095
0.08326664566993713;0.008059426210820675
0.07476811110973358;0.008640952408313751
0.07874474674463272;0.008317040279507637
0.0787995457649231;0.00953724980354309
0.08858088403940201;0.008558809757232666
0.07418689131736755;0.007007068954408169
0.07646647095680237;0.00822445284575224
0.07659848034381866;0.007649741601198912
0.08851080387830734;0.0084746815264225
0.07286259531974792;0.007764245383441448
0.07841278612613678;0.007486395072191954
0.09744741022586823;0.01216605119407177
0.07167132943868637;0.007696382701396942
0.07015375792980194;0.007419796660542488
0.0798056423664093;0.008984195068478584
0.06697264313697815;0.006853973492980003
0.08815817534923553;0.009382937103509903
0.07575885951519012;0.008138218894600868
0.0776166319847107;0.00854058749973774
0.07734458148479462;0.007523594424128532
0.07091279327869415;0.007173153106123209
0.06865489482879639;0.006666284520179033
0.07414816319942474;0.007001426070928574
0.07782324403524399;0.007182862609624863
0.08600255846977234;0.008896822109818459
0.0750502347946167;0.007914571091532707
0.07093476504087448;0.007401943206787109
0.0741589292883873;0.007887784391641617
0.08192605525255203;0.008758757263422012
0.08254102617502213;0.00862402468919754
0.08108306676149368;0.00786690041422844
0.07257823646068573;0.007706175558269024
0.08014747500419617;0.007952874526381493
0.07513488829135895;0.006935650482773781
0.08576895296573639;0.008161745965480804
0.07478059083223343;0.007444199174642563
0.08854295313358307;0.008840820752084255
0.07385928183794022;0.0078001986257731915
0.06318734586238861;0.006940154358744621
0.08066020905971527;0.008400661870837212
0.07773135602474213;0.008071291260421276
0.07174335420131683;0.008154005743563175
0.08739790320396423;0.009587918408215046
0.07093458622694016;0.0076138596050441265
0.0791003629565239;0.00792265310883522
0.08609377592802048;0.009113911539316177
0.07803764194250107;0.008193327113986015
0.09079352021217346;0.009984062053263187
0.0897139310836792;0.01019768975675106
0.07146754115819931;0.007579813711345196
0.07204819470643997;0.008173342794179916
0.07984903454780579;0.009404314681887627
0.08132905513048172;0.008923763409256935
0.0772082582116127;0.00716761127114296
0.0901903286576271;0.008521974086761475
0.07886796444654465;0.008526801131665707
0.09893754124641418;0.010473309084773064
0.06887862086296082;0.006652455776929855
0.0724690780043602;0.007622215896844864
0.07742041349411011;0.007487853989005089
0.07633963227272034;0.008132515475153923
0.07983234524726868;0.007563003804534674
0.08001567423343658;0.008770763874053955
0.0806451290845871;0.00759847229346633
0.08445324748754501;0.008554885163903236
0.07466240227222443;0.008213521912693977
0.06857413053512573;0.00697724986821413
0.08146459609270096;0.00790016632527113
0.08999906480312347;0.008368602022528648
0.08712781965732574;0.009173542261123657
0.08509384095668793;0.008347619324922562
0.07578499615192413;0.00875141378492117
0.0796346664428711;0.008880116045475006
0.0815279483795166;0.008655548095703125
0.07637892663478851;0.00829487293958664
0.07891025394201279;0.007244455628097057
0.0832495391368866;0.0090025644749403
0.08382639288902283;0.009495621547102928
0.08244572579860687;0.009030323475599289
0.07266989350318909;0.007510585710406303
0.07574880123138428;0.007967762649059296
0.08705189824104309;0.009668856859207153
0.0797383189201355;0.0066733346320688725
0.07628661394119263;0.0076629784889519215
0.07652099430561066;0.008869423530995846
0.07510273158550262;0.008222834207117558
0.08719716966152191;0.009870542213320732
0.0693201944231987;0.007157103158533573
0.06820929050445557;0.0070469556376338005
0.09329952299594879;0.010342887602746487
0.08111339807510376;0.009177620522677898
0.07041862607002258;0.007362767588347197
0.08440007269382477;0.008436678908765316
0.07618795335292816;0.007810586132109165
0.08167409151792526;0.008431054651737213
0.07465020567178726;0.007877062074840069
0.07237908989191055;0.00735985953360796
0.07185543328523636;0.007031512446701527
0.07764428853988647;0.007327639497816563
0.08171136677265167;0.009461889043450356
0.08255411684513092;0.009527109563350677
0.08103281259536743;0.007517335936427116
0.07869601249694824;0.008299794979393482
0.08324484527111053;0.007860708981752396
0.06441659480333328;0.006586047820746899
0.07573459297418594;0.006970023736357689
0.07995762676000595;0.008187403902411461
0.08054150640964508;0.008233431726694107
0.07401127368211746;0.008053084835410118
0.06640385836362839;0.006231018807739019
0.07608473300933838;0.007102341391146183
0.07829403877258301;0.007324108853936195
0.07463821768760681;0.008653488010168076
0.0725046843290329;0.0073043545708060265
0.0746326819062233;0.007434207480400801
0.08420698344707489;0.009089701808989048
0.07179092615842819;0.007164898794144392
0.07537676393985748;0.007102049887180328
0.07091079652309418;0.007219382561743259
0.07242865115404129;0.007574702613055706
0.07759064435958862;0.008369678631424904
0.08426588028669357;0.010029432363808155
0.08953744173049927;0.010545836761593819
0.0791473388671875;0.009134067222476006
0.07908410578966141;0.007834943011403084
0.08158194273710251;0.008944546803832054
0.07839038968086243;0.009270859882235527
0.0859374850988388;0.00847389455884695
0.08019769936800003;0.008687285706400871
0.07115205377340317;0.007290386129170656
0.07759508490562439;0.008194477297365665
0.070581816136837;0.0071045286022126675
0.07759107649326324;0.008586389943957329
0.08066820353269577;0.00841875933110714
0.07499756664037704;0.008113277144730091
0.07677942514419556;0.007090778090059757
0.0767056941986084;0.008303127251565456
0.08295854926109314;0.009571648202836514
0.07313071191310883;0.008981967344880104
0.07681003957986832;0.007748086005449295
0.07825545966625214;0.007162514608353376
0.08088762313127518;0.008441243320703506
0.06975798308849335;0.0066437264904379845
0.07704992592334747;0.008121706545352936
0.09247104078531265;0.00970900896936655
0.08074673265218735;0.008377820253372192
0.07777846604585648;0.007231537252664566
0.08550368994474411;0.008694467134773731
0.07134873420000076;0.007824800908565521
0.08019239455461502;0.008557838387787342
0.08185237646102905;0.008570155128836632
0.07788468152284622;0.007536335848271847
0.07738302648067474;0.009118719026446342
0.08310531079769135;0.008299758657813072
0.0734785720705986;0.007152688689529896
0.07982242107391357;0.008633716031908989
0.08183732628822327;0.008615409955382347
0.09271567314863205;0.009037861600518227
0.07847006618976593;0.008467884734272957
0.08092521131038666;0.008327309042215347
0.0796794593334198;0.0068280817940831184
0.07359692454338074;0.008681442588567734
0.08241448551416397;0.008816027082502842
0.07557456195354462;0.007924910634756088
0.0884433388710022;0.009315289556980133
0.07012856751680374;0.00729021430015564
0.07574845850467682;0.00841054692864418
0.07043293863534927;0.005853048525750637
0.07168688625097275;0.007567486725747585
0.07495696097612381;0.009093338623642921
0.07227668166160583;0.007360935211181641
0.0720888078212738;0.0067551047541201115
0.07726357877254486;0.009161869995296001
0.07472796738147736;0.007879691198468208
0.08533938229084015;0.007711584679782391
0.08207143843173981;0.00819418579339981
0.07557929307222366;0.008403012529015541
0.08510226011276245;0.008826659061014652
0.0716530904173851;0.008219555951654911
0.0697379857301712;0.008061977103352547
0.06792864203453064;0.007219992578029633
0.08249060064554214;0.008277571760118008
0.07812266051769257;0.008504686877131462
0.07651194930076599;0.008141149766743183
0.08150017261505127;0.009034501388669014
0.08390413224697113;0.008663450367748737
0.08165519684553146;0.007357747294008732
0.07615843415260315;0.007718902546912432
0.07391645759344101;0.008003681898117065
0.08103109151124954;0.008224111050367355
0.08370377868413925;0.008579568937420845
0.08019057661294937;0.008156757801771164
0.07637716829776764;0.008250031620264053
0.08109891414642334;0.009086035192012787
0.08040618896484375;0.008022148162126541
0.07715550065040588;0.00813513807952404
0.07409987598657608;0.007558126002550125
0.07487364113330841;0.008964601904153824
0.06911681592464447;0.007393538486212492
0.09201869368553162;0.009008409455418587
0.07001616805791855;0.007792295888066292
0.07279267907142639;0.007536811288446188
0.0880439504981041;0.009878154844045639
0.08027094602584839;0.0077868434600532055
0.07803899049758911;0.0077776298858225346
0.08032288402318954;0.00904715247452259
0.09036240726709366;0.009411284700036049
0.07726052403450012;0.008161253295838833
0.08003532886505127;0.009440058842301369
0.07539526373147964;0.008242351934313774
0.08495993167161942;0.008333299309015274
0.07514640688896179;0.007904993370175362
0.07565710693597794;0.007429450750350952
0.06931345164775848;0.007321310229599476
0.07616417109966278;0.008474115282297134
0.08203009516000748;0.008741945028305054
0.09073880314826965;0.008692879229784012
0.08416755497455597;0.008832469582557678
0.07142646610736847;0.008014298975467682
0.07498690485954285;0.00799655169248581
0.08707281947135925;0.009953565895557404
0.08537670969963074;0.008020654320716858
0.08868809044361115;0.010714317671954632
0.08019880950450897;0.007359110750257969
0.0781208723783493;0.008670524694025517
0.07231137156486511;0.008314833045005798
0.07907925546169281;0.007151693571358919
0.079459048807621;0.008066922426223755
0.06561465561389923;0.006711937952786684
0.07825274765491486;0.008814733475446701
0.09007145464420319;0.00913908239454031
0.07174389064311981;0.007686668541282415
0.07881912589073181;0.008153006434440613
0.07318215817213058;0.007475751452147961
0.0910247191786766;0.009624909609556198
0.07189898192882538;0.006830527912825346
0.07740142196416855;0.008388793095946312
0.08406724035739899;0.00930781103670597
0.08477969467639923;0.008864767849445343
0.07070213556289673;0.007175351493060589
0.0752502977848053;0.007319359108805656
0.08207149803638458;0.008791260421276093
0.08179735392332077;0.00829068012535572
0.08032284677028656;0.01085594855248928
0.08125564455986023;0.008731336332857609
0.08137883245944977;0.009224324487149715
0.08482026308774948;0.008187573403120041
0.07668576389551163;0.007864581421017647
0.07140415906906128;0.00820831023156643
0.079604372382164;0.009316917508840561
0.06782498210668564;0.007816039025783539
0.08444256335496902;0.00796496868133545
0.07204568386077881;0.0073112137615680695
0.07756979018449783;0.007128738332539797
0.07706518471240997;0.008468404412269592
0.084583580493927;0.009267386980354786
0.07859130203723907;0.008346975781023502
0.07662932574748993;0.007564910687506199
0.06505391001701355;0.005885279271751642
0.0786890909075737;0.008682424202561378
0.08153828978538513;0.008410469628870487
0.07965628802776337;0.007797914557158947
0.0722699910402298;0.0074057746678590775
0.07156692445278168;0.007403050549328327
0.08629733324050903;0.009564756415784359
0.07389356195926666;0.007505068555474281
0.07377523183822632;0.007775144185870886
0.07217030227184296;0.007504758425056934
0.07634305208921432;0.007892688736319542
0.07996463775634766;0.008610475808382034
0.07439175248146057;0.008884327486157417
0.07781707495450974;0.008820625022053719
0.08072113990783691;0.009129256941378117
0.07085568457841873;0.00760688167065382
0.07311499863862991;0.006601762026548386
0.08059830963611603;0.00879506953060627
0.08718207478523254;0.008324510417878628
0.07527539879083633;0.0077840485610067844
0.07985567301511765;0.008638724684715271
0.07600388675928116;0.00781933031976223
0.09028659760951996;0.008884726092219353
0.0716031938791275;0.007480466738343239
0.07342007756233215;0.006895504891872406
0.09360495954751968;0.0105166956782341
0.06884045898914337;0.007032257504761219
0.07265530526638031;0.007404378615319729
0.07378149032592773;0.007561074569821358
0.07675408571958542;0.008144821971654892
0.08065009862184525;0.008909682743251324
0.07839351892471313;0.00777001678943634
0.07951109111309052;0.009075358510017395
0.08117219805717468;0.008951290510594845
0.07097278535366058;0.0077504683285951614
0.08371762931346893;0.008973436430096626
0.08642104268074036;0.009702680632472038
0.07315569370985031;0.007646962068974972
0.07704802602529526;0.007458378095179796
0.07554857432842255;0.008076922968029976
0.07680734992027283;0.008262267336249352
0.08155703544616699;0.008183278143405914
0.07426047325134277;0.0073546115309000015
0.08536326140165329;0.009412340819835663
0.08064550161361694;0.008492790162563324
0.07053591310977936;0.007391397841274738
0.06979426741600037;0.00785487424582243
0.07468423247337341;0.008430693298578262
0.07082456350326538;0.00619191350415349
0.07813118398189545;0.008396957069635391
0.08465828001499176;0.009106388315558434
0.07729919254779816;0.006998949684202671
0.07973950356245041;0.008503620512783527
0.07272408157587051;0.007384652271866798
0.0833316445350647;0.008567767217755318
0.08502202481031418;0.008510597981512547
0.07695719599723816;0.008407903835177422
0.08232755959033966;0.009332817047834396
0.07065398246049881;0.007480854168534279
0.08091412484645844;0.009427478536963463
0.08077973127365112;0.008500657975673676
0.08258159458637238;0.008284799754619598
0.08286154270172119;0.008456215262413025
0.08441171050071716;0.00827426090836525
0.08521627634763718;0.009190673008561134
0.08401905000209808;0.008954734541475773
0.0785558670759201;0.008722692728042603
0.08762650191783905;0.009436153806746006
0.09059194475412369;0.010013445280492306
0.07878938317298889;0.0075815776363015175
0.06963855028152466;0.007159125059843063
0.08152292668819427;0.008376074954867363
0.07741761207580566;0.00851486437022686
0.07387769967317581;0.007282961625605822
0.07211755216121674;0.007832478731870651
0.08306766301393509;0.008215665817260742
0.08203958719968796;0.008353190496563911
0.084659144282341;0.009642884135246277
0.08273224532604218;0.00810680165886879
0.08210369199514389;0.00848582573235035
0.08362177014350891;0.009513411670923233
0.08184561878442764;0.007852479815483093
0.07546491920948029;0.007973231375217438
0.08176535367965698;0.009127132594585419
0.08335461467504501;0.008252443745732307
0.07258621603250504;0.008468439802527428
0.07828044146299362;0.008506718091666698
0.07846935093402863;0.008040076121687889
0.07459768652915955;0.007823281921446323
0.0760592520236969;0.006912109907716513
0.07642651349306107;0.007927820086479187
0.07498957216739655;0.007024242077022791
0.07511246204376221;0.007209306117147207
0.07743474096059799;0.008396124467253685
0.07925373315811157;0.008831897750496864
0.06868037581443787;0.007479093037545681
0.07588504254817963;0.007408396806567907
0.07781662046909332;0.00894019566476345
0.08654267340898514;0.008963013999164104
0.0854152962565422;0.008244385942816734
0.07988567650318146;0.007594025228172541
0.07331982254981995;0.0074519203044474125
0.07721342146396637;0.007102311588823795
0.07565736770629883;0.008096082136034966
0.08087725937366486;0.009654557332396507
0.08222782611846924;0.00766280572861433
0.07937133312225342;0.008268722333014011
0.08216562122106552;0.008419336751103401
0.07800756394863129;0.009041099809110165
0.08188588172197342;0.00835441891103983
0.10120169073343277;0.010824822820723057
0.07606643438339233;0.008122168481349945
0.08752164244651794;0.00901329331099987
0.08723945915699005;0.010036278516054153
0.08833742141723633;0.009207883849740028
0.07684504240751266;0.007474569603800774
0.0780290812253952;0.0077346679754555225
0.07473567128181458;0.007583065889775753
0.08287997543811798;0.008920550346374512
0.07974612712860107;0.00721438555046916
0.07526009529829025;0.009217411279678345
0.07377372682094574;0.008273681625723839
0.07840728759765625;0.0075119915418326855
0.08475149422883987;0.007717553526163101
0.0836150050163269;0.007734273094683886
0.07145984470844269;0.007116701453924179
0.07448461651802063;0.00783228687942028
0.07834148406982422;0.008747505024075508
0.0826883465051651;0.009585738182067871
0.08014749735593796;0.008144227787852287
0.08194997906684875;0.00852340366691351
0.07754494994878769;0.0076645752415061
0.09359367936849594;0.009439602494239807
0.08292920142412186;0.00967137236148119
0.0743027999997139;0.007885750383138657
0.0677165538072586;0.0076963151805102825
0.08245513588190079;0.009747068397700787
0.08318499475717545;0.008030196651816368
0.07811803370714188;0.00886578019708395
0.08774793148040771;0.00875500775873661
0.08449874073266983;0.008655117824673653
0.08681662380695343;0.009829952381551266
0.07816794514656067;0.00821337103843689
0.07756587117910385;0.007425275631248951
0.0763905718922615;0.007653934881091118
0.07436519116163254;0.0074129109270870686
0.0885569378733635;0.010004890151321888
0.07950381189584732;0.00781833566725254
0.07617108523845673;0.008056897670030594
0.06445497274398804;0.007472339551895857
0.07917492091655731;0.008842675015330315
0.07560568302869797;0.006438331678509712
0.07641787827014923;0.00829681009054184
0.08795512467622757;0.009758969768881798
0.07811060547828674;0.007364256773144007
0.08130475878715515;0.008451161906123161
0.08456237614154816;0.008711861446499825
0.07157394289970398;0.008032203651964664
0.08018957823514938;0.008078844286501408
0.08147019147872925;0.008562061935663223
0.08983532339334488;0.009148599579930305
0.07846866548061371;0.008938245475292206
0.07483959197998047;0.008118825033307076
0.0856817215681076;0.009072274900972843
0.08265148848295212;0.008254212327301502
0.0712750256061554;0.007289042696356773
0.07906152307987213;0.008790949359536171
0.08406314253807068;0.008521199226379395
0.0911949872970581;0.01086031086742878
0.07553492486476898;0.008047647774219513
0.0786360651254654;0.008496695198118687
0.07196898013353348;0.007698601111769676
0.07856497168540955;0.008389045484364033
0.07289702445268631;0.007866764441132545
0.09680559486150742;0.009873028844594955
0.07394944876432419;0.007821556180715561
0.08517777919769287;0.009469018317759037
0.07755004614591599;0.00805373303592205
0.08142693340778351;0.008509855717420578
0.0743812769651413;0.007477061357349157
0.09143883734941483;0.009519042447209358
0.08518404513597488;0.009272020310163498
0.0809561014175415;0.008126051165163517
0.08399531245231628;0.008311618119478226
0.07622188329696655;0.007440457120537758
0.09065238386392593;0.009475812315940857
0.07292015850543976;0.008897010236978531
0.07868771255016327;0.007997001521289349
0.07582740485668182;0.007344366051256657
0.07538420706987381;0.007818225771188736
0.07372184097766876;0.007486287504434586
0.07782728224992752;0.007336764596402645
0.09281869232654572;0.008900787681341171
0.0884070172905922;0.008675487712025642
0.08465985953807831;0.008829290047287941
0.07479744404554367;0.008472735062241554
0.07860784232616425;0.007519347593188286
0.08262982964515686;0.008136579766869545
0.07923126965761185;0.007734489627182484
0.0744621604681015;0.008008521050214767
0.06686296314001083;0.0070815314538776875
0.07925763726234436;0.00820515863597393
0.08322255313396454;0.008860315196216106
0.07366212457418442;0.008621888235211372
0.07826773822307587;0.00728027755394578
0.08130214363336563;0.007537157274782658
0.07995278388261795;0.0076944297179579735
0.07351574301719666;0.00843069702386856
0.07236900925636292;0.006862137466669083
0.08007507771253586;0.008437114767730236
0.07727449387311935;0.007784045301377773
0.07564067840576172;0.007854052819311619
0.08908608555793762;0.008745082654058933
0.084016352891922;0.008641819469630718
0.07127199321985245;0.007439553737640381
0.09008979797363281;0.008769928477704525
0.0766676589846611;0.008544177748262882
0.08265435695648193;0.008918105624616146
0.08350330591201782;0.00837397389113903
0.07542114704847336;0.007895447313785553
0.07334987074136734;0.008515511639416218
0.09239761531352997;0.00912500824779272
0.07227285951375961;0.008895915001630783
0.07888472080230713;0.007645517587661743
0.07783183455467224;0.008839795365929604
0.0859997496008873;0.01000027172267437
0.07761942595243454;0.008023936301469803
0.07260394096374512;0.00733448239043355
0.07878170907497406;0.006647263653576374
0.07899346947669983;0.008169982582330704
0.07756132632493973;0.008672280237078667
0.08130931109189987;0.00959431566298008
0.0781722441315651;0.008542711846530437
0.08222518861293793;0.009228046983480453
0.07272162288427353;0.008471612818539143
0.07055384665727615;0.008090628311038017
0.08944912254810333;0.008481422439217567
0.08650904893875122;0.009529110044240952
0.0814567506313324;0.00844664964824915
0.0730731338262558;0.007279123179614544
0.08437301218509674;0.008995004929602146
0.09009374678134918;0.010369754396378994
0.08066612482070923;0.008281712420284748
0.0815412625670433;0.008208133280277252
0.08108392357826233;0.009632514789700508
0.07545647025108337;0.006940152496099472
0.08340801298618317;0.009717095643281937
0.08479693531990051;0.00822633970528841
0.06664825975894928;0.007878322154283524
0.07674175500869751;0.008523685857653618
0.07155773043632507;0.007133438251912594
0.07982385903596878;0.008461511693894863
0.08663615584373474;0.009175576269626617
0.08225397765636444;0.008987544104456902
0.08086669445037842;0.008624561131000519
0.08666159212589264;0.009161052294075489
0.07414813339710236;0.009007208049297333
0.0802638903260231;0.008367587812244892
0.07440963387489319;0.007821902632713318
0.07993490993976593;0.006811440922319889
0.0777616947889328;0.007927723228931427
0.07271604239940643;0.007523464038968086
0.09313156455755234;0.009225966408848763
0.07365741580724716;0.007148463279008865
0.08939774334430695;0.008816471323370934
0.07677583396434784;0.007307841908186674
0.07173707336187363;0.007388087920844555
0.06836249679327011;0.007499344181269407
0.08218934386968613;0.009085861034691334
0.08370044827461243;0.009208843111991882
0.07448942214250565;0.008449193090200424
0.0799853652715683;0.008838118985295296
0.08542047441005707;0.008909681811928749
0.0905127078294754;0.009406575933098793
0.09436404705047607;0.009634519927203655
0.07255041599273682;0.0085754981264472
0.07750175148248672;0.007526501081883907
0.07929545640945435;0.008287033066153526
0.0732816681265831;0.0073628812097013
0.07704759389162064;0.007773007266223431
0.06979881227016449;0.0066633448004722595
0.09303970634937286;0.009567605331540108
0.07626859843730927;0.007355901878327131
0.09135956317186356;0.01086293626576662
0.0817655697464943;0.00791369192302227
0.08303035795688629;0.008043739013373852
0.08195511251688004;0.008654110133647919
0.08277573436498642;0.007595274597406387
0.07918812334537506;0.008578228764235973
0.079668790102005;0.008044864982366562
0.07559233158826828;0.0082906074821949
0.08406088501214981;0.00880736205726862
0.07710519433021545;0.00762958824634552
0.07556778192520142;0.007875952869653702
0.08072221279144287;0.008958550170063972
0.07991079986095428;0.008542917668819427
0.08759897202253342;0.008742043748497963
0.06833873689174652;0.006333221681416035
0.068990558385849;0.007055236026644707
0.07257062196731567;0.008876470848917961
0.07610432058572769;0.0077846720814704895
0.08568325638771057;0.009366758167743683
0.07510212808847427;0.006957924459129572
0.0814560130238533;0.008336878381669521
0.0731886774301529;0.007673944346606731
0.07722122222185135;0.0083180982619524
0.07686319202184677;0.007733283564448357
0.07420648634433746;0.008334392681717873
0.0857028216123581;0.009733916260302067
0.08118148893117905;0.0077506983652710915
0.08279495686292648;0.00820248480886221
0.07568073272705078;0.008019525557756424
0.07648465037345886;0.007741427049040794
0.07416494935750961;0.007390833925455809
0.0811038464307785;0.009105677716434002
0.08133185654878616;0.009605098515748978
0.07388408482074738;0.008422736078500748
0.08450715243816376;0.008731533773243427
0.06587394326925278;0.0072895134799182415
0.08259399980306625;0.008320322260260582
0.07895063608884811;0.008471070788800716
0.08304820954799652;0.007433033082634211
0.0724325180053711;0.007999725639820099
0.07307393103837967;0.007863981649279594
0.07858357578516006;0.00887451320886612
0.06748449057340622;0.00653490237891674
0.08384738862514496;0.009442931041121483
0.07097166031599045;0.007464734837412834
0.07723265886306763;0.0077195558696985245
0.08659389615058899;0.009111116640269756
0.0823950543999672;0.008488952182233334
0.08239760994911194;0.007248990703374147
0.08198004215955734;0.008566003292798996
0.07721450924873352;0.008036092855036259
0.08266070485115051;0.007899073883891106
0.07815705239772797;0.00828741304576397
0.07827715575695038;0.007483874447643757
0.09004774689674377;0.008922924287617207
0.07898978888988495;0.009156902320683002
0.07281558960676193;0.007421586662530899
0.08194422721862793;0.00822239276021719
0.0909326821565628;0.009138665162026882
0.08320660144090652;0.008164377883076668
0.0640459954738617;0.005859564058482647
0.07028627395629883;0.007352831773459911
0.07604603469371796;0.008168528787791729
0.08107917010784149;0.009217793121933937
0.08157020062208176;0.007934842258691788
0.08468780666589737;0.008843306452035904
0.06967794895172119;0.006500110030174255
0.06957840174436569;0.00688061211258173
0.09517639130353928;0.010709822177886963
0.0791301354765892;0.00938668753951788
0.08118951320648193;0.00785278994590044
0.06566789746284485;0.005962993949651718
0.0774611234664917;0.008396679535508156
0.0827542245388031;0.007803065702319145
0.08507780730724335;0.008027785457670689
0.08705153316259384;0.010959809646010399
0.07860910892486572;0.00840129517018795
0.07056505978107452;0.007791165728121996
0.07910516858100891;0.007599920965731144
0.07539378106594086;0.008749667555093765
0.08363865315914154;0.008328752592206001
0.08823724836111069;0.00805296003818512
0.07368884980678558;0.007761463988572359
0.08054487407207489;0.008728287182748318
0.08117738366127014;0.008403989486396313
0.07561244815587997;0.007914824411273003
0.07771620154380798;0.007467025890946388
0.08197011053562164;0.008340202271938324
0.08693375438451767;0.008938416838645935
0.0695304125547409;0.006569023244082928
0.08037549257278442;0.009129460901021957
0.0766783058643341;0.008734558708965778
0.08026431500911713;0.007801630534231663
0.08097104728221893;0.00797715038061142
0.07727228850126266;0.008180325850844383
0.08068004250526428;0.008123129606246948
0.0859263688325882;0.009064489975571632
0.07231610268354416;0.0074968161061406136
0.08159039914608002;0.009460339322686195
0.08565177023410797;0.008480881340801716
0.07295214384794235;0.007907870225608349
0.07413148134946823;0.006832235027104616
0.08469871431589127;0.00788153801113367
0.08110201358795166;0.008205090649425983
0.08454102277755737;0.007908472791314125
0.08243976533412933;0.008079417049884796
0.08784526586532593;0.009713023900985718
0.07520720362663269;0.007467296905815601
0.08004218339920044;0.009084882214665413
0.07647985219955444;0.008592717349529266
0.06478381156921387;0.006359099876135588
0.0908280462026596;0.009008141234517097
0.09082676470279694;0.00963091105222702
0.08256972581148148;0.008773939684033394
0.08289285004138947;0.009140463545918465
0.07901932299137115;0.008159257471561432
0.07250422984361649;0.007067055907100439
0.07755781710147858;0.008018642663955688
0.07069817185401917;0.007215422112494707
0.08177131414413452;0.008675532415509224
0.06814609467983246;0.006361925043165684
0.07755151391029358;0.008008742704987526
0.07897989451885223;0.008297855034470558
0.07316857576370239;0.008259160444140434
0.07681845128536224;0.008070539683103561
0.07653070986270905;0.008624929934740067
0.07739559561014175;0.007551412098109722
0.09516604989767075;0.00899936631321907
0.08654508739709854;0.009001549333333969
0.0878864973783493;0.008853945881128311
0.07594797015190125;0.007212507538497448
0.07567039132118225;0.007517627440392971
0.0681985542178154;0.006811607629060745
0.0880550891160965;0.008221067488193512
0.07697755098342896;0.008934957906603813
0.07651082426309586;0.008329399861395359
0.08678165823221207;0.010258045047521591
0.07138170301914215;0.006759243085980415
0.08448879420757294;0.00944474432617426
0.07385476678609848;0.008234972134232521
0.08189518004655838;0.008502088487148285
0.0762518122792244;0.009024601429700851
0.08310262858867645;0.007986027747392654
0.08122456073760986;0.010460518300533295
0.0700148418545723;0.006668659392744303
0.0799068883061409;0.0081560667604208
0.07061681151390076;0.006672321818768978
0.07182905822992325;0.007427352014929056
0.08052877336740494;0.009296773932874203
0.08352818340063095;0.008250284940004349
0.07730966806411743;0.008636841550469398
0.07650264352560043;0.008078301325440407
0.08105690777301788;0.007768663577735424
0.07795970886945724;0.008282804861664772
0.07240048050880432;0.006377546116709709
0.07022678852081299;0.007210468407720327
0.08259905874729156;0.00751135591417551
0.07148873805999756;0.006912981625646353
0.07553012669086456;0.007901551201939583
0.07831789553165436;0.008852326311171055
0.07158580422401428;0.0072873663157224655
0.08075404167175293;0.008802380412817001
0.07843291759490967;0.009525141678750515
0.07192926108837128;0.007376955822110176
0.08199603110551834;0.009098953567445278
0.0866706371307373;0.009462100453674793
0.08168330788612366;0.00949954241514206
0.07847113907337189;0.0077342079021036625
0.0745987817645073;0.007641239557415247
0.06964144110679626;0.007006275933235884
0.07800620049238205;0.009084919467568398
0.08841083943843842;0.010161948390305042
0.06947901844978333;0.006949888542294502
0.08149349689483643;0.008777777664363384
0.07896512001752853;0.008334535174071789
0.07974932342767715;0.008578229695558548
0.07317480444908142;0.006962750572711229
0.07112494856119156;0.00714848143979907
0.07946280390024185;0.008077487349510193
0.08222009241580963;0.00802476517856121
0.08817672729492188;0.008801707997918129
0.07891041785478592;0.0077132550068199635
0.08810131996870041;0.009576695039868355
0.07388833165168762;0.00813707523047924
0.0790659487247467;0.008026564493775368
0.08166825771331787;0.008056215941905975
0.07991663366556168;0.008579473942518234
0.07558126747608185;0.007263846695423126
0.09140364825725555;0.009058869443833828
0.09097380191087723;0.00935276597738266
0.07888516038656235;0.008112819865345955
0.09306257963180542;0.009924724698066711
0.08233459293842316;0.008174708113074303
0.07861029356718063;0.007667044643312693
0.09440337121486664;0.009565006010234356
0.09262052923440933;0.010106006637215614
0.07943414151668549;0.00869966484606266
0.084038145840168;0.007910862565040588
0.08719758689403534;0.008605603128671646
0.0784229040145874;0.0072100465185940266
0.07216468453407288;0.008938687853515148
0.07953345775604248;0.007254160474985838
0.07101256400346756;0.007273365743458271
0.0853579044342041;0.009023241698741913
0.07709488272666931;0.007256457582116127
0.06951074302196503;0.006956043653190136
0.0796862244606018;0.007553229108452797
0.06751976907253265;0.006685925647616386
0.08548246324062347;0.009519027546048164
0.07680890709161758;0.008694766089320183
0.07923488318920135;0.007805086672306061
0.06417915970087051;0.007626269944012165
0.08167283236980438;0.008956510573625565
0.08506090939044952;0.008445928804576397
0.07187157869338989;0.007587363012135029
0.07108426094055176;0.00656241737306118
0.08323410153388977;0.008546730503439903
0.09218922257423401;0.01065056025981903
0.0718083530664444;0.007822837680578232
0.07093104720115662;0.008853808045387268
0.08214512467384338;0.009748518466949463
0.08369608223438263;0.009202245622873306
0.07014854997396469;0.007459710352122784
0.07436598837375641;0.006669724825769663
0.08394499868154526;0.0073655396699905396
0.07664571702480316;0.007758954539895058
0.08112669736146927;0.008936908096075058
0.07733306288719177;0.008103360421955585
0.07750449329614639;0.007505238521844149
0.07877861708402634;0.0081472834572196
0.06905682384967804;0.007023240905255079
0.06905093789100647;0.007070012856274843
0.07241350412368774;0.009012104943394661
0.08039899170398712;0.0091824596747756
0.07755446434020996;0.007531698327511549
0.08349376171827316;0.009461631998419762
0.0808383896946907;0.009391849860548973
0.08379954099655151;0.009171796962618828
0.08878883719444275;0.008652957156300545
0.08183978497982025;0.008083947002887726
0.07064452767372131;0.006641991436481476
0.07472595572471619;0.007894080132246017
0.08902540802955627;0.009250961244106293
0.07050375640392303;0.007914460264146328
0.06973227113485336;0.006909046322107315
0.0868481993675232;0.00922129862010479
0.08998087048530579;0.009034894406795502
0.07953672111034393;0.007509561255574226
0.08293560147285461;0.008097699843347073
0.08652722835540771;0.009650612249970436
0.08247869461774826;0.009795698337256908
0.07248498499393463;0.008094520308077335
0.07717519998550415;0.007984191179275513
0.08023564517498016;0.00797257199883461
0.07903836667537689;0.008132820948958397
0.08286997675895691;0.008989416062831879
0.06021220237016678;0.00550415925681591
0.07254129648208618;0.007708621211349964
0.0846061259508133;0.008276720531284809
0.07679340243339539;0.006898220628499985
0.08538416773080826;0.00970536656677723
0.08788719773292542;0.008890368044376373
0.07303103059530258;0.0075427331030368805
0.08316029608249664;0.007824202999472618
0.0735272467136383;0.007788884453475475
0.07355062663555145;0.007765657268464565
0.07855935394763947;0.008009938523173332
0.07320850342512131;0.007402415387332439
0.07068502902984619;0.007336956448853016
0.08195075392723083;0.008370094001293182
0.07504516839981079;0.007691586390137672
0.07528433948755264;0.007498737424612045
0.07588902115821838;0.007382976822555065
0.07576237618923187;0.007237369194626808
0.07802154123783112;0.009174742735922337
0.0788240134716034;0.00839873868972063
0.07806278765201569;0.008954029530286789
0.07760682702064514;0.007898403331637383
0.0830063670873642;0.008201485499739647
0.073337122797966;0.007880980148911476
0.07700486481189728;0.007628829218447208
0.07582344859838486;0.008226255886256695
0.07364997267723083;0.0073377881199121475
0.0792086124420166;0.008351879194378853
0.07086703926324844;0.007563478779047728
0.06858265399932861;0.0066911885514855385
0.07734082639217377;0.007646379992365837
0.07403642684221268;0.007677559740841389
0.07271536439657211;0.007726952433586121
0.07523739337921143;0.0072043221443891525
0.07295981794595718;0.00750342383980751
0.07473775744438171;0.007464076858013868
0.0761883482336998;0.007869947701692581
0.08454973250627518;0.009216527454555035
0.07428112626075745;0.007887482643127441
0.07506924867630005;0.007633129134774208
0.09176911413669586;0.009176520630717278
0.07642383128404617;0.00926639698445797
0.07953473180532455;0.007719862274825573
0.08421579003334045;0.0100769754499197
0.06828145682811737;0.007429883815348148
0.07045812159776688;0.007290296256542206
0.07534082978963852;0.008031712844967842
0.06648676842451096;0.007045779377222061
0.07477714121341705;0.007209700997918844
0.07459623366594315;0.008312043733894825
0.08197423815727234;0.00909489020705223
0.07886040210723877;0.007756474893540144
0.07164255529642105;0.007082698401063681
0.08291773498058319;0.008119538426399231
0.07881002128124237;0.00814279168844223
0.07779064774513245;0.008456626906991005
0.07966262102127075;0.009131229482591152
0.07654589414596558;0.007604431826621294
0.07503141462802887;0.00809094961732626
0.07742457091808319;0.008450434543192387
0.0669272318482399;0.007109970785677433
0.07825575768947601;0.009945902042090893
0.07226268947124481;0.008102096617221832
0.09138920903205872;0.010206712409853935
0.08523629605770111;0.008657204918563366
0.0811571329832077;0.008313312195241451
0.08646461367607117;0.009319310076534748
0.08860394358634949;0.00991729460656643
0.0755978524684906;0.007790530100464821
0.07750996947288513;0.00822328869253397
0.07342495024204254;0.008217930793762207
0.07362253963947296;0.007653485983610153
0.07443582266569138;0.00828245747834444
0.08145809173583984;0.00801366288214922
0.0813203752040863;0.00883529707789421
0.07676951587200165;0.008792726323008537
0.07276033610105515;0.006975351832807064
0.08855408430099487;0.009605040773749352
0.08510499447584152;0.009100288152694702
0.07461147010326385;0.007829573005437851
0.07844291627407074;0.008379390463232994
0.08186505734920502;0.007893126457929611
0.0759938508272171;0.007737350650131702
0.07323864102363586;0.008100947365164757
0.06504979729652405;0.007017307449132204
0.07548825442790985;0.007698450703173876
0.08170372247695923;0.008312459103763103
0.07368596643209457;0.009135747328400612
0.08680182695388794;0.008265206590294838
0.07412363588809967;0.006780098658055067
0.07631723582744598;0.009010878391563892
0.08302004635334015;0.008614573627710342
0.07552570104598999;0.007600593380630016
0.07387736439704895;0.008561967872083187
0.0661148801445961;0.006322147324681282
0.07380612939596176;0.007551178336143494
0.08855731040239334;0.009443900547921658
0.07888901233673096;0.008308147080242634
0.0922316163778305;0.009528039954602718
0.0830167755484581;0.00907867681235075
0.08328934013843536;0.008594579994678497
0.07741990685462952;0.007033163215965033
0.08920101821422577;0.009036058560013771
0.07249420881271362;0.007345073856413364
0.08087456226348877;0.00821180734783411
0.08473052084445953;0.00958214234560728
0.08460262417793274;0.009161504916846752
0.07413221895694733;0.007336657494306564
0.0740179717540741;0.007100278977304697
0.08158814162015915;0.009002326987683773
0.07390883564949036;0.007126461248844862
0.07667474448680878;0.008343134075403214
0.07925167679786682;0.00936057511717081
0.07438274472951889;0.008370896801352501
0.07227978855371475;0.00731008592993021
0.09267149120569229;0.010032620280981064
0.08522477746009827;0.008988132700324059
0.072899729013443;0.008057354018092155
0.08123429119586945;0.007072890643030405
0.08785596489906311;0.00886139553040266
0.083385169506073;0.008398910984396935
0.08065178245306015;0.008091372437775135
0.08170265704393387;0.009425165131688118
0.07884986698627472;0.008236920461058617
0.06894803792238235;0.006563202477991581
0.07096875458955765;0.008411817252635956
0.07195907086133957;0.006588378921151161
0.06528767943382263;0.007423955947160721
0.07802121341228485;0.008174256421625614
0.0926389992237091;0.009588679298758507
0.08890962600708008;0.009556739591062069
0.07878639549016953;0.008049169555306435
0.0826127901673317;0.008150585927069187
0.07627083361148834;0.007082500960677862
0.07817348092794418;0.008296176791191101
0.07851319015026093;0.0074142999947071075
0.08498813956975937;0.009432479739189148
0.08292987942695618;0.008462137542665005
0.07213445007801056;0.008593463338911533
0.0856461226940155;0.0092706847935915
0.0796976238489151;0.007747504860162735
0.06557129323482513;0.0066321543417871
0.07749276608228683;0.008819201961159706
0.0739869773387909;0.008016478270292282
0.08922895789146423;0.0096674095839262
0.08172118663787842;0.008090355433523655
0.07810376584529877;0.007999064400792122
0.08814626932144165;0.00930517353117466
0.086636483669281;0.008738132193684578
0.08546003699302673;0.008377901278436184
0.08351202309131622;0.010422836989164352
0.07358868420124054;0.007214789278805256
0.07821360230445862;0.00872967578470707
0.0692879855632782;0.0072472598403692245
0.07219737768173218;0.007063381373882294
0.07748574763536453;0.008709149435162544
0.07817813754081726;0.009271064773201942
0.08335347473621368;0.009301895275712013
0.08352552354335785;0.008020354434847832
0.08645594120025635;0.008662971667945385
0.07327376306056976;0.008305800147354603
0.07887864112854004;0.008214385248720646
0.07532036304473877;0.007510155439376831
0.08256293833255768;0.00806037150323391
0.08249212801456451;0.008154666051268578
0.07918491959571838;0.007519383914768696
0.07024670392274857;0.0071262335404753685
0.08157889544963837;0.009249890223145485
0.07161711156368256;0.007049649953842163
0.08651625365018845;0.009178239852190018
0.07893048226833344;0.008893458172678947
0.08971337974071503;0.008784359320998192
0.0869503989815712;0.0088347177952528
0.07843545079231262;0.0084821293130517
0.07599878311157227;0.007123198825865984
0.08194239437580109;0.008452214300632477
0.07017935812473297;0.007320252247154713
0.08464746177196503;0.008970310911536217
0.085092693567276;0.008997835218906403
0.08020777255296707;0.009715021587908268
0.0696258470416069;0.006973502226173878
0.0833968073129654;0.007470903918147087
0.07832661271095276;0.009131117723882198
0.07278556376695633;0.0070656160824000835
0.07978086173534393;0.007949537597596645
0.07106146216392517;0.007373327389359474
0.085358627140522;0.008549585938453674
0.08345641940832138;0.009549057111144066
0.08090095967054367;0.008341895416378975
0.07813366502523422;0.00707483384758234
0.07951867580413818;0.008603230118751526
0.08692966401576996;0.009927656501531601
0.07513552904129028;0.007357029244303703
0.0678580030798912;0.006869557313621044
0.07716713100671768;0.009195920079946518
0.07846447825431824;0.007722679991275072
0.0674605667591095;0.0074816131964325905
0.07987149059772491;0.00825218390673399
0.07279244065284729;0.007363003678619862
0.07084745168685913;0.007570432033389807
0.08941981196403503;0.009613728150725365
0.08335332572460175;0.008981569670140743
0.08209394663572311;0.009800219908356667
0.07000817358493805;0.007097548805177212
0.08007299900054932;0.008506005629897118
0.07520101219415665;0.007769119925796986
0.0844786986708641;0.007859552279114723
0.0801488608121872;0.007628892548382282
0.08137892931699753;0.008629276417195797
0.08271511644124985;0.007962320931255817
0.08632369339466095;0.009079303592443466
0.07803544402122498;0.00843102391809225
0.08541065454483032;0.00830792635679245
0.07295708358287811;0.008471742272377014
0.0740947350859642;0.00750468485057354
0.08267895877361298;0.008960677310824394
0.07098180800676346;0.007245004177093506
0.07605871558189392;0.007385284639894962
0.08063594996929169;0.008015492931008339
0.07504534721374512;0.007974768057465553
0.0730474516749382;0.0077473861165344715
0.05857325345277786;0.004796842113137245
0.08687721937894821;0.008156536146998405
0.06964662671089172;0.007267449516803026
0.08353695273399353;0.009200381115078926
0.07458014786243439;0.007160257548093796
0.0733131617307663;0.007295315619558096
0.06673365831375122;0.00692168902605772
0.08513401448726654;0.008455915376543999
0.07491014897823334;0.0076448265463113785
0.08146113157272339;0.008365161716938019
0.07768604904413223;0.008833340369164944
0.08368989825248718;0.008930066600441933
0.07943055033683777;0.007736289873719215
0.08020474016666412;0.008554572239518166
0.0761069655418396;0.008687156252563
0.07529713958501816;0.0072937216609716415
0.07455269992351532;0.008355271071195602
0.09051351249217987;0.008710777387022972
0.0840456411242485;0.008831165730953217
0.07977171242237091;0.007393197156488895
0.08664172142744064;0.008981638588011265
0.08419474214315414;0.009288995526731014
0.07494160532951355;0.008170561864972115
0.07709332555532455;0.008435558527708054
0.07669675350189209;0.007653702050447464
0.06273437291383743;0.00526635255664587
0.0802459716796875;0.008635129779577255
0.08076156675815582;0.00879413727670908
0.0669582188129425;0.007466807961463928
0.0680587887763977;0.006921726744621992
0.08761193603277206;0.008647258393466473
0.07402593642473221;0.008204028010368347
0.08814798295497894;0.009409175254404545
0.07459314912557602;0.008250998333096504
0.07608361542224884;0.007451812271028757
0.07653799653053284;0.007940427400171757
0.09107871353626251;0.009271616116166115
0.08133304119110107;0.009207895956933498
0.07553967088460922;0.008711080998182297
0.08413007110357285;0.008154526352882385
0.08105748891830444;0.009299411438405514
0.07468714565038681;0.007543022744357586
0.07950390130281448;0.008419569581747055
0.07648544758558273;0.008063888177275658
0.07939791679382324;0.008472682908177376
0.09250272810459137;0.009915078058838844
0.0717146173119545;0.007337686140090227
0.07731655240058899;0.007577374577522278
0.0871463268995285;0.009048443287611008
0.08580509573221207;0.008898865431547165
0.08075675368309021;0.00868131872266531
0.09514764696359634;0.009738512337207794
0.08118968456983566;0.008828156627714634
0.08153733611106873;0.007589439861476421
0.07364259660243988;0.007363506592810154
0.08232876658439636;0.008365429937839508
0.07245928794145584;0.006609980016946793
0.06843702495098114;0.007557426579296589
0.0833573192358017;0.008582843467593193
0.07047519087791443;0.007232725154608488
0.06623385101556778;0.006300138309597969
0.08161385357379913;0.009629249572753906
0.0690525472164154;0.0075922394171357155
0.07447794824838638;0.006234978325664997
0.07992468774318695;0.007899840362370014
0.08279203623533249;0.008755013346672058
0.06742815673351288;0.006711449474096298
0.06587480753660202;0.007337548770010471
0.08186142891645432;0.008635537698864937
0.07531765848398209;0.007921000942587852
0.08963228762149811;0.010732447728514671
