TV;KL
1.9999995231628418;16.4952392578125
1.9999754428863525;14.542757987976074
1.9999219179153442;14.209823608398438
1.9995698928833008;13.96773624420166
1.999373435974121;13.774198532104492
1.998595952987671;13.59701156616211
1.997162103652954;13.411774635314941
1.9951422214508057;13.246814727783203
1.9928481578826904;13.046029090881348
1.9891278743743896;12.880313873291016
1.9838144779205322;12.682428359985352
1.9791618585586548;12.466718673706055
1.9703822135925293;12.203996658325195
1.9595822095870972;11.917247772216797
1.9484610557556152;11.613073348999023
1.9306610822677612;11.250621795654297
1.9165359735488892;10.878280639648438
1.8973805904388428;10.553707122802734
1.8797786235809326;10.252227783203125
1.86189866065979;10.086837768554688
1.8350671529769897;10.005983352661133
1.804182767868042;9.863739013671875
1.7704460620880127;9.9104585647583
1.7303125858306885;9.967445373535156
1.6921398639678955;10.082185745239258
1.662626028060913;10.24646282196045
1.6313854455947876;10.482681274414062
1.616591215133667;10.698884010314941
1.6045454740524292;10.825447082519531
1.605752944946289;10.840707778930664
1.6201510429382324;10.763649940490723
1.6466259956359863;10.550751686096191
1.67161226272583;10.31786060333252
1.6866459846496582;9.898083686828613
1.7027482986450195;9.445844650268555
1.7087100744247437;8.858304023742676
1.7150092124938965;8.239468574523926
1.7105531692504883;7.592136383056641
1.6982390880584717;6.9792280197143555
1.6868631839752197;6.3425068855285645
1.6667300462722778;5.689460754394531
1.6512959003448486;5.110379219055176
1.6261165142059326;4.55515718460083
1.5941567420959473;4.019834518432617
1.5573495626449585;3.6058542728424072
1.5246801376342773;3.215776205062866
1.4918804168701172;2.8597776889801025
1.4536219835281372;2.5554676055908203
1.4223591089248657;2.2624282836914062
1.3974660634994507;2.058014154434204
1.3574943542480469;1.8456449508666992
1.318631649017334;1.6581742763519287
1.2896426916122437;1.4962162971496582
1.2671315670013428;1.3698017597198486
1.2417263984680176;1.2705872058868408
1.219791054725647;1.1847583055496216
1.2094817161560059;1.1099536418914795
1.1886177062988281;1.0317867994308472
1.1758557558059692;0.9798203110694885
1.1716482639312744;0.9405297636985779
1.1633392572402954;0.9046261310577393
1.1623175144195557;0.8835325241088867
1.1558187007904053;0.8477224111557007
1.1561429500579834;0.8248101472854614
1.1568553447723389;0.8165979981422424
1.1564459800720215;0.8076338768005371
1.155527949333191;0.7971302270889282
1.155344843864441;0.784304141998291
1.1548014879226685;0.7774760723114014
1.1556205749511719;0.7710195779800415
1.1549460887908936;0.7681339383125305
1.1552627086639404;0.7618519067764282
1.1558336019515991;0.7621062397956848
1.155515193939209;0.7615211009979248
1.155320644378662;0.7578111886978149
1.1555242538452148;0.7562779188156128
1.1551620960235596;0.7550438642501831
1.155651569366455;0.7525035738945007
1.155013084411621;0.7500085830688477
1.155626893043518;0.7501145601272583
1.1552501916885376;0.7483680248260498
1.1552839279174805;0.749068021774292
1.1554211378097534;0.7495535612106323
1.1553009748458862;0.748999834060669
1.1557385921478271;0.7508934140205383
1.1556594371795654;0.749305248260498
1.1554676294326782;0.749174177646637
1.1552668809890747;0.7483654618263245
1.1553587913513184;0.7480007410049438
1.1553560495376587;0.7479273080825806
1.155171513557434;0.7489081621170044
1.1554269790649414;0.7492198944091797
1.1554324626922607;0.7496593594551086
1.155458927154541;0.7483182549476624
1.1554036140441895;0.7483465671539307
1.1550973653793335;0.7483808398246765
1.1551940441131592;0.7474977374076843
1.155214548110962;0.7467906475067139
1.1554763317108154;0.7490807771682739
1.155686616897583;0.7478829622268677
1.155623197555542;0.7490899562835693
1.1560516357421875;0.7497135400772095
1.1555263996124268;0.7481003403663635
1.1553386449813843;0.7495968341827393
1.1555125713348389;0.750616192817688
1.155713677406311;0.7484089136123657
1.1554347276687622;0.7484440207481384
1.1555142402648926;0.7475078105926514
1.1555736064910889;0.7488285899162292
1.1555650234222412;0.7490140199661255
1.1555805206298828;0.7479687929153442
1.1558839082717896;0.7482611536979675
1.1553981304168701;0.7481350898742676
1.1554216146469116;0.7493783235549927
1.1557587385177612;0.749128520488739
1.1556634902954102;0.7479526996612549
1.156069040298462;0.7483533024787903
1.1555206775665283;0.749110221862793
1.1558128595352173;0.7478842735290527
1.1556370258331299;0.7478769421577454
1.1556676626205444;0.7491676807403564
1.1556084156036377;0.7481082081794739
1.1557813882827759;0.7493558526039124
1.1556535959243774;0.7487794160842896
1.1559596061706543;0.7495409250259399
1.1557409763336182;0.7499209642410278
1.1558310985565186;0.7469813227653503
1.155832052230835;0.7487800717353821
1.1561486721038818;0.748867392539978
1.1556768417358398;0.7477551102638245
1.1557241678237915;0.7484818696975708
1.1557331085205078;0.7474206686019897
1.1555825471878052;0.7493075132369995
1.155587911605835;0.7478690147399902
1.1555863618850708;0.7484947443008423
1.155590534210205;0.7485326528549194
1.1555794477462769;0.7476911544799805
1.1556885242462158;0.7469290494918823
1.1555951833724976;0.7480525970458984
1.1557648181915283;0.7484466433525085
1.155558705329895;0.7483306527137756
1.1556705236434937;0.749130368232727
1.155452013015747;0.7487187385559082
1.155836582183838;0.7491111755371094
1.1556012630462646;0.7504568099975586
1.1560627222061157;0.749251663684845
1.1556987762451172;0.7475934028625488
1.1560019254684448;0.7489034533500671
1.155791997909546;0.7485292553901672
1.1556260585784912;0.749423086643219
1.1555835008621216;0.748083233833313
1.1554601192474365;0.7491669654846191
1.1558643579483032;0.7474798560142517
1.1559958457946777;0.7493095397949219
1.155686378479004;0.749481201171875
1.155677080154419;0.7480583786964417
1.156072974205017;0.7498583197593689
1.1558213233947754;0.7477362751960754
1.1558938026428223;0.7498034834861755
1.155606985092163;0.7486585378646851
1.1558908224105835;0.7491827607154846
1.155489206314087;0.7487490177154541
1.155778408050537;0.7496426701545715
1.1558071374893188;0.7483515739440918
1.1554439067840576;0.7490947246551514
1.1559171676635742;0.7480412125587463
1.1556295156478882;0.7495999932289124
1.1556243896484375;0.7480907440185547
1.155663013458252;0.7478845119476318
1.1555705070495605;0.7477551102638245
1.1554744243621826;0.7469602227210999
1.1557652950286865;0.7472606301307678
1.155637502670288;0.7483466863632202
1.1558146476745605;0.74883633852005
1.1557817459106445;0.7471023797988892
1.1558499336242676;0.7489144802093506
1.1557193994522095;0.7489333152770996
1.1556451320648193;0.7494727969169617
1.1558997631072998;0.7489610910415649
1.155843734741211;0.7484356164932251
1.1555700302124023;0.7489706873893738
1.1555356979370117;0.7512384653091431
1.1555873155593872;0.747701108455658
1.1554837226867676;0.7475771307945251
1.1559133529663086;0.7489403486251831
1.1557142734527588;0.7468082904815674
1.155590534210205;0.748357892036438
1.155559778213501;0.7478484511375427
1.1559451818466187;0.7478869557380676
1.1565096378326416;0.7494943141937256
1.1560240983963013;0.7491451501846313
1.1557220220565796;0.7481698989868164
1.1558129787445068;0.7480236291885376
1.1559967994689941;0.7483421564102173
1.1555827856063843;0.7491557002067566
1.155605673789978;0.7470468282699585
1.1558992862701416;0.7491934895515442
1.1557860374450684;0.747584342956543
1.1558828353881836;0.748089611530304
1.155974268913269;0.7481834888458252
1.1558154821395874;0.7495183348655701
1.1558372974395752;0.7491866946220398
1.1558396816253662;0.7487726211547852
1.1557003259658813;0.7488186359405518
1.155849575996399;0.7491251230239868
1.15565824508667;0.7479446530342102
1.155886173248291;0.7481574416160583
1.1557888984680176;0.7502216100692749
1.1555051803588867;0.7474260330200195
1.155598759651184;0.7480837106704712
1.1556439399719238;0.747231125831604
1.1556752920150757;0.7472104430198669
1.155701756477356;0.7489104866981506
1.1556720733642578;0.7485588788986206
1.1559059619903564;0.7479367852210999
1.1556103229522705;0.748131513595581
1.1557971239089966;0.7473862767219543
1.156234622001648;0.7499521374702454
1.1561577320098877;0.7496120929718018
1.1559991836547852;0.7484148740768433
1.155476450920105;0.7471785545349121
1.1556785106658936;0.7492481470108032
1.1556607484817505;0.7475813627243042
1.155866026878357;0.7475566267967224
1.1561431884765625;0.748424232006073
1.1557400226593018;0.7493362426757812
1.1556614637374878;0.7480272650718689
1.1558833122253418;0.7492456436157227
1.1559412479400635;0.7489521503448486
1.1555399894714355;0.747356116771698
1.1555255651474;0.748345673084259
1.1556894779205322;0.7493315935134888
1.1556251049041748;0.7474141120910645
1.1556743383407593;0.7499076724052429
1.1559863090515137;0.7485074996948242
1.1556642055511475;0.7483490705490112
1.1556460857391357;0.7481927871704102
1.155853033065796;0.748161256313324
1.1560778617858887;0.7482831478118896
1.1557304859161377;0.7479580044746399
1.155901551246643;0.7501111030578613
1.1559549570083618;0.7479303479194641
1.1559460163116455;0.7487388849258423
1.1563092470169067;0.7502844333648682
1.1565536260604858;0.7498890161514282
1.1557916402816772;0.7482779026031494
1.1561522483825684;0.7483948469161987
1.1561286449432373;0.74998939037323
1.155909776687622;0.7474337816238403
1.1556050777435303;0.7481131553649902
1.155664324760437;0.7480282783508301
1.155977487564087;0.7479383945465088
1.1558009386062622;0.7485733032226562
1.1556317806243896;0.747669517993927
1.1562920808792114;0.7492656111717224
1.1559510231018066;0.749606728553772
1.1558042764663696;0.7497014999389648
1.1556276082992554;0.7496957778930664
1.1563136577606201;0.7509711980819702
1.1557844877243042;0.7473747134208679
1.1560218334197998;0.7503708600997925
1.1558136940002441;0.7498007416725159
1.1559083461761475;0.7489712238311768
1.1557570695877075;0.7479029893875122
1.1559044122695923;0.7480659484863281
1.1557533740997314;0.7485338449478149
1.1561968326568604;0.7484534978866577
1.1559525728225708;0.7492292523384094
1.1558037996292114;0.7481825351715088
1.15571129322052;0.7483388185501099
1.1558454036712646;0.7473248839378357
1.1556261777877808;0.7480859756469727
1.1563708782196045;0.7504382133483887
1.155898094177246;0.7490818500518799
1.15576171875;0.7480475306510925
1.1557060480117798;0.7484119534492493
1.1557852029800415;0.7480921745300293
1.1558226346969604;0.7488174438476562
1.155951976776123;0.7484377026557922
1.156010389328003;0.7475920915603638
1.1560523509979248;0.7487745881080627
1.155864953994751;0.7495381236076355
1.1556329727172852;0.7492926716804504
1.155940294265747;0.7485181093215942
1.1560007333755493;0.7480190992355347
1.1558380126953125;0.7497700452804565
1.155853509902954;0.7493579387664795
1.1559878587722778;0.7490824460983276
1.1556200981140137;0.7485202550888062
1.156090497970581;0.7491870522499084
1.1556133031845093;0.7494722008705139
1.1561166048049927;0.7495160698890686
1.1558178663253784;0.7499123811721802
1.1558177471160889;0.7472994327545166
1.1559888124465942;0.7496503591537476
1.155921459197998;0.7480884790420532
1.1557707786560059;0.7480109930038452
1.1557685136795044;0.7494591474533081
1.1561546325683594;0.7479559779167175
1.1558833122253418;0.7487969994544983
1.1560537815093994;0.7490695118904114
1.1564390659332275;0.7503778338432312
1.1556072235107422;0.7477660775184631
1.1560243368148804;0.7487702369689941
1.156139850616455;0.7484869956970215
1.1557917594909668;0.7490561008453369
1.1562927961349487;0.7494694590568542
1.1558923721313477;0.7479730844497681
1.1557714939117432;0.7481851577758789
1.1558870077133179;0.7489631772041321
1.1560273170471191;0.7488105893135071
1.1559827327728271;0.748472273349762
1.1558833122253418;0.7478718161582947
1.155698299407959;0.7492608428001404
1.1557705402374268;0.7486333847045898
1.1559498310089111;0.7487332820892334
1.1560537815093994;0.749667227268219
1.1561353206634521;0.7481738328933716
1.155874252319336;0.7477791905403137
1.1558220386505127;0.7497719526290894
1.1559165716171265;0.7482265830039978
1.156201958656311;0.7499489188194275
1.1558555364608765;0.7481805682182312
1.1561267375946045;0.7509253025054932
1.1558290719985962;0.7489851713180542
1.156120777130127;0.7483066320419312
1.1558473110198975;0.7486404776573181
1.156281590461731;0.7495365142822266
1.1559852361679077;0.7494690418243408
1.1561479568481445;0.7495319843292236
1.1560790538787842;0.7478682398796082
1.155967116355896;0.7493270635604858
1.155665636062622;0.7488034963607788
1.155714750289917;0.7480711936950684
1.1558772325515747;0.7489013671875
1.155944585800171;0.7495045065879822
1.1558854579925537;0.7469038367271423
1.1556835174560547;0.7504585981369019
1.1560176610946655;0.7475560903549194
1.1560735702514648;0.7485967874526978
1.1563498973846436;0.7487438321113586
1.1558806896209717;0.7488687634468079
1.155766487121582;0.7487027645111084
1.155877947807312;0.7491911053657532
1.1560614109039307;0.7477394938468933
1.156139612197876;0.7485547065734863
1.15579092502594;0.7493805885314941
1.1557376384735107;0.7480928301811218
1.1557387113571167;0.7479295134544373
1.1557435989379883;0.7490324974060059
1.1558918952941895;0.7483320236206055
1.1558481454849243;0.748397946357727
1.15590238571167;0.747480571269989
1.1557350158691406;0.7485108375549316
1.155924916267395;0.7481208443641663
1.1557555198669434;0.7484461069107056
1.1559792757034302;0.7484847903251648
1.156287431716919;0.7496925592422485
1.1557576656341553;0.7488950490951538
1.1560629606246948;0.7473982572555542
1.155660629272461;0.7475108504295349
1.1557554006576538;0.7476292848587036
1.1557296514511108;0.7481330037117004
1.1559855937957764;0.7481960654258728
1.1558538675308228;0.749396562576294
1.1561908721923828;0.7487918138504028
1.156010627746582;0.749503493309021
1.156135082244873;0.7480970621109009
1.1560344696044922;0.7474859356880188
1.1559613943099976;0.7485948204994202
1.1558003425598145;0.7487316131591797
1.1558582782745361;0.7476277351379395
1.1561954021453857;0.7487462759017944
1.156083106994629;0.7503703832626343
1.1560626029968262;0.7473505735397339
1.1563555002212524;0.7485907077789307
1.1559187173843384;0.7495318651199341
1.156432867050171;0.7512035965919495
1.1562469005584717;0.7479884624481201
1.1565775871276855;0.7491933107376099
1.155776023864746;0.7468878030776978
1.1560159921646118;0.7492516040802002
1.1561131477355957;0.7486599683761597
1.1561036109924316;0.749749481678009
1.1559348106384277;0.7485882043838501
1.1562039852142334;0.7487441897392273
1.1558747291564941;0.749291181564331
1.156433343887329;0.7502967119216919
1.1558573246002197;0.7488487958908081
1.155977487564087;0.7498067617416382
1.1557600498199463;0.7479561567306519
1.1561602354049683;0.7504346966743469
1.1558432579040527;0.7481706738471985
1.1563589572906494;0.7486022114753723
1.1557724475860596;0.7478299140930176
1.1558494567871094;0.7481778860092163
1.1561870574951172;0.7489849328994751
1.156069040298462;0.7483089566230774
1.1564702987670898;0.7489529848098755
1.156032681465149;0.7489480376243591
1.1560707092285156;0.7495450377464294
1.155869483947754;0.747889518737793
1.1557848453521729;0.748672604560852
1.1558126211166382;0.7480394244194031
1.1557798385620117;0.7484859228134155
1.1562168598175049;0.7467882633209229
1.1560826301574707;0.7492613792419434
1.1561201810836792;0.7492455244064331
1.1557543277740479;0.7475649118423462
1.1557215452194214;0.7489606738090515
1.15604829788208;0.7484047412872314
1.1557787656784058;0.7477104663848877
1.156180500984192;0.7502396106719971
1.1561564207077026;0.7488539814949036
1.156048059463501;0.7489128112792969
1.1558032035827637;0.748241662979126
1.1556528806686401;0.7467308640480042
1.1559038162231445;0.7490594387054443
1.1560533046722412;0.7469873428344727
1.156148910522461;0.7493653893470764
1.1562073230743408;0.7480571269989014
1.1560795307159424;0.7481996417045593
1.1559499502182007;0.7486497163772583
1.1557910442352295;0.7491595149040222
1.1557700634002686;0.7468437552452087
1.15592360496521;0.7476893663406372
1.1558589935302734;0.7478439807891846
1.1561317443847656;0.7492871284484863
1.1559350490570068;0.7491898536682129
1.1561191082000732;0.7502723932266235
1.1559008359909058;0.7480659484863281
1.1559221744537354;0.7479215264320374
1.156040906906128;0.7491246461868286
1.1561834812164307;0.7491967678070068
1.1559407711029053;0.7472623586654663
1.1557930707931519;0.7483124732971191
1.1557600498199463;0.7482089400291443
1.156041145324707;0.7491375207901001
1.1558568477630615;0.74812912940979
1.1559308767318726;0.748413622379303
1.155968189239502;0.7482437491416931
1.1562680006027222;0.7494820356369019
1.1558476686477661;0.7481579184532166
1.1565351486206055;0.7481273412704468
1.155861258506775;0.7496106624603271
1.1563185453414917;0.7498817443847656
1.1557929515838623;0.7485312223434448
1.1563949584960938;0.750659704208374
1.1561834812164307;0.7494158744812012
1.1562302112579346;0.7490812540054321
1.1558887958526611;0.7492477893829346
1.1558548212051392;0.7474374175071716
1.1559507846832275;0.7475030422210693
1.156124234199524;0.7486636638641357
1.156063199043274;0.7486094236373901
1.156319499015808;0.7485356330871582
1.1560190916061401;0.7482030987739563
1.1558136940002441;0.7475764751434326
1.1560478210449219;0.7487926483154297
1.155928134918213;0.7479920387268066
1.1559405326843262;0.7473285794258118
1.1560263633728027;0.7488722801208496
1.1560508012771606;0.7495025396347046
1.1562563180923462;0.7487143278121948
1.1558336019515991;0.7470688819885254
1.156088948249817;0.7486438751220703
1.155867338180542;0.7499693036079407
1.155946135520935;0.7477462887763977
1.155880093574524;0.7488427758216858
1.1563082933425903;0.7484133243560791
1.1558176279067993;0.7480367422103882
1.1561241149902344;0.7487452030181885
1.156005620956421;0.7469944953918457
1.1561601161956787;0.7472251057624817
1.1559181213378906;0.7494825124740601
1.1559169292449951;0.7483314871788025
1.1564686298370361;0.7491647601127625
1.1558586359024048;0.7475162744522095
1.1561596393585205;0.7497634887695312
1.1560484170913696;0.7479874491691589
1.1560554504394531;0.7489178776741028
1.1564863920211792;0.7490770816802979
1.155848503112793;0.7481619119644165
1.1562533378601074;0.7486387491226196
1.1561896800994873;0.7475683689117432
1.156089425086975;0.7489561438560486
1.1560111045837402;0.7472392916679382
1.1563612222671509;0.7488124966621399
1.1559237241744995;0.7497605085372925
1.1564302444458008;0.7486966252326965
1.1562073230743408;0.7487972974777222
1.1564159393310547;0.7500631809234619
1.1561756134033203;0.7493175268173218
1.1560401916503906;0.7487867474555969
1.1564196348190308;0.7485257387161255
1.1565417051315308;0.7497023940086365
1.1562974452972412;0.7482088804244995
1.1560406684875488;0.7479594945907593
1.156026840209961;0.7498940229415894
1.1560624837875366;0.7482817769050598
1.1562612056732178;0.7489752173423767
1.1562341451644897;0.7498248219490051
1.1562974452972412;0.749484658241272
1.1561098098754883;0.7513177394866943
1.1561384201049805;0.7490543127059937
1.1561135053634644;0.749366283416748
1.156171202659607;0.7478896379470825
1.155744194984436;0.7480367422103882
1.1559523344039917;0.7489838600158691
1.1558277606964111;0.7489579916000366
1.1563498973846436;0.7471233010292053
1.156132459640503;0.7506158351898193
1.1562016010284424;0.7491651773452759
1.1558966636657715;0.7500901818275452
1.1561013460159302;0.7486844062805176
1.1559441089630127;0.7483325004577637
1.1562473773956299;0.7481600046157837
1.156003713607788;0.7482184767723083
1.1559401750564575;0.747929036617279
1.1563777923583984;0.7489697933197021
1.1565325260162354;0.7489969730377197
1.1561022996902466;0.7498805522918701
1.1562317609786987;0.7469777464866638
1.1560786962509155;0.7490602731704712
1.1562254428863525;0.7485518455505371
1.156249761581421;0.7480133771896362
1.1561578512191772;0.7490172982215881
1.1564843654632568;0.7479180693626404
1.1561188697814941;0.7487837076187134
1.155973196029663;0.7483059167861938
1.156123399734497;0.7490526437759399
1.1564546823501587;0.7496687173843384
1.1560838222503662;0.7478004693984985
1.1565375328063965;0.7498012781143188
1.1562519073486328;0.74851393699646
1.156407117843628;0.7479703426361084
1.1561601161956787;0.7480415105819702
1.155916452407837;0.747933030128479
1.156097412109375;0.748884916305542
1.156221866607666;0.7498487234115601
1.1563794612884521;0.7486833333969116
1.1561503410339355;0.747844398021698
1.1563754081726074;0.7481744289398193
1.1561071872711182;0.7478228807449341
1.1562087535858154;0.748657763004303
1.155968427658081;0.7483906745910645
1.1558276414871216;0.7470810413360596
1.1562385559082031;0.7488261461257935
1.1561732292175293;0.7484543323516846
1.156036615371704;0.7480470538139343
1.1563900709152222;0.7488685846328735
1.1564311981201172;0.7490843534469604
1.156260371208191;0.7492047548294067
1.1560035943984985;0.7487159967422485
1.156402349472046;0.7496452331542969
1.1562726497650146;0.7496908903121948
1.1562381982803345;0.7476121187210083
1.1560026407241821;0.7483806014060974
1.1559957265853882;0.7486335039138794
1.1561604738235474;0.747695803642273
1.1560784578323364;0.7484488487243652
1.1559391021728516;0.7478381991386414
1.1558438539505005;0.747482180595398
1.1559333801269531;0.7485260367393494
1.1562516689300537;0.747356653213501
1.1562579870224;0.7479071617126465
1.156106948852539;0.7490914463996887
1.1562674045562744;0.7491739988327026
1.1561532020568848;0.7485702037811279
1.1564571857452393;0.749021053314209
1.155949592590332;0.7484836578369141
1.155919075012207;0.7492910623550415
1.1564598083496094;0.7499783635139465
1.156318187713623;0.7487402558326721
1.1563814878463745;0.748893141746521
1.1563584804534912;0.749404788017273
1.156004548072815;0.7479769587516785
1.1558681726455688;0.7498335838317871
1.1563360691070557;0.7470358610153198
1.1562427282333374;0.7495901584625244
1.1562808752059937;0.7498596906661987
1.1561071872711182;0.7492372989654541
1.1560235023498535;0.7478885054588318
1.1562817096710205;0.7502031922340393
1.1563758850097656;0.7488428354263306
1.156003475189209;0.7479640245437622
1.1564620733261108;0.7505005598068237
1.156324863433838;0.7500911355018616
1.156084656715393;0.7490753531455994
1.1564923524856567;0.748140811920166
1.1563615798950195;0.7477362155914307
1.1560273170471191;0.7486638426780701
1.15618896484375;0.7479566335678101
1.1558914184570312;0.7493013739585876
1.156860113143921;0.7492589354515076
1.1564749479293823;0.7510244846343994
1.156022310256958;0.7487051486968994
1.156432032585144;0.7484995126724243
1.156205177307129;0.748519778251648
1.1561226844787598;0.7501819133758545
1.1559789180755615;0.748796820640564
1.1564888954162598;0.7511583566665649
1.1566203832626343;0.7503125667572021
1.1561795473098755;0.7488536238670349
1.155857801437378;0.7470606565475464
1.1561200618743896;0.7487368583679199
1.1563482284545898;0.7482099533081055
1.1564302444458008;0.7509675621986389
1.1563400030136108;0.7484102845191956
1.156090259552002;0.7480509281158447
1.1566169261932373;0.7490780353546143
1.1560368537902832;0.7476052045822144
1.1559499502182007;0.7480442523956299
1.1566507816314697;0.7494761943817139
1.1561275720596313;0.7479293346405029
1.1562975645065308;0.7487503290176392
1.1560591459274292;0.7495084404945374
1.1559650897979736;0.7478981018066406
1.15617036819458;0.7493736147880554
1.1561768054962158;0.7483220100402832
1.1561307907104492;0.7488405108451843
1.1561102867126465;0.7478763461112976
1.1559712886810303;0.7476179599761963
1.156276822090149;0.7482035160064697
1.156093716621399;0.7486776113510132
1.1558665037155151;0.7478547096252441
1.156319260597229;0.7481456995010376
1.1560251712799072;0.7488458156585693
1.1561373472213745;0.7495244741439819
1.1560553312301636;0.7474687099456787
1.1561675071716309;0.7486695051193237
1.1561251878738403;0.7472903728485107
1.1564432382583618;0.7486011981964111
1.1561013460159302;0.7482157349586487
1.1560120582580566;0.7480659484863281
1.1562244892120361;0.7500638365745544
1.1564147472381592;0.7486422061920166
1.1559332609176636;0.7470111846923828
1.1563026905059814;0.7491216063499451
1.1560782194137573;0.7468939423561096
1.1562399864196777;0.74808669090271
1.1559867858886719;0.747768759727478
1.1564654111862183;0.7483581900596619
1.1564273834228516;0.7479996681213379
1.1559312343597412;0.7497376799583435
1.1561059951782227;0.747999906539917
1.1562107801437378;0.7494803667068481
1.155961275100708;0.748193085193634
1.1562399864196777;0.7482718825340271
1.1560962200164795;0.748537003993988
1.1559064388275146;0.7480890154838562
1.1561514139175415;0.7492018938064575
1.156177282333374;0.7499656081199646
1.1559829711914062;0.7481132745742798
1.155945062637329;0.748502254486084
1.1560906171798706;0.7496051788330078
1.156517505645752;0.7478601932525635
1.1560497283935547;0.7473143339157104
1.1563546657562256;0.7479316592216492
1.1560702323913574;0.7489637732505798
1.1560957431793213;0.7487629055976868
1.156174659729004;0.7484923601150513
1.1564960479736328;0.7502931356430054
1.1561455726623535;0.7489460110664368
1.156170129776001;0.7491832375526428
1.1561002731323242;0.7486009001731873
1.1563308238983154;0.7481693029403687
1.1559131145477295;0.7481385469436646
1.1565277576446533;0.7485902309417725
1.1561689376831055;0.7476897835731506
1.156440258026123;0.7486698031425476
1.1562918424606323;0.7496331334114075
1.1559938192367554;0.7492521405220032
1.1563366651535034;0.7497028112411499
1.1564481258392334;0.7483861446380615
1.1563901901245117;0.7480520606040955
1.1560170650482178;0.7484179735183716
1.1567103862762451;0.7509942650794983
1.1560859680175781;0.7485965490341187
1.156224250793457;0.7485064268112183
1.156509280204773;0.7486702799797058
1.1563506126403809;0.7488515377044678
1.155975580215454;0.7473746538162231
1.1563786268234253;0.7466540336608887
1.1561031341552734;0.7491401433944702
1.1564085483551025;0.7474881410598755
1.156162977218628;0.7486616373062134
1.1566600799560547;0.7512348890304565
1.1559709310531616;0.7480053901672363
1.1559536457061768;0.747248649597168
1.1561291217803955;0.7477779388427734
1.156196117401123;0.7484225630760193
1.155969500541687;0.7477253079414368
1.1559960842132568;0.7477719187736511
1.155983805656433;0.7477951049804688
1.156307339668274;0.7479066848754883
1.1560797691345215;0.7470481395721436
1.1559003591537476;0.7477505207061768
1.1561225652694702;0.7474958300590515
1.1561319828033447;0.7477196455001831
1.1561115980148315;0.7490882873535156
1.156225323677063;0.7482601404190063
1.1564581394195557;0.7477952837944031
1.156319260597229;0.7485138177871704
1.1565680503845215;0.7486517429351807
1.1559396982192993;0.7477936148643494
1.156245470046997;0.7485170364379883
1.1561508178710938;0.7488803267478943
1.1559922695159912;0.7474408149719238
1.1561508178710938;0.7481135129928589
1.1561262607574463;0.7473616003990173
1.1561329364776611;0.7468783259391785
1.1559069156646729;0.747756838798523
1.155958890914917;0.7494628429412842
1.1561224460601807;0.7479616403579712
1.1564104557037354;0.7494150400161743
1.1561168432235718;0.7484524250030518
1.1565003395080566;0.7479299306869507
1.1569552421569824;0.7493569850921631
1.1562761068344116;0.7482191920280457
1.1559239625930786;0.7489877343177795
1.1559021472930908;0.7485132217407227
1.1561596393585205;0.7491540312767029
1.1561758518218994;0.749442458152771
1.1561965942382812;0.7473590970039368
1.1560533046722412;0.7480987906455994
1.1559069156646729;0.7493449449539185
1.1559114456176758;0.7483139038085938
1.1559650897979736;0.7468138933181763
1.1562542915344238;0.7484428286552429
1.1559478044509888;0.7468457221984863
1.1559399366378784;0.7477554082870483
1.1561079025268555;0.7473820447921753
1.1562368869781494;0.7475214600563049
1.156240701675415;0.7485930323600769
1.1563440561294556;0.7487542629241943
1.1566189527511597;0.7490153312683105
1.1559463739395142;0.7485399842262268
1.1561516523361206;0.7477419376373291
1.1559648513793945;0.7484371066093445
1.1563286781311035;0.7476856112480164
1.15604567527771;0.7481697201728821
1.1560606956481934;0.7472843527793884
1.1560384035110474;0.7466084957122803
1.156816840171814;0.749153196811676
1.1564433574676514;0.7491565942764282
1.156132698059082;0.7481697201728821
1.1564557552337646;0.7480474710464478
1.156030535697937;0.7485448718070984
1.1559416055679321;0.7481890916824341
1.1560072898864746;0.746878981590271
1.15619695186615;0.7475293874740601
1.1561291217803955;0.7482584714889526
1.1559958457946777;0.7485697865486145
1.156049370765686;0.7467415928840637
1.1562550067901611;0.7488745450973511
1.1560704708099365;0.7477173805236816
1.1559510231018066;0.7488470077514648
1.1562037467956543;0.7482341527938843
1.156141996383667;0.7474563121795654
1.1560380458831787;0.7472135424613953
1.1564922332763672;0.7489885687828064
1.156201720237732;0.7496293187141418
1.1561352014541626;0.746930718421936
1.1560533046722412;0.7473466992378235
1.1561254262924194;0.7496858835220337
1.156092882156372;0.7487554550170898
1.1560215950012207;0.7475112080574036
1.1562045812606812;0.7476789355278015
1.1563769578933716;0.7493002414703369
1.1563464403152466;0.7477856278419495
1.1561927795410156;0.7485786080360413
1.1561098098754883;0.7474227547645569
1.1561012268066406;0.749606728553772
1.1563544273376465;0.7475458979606628
1.1558314561843872;0.7496832609176636
1.1558973789215088;0.7474939823150635
1.1565583944320679;0.7485895156860352
1.1561323404312134;0.7488290071487427
1.1562016010284424;0.747044026851654
1.1563451290130615;0.7475120425224304
1.1560417413711548;0.7475050687789917
1.1561317443847656;0.7487671375274658
1.156232237815857;0.7483938932418823
1.1559967994689941;0.7475389838218689
1.1562035083770752;0.7478833794593811
1.156090497970581;0.748839795589447
1.1563136577606201;0.7481883764266968
1.1560412645339966;0.7491510510444641
1.156040906906128;0.7478412985801697
1.1561458110809326;0.7500821352005005
1.156211256980896;0.7495214343070984
1.156355381011963;0.7500736713409424
1.156514286994934;0.749241828918457
1.1562601327896118;0.747694194316864
1.1561223268508911;0.7473152875900269
1.156067967414856;0.7491561770439148
1.1565728187561035;0.7483636736869812
1.1561089754104614;0.748166024684906
1.1561508178710938;0.7482649683952332
1.1560959815979004;0.7489818334579468
1.156339406967163;0.7489022612571716
1.1562206745147705;0.7492647171020508
1.1560543775558472;0.748522937297821
1.156272053718567;0.7495487928390503
1.156071424484253;0.7468133568763733
1.1559330224990845;0.7476938962936401
1.1559969186782837;0.7480486631393433
1.1564804315567017;0.7499527335166931
1.156315803527832;0.7488397359848022
1.15595281124115;0.7463308572769165
1.1563409566879272;0.7482659816741943
1.156142234802246;0.7482352256774902
1.1559867858886719;0.7478399276733398
1.156448245048523;0.7479491829872131
1.1559264659881592;0.7475556135177612
1.1563773155212402;0.7483412027359009
1.155970573425293;0.7481049299240112
1.15597403049469;0.7476344108581543
1.1561543941497803;0.7485296726226807
1.1560070514678955;0.748633861541748
1.156665563583374;0.7477677464485168
1.156144380569458;0.7487461566925049
1.1561717987060547;0.7474874258041382
1.1564364433288574;0.7481405735015869
1.1562130451202393;0.7475119829177856
1.1562073230743408;0.7481932640075684
1.1559631824493408;0.7470846176147461
1.1563612222671509;0.7479517459869385
1.1563351154327393;0.7489158511161804
1.1561930179595947;0.747732937335968
1.1561450958251953;0.747527003288269
1.1561110019683838;0.7493335008621216
1.1560513973236084;0.7473159432411194
1.1563504934310913;0.7484116554260254
1.1559725999832153;0.7487715482711792
1.1565067768096924;0.75052809715271
1.1561744213104248;0.74821937084198
1.1561181545257568;0.7477397918701172
1.1562892198562622;0.7479748725891113
1.156052589416504;0.7475891709327698
1.1559698581695557;0.7478156089782715
1.1562213897705078;0.7481775283813477
1.1561789512634277;0.7479375600814819
1.1563189029693604;0.7486340999603271
1.1559414863586426;0.7474477887153625
1.156118631362915;0.7484703660011292
1.1560215950012207;0.7476921081542969
1.1559810638427734;0.7486792206764221
1.1562261581420898;0.7476645708084106
1.1561498641967773;0.7468515634536743
1.1560311317443848;0.7465038299560547
1.1561425924301147;0.7495442628860474
1.155890941619873;0.7471400499343872
1.1560428142547607;0.7470494508743286
1.1561511754989624;0.7489141225814819
1.156106948852539;0.7472869157791138
1.1563457250595093;0.7481769323348999
1.156171441078186;0.748715877532959
1.1563990116119385;0.7490203380584717
1.1563007831573486;0.7494274973869324
1.1562168598175049;0.7474455237388611
1.1559795141220093;0.7478282451629639
1.1559727191925049;0.7482614517211914
1.1564735174179077;0.7496950030326843
1.1562631130218506;0.7495866417884827
1.1559739112854004;0.747171938419342
1.1562594175338745;0.7469926476478577
1.156024694442749;0.7467217445373535
1.1564794778823853;0.7478083372116089
1.1560564041137695;0.747307300567627
1.1560205221176147;0.7480168342590332
1.1562626361846924;0.748211145401001
1.1565641164779663;0.7492331266403198
1.1560215950012207;0.7462842464447021
1.156156063079834;0.7488263845443726
1.1561187505722046;0.7481577396392822
1.156137466430664;0.7476099729537964
1.1560051441192627;0.74708092212677
1.156032681465149;0.7467998266220093
1.1562261581420898;0.7493361830711365
1.155877709388733;0.7475870251655579
1.1559866666793823;0.7477812170982361
1.155987024307251;0.7471604347229004
1.1562492847442627;0.747969388961792
1.1559242010116577;0.7487002015113831
1.1560392379760742;0.7465004920959473
1.156045913696289;0.7479442954063416
1.1559637784957886;0.7478286027908325
1.156272053718567;0.7480868101119995
1.1563992500305176;0.7463641166687012
1.1560072898864746;0.7473679780960083
1.1565911769866943;0.7485934495925903
1.1560389995574951;0.7467145919799805
1.1562165021896362;0.7473725080490112
1.1562550067901611;0.7498301267623901
1.1566205024719238;0.7491986751556396
1.1562037467956543;0.7466897964477539
1.156059741973877;0.7469099164009094
1.156261682510376;0.7480392456054688
1.1562628746032715;0.7491508722305298
1.1563645601272583;0.7479490041732788
1.155985713005066;0.748611330986023
1.1559754610061646;0.7477560043334961
1.1559021472930908;0.7466896176338196
1.1560490131378174;0.7489234805107117
1.1565029621124268;0.7494048476219177
1.1563260555267334;0.7472533583641052
1.1562285423278809;0.7464314699172974
1.1559464931488037;0.7478469610214233
1.1558871269226074;0.7473078966140747
1.156273365020752;0.7473965883255005
1.156078815460205;0.7472198009490967
1.15618896484375;0.7475415468215942
1.156241774559021;0.7475058436393738
1.1563479900360107;0.7482672333717346
1.156773328781128;0.7488688230514526
1.1561758518218994;0.7480953931808472
1.1560308933258057;0.7472451329231262
1.156036138534546;0.7467149496078491
1.1561834812164307;0.7480913996696472
1.1562029123306274;0.7473128437995911
1.156307339668274;0.7491875886917114
1.1561633348464966;0.7484887838363647
1.156135082244873;0.7484019994735718
1.156380534172058;0.7480972409248352
1.1560776233673096;0.7468604445457458
1.1560612916946411;0.7475075721740723
1.1562861204147339;0.7481918334960938
1.1563800573349;0.7482315301895142
1.1558797359466553;0.7468648552894592
1.156127691268921;0.7472217679023743
1.1560732126235962;0.7469997406005859
1.1567097902297974;0.7494097948074341
1.1561449766159058;0.7481489181518555
1.1560792922973633;0.7472652196884155
1.1562283039093018;0.7482086420059204
1.1560214757919312;0.7472067475318909
1.1561359167099;0.7480883002281189
1.1560014486312866;0.7475258111953735
1.1560262441635132;0.7482507824897766
1.1564130783081055;0.7475188970565796
1.1561886072158813;0.748247504234314
1.1561061143875122;0.7467008233070374
1.1559339761734009;0.7483487725257874
1.1563706398010254;0.7485873103141785
1.1560214757919312;0.7469201683998108
1.1565715074539185;0.7492334842681885
1.1561006307601929;0.748777449131012
1.1560755968093872;0.7473521828651428
1.1561514139175415;0.7468747496604919
1.1559789180755615;0.7481262683868408
1.1558823585510254;0.7472527027130127
1.1565145254135132;0.7472342252731323
1.1559791564941406;0.7485495209693909
1.155985951423645;0.7477669715881348
1.1566182374954224;0.7489616870880127
1.156001329421997;0.748528242111206
1.1560871601104736;0.7471209168434143
1.1561055183410645;0.7474214434623718
1.1561065912246704;0.7464678287506104
1.1561155319213867;0.7482905387878418
1.1562530994415283;0.7474806904792786
1.1561133861541748;0.7495295405387878
1.1561830043792725;0.7476105093955994
1.156162142753601;0.7474057674407959
1.155949592590332;0.7477636337280273
1.1562888622283936;0.7485760450363159
1.1563016176223755;0.7481319904327393
1.156062126159668;0.7490367889404297
1.1559492349624634;0.7479760050773621
1.156545639038086;0.7483415603637695
1.1560479402542114;0.7490630149841309
1.155920386314392;0.7476783990859985
1.1561040878295898;0.7477614879608154
1.1559529304504395;0.7469315528869629
1.1563398838043213;0.7480361461639404
1.1568214893341064;0.7475897073745728
1.1558952331542969;0.7475177049636841
1.1560884714126587;0.7477702498435974
1.1559959650039673;0.7464472651481628
1.1561537981033325;0.7455493211746216
1.1561554670333862;0.7465370297431946
1.1561708450317383;0.7481116652488708
1.1562244892120361;0.7498375773429871
1.15599524974823;0.7480282187461853
1.1559631824493408;0.7479110360145569
1.1566137075424194;0.7480248808860779
1.156273365020752;0.7466368079185486
1.1562143564224243;0.7478351593017578
1.1564147472381592;0.7483539581298828
1.1559096574783325;0.7474831342697144
1.1563429832458496;0.7484814524650574
1.156030297279358;0.7492611408233643
1.1561682224273682;0.747687816619873
1.1560240983963013;0.746458888053894
1.1561899185180664;0.7483259439468384
1.1559340953826904;0.7484365701675415
1.1558845043182373;0.7484785914421082
1.1560864448547363;0.7476406097412109
1.1565396785736084;0.7482668161392212
1.156496286392212;0.7496953010559082
1.1560194492340088;0.746285080909729
1.1562179327011108;0.7476444244384766
1.1560865640640259;0.74772709608078
1.1563429832458496;0.747166633605957
1.1562696695327759;0.7469945549964905
1.1559975147247314;0.7470886707305908
1.156341791152954;0.7487607598304749
1.156131386756897;0.7482500076293945
1.1561895608901978;0.7480037808418274
1.1559802293777466;0.7480067014694214
1.1559312343597412;0.7486989498138428
1.1560355424880981;0.7476259469985962
1.1565768718719482;0.7479996681213379
1.1562767028808594;0.7476104497909546
1.1560543775558472;0.7483630180358887
1.1561057567596436;0.7479079961776733
1.1561460494995117;0.7483198642730713
1.1562516689300537;0.7496672868728638
1.156449556350708;0.7461694478988647
1.1563823223114014;0.7492147088050842
1.1561721563339233;0.7486708760261536
1.1561826467514038;0.7466249465942383
1.1562073230743408;0.7483327984809875
1.1565022468566895;0.7487473487854004
1.1561431884765625;0.7470018863677979
1.1565215587615967;0.7481244802474976
1.1560989618301392;0.7477543354034424
1.1558626890182495;0.7476342916488647
1.1563141345977783;0.7464070320129395
1.1558748483657837;0.7477430105209351
1.1560213565826416;0.7481637597084045
1.155970811843872;0.7480899095535278
1.1560009717941284;0.7470203638076782
1.1561510562896729;0.7488182783126831
1.15619695186615;0.7482749819755554
1.1558853387832642;0.7481741309165955
1.1561461687088013;0.7462043762207031
1.1558194160461426;0.7483273148536682
1.1560359001159668;0.7477262020111084
1.1561211347579956;0.7468942403793335
1.1559696197509766;0.7461999654769897
1.1559278964996338;0.7486324906349182
1.1562788486480713;0.7478213310241699
1.1561894416809082;0.7478471994400024
1.1562761068344116;0.7479119896888733
1.1560518741607666;0.7484954595565796
1.156019926071167;0.7483406066894531
1.1559529304504395;0.7485900521278381
1.1559979915618896;0.7484326362609863
1.156301736831665;0.7479271292686462
1.1561349630355835;0.7486623525619507
1.156183123588562;0.7480795383453369
1.1559867858886719;0.7460170984268188
1.156002163887024;0.7479889988899231
1.156097412109375;0.7479380369186401
1.156402826309204;0.7482903599739075
1.1561423540115356;0.74798184633255
1.1561894416809082;0.7484371662139893
1.1558825969696045;0.7481886744499207
1.1559499502182007;0.7466921806335449
1.156346321105957;0.7481188774108887
1.156388521194458;0.7502882480621338
1.1564879417419434;0.7483322620391846
1.1562198400497437;0.7476317286491394
1.1559208631515503;0.7485518455505371
1.15614652633667;0.7474926114082336
1.1562494039535522;0.7480372190475464
1.1560136079788208;0.7471849918365479
1.1559991836547852;0.7481727600097656
1.1561743021011353;0.7478607296943665
1.1564218997955322;0.7486937642097473
1.1561247110366821;0.7471303939819336
1.1561028957366943;0.7477512955665588
1.156609058380127;0.7474537491798401
1.1560826301574707;0.7470065951347351
1.1560828685760498;0.746592104434967
1.1560587882995605;0.7485502362251282
1.1559545993804932;0.7470499277114868
1.1564675569534302;0.748847246170044
1.156571388244629;0.7475790977478027
1.156153917312622;0.7483652234077454
1.1562111377716064;0.7496670484542847
1.1561274528503418;0.7467008829116821
1.1561858654022217;0.7495216131210327
1.1562626361846924;0.747767448425293
1.1558579206466675;0.7478973865509033
1.1560959815979004;0.7475699782371521
1.1560269594192505;0.7488214373588562
1.156060814857483;0.7477295994758606
1.1563007831573486;0.7483235597610474
1.1563787460327148;0.7481306791305542
1.1563997268676758;0.7485549449920654
1.1562304496765137;0.7474145889282227
1.1560415029525757;0.7469466924667358
1.156070590019226;0.7471107244491577
1.1560821533203125;0.7467359304428101
1.1563606262207031;0.7481787204742432
1.156550645828247;0.7485933303833008
1.1561518907546997;0.748305082321167
1.1565030813217163;0.7479289174079895
1.1567919254302979;0.7490607500076294
1.1562907695770264;0.7470030188560486
1.1564903259277344;0.7483764886856079
1.1562178134918213;0.7486423850059509
1.1562658548355103;0.7483187913894653
1.156191349029541;0.7485339045524597
1.1559967994689941;0.7472803592681885
1.1562237739562988;0.7491554617881775
1.1561836004257202;0.7476404309272766
1.1560883522033691;0.748075008392334
1.156410574913025;0.7496733069419861
1.1560081243515015;0.7482431530952454
1.1561825275421143;0.7469922304153442
1.15655517578125;0.7492151260375977
1.1559895277023315;0.7481024265289307
1.1561198234558105;0.7494044303894043
1.1565781831741333;0.7484278082847595
1.1562838554382324;0.7473667860031128
1.1564112901687622;0.7491901516914368
1.1562747955322266;0.7486575841903687
1.156183123588562;0.7481328845024109
1.1561009883880615;0.7480176091194153
1.1560580730438232;0.7483341693878174
1.1561404466629028;0.7484277486801147
1.1560688018798828;0.748846709728241
1.156053066253662;0.74864661693573
1.1565446853637695;0.7474697828292847
1.1560735702514648;0.7479243278503418
1.1561517715454102;0.7475686073303223
1.1559510231018066;0.7468239068984985
1.1558682918548584;0.7469675540924072
1.1561338901519775;0.7467254400253296
1.1561065912246704;0.7478848099708557
1.156286597251892;0.7484418153762817
1.1561336517333984;0.7479802370071411
1.156159520149231;0.746034562587738
1.1559011936187744;0.7494581341743469
1.1564621925354004;0.7474026679992676
1.1559264659881592;0.7479599714279175
1.1560533046722412;0.7477027773857117
1.1560026407241821;0.7482666969299316
1.1564180850982666;0.7483271360397339
1.1559512615203857;0.7465430498123169
1.1563299894332886;0.7479103207588196
1.1562788486480713;0.7476454377174377
1.1562917232513428;0.7486240863800049
1.1566194295883179;0.7475728392601013
1.1561403274536133;0.7497138381004333
1.156068205833435;0.7479510307312012
1.1562597751617432;0.7497178316116333
1.1561675071716309;0.7475922107696533
1.1564362049102783;0.7499911785125732
1.1561185121536255;0.747710108757019
1.1560111045837402;0.7484043836593628
1.156005620956421;0.7484962940216064
1.1560696363449097;0.7486225962638855
1.156124234199524;0.7490597367286682
1.1560349464416504;0.7474006414413452
1.1559946537017822;0.748519778251648
1.1559754610061646;0.7462097406387329
1.156230092048645;0.7469139099121094
1.1559598445892334;0.7470760941505432
1.156074047088623;0.7479803562164307
1.1563961505889893;0.7461718320846558
1.1561944484710693;0.7486949563026428
1.156151533126831;0.7487077713012695
1.1559022665023804;0.7482383251190186
1.1567010879516602;0.7481443881988525
1.1561737060546875;0.7477449774742126
1.156130075454712;0.7476840019226074
1.1572554111480713;0.7499392628669739
1.1560484170913696;0.7465240955352783
1.1560745239257812;0.7479960918426514
1.1560083627700806;0.7471495866775513
1.1559362411499023;0.7471109628677368
1.1567261219024658;0.7503666877746582
1.1563332080841064;0.7480100393295288
1.1561776399612427;0.7468103170394897
1.156376838684082;0.7486977577209473
1.1558998823165894;0.748465895652771
1.1560825109481812;0.7474097013473511
1.1560357809066772;0.7474023699760437
1.1559138298034668;0.7471205592155457
1.1562780141830444;0.7489535808563232
1.1562561988830566;0.7467209696769714
1.1559910774230957;0.7472512722015381
1.1560817956924438;0.7474560737609863
1.156216025352478;0.7476803660392761
1.1563591957092285;0.7485107183456421
1.1563901901245117;0.7483772039413452
1.1563901901245117;0.748807430267334
1.1559393405914307;0.7468600273132324
1.1563143730163574;0.7485918998718262
1.1562213897705078;0.7474833726882935
1.1559677124023438;0.7487822771072388
1.1560221910476685;0.7484003305435181
1.1560356616973877;0.7477085590362549
1.1566455364227295;0.7488088607788086
1.1559510231018066;0.7477266788482666
1.1562962532043457;0.7485913634300232
1.1560935974121094;0.7473044395446777
1.1561436653137207;0.7479796409606934
1.156041145324707;0.746992290019989
1.1560617685317993;0.7486774921417236
1.156193494796753;0.7464903593063354
1.156196117401123;0.748853325843811
1.1560956239700317;0.7481078505516052
1.1560765504837036;0.7471038103103638
1.1564406156539917;0.7475457191467285
1.1560413837432861;0.747539758682251
1.1564178466796875;0.7482515573501587
1.1562292575836182;0.7479492425918579
1.156389832496643;0.7481765747070312
1.156446933746338;0.7472577095031738
1.1562635898590088;0.7483338713645935
1.1562048196792603;0.7472086548805237
1.1564304828643799;0.7478464245796204
1.156466007232666;0.7485933899879456
1.1565122604370117;0.7482625246047974
1.1562262773513794;0.7485787868499756
1.1560401916503906;0.7470503449440002
1.1563282012939453;0.7486385107040405
1.156259536743164;0.7481402158737183
1.1560895442962646;0.7473734617233276
1.156229853630066;0.7462674379348755
1.1559908390045166;0.7489001750946045
1.1560214757919312;0.7499316930770874
1.156033992767334;0.7486079931259155
1.1562367677688599;0.747650146484375
1.156406044960022;0.7468585968017578
1.1564264297485352;0.7464475631713867
1.1561081409454346;0.7466613054275513
1.155998706817627;0.7472739219665527
1.1559431552886963;0.746860682964325
1.1561800241470337;0.7494486570358276
1.1562845706939697;0.7480260133743286
1.1564048528671265;0.7479135394096375
1.156235933303833;0.7477644085884094
1.1560571193695068;0.7483829259872437
1.1563433408737183;0.7476084232330322
1.1559265851974487;0.7472469210624695
1.1562371253967285;0.7493696212768555
1.1562632322311401;0.7483596205711365
1.1559414863586426;0.7483538389205933
1.155889868736267;0.7471652030944824
1.156613826751709;0.7480835914611816
1.1559494733810425;0.7469898462295532
1.1562577486038208;0.7464824914932251
1.156773567199707;0.748071551322937
1.1559988260269165;0.7477992177009583
1.1560616493225098;0.7471485733985901
1.1560555696487427;0.7465062737464905
1.15616774559021;0.7476075887680054
1.1565037965774536;0.7483497858047485
1.1563676595687866;0.7465201020240784
1.1561856269836426;0.7479808926582336
1.1561301946640015;0.7486933469772339
1.1560910940170288;0.7474037408828735
1.1561273336410522;0.7482959032058716
1.1559906005859375;0.7472459077835083
1.1561614274978638;0.7479710578918457
1.156084418296814;0.7463757395744324
1.1562962532043457;0.7462010383605957
1.156153917312622;0.7478945255279541
1.1565282344818115;0.7489461302757263
1.155856966972351;0.748522162437439
1.156078577041626;0.7467374801635742
1.1561747789382935;0.7487225532531738
1.156434416770935;0.7475628852844238
1.1559171676635742;0.7482056617736816
1.1559735536575317;0.7471538186073303
1.1561940908432007;0.7488032579421997
1.1564788818359375;0.7481423020362854
1.1563947200775146;0.74833083152771
1.1559715270996094;0.7481910586357117
1.1562546491622925;0.7487636208534241
1.1563518047332764;0.7467762231826782
1.1562039852142334;0.7480118870735168
1.156123399734497;0.7485213279724121
1.156008005142212;0.7479295134544373
1.1561189889907837;0.7468820810317993
1.1558239459991455;0.746452808380127
1.1560157537460327;0.746734619140625
1.1560133695602417;0.7467041015625
1.1559715270996094;0.7473731637001038
1.1561636924743652;0.7470644116401672
1.1560158729553223;0.7481542229652405
1.1559422016143799;0.7474731802940369
1.1560313701629639;0.7474258542060852
1.156404972076416;0.7484623789787292
1.15621817111969;0.749036431312561
1.1560890674591064;0.7460893392562866
1.156193494796753;0.7477270364761353
1.1560813188552856;0.7480149865150452
1.1561726331710815;0.7489327192306519
1.1561132669448853;0.7485190033912659
1.1564730405807495;0.748759388923645
1.1563525199890137;0.7486299276351929
1.1560138463974;0.7476710677146912
1.1563068628311157;0.7481504082679749
1.155928134918213;0.7480186820030212
1.156416893005371;0.749726414680481
1.1560535430908203;0.7475329041481018
1.1564117670059204;0.7462513446807861
1.156265377998352;0.747917890548706
1.1562755107879639;0.7464752197265625
1.156118392944336;0.7468814849853516
1.1566078662872314;0.7482765913009644
1.156193733215332;0.7472801804542542
1.1559768915176392;0.7483941316604614
1.1561402082443237;0.7471127510070801
1.1563044786453247;0.7474977374076843
1.1566247940063477;0.7480015158653259
1.1562966108322144;0.7475500106811523
1.1559884548187256;0.7473080158233643
1.1565219163894653;0.7479115724563599
1.1561996936798096;0.7472331523895264
1.1561956405639648;0.7485146522521973
1.1560763120651245;0.7476427555084229
1.1559267044067383;0.7464807629585266
1.1563528776168823;0.7468861937522888
1.1566264629364014;0.7479017972946167
1.1559590101242065;0.7469804883003235
1.1560009717941284;0.7471686005592346
1.1561753749847412;0.7475667595863342
1.1559972763061523;0.7489369511604309
1.1562286615371704;0.7476251721382141
1.156140923500061;0.7479203939437866
1.1560299396514893;0.7479182481765747
1.1559579372406006;0.7477493286132812
1.1563220024108887;0.7498863339424133
1.1559242010116577;0.7468118071556091
1.1562596559524536;0.7472271919250488
1.1565260887145996;0.748421311378479
1.1562182903289795;0.7470993995666504
1.1559540033340454;0.7469915747642517
1.1566083431243896;0.7505365610122681
1.156033992767334;0.7476927042007446
1.156332015991211;0.7467490434646606
1.155938744544983;0.7484058737754822
1.1562743186950684;0.7469603419303894
1.1558825969696045;0.7461246252059937
1.1562649011611938;0.750134289264679
1.1562936305999756;0.7493935823440552
1.1559255123138428;0.7476227283477783
1.1566152572631836;0.7500506639480591
1.156179666519165;0.7486393451690674
1.1564075946807861;0.749004602432251
1.1560540199279785;0.7482118010520935
1.1567167043685913;0.7470346093177795
1.1560676097869873;0.7482684850692749
1.1564875841140747;0.7492392063140869
1.1559265851974487;0.7474898099899292
1.156489372253418;0.7486996650695801
1.1562891006469727;0.7469114065170288
1.1563174724578857;0.7480602860450745
1.1560590267181396;0.7485182881355286
1.1560215950012207;0.7475275993347168
1.1560254096984863;0.7479043006896973
1.1561915874481201;0.7488298416137695
1.156000018119812;0.7466574311256409
1.1561691761016846;0.7467695474624634
1.156290054321289;0.74684739112854
1.1559779644012451;0.7462823390960693
1.1562350988388062;0.7494650483131409
1.1561249494552612;0.747412919998169
1.1561676263809204;0.747657299041748
1.1565320491790771;0.7483114004135132
1.1561765670776367;0.7483649849891663
1.1561803817749023;0.7468782067298889
1.1563661098480225;0.74811851978302
1.1563478708267212;0.7490639686584473
1.1562118530273438;0.749082088470459
1.1562796831130981;0.7477574944496155
1.1561142206192017;0.7458317875862122
1.1562871932983398;0.7487962245941162
1.1559005975723267;0.7473983764648438
1.1561695337295532;0.7471943497657776
1.1560094356536865;0.7473722696304321
1.155914068222046;0.749830961227417
1.1560444831848145;0.7485865354537964
1.1564621925354004;0.7474666833877563
1.1561373472213745;0.7478986978530884
1.156332015991211;0.7481546401977539
1.155974268913269;0.7457318305969238
1.1562647819519043;0.746762752532959
1.1562190055847168;0.7480829954147339
1.1560391187667847;0.7498944401741028
