TV;KL
1.2773228883743286;4.472146511077881
0.3618496060371399;0.27907824516296387
0.28680646419525146;0.18645283579826355
0.25695356726646423;0.13223665952682495
0.23643571138381958;0.1076873317360878
0.21494770050048828;0.07761723548173904
0.20430424809455872;0.07269752025604248
0.1890558898448944;0.06368892639875412
0.1795203685760498;0.05309242010116577
0.18461307883262634;0.05449623987078667
0.17735108733177185;0.04397144913673401
0.16839219629764557;0.04606949910521507
0.152634859085083;0.038195230066776276
0.16901248693466187;0.04107718914747238
0.16740891337394714;0.04168350249528885
0.16180282831192017;0.03355671837925911
0.1750333160161972;0.0366315022110939
0.15137235820293427;0.034124717116355896
0.17164334654808044;0.03280889242887497
0.15478268265724182;0.032806769013404846
0.14560972154140472;0.028377335518598557
0.16149231791496277;0.03204953670501709
0.15433591604232788;0.029007315635681152
0.14454078674316406;0.03181641548871994
0.154087632894516;0.02779345214366913
0.14873819053173065;0.025415364652872086
0.1543506681919098;0.027876973152160645
0.14712268114089966;0.026112474501132965
0.14704087376594543;0.02270396426320076
0.14882582426071167;0.022610604763031006
0.146356463432312;0.02252339944243431
0.14929717779159546;0.022511225193738937
0.15436607599258423;0.026951637119054794
0.14425861835479736;0.019113797694444656
0.14441704750061035;0.021257050335407257
0.14840704202651978;0.021512795239686966
0.14182694256305695;0.02115337923169136
0.14399705827236176;0.018479730933904648
0.14948692917823792;0.020812273025512695
0.14467796683311462;0.017806321382522583
0.14623865485191345;0.019595380872488022
0.14332354068756104;0.017958134412765503
0.14107535779476166;0.017176553606987
0.1396743655204773;0.01646667718887329
0.14288300275802612;0.018841035664081573
0.1423499584197998;0.017248108983039856
0.14226239919662476;0.016873590648174286
0.143800288438797;0.01650349423289299
0.14245042204856873;0.01694604381918907
0.14556166529655457;0.01696242392063141
0.1498749554157257;0.017689459025859833
0.1393720954656601;0.01732059195637703
0.14035236835479736;0.017240110784769058
0.14044490456581116;0.016495905816555023
0.14262603223323822;0.017260495573282242
0.14917084574699402;0.016773227602243423
0.14205370843410492;0.01788056641817093
0.14490415155887604;0.017111394554376602
0.139834463596344;0.014619056135416031
0.14625012874603271;0.01665358990430832
0.14421236515045166;0.016555465757846832
0.14522117376327515;0.01649285852909088
0.14019790291786194;0.015105478465557098
0.14830896258354187;0.016396373510360718
0.1448042243719101;0.015666328370571136
0.14552107453346252;0.016670823097229004
0.14310979843139648;0.01602451503276825
0.1453559249639511;0.015736781060695648
0.14568409323692322;0.018473505973815918
0.15508317947387695;0.018994346261024475
0.14546707272529602;0.01532071828842163
0.14441567659378052;0.01680728793144226
0.14244139194488525;0.01595471054315567
0.14380747079849243;0.016840524971485138
0.1428656280040741;0.016341309994459152
0.1451917290687561;0.015956103801727295
0.13967034220695496;0.015507705509662628
0.14448782801628113;0.016447845846414566
0.14630725979804993;0.017147116363048553
0.1424809992313385;0.017614461481571198
0.1487026959657669;0.0166391059756279
0.14115993678569794;0.015279442071914673
0.14540889859199524;0.015595585107803345
0.14788343012332916;0.01747521385550499
0.14400139451026917;0.017585817724466324
0.1471404880285263;0.01679724082350731
0.14572802186012268;0.01654079556465149
0.14150981605052948;0.01602029800415039
0.14262916147708893;0.0162491574883461
0.1519879400730133;0.01787704974412918
0.1466744989156723;0.017024673521518707
0.14214785397052765;0.014955002814531326
0.14431004226207733;0.018112152814865112
0.14253485202789307;0.014968425035476685
0.14610973000526428;0.016809992492198944
0.15248948335647583;0.016558699309825897
0.142800435423851;0.016705039888620377
0.13766786456108093;0.015106849372386932
0.1430259495973587;0.01541990041732788
0.14231222867965698;0.016228362917900085
0.1387643814086914;0.014806173741817474
0.14004048705101013;0.014772608876228333
0.144399955868721;0.015714354813098907
0.14321385324001312;0.016986943781375885
0.1414211392402649;0.01619509607553482
0.13892488181591034;0.014412909746170044
0.1417752206325531;0.015600748360157013
0.13884176313877106;0.015746962279081345
0.13926731050014496;0.015843480825424194
0.14185665547847748;0.015729747712612152
0.14645367860794067;0.01752418279647827
0.14766699075698853;0.01687648892402649
0.14237357676029205;0.0164017416536808
0.14577187597751617;0.01723707839846611
0.1436242014169693;0.01629888266324997
0.145416259765625;0.018226835876703262
0.1418423056602478;0.01617623120546341
0.1492074429988861;0.01644100993871689
0.14506122469902039;0.01623591035604477
0.14597201347351074;0.015994027256965637
0.14606302976608276;0.016871489584445953
0.1409955620765686;0.015519730746746063
0.1498979926109314;0.016379252076148987
0.14622236788272858;0.015476517379283905
0.14512869715690613;0.01688346266746521
0.14257055521011353;0.016279272735118866
0.1400323510169983;0.016215234994888306
0.1456083059310913;0.01747281104326248
0.14428554475307465;0.015741772949695587
0.1445574313402176;0.01642443612217903
0.1400359869003296;0.016201026737689972
0.13947060704231262;0.01588435471057892
0.13993269205093384;0.01593761146068573
0.14065808057785034;0.016255609691143036
0.14428624510765076;0.016736704856157303
0.144341379404068;0.016087748110294342
0.14187218248844147;0.015468381345272064
0.1480226367712021;0.01750688999891281
0.14265076816082;0.016906913369894028
0.14582738280296326;0.016352415084838867
0.14294256269931793;0.01572151482105255
0.14143919944763184;0.016166426241397858
0.13822421431541443;0.015771586447954178
0.14064255356788635;0.016659539192914963
0.14178723096847534;0.015515919774770737
0.14454035460948944;0.01666872203350067
0.1448533684015274;0.015918828547000885
0.14693212509155273;0.017298437654972076
0.1464381217956543;0.01608416438102722
0.14588916301727295;0.017315633594989777
0.14221037924289703;0.016197800636291504
0.14001181721687317;0.015543445944786072
0.14425837993621826;0.016186736524105072
0.14343824982643127;0.01712125912308693
0.14763297140598297;0.016987226903438568
0.14484819769859314;0.016348496079444885
0.1416289210319519;0.01661025732755661
0.1423359364271164;0.01685391366481781
0.14193788170814514;0.01724771037697792
0.1427954137325287;0.01562250405550003
0.14245441555976868;0.01620979979634285
0.14572307467460632;0.01691513881087303
0.14500389993190765;0.01617024838924408
0.1407318413257599;0.015562783926725388
0.14315710961818695;0.015890002250671387
0.15519371628761292;0.018857937306165695
0.14645391702651978;0.01765618473291397
0.14163249731063843;0.015145763754844666
0.14018410444259644;0.017201043665409088
0.14685046672821045;0.016929954290390015
0.1386716365814209;0.015828102827072144
0.14600278437137604;0.017786137759685516
0.1488931030035019;0.01635027676820755
0.15079772472381592;0.01804858073592186
0.14675356447696686;0.01719435304403305
0.14708101749420166;0.017607998102903366
0.14591078460216522;0.016840912401676178
0.14413492381572723;0.016284361481666565
0.14674782752990723;0.01829017698764801
0.1450749933719635;0.015964068472385406
0.14467981457710266;0.016201332211494446
0.13984626531600952;0.014703340828418732
0.14120090007781982;0.014702510088682175
0.14611047506332397;0.016383569687604904
0.1477816104888916;0.016807921230793
0.14439794421195984;0.01571931689977646
0.1431763917207718;0.01674335077404976
0.14417067170143127;0.015498705208301544
0.14201709628105164;0.01652124524116516
0.1468876302242279;0.015429437160491943
0.15046703815460205;0.01700398325920105
0.14392518997192383;0.015418358147144318
0.1401594877243042;0.01505078375339508
0.14532381296157837;0.01630515605211258
0.14637035131454468;0.01649380475282669
0.14570003747940063;0.01712917536497116
0.14875701069831848;0.018841810524463654
0.13994121551513672;0.0162106491625309
0.14561310410499573;0.01568976789712906
0.1468714475631714;0.017913252115249634
0.14248637855052948;0.016756251454353333
0.14842697978019714;0.016509070992469788
0.14551280438899994;0.016506843268871307
0.15146610140800476;0.017888270318508148
0.14376318454742432;0.01590283215045929
0.14093206822872162;0.015623345971107483
0.14145061373710632;0.016151539981365204
0.14551343023777008;0.016815803945064545
0.14363455772399902;0.016183536499738693
0.13903085887432098;0.01564706116914749
0.14368748664855957;0.016847550868988037
0.14260897040367126;0.015536300837993622
0.14105698466300964;0.016483064740896225
0.14180374145507812;0.015536058694124222
0.14008104801177979;0.016078617423772812
0.13920775055885315;0.01503712683916092
0.14592576026916504;0.017221972346305847
0.14191855490207672;0.016678713262081146
0.1392289400100708;0.015254594385623932
0.14236284792423248;0.017471671104431152
0.14466515183448792;0.015195228159427643
0.14342987537384033;0.01585257053375244
0.14731454849243164;0.017222478985786438
0.14680185914039612;0.01686859130859375
0.1375255286693573;0.01615292578935623
0.14181406795978546;0.016498368233442307
0.14050723612308502;0.015572749078273773
0.14448754489421844;0.01618656888604164
0.14711454510688782;0.018195562064647675
0.1470288336277008;0.01662377268075943
0.14357906579971313;0.015678107738494873
0.148142009973526;0.018223971128463745
0.14191439747810364;0.016393989324569702
0.14583569765090942;0.017556630074977875
0.14310024678707123;0.01656925305724144
0.14701403677463531;0.01680033653974533
0.14631852507591248;0.016958750784397125
0.14459356665611267;0.016181498765945435
0.14659370481967926;0.0162365585565567
0.14208999276161194;0.015648499131202698
0.14208969473838806;0.01832880824804306
0.14277057349681854;0.0166015587747097
0.140045627951622;0.015914011746644974
0.14106838405132294;0.016190696507692337
0.14431646466255188;0.017034094780683517
0.14489835500717163;0.01698118820786476
0.1450750082731247;0.015087805688381195
0.14011360704898834;0.015990886837244034
0.1492878794670105;0.01718411222100258
0.14053645730018616;0.014922000467777252
0.14186178147792816;0.015956662595272064
0.1437872350215912;0.016651026904582977
0.1486605703830719;0.01720615103840828
0.14628496766090393;0.017958763986825943
0.14391398429870605;0.016471676528453827
0.14165759086608887;0.016044259071350098
0.14630044996738434;0.01699499785900116
0.14356090128421783;0.017064496874809265
0.14528197050094604;0.015585362911224365
0.1398317813873291;0.017545942217111588
0.14357829093933105;0.01544744148850441
0.14027917385101318;0.015599824488162994
0.15016508102416992;0.018460743129253387
0.14519569277763367;0.016741294413805008
0.14457891881465912;0.017000310122966766
0.14189249277114868;0.016886655241250992
0.1456819772720337;0.019019849598407745
0.1413463056087494;0.01580783724784851
0.13671085238456726;0.015415802597999573
0.14423291385173798;0.016610480844974518
0.14942419528961182;0.017202060669660568
0.14362961053848267;0.015529241412878036
0.14330807328224182;0.015434913337230682
0.1510191708803177;0.01761052757501602
0.13951730728149414;0.015842817723751068
0.14558467268943787;0.01608940213918686
0.14483347535133362;0.01633657142519951
0.1408316195011139;0.016459356993436813
0.14302825927734375;0.016179360449314117
0.1433270126581192;0.015256956219673157
0.14376553893089294;0.016293521970510483
0.14553779363632202;0.01590196043252945
0.14282745122909546;0.016886044293642044
0.14229877293109894;0.015783987939357758
0.13993987441062927;0.01548675075173378
0.1460546851158142;0.01625094562768936
0.1413024514913559;0.015691980719566345
0.14938987791538239;0.017287597060203552
0.14564919471740723;0.017079360783100128
0.14111340045928955;0.01482752338051796
0.14318612217903137;0.015029776841402054
0.1403188407421112;0.01716528832912445
0.1423979103565216;0.016502834856510162
0.14472970366477966;0.01677360013127327
0.14187054336071014;0.016142796725034714
0.14311560988426208;0.015453673899173737
0.14157584309577942;0.015733778476715088
0.14591915905475616;0.017399489879608154
0.1483386754989624;0.016711004078388214
0.1449633240699768;0.017425991594791412
0.14070872962474823;0.014309503138065338
0.14463186264038086;0.016767866909503937
0.14250969886779785;0.016581550240516663
0.13987722992897034;0.01565803959965706
0.14559116959571838;0.017355136573314667
0.1415613889694214;0.016798801720142365
0.14554771780967712;0.016023047268390656
0.14220640063285828;0.016140226274728775
0.14189310371875763;0.016166746616363525
0.14156541228294373;0.01461547240614891
0.14432445168495178;0.017322026193141937
0.14434006810188293;0.017722945660352707
0.14612433314323425;0.017543330788612366
0.14364701509475708;0.016633078455924988
0.15099865198135376;0.019151639193296432
0.14733856916427612;0.01618161052465439
0.14334505796432495;0.016308553516864777
0.1401779055595398;0.017357230186462402
0.14242324233055115;0.017444729804992676
0.14418645203113556;0.016214575618505478
0.14146435260772705;0.018012911081314087
0.14586558938026428;0.01659514755010605
0.15178713202476501;0.017533928155899048
0.14362266659736633;0.01639413833618164
0.1368846297264099;0.014318425208330154
0.14446139335632324;0.01759449392557144
0.13775400817394257;0.01520797610282898
0.14470885694026947;0.015912234783172607
0.14357708394527435;0.016418959945440292
0.14331208169460297;0.016200371086597443
0.14929313957691193;0.01758856326341629
0.14102184772491455;0.015828199684619904
0.14445999264717102;0.016714859753847122
0.14356333017349243;0.016099583357572556
0.13838446140289307;0.014906998723745346
0.1485470086336136;0.018203917890787125
0.14135000109672546;0.016825363039970398
0.14073926210403442;0.01587897166609764
0.140828937292099;0.015501312911510468
0.14566245675086975;0.016906820237636566
0.1430671513080597;0.017250075936317444
0.14217722415924072;0.016102604568004608
0.14638569951057434;0.01752801239490509
0.1379464566707611;0.015384677797555923
0.1443374752998352;0.016111813485622406
0.14521777629852295;0.016164787113666534
0.15294647216796875;0.018191561102867126
0.13661684095859528;0.015455450862646103
0.14566224813461304;0.01732568070292473
0.14438337087631226;0.016120873391628265
0.14496353268623352;0.01809178665280342
0.143015056848526;0.015745241194963455
0.14564475417137146;0.016332291066646576
0.14371885359287262;0.015334151685237885
0.1419905722141266;0.016395341604948044
0.14906905591487885;0.017494264990091324
0.14755770564079285;0.01766505092382431
0.14100129902362823;0.01624547690153122
0.1430913209915161;0.015480004251003265
0.14703084528446198;0.017109379172325134
0.14592911303043365;0.017254304140806198
0.1478760689496994;0.017944298684597015
0.14170163869857788;0.016722161322832108
0.14346033334732056;0.016890183091163635
0.1431443989276886;0.01653200015425682
0.14633893966674805;0.017482373863458633
0.14447756111621857;0.01662595570087433
0.14395220577716827;0.015326742082834244
0.14442098140716553;0.01714962348341942
0.14473536610603333;0.017431221902370453
0.1437290906906128;0.015086255967617035
0.15276065468788147;0.017441589385271072
0.14501908421516418;0.017371777445077896
0.13995075225830078;0.014700107276439667
0.1406724452972412;0.014802109450101852
0.14163509011268616;0.015613194555044174
0.14041833579540253;0.016885392367839813
0.13912302255630493;0.01700660213828087
0.14227548241615295;0.015556775033473969
0.1446629911661148;0.01564628630876541
0.14333148300647736;0.016737043857574463
0.14420244097709656;0.01742970570921898
0.14252766966819763;0.01578431949019432
0.14846178889274597;0.017824888229370117
0.1466578245162964;0.015955686569213867
0.1402224898338318;0.017015479505062103
0.14354759454727173;0.016345351934432983
0.1451561599969864;0.01627819985151291
0.1466694176197052;0.017091743648052216
0.14001408219337463;0.015211202204227448
0.14148172736167908;0.015352923423051834
0.14259693026542664;0.01582680642604828
0.14499859511852264;0.01709694042801857
0.1384991705417633;0.015658821910619736
0.14313741028308868;0.015995871275663376
0.15090312063694;0.01669894903898239
0.1414678394794464;0.016462761908769608
0.14905300736427307;0.01708313077688217
0.1495230793952942;0.01883585751056671
0.14324811100959778;0.015302382409572601
0.13799795508384705;0.016246598213911057
0.14840754866600037;0.01629960536956787
0.14497554302215576;0.016311392188072205
0.14096397161483765;0.016071386635303497
0.14111781120300293;0.016077551990747452
0.14494851231575012;0.016161296516656876
0.14236558973789215;0.01592017337679863
0.1483985334634781;0.017446085810661316
0.13965705037117004;0.015017122030258179
0.14621517062187195;0.016042284667491913
0.1458759605884552;0.0165504589676857
0.14152035117149353;0.015233740210533142
0.14455020427703857;0.017597422003746033
0.14476898312568665;0.016652897000312805
0.13942457735538483;0.015337321907281876
0.14624284207820892;0.01636616140604019
0.1465078890323639;0.017652694135904312
0.14998096227645874;0.016896352171897888
0.14127814769744873;0.0166395902633667
0.1415790319442749;0.016669966280460358
0.1471630036830902;0.01657133176922798
0.1363324075937271;0.015921592712402344
0.14422042667865753;0.016180068254470825
0.13972578942775726;0.016179189085960388
0.14223310351371765;0.015508279204368591
0.14496754109859467;0.01649610698223114
0.14303311705589294;0.015105143189430237
0.14477258920669556;0.016652021557092667
0.14096294343471527;0.016977693885564804
0.13814422488212585;0.015578694641590118
0.14728029072284698;0.018044158816337585
0.14443673193454742;0.015566159039735794
0.15045447647571564;0.01705912873148918
0.14752492308616638;0.017194129526615143
0.14772926270961761;0.016612131148576736
0.1478174924850464;0.016373660415410995
0.13667874038219452;0.01510097086429596
0.14575521647930145;0.015655159950256348
0.1417866051197052;0.015191420912742615
0.14014306664466858;0.015991106629371643
0.1422782838344574;0.016628973186016083
0.14578408002853394;0.016638509929180145
0.14684784412384033;0.01753447949886322
0.14089077711105347;0.01507498323917389
0.14823870360851288;0.017003625631332397
0.14624062180519104;0.016663260757923126
0.14745363593101501;0.01679735630750656
0.15005487203598022;0.018324129283428192
0.1461804211139679;0.017605118453502655
0.14690370857715607;0.016528401523828506
0.13798034191131592;0.01460479199886322
0.14096474647521973;0.01578287035226822
0.14545300602912903;0.016388587653636932
0.14413973689079285;0.016364172101020813
0.14561888575553894;0.01777472347021103
0.14493036270141602;0.015856914222240448
0.1408253014087677;0.015123985707759857
0.14224779605865479;0.015877842903137207
0.1395776867866516;0.015367899090051651
0.14410282671451569;0.01617061346769333
0.14323656260967255;0.01605827733874321
0.14560723304748535;0.016843587160110474
0.1416609287261963;0.015178058296442032
0.14023128151893616;0.014992751181125641
0.14791302382946014;0.016519159078598022
0.13961006700992584;0.0157768577337265
0.14399808645248413;0.015594154596328735
0.14218536019325256;0.016208264976739883
0.14829863607883453;0.016736730933189392
0.14489427208900452;0.016816623508930206
0.14681589603424072;0.017563514411449432
0.14501729607582092;0.015032105147838593
0.1395483762025833;0.014839120209217072
0.14691244065761566;0.018229782581329346
0.140847310423851;0.015487819910049438
0.1399860680103302;0.01488843560218811
0.14599080383777618;0.017657186836004257
0.14240986108779907;0.015243947505950928
0.13558918237686157;0.015315622091293335
0.1440986692905426;0.016615189611911774
0.14051595330238342;0.015156477689743042
0.14289253950119019;0.014826275408267975
0.14368268847465515;0.016076240688562393
0.14709128439426422;0.01709364354610443
0.14148133993148804;0.015370748937129974
0.14086727797985077;0.015924137085676193
0.14445801079273224;0.016646787524223328
0.13967496156692505;0.015505149960517883
0.1415235698223114;0.01678832247853279
0.14282220602035522;0.016990751028060913
0.14660125970840454;0.016354363411664963
0.14173880219459534;0.01568913459777832
0.1428459733724594;0.015564333647489548
0.13785800337791443;0.015993934124708176
0.1437712013721466;0.016216155141592026
0.14013317227363586;0.016872763633728027
0.14211346209049225;0.014717161655426025
0.14342202246189117;0.01572577655315399
0.14061415195465088;0.016169898211956024
0.14249488711357117;0.016072772443294525
0.14190933108329773;0.01481582224369049
0.1473415344953537;0.0167546346783638
0.14720357954502106;0.015733469277620316
0.14005036652088165;0.01563190668821335
0.14388000965118408;0.015629932284355164
0.14598064124584198;0.017422176897525787
0.14393483102321625;0.016685746610164642
0.14163678884506226;0.016889434307813644
0.14280173182487488;0.016243770718574524
0.14540739357471466;0.01640460267663002
0.1409902125597;0.015280552208423615
0.14512112736701965;0.015791308134794235
0.14648346602916718;0.015945561230182648
0.14142140746116638;0.016425728797912598
0.14459064602851868;0.016204871237277985
0.13795128464698792;0.015261992812156677
0.1459934562444687;0.015227526426315308
0.14267414808273315;0.01682206615805626
0.14420631527900696;0.01717698574066162
0.14204326272010803;0.014397718012332916
0.1418875753879547;0.01750848814845085
0.1471366584300995;0.016238637268543243
0.14330585300922394;0.015666302293539047
0.1465226411819458;0.01649453118443489
0.14822441339492798;0.016671132296323776
0.14537358283996582;0.0159619078040123
0.14275766909122467;0.017959114164114
0.14740628004074097;0.017950542271137238
0.14120090007781982;0.014982882887125015
0.1376366913318634;0.015860196202993393
0.1426151692867279;0.0159154012799263
0.14401176571846008;0.01731371134519577
0.14412197470664978;0.01617375761270523
0.14203204214572906;0.01734013482928276
0.1439637392759323;0.01608245074748993
0.1387598067522049;0.01574838161468506
0.14152765274047852;0.015687309205532074
0.14030393958091736;0.014634281396865845
0.14038832485675812;0.015082936733961105
0.14551502466201782;0.016723353415727615
0.1411483883857727;0.014654416590929031
0.13974827527999878;0.015782028436660767
0.1430155336856842;0.016103044152259827
0.14038389921188354;0.01640201359987259
0.15032722055912018;0.0170871764421463
0.14048552513122559;0.014791719615459442
0.14066168665885925;0.01514454185962677
0.14128056168556213;0.01511317491531372
0.14382138848304749;0.018451493233442307
0.1409999430179596;0.015612795948982239
0.142988920211792;0.01607520878314972
0.13810664415359497;0.01582745462656021
0.14859366416931152;0.017082780599594116
0.1413392275571823;0.01494118943810463
0.14394143223762512;0.016065780073404312
0.14257463812828064;0.016108274459838867
0.1447083055973053;0.016531579196453094
0.14423120021820068;0.01673980802297592
0.14101625978946686;0.016756676137447357
0.14639084041118622;0.01587151736021042
0.1418417990207672;0.016374807804822922
0.141209676861763;0.015703998506069183
0.1485379934310913;0.01651117205619812
0.14032764732837677;0.01587429642677307
0.1372910737991333;0.014568321406841278
0.1470170021057129;0.017107799649238586
0.1451074331998825;0.01623234897851944
0.1391621232032776;0.014709193259477615
0.14084510505199432;0.01592419669032097
0.14669768512248993;0.017483539879322052
0.14072547852993011;0.017341017723083496
0.14854489266872406;0.017042268067598343
0.14091289043426514;0.014670774340629578
0.1380581259727478;0.015385128557682037
0.14261728525161743;0.016079239547252655
0.1410486400127411;0.016117505729198456
0.1405765563249588;0.015401888638734818
0.14070092141628265;0.015388395637273788
0.14799758791923523;0.01745700091123581
0.13993553817272186;0.015083551406860352
0.14120283722877502;0.015633486211299896
0.1408495455980301;0.016242582350969315
0.14095592498779297;0.017344363033771515
0.14562545716762543;0.01667635515332222
0.14350971579551697;0.01622030884027481
0.1372077912092209;0.014675341546535492
0.1411743462085724;0.015841521322727203
0.1480545997619629;0.017750337719917297
0.14400547742843628;0.01617860049009323
0.13581261038780212;0.01581474393606186
0.14568984508514404;0.016292616724967957
0.1472547948360443;0.017706573009490967
0.13987994194030762;0.016213245689868927
0.141793355345726;0.015765421092510223
0.1485058069229126;0.017170030623674393
0.1426619589328766;0.016391713172197342
0.1406024694442749;0.015963464975357056
0.1463620960712433;0.016183555126190186
0.14148736000061035;0.014974262565374374
0.13859546184539795;0.01694881170988083
0.14170721173286438;0.01711130142211914
0.14757457375526428;0.016669459640979767
0.14346612989902496;0.015032228082418442
0.1387387216091156;0.01497979462146759
0.14065128564834595;0.016387779265642166
0.1385396122932434;0.015914790332317352
0.14031052589416504;0.01642029359936714
0.1455676555633545;0.01696862280368805
0.14509432017803192;0.016613826155662537
0.13796421885490417;0.01597384735941887
0.14153149724006653;0.014889456331729889
0.13914717733860016;0.015474285930395126
0.14865970611572266;0.016390692442655563
0.14451128244400024;0.016606450080871582
0.14454421401023865;0.0186014287173748
0.1403796374797821;0.014873802661895752
0.13874036073684692;0.014164648950099945
0.148635596036911;0.01648798957467079
0.1348116397857666;0.015586048364639282
0.14928483963012695;0.01818135753273964
0.14611053466796875;0.017513692378997803
0.14260514080524445;0.016984455287456512
0.14559201896190643;0.01748219132423401
0.14270851016044617;0.015343941748142242
0.14192825555801392;0.01656237617135048
0.14700229465961456;0.017020009458065033
0.15087921917438507;0.016842477023601532
0.14973685145378113;0.018173113465309143
0.1447969526052475;0.016304180026054382
0.14217707514762878;0.016240164637565613
0.1444825530052185;0.016497619450092316
0.1347341537475586;0.015019185841083527
0.14133721590042114;0.016590319573879242
0.1422492265701294;0.016366340219974518
0.14011618494987488;0.015478480607271194
0.148553729057312;0.017545241862535477
0.14010478556156158;0.015553794801235199
0.144671231508255;0.018423154950141907
0.13997195661067963;0.01634669303894043
0.1458686888217926;0.01657760888338089
0.14882920682430267;0.016257792711257935
0.14062917232513428;0.015447411686182022
0.14053504168987274;0.015967749059200287
0.14250448346138;0.01726853847503662
0.14466384053230286;0.016744352877140045
0.13717791438102722;0.014559686183929443
0.14519324898719788;0.017271511256694794
0.14679227769374847;0.015926726162433624
0.1410730481147766;0.01716173067688942
0.14328664541244507;0.017138004302978516
0.1445670872926712;0.017747722566127777
0.1386653184890747;0.015128456056118011
0.14551979303359985;0.016488350927829742
0.14282673597335815;0.016747303307056427
0.1479562371969223;0.016370326280593872
0.13894617557525635;0.015261128544807434
0.1439303159713745;0.016971901059150696
0.13975977897644043;0.015604380518198013
0.14093750715255737;0.01742754876613617
0.14237409830093384;0.017546512186527252
0.14197169244289398;0.014742784202098846
0.14135006070137024;0.015687353909015656
0.13648870587348938;0.017124630510807037
0.14183267951011658;0.01747419685125351
0.1434187889099121;0.015426445752382278
0.14014750719070435;0.015109986066818237
0.14299622178077698;0.017667777836322784
0.1455007642507553;0.01779453083872795
0.14455640316009521;0.01720241829752922
0.1410236954689026;0.015044104307889938
0.13714411854743958;0.01516086608171463
0.14563080668449402;0.016340240836143494
0.14229407906532288;0.016304921358823776
0.14054422080516815;0.016380369663238525
0.13883522152900696;0.016022562980651855
0.14451417326927185;0.016303885728120804
0.14196966588497162;0.015286661684513092
0.14343038201332092;0.01745958998799324
0.1423828899860382;0.015049301087856293
0.14974763989448547;0.017720364034175873
0.14135314524173737;0.015065386891365051
0.14237798750400543;0.016614452004432678
0.14519530534744263;0.01696128398180008
0.1425427496433258;0.01670832931995392
0.1420777440071106;0.01592440903186798
0.13926830887794495;0.01670297235250473
0.14617836475372314;0.016996324062347412
0.143497034907341;0.016371797770261765
0.14184418320655823;0.014644835144281387
0.14396882057189941;0.015350110828876495
0.13854196667671204;0.015256673097610474
0.13687066733837128;0.016712859272956848
0.14048728346824646;0.015942268073558807
0.14171938598155975;0.016808021813631058
0.13709917664527893;0.015171989798545837
0.14287689328193665;0.016550466418266296
0.14493292570114136;0.016720950603485107
0.1406078040599823;0.015941739082336426
0.13830426335334778;0.0158059224486351
0.1426437795162201;0.016890063881874084
0.14024339616298676;0.014548245817422867
0.1420172154903412;0.01651015877723694
0.14791443943977356;0.016720503568649292
0.14366519451141357;0.01609325036406517
0.14436738193035126;0.016281485557556152
0.1480950266122818;0.016756419092416763
0.1456504613161087;0.015964888036251068
0.14645184576511383;0.01574460044503212
0.14083987474441528;0.015925027430057526
0.13441628217697144;0.013504311442375183
0.13632354140281677;0.014380455017089844
0.13782185316085815;0.015494242310523987
0.13672122359275818;0.016284741461277008
0.14508485794067383;0.017742909491062164
0.13909338414669037;0.01610693708062172
0.146844744682312;0.016678262501955032
0.14567285776138306;0.01662857085466385
0.1425427496433258;0.01632504165172577
0.13944946229457855;0.016435399651527405
0.1380361020565033;0.014816366136074066
0.142547607421875;0.015824168920516968
0.1371975839138031;0.014030981808900833
0.14492976665496826;0.01706060767173767
0.1396554410457611;0.015049293637275696
0.14491517841815948;0.016783908009529114
0.14224734902381897;0.015759669244289398
0.1424541473388672;0.016457661986351013
0.14326171576976776;0.017282526940107346
0.14512214064598083;0.015900325030088425
0.14395983517169952;0.01671578735113144
0.14186060428619385;0.015703659504652023
0.14246787130832672;0.016652565449476242
0.1403164267539978;0.015922218561172485
0.1453728973865509;0.016374237835407257
0.1464354693889618;0.017058394849300385
0.13759715855121613;0.016267701983451843
0.1389915645122528;0.015045404434204102
0.1367678940296173;0.015268120914697647
0.14056706428527832;0.0157632976770401
0.13972529768943787;0.016368374228477478
0.1434391438961029;0.016058608889579773
0.14284300804138184;0.017596304416656494
0.14015811681747437;0.016467060893774033
0.14148542284965515;0.015832416713237762
0.13726294040679932;0.015338793396949768
0.1434873640537262;0.01562759280204773
0.14070308208465576;0.014994781464338303
0.1418430507183075;0.015802614390850067
0.13529860973358154;0.014705318957567215
0.1368030607700348;0.01479717344045639
0.14519360661506653;0.015601783990859985
0.1414395570755005;0.017040275037288666
0.14050883054733276;0.015427853912115097
0.13929761946201324;0.01562342420220375
0.13646844029426575;0.01563359424471855
0.1439763605594635;0.01669355481863022
0.14177215099334717;0.01647230237722397
0.1431894749403;0.016333457082509995
0.14522874355316162;0.015870675444602966
0.14042623341083527;0.015892885625362396
0.14591825008392334;0.016288679093122482
0.14573436975479126;0.016610126942396164
0.14361976087093353;0.015943724662065506
0.14017733931541443;0.015439815819263458
0.1415283977985382;0.017414413392543793
0.14754143357276917;0.017284054309129715
0.13868704438209534;0.0151820108294487
0.14068686962127686;0.016138747334480286
0.13940155506134033;0.015760362148284912
0.13761332631111145;0.015184290707111359
0.14388084411621094;0.015893738716840744
0.14081774652004242;0.016004100441932678
0.14535745978355408;0.015757489949464798
0.14145886898040771;0.015510279685258865
0.14903634786605835;0.01779903471469879
0.1420113891363144;0.01573696732521057
0.14403024315834045;0.015689071267843246
0.14686226844787598;0.01656947284936905
0.13863426446914673;0.01630273461341858
0.1415717452764511;0.016425281763076782
0.13818907737731934;0.015309233218431473
0.1394696831703186;0.01619739457964897
0.14604419469833374;0.016509540379047394
0.13910800218582153;0.015227485448122025
0.14207269251346588;0.01592995971441269
0.1410839855670929;0.014834679663181305
0.14175204932689667;0.015680067241191864
0.14587166905403137;0.016680575907230377
0.1465258151292801;0.01621337980031967
0.14169850945472717;0.015828829258680344
0.13820558786392212;0.01552637666463852
0.14231832325458527;0.015900518745183945
0.14444252848625183;0.016975626349449158
0.1396680772304535;0.01478813961148262
0.13951832056045532;0.01525396853685379
0.14302298426628113;0.01818092167377472
0.14387518167495728;0.016489848494529724
0.14063532650470734;0.015482399612665176
0.14736610651016235;0.017497524619102478
0.14581513404846191;0.016175344586372375
0.13670098781585693;0.016650419682264328
0.14105653762817383;0.016065411269664764
0.14160627126693726;0.015618011355400085
0.14102238416671753;0.01614353060722351
0.13930335640907288;0.015632137656211853
0.14186671376228333;0.01673203334212303
0.1459493488073349;0.016758963465690613
0.13905096054077148;0.014879833906888962
0.14107933640480042;0.01554945483803749
0.14216020703315735;0.015268143266439438
0.14330756664276123;0.01611369475722313
0.14238882064819336;0.01601274311542511
0.14057153463363647;0.015272006392478943
0.14191006124019623;0.016307048499584198
0.14175289869308472;0.015867512673139572
0.14406009018421173;0.016234062612056732
0.13746272027492523;0.01570555567741394
0.1437249481678009;0.017031121999025345
0.13721942901611328;0.015639331191778183
0.14730015397071838;0.016681194305419922
0.14323434233665466;0.015213966369628906
0.1420726180076599;0.014952734112739563
0.1393001675605774;0.015616022050380707
0.14020982384681702;0.016046885401010513
0.14547976851463318;0.016376148909330368
0.1458924263715744;0.01810339465737343
0.14482030272483826;0.01687665283679962
0.14752240478992462;0.01626119762659073
0.1488846242427826;0.016653865575790405
0.1433313488960266;0.016695905476808548
0.15094181895256042;0.017894186079502106
0.1407347023487091;0.016270898282527924
0.1410979926586151;0.015464872121810913
0.13955581188201904;0.015580140054225922
0.14039725065231323;0.01686321198940277
0.14044606685638428;0.01574018970131874
0.14501763880252838;0.015577107667922974
0.1434326171875;0.015982694923877716
0.1452474594116211;0.01631021499633789
0.14191320538520813;0.015674911439418793
0.1405194252729416;0.0165083184838295
0.14541876316070557;0.016975391656160355
0.14257735013961792;0.016300752758979797
0.1436881124973297;0.017019841820001602
0.1430414468050003;0.016830574721097946
0.14431242644786835;0.016844578087329865
0.14069384336471558;0.016951963305473328
0.1434081792831421;0.01593592017889023
0.1439632773399353;0.016442369669675827
0.14126572012901306;0.016309518367052078
0.14238479733467102;0.0163385309278965
0.1390821933746338;0.01516667753458023
0.14444135129451752;0.017042629420757294
0.14894798398017883;0.017819076776504517
0.14091916382312775;0.016369830816984177
0.14273977279663086;0.016098741441965103
0.1405545473098755;0.0166456401348114
0.14338305592536926;0.016483649611473083
0.14537274837493896;0.01729513704776764
0.13655591011047363;0.015097938477993011
0.13980421423912048;0.016290899366140366
0.1435842216014862;0.016056489199399948
0.1430872082710266;0.016849488019943237
0.1373485028743744;0.015738345682621002
0.14130669832229614;0.01683098077774048
0.14365771412849426;0.017429281026124954
0.14448434114456177;0.016820121556520462
0.13645340502262115;0.015289973467588425
0.14328792691230774;0.015514958649873734
0.14216870069503784;0.016175374388694763
0.14285552501678467;0.015075687319040298
0.14444828033447266;0.017530448734760284
0.14314357936382294;0.015305347740650177
0.1433335840702057;0.016841556876897812
0.14024031162261963;0.0154227614402771
0.14391528069972992;0.016843833029270172
0.13992884755134583;0.01603309065103531
0.14118465781211853;0.015339381992816925
0.14426341652870178;0.016518685966730118
0.13973000645637512;0.016283873468637466
0.14688292145729065;0.017013773322105408
0.13836054503917694;0.016901694238185883
0.14803843200206757;0.01724204421043396
0.1395098865032196;0.015903405845165253
0.14091189205646515;0.016199126839637756
0.14043325185775757;0.015432141721248627
0.1418900489807129;0.015521332621574402
0.13948464393615723;0.016046471893787384
0.1391511857509613;0.015639130026102066
0.14590561389923096;0.01637902483344078
0.1414453089237213;0.01628223806619644
0.14495497941970825;0.016850322484970093
0.13888314366340637;0.01642792671918869
0.14046727120876312;0.015624992549419403
0.1427088975906372;0.016290538012981415
0.1418788731098175;0.01634003221988678
0.14259472489356995;0.017078835517168045
0.13869521021842957;0.015387151390314102
0.14027786254882812;0.016262438148260117
0.15031220018863678;0.017081424593925476
0.14330166578292847;0.016692891716957092
0.1434011608362198;0.01648784801363945
0.14205920696258545;0.01672302931547165
0.14487117528915405;0.01667395979166031
0.14813296496868134;0.01852448284626007
0.1487189531326294;0.01829802244901657
0.14204636216163635;0.015106398612260818
0.14410889148712158;0.016404777765274048
0.14304080605506897;0.014931179583072662
0.14213451743125916;0.01612335443496704
0.1393754780292511;0.015498600900173187
0.1424308717250824;0.01679224520921707
0.14447784423828125;0.01663067191839218
0.13377907872200012;0.015696994960308075
0.14460445940494537;0.016964148730039597
0.1419123411178589;0.01725362241268158
0.1429753303527832;0.01608404889702797
0.14070254564285278;0.014682997018098831
0.139980286359787;0.016344979405403137
0.1434829831123352;0.017653420567512512
0.14128196239471436;0.014961257576942444
0.14402267336845398;0.017326753586530685
0.14922790229320526;0.016494963318109512
0.13709977269172668;0.014909431338310242
0.14427140355110168;0.01571296900510788
0.1430402398109436;0.01630573719739914
0.14273962378501892;0.016232188791036606
0.13969004154205322;0.015931256115436554
0.1405026614665985;0.01588735729455948
0.14426007866859436;0.017055153846740723
0.14102408289909363;0.01605774462223053
0.14190512895584106;0.016345340758562088
0.14572693407535553;0.016519561409950256
0.14801301062107086;0.016594912856817245
0.14004796743392944;0.015334412455558777
0.14140349626541138;0.015748053789138794
0.14184913039207458;0.016679421067237854
0.14715275168418884;0.01639944314956665
0.13830529153347015;0.01602175086736679
0.14211571216583252;0.015543222427368164
0.14174175262451172;0.015144005417823792
0.1437300443649292;0.015992581844329834
0.1502673625946045;0.018702823668718338
0.1456013023853302;0.016275279223918915
0.1443195939064026;0.01713050901889801
0.1468600630760193;0.018529638648033142
0.140886127948761;0.016441382467746735
0.13522186875343323;0.014729566872119904
0.13774651288986206;0.016182877123355865
0.14372727274894714;0.015809204429388046
0.1400732696056366;0.015425272285938263
0.137267604470253;0.015293769538402557
0.1416160762310028;0.01615852117538452
0.14204005897045135;0.016796603798866272
0.14517703652381897;0.01731789857149124
0.1382511854171753;0.01601584255695343
0.14590045809745789;0.017923876643180847
0.14344459772109985;0.01596192643046379
0.13998331129550934;0.016018077731132507
0.14096374809741974;0.01551949605345726
0.13978087902069092;0.015949811786413193
0.14362956583499908;0.015316568315029144
0.1469603180885315;0.017219029366970062
0.13950341939926147;0.015276700258255005
0.13751594722270966;0.015103314071893692
0.14466492831707;0.016523651778697968
0.14119389653205872;0.015761077404022217
0.1457522213459015;0.01686958596110344
0.1454394906759262;0.015977710485458374
0.14607743918895721;0.016827955842018127
0.14579273760318756;0.01684599742293358
0.14060604572296143;0.014724791049957275
0.14277076721191406;0.01579352468252182
0.14353013038635254;0.016678687185049057
0.14541089534759521;0.016465671360492706
0.14368048310279846;0.017061404883861542
0.14181900024414062;0.015997231006622314
0.13684943318367004;0.01491301879286766
0.1412305235862732;0.016115881502628326
0.14040789008140564;0.015622656792402267
0.14085254073143005;0.01680362969636917
0.14213554561138153;0.016523007303476334
0.13815346360206604;0.0172211155295372
0.1375555396080017;0.015022873878479004
0.1411488652229309;0.01543569564819336
0.14973871409893036;0.01760280877351761
0.14020010828971863;0.015666473656892776
0.14031881093978882;0.01578153669834137
0.14179688692092896;0.016075097024440765
0.13583892583847046;0.013338979333639145
0.13978686928749084;0.01458350196480751
0.14094600081443787;0.015206880867481232
0.1460723727941513;0.016654182225465775
0.14211255311965942;0.017055943608283997
0.1446870118379593;0.01691807061433792
0.13777783513069153;0.014340981841087341
0.14460699260234833;0.016879163682460785
0.14000025391578674;0.015839114785194397
0.15089796483516693;0.018241047859191895
0.1438218355178833;0.015679776668548584
0.13903291523456573;0.014533162117004395
0.13615162670612335;0.015082813799381256
0.14298346638679504;0.016633272171020508
0.1439981460571289;0.015464946627616882
0.14496535062789917;0.017092950642108917
0.1418931484222412;0.016202569007873535
0.14332345128059387;0.015377365052700043
0.1412353515625;0.017537258565425873
0.14381179213523865;0.016304127871990204
0.14105582237243652;0.01639445126056671
0.14437614381313324;0.016501136124134064
0.14694513380527496;0.01701528951525688
0.14113914966583252;0.015795424580574036
0.1473785787820816;0.01700090616941452
0.13941167294979095;0.01509460061788559
0.14113245904445648;0.01677383854985237
0.14111818373203278;0.015972673892974854
0.14641030132770538;0.01656268909573555
0.13916540145874023;0.015568535774946213
0.13905400037765503;0.015179116278886795
0.1443173587322235;0.015749525278806686
0.13978803157806396;0.017373889684677124
0.14259347319602966;0.01629691570997238
0.14044314622879028;0.017033230513334274
0.1376146674156189;0.016042150557041168
0.1402740627527237;0.016116134822368622
0.1383640468120575;0.015791624784469604
0.1442982256412506;0.01764015108346939
0.1401345580816269;0.01607949286699295
0.14584168791770935;0.015455298125743866
0.13797526061534882;0.01590041071176529
0.1359875202178955;0.014423921704292297
0.14357373118400574;0.017609693109989166
0.14472365379333496;0.017059631645679474
0.1456068754196167;0.01716773211956024
0.14867475628852844;0.01686011627316475
0.141566663980484;0.01639460027217865
0.1411849856376648;0.015400562435388565
0.13988831639289856;0.016152311116456985
0.1373416781425476;0.015535853803157806
0.13991180062294006;0.014650002121925354
0.14473691582679749;0.017608247697353363
0.13351503014564514;0.01458999514579773
0.14380615949630737;0.017072267830371857
0.14054207503795624;0.016201365739107132
0.14140519499778748;0.01601598411798477
0.1425965130329132;0.016119137406349182
0.13992534577846527;0.016118574887514114
0.13818342983722687;0.016212143003940582
0.13782525062561035;0.01657966524362564
0.14455646276474;0.016322311013936996
0.14256614446640015;0.017424210906028748
0.13953092694282532;0.016110748052597046
0.13671818375587463;0.01551150530576706
0.14265817403793335;0.016127049922943115
0.14204299449920654;0.01712561771273613
0.1386549323797226;0.016181960701942444
0.1360541433095932;0.015444081276655197
0.1394282579421997;0.01540982723236084
0.13836708664894104;0.01684866100549698
0.1481696218252182;0.01670854166150093
0.1364985704421997;0.016276009380817413
0.14115098118782043;0.01592829078435898
0.13828915357589722;0.015405222773551941
0.1346200406551361;0.015513446182012558
0.1410808563232422;0.014881130307912827
0.13590748608112335;0.014472879469394684
0.14047962427139282;0.014709889888763428
0.13751903176307678;0.01569606363773346
0.14067485928535461;0.016449157148599625
0.13970808684825897;0.01661805436015129
0.14155744016170502;0.01652901992201805
0.14276811480522156;0.01609928160905838
0.14070932567119598;0.015586450695991516
0.13567212224006653;0.016399212181568146
0.14873164892196655;0.017329946160316467
0.1479611098766327;0.017322923988103867
0.14375901222229004;0.0149751678109169
0.14158767461776733;0.016541436314582825
0.1410028338432312;0.01686105877161026
0.13780570030212402;0.015345912426710129
0.14775294065475464;0.0166771300137043
0.14305320382118225;0.015209019184112549
0.14065536856651306;0.016861170530319214
0.14061987400054932;0.016138501465320587
0.136805921792984;0.016231782734394073
0.13999193906784058;0.014905359596014023
0.14423218369483948;0.017109397798776627
0.14166760444641113;0.014774344861507416
0.1451897770166397;0.016163945198059082
0.13882270455360413;0.015759199857711792
0.14249826967716217;0.01642429083585739
0.14194874465465546;0.016974113881587982
0.14297011494636536;0.016297943890094757
0.1438637673854828;0.016948740929365158
0.13566714525222778;0.015085674822330475
0.14318710565567017;0.01568770781159401
0.14118504524230957;0.015996389091014862
0.13931599259376526;0.015387654304504395
0.1403985321521759;0.017227258533239365
0.14382942020893097;0.016312628984451294
0.1401679664850235;0.016107048839330673
0.14301910996437073;0.014852035790681839
0.1411101520061493;0.01553259789943695
0.13980865478515625;0.014341417700052261
0.14571896195411682;0.01703258976340294
0.14539706707000732;0.016581252217292786
0.13705269992351532;0.015120889991521835
0.13647738099098206;0.014872856438159943
0.14193178713321686;0.015694260597229004
0.13552625477313995;0.014416322112083435
0.14151129126548767;0.015574391931295395
0.13810046017169952;0.014744855463504791
0.13882991671562195;0.014976117759943008
0.14401370286941528;0.016820915043354034
0.14445415139198303;0.017323795706033707
0.14497457444667816;0.015270538628101349
0.1443212479352951;0.016051024198532104
0.14763133227825165;0.018194179981946945
0.1361185759305954;0.014272984117269516
0.14056408405303955;0.015882842242717743
0.13974326848983765;0.016314782202243805
0.1453453004360199;0.01599830761551857
0.14265182614326477;0.017114456743001938
0.14342832565307617;0.015479139983654022
0.13938036561012268;0.015243224799633026
0.14559105038642883;0.017317071557044983
0.14410248398780823;0.017032667994499207
0.13770021498203278;0.01674681529402733
0.14224296808242798;0.017208963632583618
0.14977547526359558;0.01810462772846222
0.14171472191810608;0.015789352357387543
0.14188632369041443;0.016286838799715042
0.13859102129936218;0.01548883318901062
0.1413181871175766;0.015593208372592926
0.14091818034648895;0.015222501009702682
0.14556321501731873;0.016347777098417282
0.14299854636192322;0.015565216541290283
0.14016008377075195;0.015851419419050217
0.13992905616760254;0.016464419662952423
0.1395336389541626;0.013970408588647842
0.13879230618476868;0.01593371480703354
0.14098712801933289;0.01638922467827797
0.14210356771945953;0.015148431062698364
0.14201608300209045;0.016861990094184875
0.14315873384475708;0.016388583928346634
0.140545055270195;0.0162922665476799
0.1447710394859314;0.018126878887414932
0.14372572302818298;0.01579599827528
0.14374664425849915;0.016943790018558502
0.14418527483940125;0.015942692756652832
0.14573276042938232;0.017264291644096375
0.13842222094535828;0.015479601919651031
0.1379270851612091;0.015235938131809235
0.13850310444831848;0.015148196369409561
0.1444893181324005;0.016246408224105835
0.1406230926513672;0.016287755221128464
0.1446712613105774;0.017126761376857758
0.1401539146900177;0.015162661671638489
0.14568424224853516;0.01767079532146454
0.13824918866157532;0.014701716601848602
0.14098498225212097;0.015726309269666672
0.15253040194511414;0.018327660858631134
0.13608235120773315;0.015783458948135376
0.1395818591117859;0.01553846150636673
0.13815173506736755;0.015522763133049011
0.1411800980567932;0.015579022467136383
0.13728895783424377;0.015210643410682678
0.13717585802078247;0.015650220215320587
0.13767752051353455;0.015177760273218155
0.13716021180152893;0.015221383422613144
0.13566768169403076;0.014831170439720154
0.1406760811805725;0.01542738825082779
0.1440660059452057;0.015733908861875534
0.13691090047359467;0.015508703887462616
0.14019449055194855;0.015689440071582794
0.14317119121551514;0.01748468726873398
0.1398594081401825;0.015773043036460876
0.14353331923484802;0.01615522801876068
0.13957059383392334;0.015950441360473633
0.1448076069355011;0.016544684767723083
0.14533983170986176;0.016636259853839874
0.1492798924446106;0.01643919199705124
0.1439152956008911;0.01620423048734665
0.1444699913263321;0.016062140464782715
0.1375642716884613;0.014991585165262222
0.14155785739421844;0.01584542542695999
0.14515547454357147;0.017942994832992554
0.1382213532924652;0.01600147783756256
0.14479857683181763;0.015905752778053284
0.14365828037261963;0.015971645712852478
0.13711905479431152;0.01603572815656662
0.13736940920352936;0.017039313912391663
0.1412716805934906;0.014898978173732758
0.1354188472032547;0.014787167310714722
0.14180827140808105;0.016318194568157196
0.1415935754776001;0.016875427216291428
0.14016976952552795;0.015533585101366043
0.1361771523952484;0.014713451266288757
0.13759025931358337;0.01565960794687271
0.1505482792854309;0.016720082610845566
0.14483635127544403;0.015248611569404602
0.14379164576530457;0.016933154314756393
0.14276647567749023;0.01605413109064102
0.14410723745822906;0.01777070015668869
0.13625091314315796;0.015958890318870544
0.1372307538986206;0.014530621469020844
0.1384311318397522;0.0151742622256279
0.1427285373210907;0.017695389688014984
0.13832587003707886;0.015410691499710083
0.1481451392173767;0.019500061869621277
0.14421305060386658;0.016078338027000427
0.14438818395137787;0.01662178337574005
0.13645383715629578;0.014958862215280533
0.13911056518554688;0.01600082591176033
0.14039543271064758;0.016789931803941727
0.1350012719631195;0.016006842255592346
0.1386377066373825;0.015655070543289185
0.1403210610151291;0.016134195029735565
0.14087530970573425;0.015661705285310745
0.14377953112125397;0.016353227198123932
0.14363783597946167;0.016761358827352524
0.13585425913333893;0.013959750533103943
0.1415616273880005;0.015370018780231476
0.14105740189552307;0.015593193471431732
0.14382272958755493;0.016335763037204742
0.14676719903945923;0.016908127814531326
0.13950619101524353;0.015027809888124466
0.13904769718647003;0.015935473144054413
0.13984429836273193;0.01620493084192276
0.14223390817642212;0.016625933349132538
0.14173288643360138;0.016303136944770813
0.13688531517982483;0.014741957187652588
0.14591017365455627;0.016261115670204163
0.13891033828258514;0.014872036874294281
0.14293766021728516;0.0161169171333313
0.1375216394662857;0.014882896095514297
0.13778026401996613;0.015393693000078201
0.1444845199584961;0.017539970576763153
0.13926902413368225;0.015592433512210846
0.1401502788066864;0.015852421522140503
0.1438317596912384;0.015763189643621445
0.13974358141422272;0.01587235927581787
0.14176726341247559;0.016705460846424103
0.14220114052295685;0.01600240170955658
0.13731791079044342;0.015132173895835876
0.14177685976028442;0.01633147895336151
0.1453728973865509;0.016667023301124573
0.13835224509239197;0.015143375843763351
0.1356196403503418;0.015334401279687881
0.13636107742786407;0.018334634602069855
0.14361000061035156;0.01651817187666893
0.13828638195991516;0.015603892505168915
0.1418268084526062;0.01739627495408058
0.13887500762939453;0.014683101326227188
0.1439487338066101;0.016697369515895844
0.1421748846769333;0.016255781054496765
0.13660171627998352;0.015861622989177704
0.14323031902313232;0.01643088459968567
0.1422855108976364;0.015877392143011093
0.14521804451942444;0.01654999703168869
0.1443966031074524;0.01638307422399521
0.1410839855670929;0.01619354635477066
0.14410895109176636;0.017208784818649292
0.1382681280374527;0.015192318707704544
0.1400628387928009;0.015639320015907288
0.1431974321603775;0.01606181263923645
0.14222604036331177;0.016434483230113983
0.14509573578834534;0.0178445503115654
0.14050781726837158;0.016169652342796326
0.1389586180448532;0.015049554407596588
0.14477136731147766;0.017706461250782013
0.14292804896831512;0.01608004793524742
0.14051589369773865;0.015511557459831238
0.13939979672431946;0.016154944896697998
0.13890771567821503;0.015077371150255203
0.14650338888168335;0.017373424023389816
0.14295893907546997;0.015506748110055923
0.13937082886695862;0.015547703951597214
0.1357848048210144;0.0148586705327034
0.13588398694992065;0.015147633850574493
0.13281702995300293;0.01438363641500473
0.14577145874500275;0.016353368759155273
0.15025515854358673;0.018495798110961914
0.15180350840091705;0.018116571009159088
0.14191678166389465;0.014536101371049881
0.14022599160671234;0.015214536339044571
0.13612741231918335;0.014353998005390167
0.14783552289009094;0.017566584050655365
0.14335930347442627;0.0167398601770401
0.13905715942382812;0.015311159193515778
0.14338570833206177;0.016264785081148148
0.13844124972820282;0.015000417828559875
0.1361645609140396;0.014328286051750183
0.14336612820625305;0.016680128872394562
0.14808060228824615;0.016736071556806564
0.14065974950790405;0.015456106513738632
0.1371069997549057;0.014203846454620361
0.1423010677099228;0.016164977103471756
0.13919121026992798;0.015900880098342896
0.14357388019561768;0.016378384083509445
0.14100061357021332;0.01664721965789795
0.13883346319198608;0.014836385846138
0.1435512900352478;0.01625107228755951
0.14182467758655548;0.016278382390737534
0.13965082168579102;0.015343710780143738
0.13706012070178986;0.01526663452386856
0.1379632204771042;0.014676053076982498
0.14483150839805603;0.016547467559576035
0.14351153373718262;0.017587505280971527
0.14171519875526428;0.0165298730134964
0.13874483108520508;0.014996349811553955
0.14583474397659302;0.01663225144147873
0.1383306086063385;0.015419989824295044
0.1423126459121704;0.01721501350402832
0.13976982235908508;0.01553725078701973
0.1367565542459488;0.015200376510620117
0.1382834017276764;0.015264928340911865
0.13915416598320007;0.015610277652740479
0.136611670255661;0.014904417097568512
0.13822871446609497;0.015306979417800903
0.13593325018882751;0.015018776059150696
0.1439322680234909;0.017446741461753845
0.13800865411758423;0.015011012554168701
0.14014790952205658;0.01591264083981514
0.14693349599838257;0.0168994702398777
0.14027786254882812;0.015613287687301636
0.13941644132137299;0.014749564230442047
0.14622578024864197;0.016630221158266068
0.1370486319065094;0.015296615660190582
0.14424966275691986;0.016774386167526245
0.14096353948116302;0.01603797823190689
0.13654932379722595;0.015494070947170258
0.13799847662448883;0.014993458986282349
