TV;KL
1.999955654144287;13.88779354095459
1.4004299640655518;1.2494813203811646
1.4004069566726685;1.2072596549987793
1.400121808052063;1.2067638635635376
1.400442123413086;1.2079049348831177
1.4002156257629395;1.2065237760543823
1.4001890420913696;1.2068690061569214
1.4003077745437622;1.207216739654541
1.400294542312622;1.206827163696289
1.4002639055252075;1.2060682773590088
1.4002751111984253;1.2068673372268677
1.4002411365509033;1.2069587707519531
1.400300145149231;1.2078005075454712
1.4001340866088867;1.2066808938980103
1.4002751111984253;1.206275463104248
1.4003115892410278;1.2072539329528809
1.4002290964126587;1.2067217826843262
1.400121808052063;1.2065168619155884
1.4001389741897583;1.2073698043823242
1.4002693891525269;1.206145167350769
1.4001967906951904;1.2071375846862793
1.4000879526138306;1.2059181928634644
1.400158405303955;1.2073850631713867
1.4002740383148193;1.2070300579071045
1.4000879526138306;1.2062828540802002
1.400159478187561;1.206465244293213
1.4000967741012573;1.2070826292037964
1.4002025127410889;1.206859827041626
1.4001219272613525;1.2058675289154053
1.4001812934875488;1.2060848474502563
1.4002397060394287;1.2071011066436768
1.4001920223236084;1.2066608667373657
1.4002121686935425;1.2068965435028076
1.400268316268921;1.2069748640060425
1.4000880718231201;1.2070945501327515
1.4000879526138306;1.2061262130737305
1.400145411491394;1.206163763999939
1.400249719619751;1.2070350646972656
1.400234341621399;1.2064471244812012
1.400429368019104;1.2070894241333008
1.400057077407837;1.206793189048767
1.4002004861831665;1.2062416076660156
1.4000892639160156;1.207371711730957
1.4002668857574463;1.2068672180175781
1.400110125541687;1.206935167312622
1.4002139568328857;1.206373691558838
1.4001744985580444;1.2066313028335571
1.4001219272613525;1.2070975303649902
1.400125503540039;1.2068954706192017
1.4000684022903442;1.2065255641937256
1.400102138519287;1.2059211730957031
1.4001680612564087;1.206723690032959
1.4001679420471191;1.2066069841384888
1.4002577066421509;1.2080379724502563
1.4000988006591797;1.206465721130371
1.4001811742782593;1.207690715789795
1.4001669883728027;1.2061880826950073
1.4001792669296265;1.206347107887268
1.4005181789398193;1.2075130939483643
1.4003639221191406;1.2064603567123413
1.4001219272613525;1.206597089767456
1.400490641593933;1.2066986560821533
1.4003313779830933;1.2071787118911743
1.4001827239990234;1.2073071002960205
1.40019690990448;1.205761194229126
1.400115728378296;1.2067981958389282
1.400159478187561;1.2067896127700806
1.4001219272613525;1.2072879076004028
1.4001022577285767;1.206606388092041
1.400122046470642;1.2066134214401245
1.4001452922821045;1.206504464149475
1.4000910520553589;1.2063931226730347
1.4001585245132446;1.2065346240997314
1.4002187252044678;1.2061944007873535
1.4002151489257812;1.206874966621399
1.400272250175476;1.2061488628387451
1.4001022577285767;1.2064236402511597
1.4003206491470337;1.20669686794281
1.4002166986465454;1.206761360168457
1.40009605884552;1.2070140838623047
1.4002876281738281;1.2068270444869995
1.4001792669296265;1.2059781551361084
1.4001219272613525;1.2065175771713257
1.4002689123153687;1.20754075050354
1.400424838066101;1.2069196701049805
1.4001678228378296;1.2070021629333496
1.4001219272613525;1.2071505784988403
1.4002737998962402;1.206298589706421
1.4001966714859009;1.2062679529190063
1.400145173072815;1.2060863971710205
1.400179147720337;1.206321358680725
1.400122046470642;1.206347107887268
1.400192379951477;1.2065162658691406
1.4003913402557373;1.2066545486450195
1.4001681804656982;1.2067755460739136
1.4000767469406128;1.2062721252441406
1.4001219272613525;1.2066999673843384
1.4000879526138306;1.2070051431655884
1.4001679420471191;1.2072147130966187
1.4000768661499023;1.2067887783050537
1.4003288745880127;1.2069299221038818
1.4002059698104858;1.2064710855484009
1.4001158475875854;1.2068495750427246
1.4004225730895996;1.207557201385498
1.4001219272613525;1.2063502073287964
1.4001219272613525;1.2061082124710083
1.4004595279693604;1.2064447402954102
1.4002611637115479;1.207498550415039
1.4001471996307373;1.206337809562683
1.4004915952682495;1.2074559926986694
1.4003541469573975;1.20648992061615
1.4004117250442505;1.2069658041000366
1.40019690990448;1.2063400745391846
1.400233507156372;1.2069132328033447
1.4001882076263428;1.2062406539916992
1.4003084897994995;1.2067230939865112
1.4002412557601929;1.2064080238342285
1.4000682830810547;1.2061021327972412
1.4002670049667358;1.2072498798370361
1.4000681638717651;1.2069522142410278
1.4002121686935425;1.2069342136383057
1.4000880718231201;1.2070155143737793
1.4001827239990234;1.2065879106521606
1.4003047943115234;1.207207441329956
1.4003117084503174;1.2065951824188232
1.400179147720337;1.206192970275879
1.4003154039382935;1.2072199583053589
1.4003067016601562;1.2065092325210571
1.4001762866973877;1.2064512968063354
1.4002491235733032;1.2073942422866821
1.400125503540039;1.206610083580017
1.4000684022903442;1.2070797681808472
1.4000879526138306;1.206819772720337
1.4001022577285767;1.2069413661956787
1.400121808052063;1.2066155672073364
1.4001433849334717;1.2067888975143433
1.4001219272613525;1.2068623304367065
1.4002751111984253;1.2067139148712158
1.4002630710601807;1.2060946226119995
1.4002166986465454;1.2067434787750244
1.4001107215881348;1.2070691585540771
1.4001097679138184;1.207321047782898
1.4001473188400269;1.2077206373214722
1.400057077407837;1.20624577999115
1.4000880718231201;1.2065476179122925
1.4000910520553589;1.2074376344680786
1.4003427028656006;1.208236813545227
1.4000767469406128;1.206182599067688
1.400212287902832;1.2068703174591064
1.4001792669296265;1.2064436674118042
1.4002681970596313;1.2073496580123901
1.400121808052063;1.2059780359268188
1.4000619649887085;1.2066537141799927
1.4002512693405151;1.2073503732681274
1.4001022577285767;1.2059413194656372
1.400179147720337;1.2064510583877563
1.4001219272613525;1.2064324617385864
1.400122046470642;1.2058926820755005
1.4000880718231201;1.207000970840454
1.400145173072815;1.2079453468322754
1.4001609086990356;1.2060058116912842
1.4002121686935425;1.2068575620651245
1.4003729820251465;1.2068215608596802
1.4002156257629395;1.2071765661239624
1.4002354145050049;1.206581473350525
1.400267481803894;1.2069451808929443
1.4002693891525269;1.2062371969223022
1.4001219272613525;1.2058874368667603
1.4003452062606812;1.206870198249817
1.4002156257629395;1.206218957901001
1.4002166986465454;1.2064110040664673
1.400192141532898;1.2064591646194458
1.4001156091690063;1.2062922716140747
1.4001941680908203;1.2072620391845703
1.400248646736145;1.2064145803451538
1.4001219272613525;1.2065504789352417
1.4001022577285767;1.2060649394989014
1.4001072645187378;1.2069664001464844
1.400212049484253;1.207108974456787
1.4000959396362305;1.2059787511825562
1.4001792669296265;1.2061381340026855
1.4000988006591797;1.2081152200698853
1.4002718925476074;1.207066297531128
1.4002469778060913;1.2065023183822632
1.4003300666809082;1.2080968618392944
1.400121808052063;1.2068934440612793
1.4001142978668213;1.2076852321624756
1.400102972984314;1.2064193487167358
1.4001107215881348;1.207947015762329
1.4000816345214844;1.206809639930725
1.4000766277313232;1.206573247909546
1.4003300666809082;1.2068872451782227
1.400102138519287;1.2064887285232544
1.4001221656799316;1.2063195705413818
1.4002728462219238;1.2064659595489502
1.400258183479309;1.2065051794052124
1.400122046470642;1.2063777446746826
1.4001007080078125;1.2070726156234741
1.4001827239990234;1.2064201831817627
1.4002915620803833;1.2067639827728271
1.400234341621399;1.2064844369888306
1.400162935256958;1.2081489562988281
1.4002478122711182;1.2065644264221191
1.4001253843307495;1.2061344385147095
1.400179147720337;1.2068580389022827
1.4001142978668213;1.2068462371826172
1.4001107215881348;1.207127332687378
1.4002214670181274;1.2065303325653076
1.4000880718231201;1.2058289051055908
1.400179147720337;1.2057310342788696
1.400122046470642;1.2065491676330566
1.4002009630203247;1.2066844701766968
1.4001778364181519;1.2066423892974854
1.400179147720337;1.2078988552093506
1.4002398252487183;1.2066611051559448
1.4002282619476318;1.2077029943466187
1.4001107215881348;1.2061364650726318
1.4001680612564087;1.2066015005111694
1.400125503540039;1.207715392112732
1.4001193046569824;1.2058906555175781
1.4000880718231201;1.2069385051727295
1.4003862142562866;1.2071845531463623
1.4001339673995972;1.2067662477493286
1.4000648260116577;1.2063623666763306
1.4001826047897339;1.2063372135162354
1.4000768661499023;1.2064807415008545
1.4001749753952026;1.2066233158111572
1.400258183479309;1.2077080011367798
1.4001219272613525;1.206210732460022
1.4002985954284668;1.2072370052337646
1.400122046470642;1.207309603691101
1.4000879526138306;1.2057812213897705
1.400215744972229;1.207787036895752
1.400102138519287;1.2068367004394531
1.4001188278198242;1.2072160243988037
1.400179147720337;1.2067378759384155
1.4003167152404785;1.2067664861679077
1.4001449346542358;1.2065969705581665
1.4001781940460205;1.2068955898284912
1.4002089500427246;1.2066378593444824
1.400145173072815;1.206200122833252
1.4002352952957153;1.2059038877487183
1.4002158641815186;1.2067837715148926
1.4001826047897339;1.2062129974365234
1.4003621339797974;1.2073893547058105
1.4001792669296265;1.205627202987671
1.4002840518951416;1.2071937322616577
1.4001389741897583;1.2064412832260132
1.400145173072815;1.2069003582000732
1.4002398252487183;1.2070375680923462
1.400168538093567;1.2068065404891968
1.400396466255188;1.2073416709899902
1.4000682830810547;1.206263780593872
1.400179147720337;1.2066553831100464
1.4001022577285767;1.2071982622146606
1.4000767469406128;1.2065222263336182
1.4000880718231201;1.207344651222229
1.4001924991607666;1.207020878791809
1.4001247882843018;1.2069473266601562
1.4001309871673584;1.2072627544403076
1.4001214504241943;1.2076693773269653
1.4000768661499023;1.2065378427505493
1.4001084566116333;1.2072356939315796
1.4002158641815186;1.206544280052185
1.4002349376678467;1.2071657180786133
1.4002201557159424;1.2068440914154053
1.4001965522766113;1.2074531316757202
1.4001432657241821;1.2073309421539307
1.4000881910324097;1.2063721418380737
1.4003756046295166;1.2067197561264038
1.400081753730774;1.2063490152359009
1.4001452922821045;1.2067654132843018
1.4003324508666992;1.2064499855041504
1.4002578258514404;1.206268548965454
1.4002881050109863;1.2064872980117798
1.4002165794372559;1.2069443464279175
1.4002286195755005;1.2066211700439453
1.4002695083618164;1.2064642906188965
1.4002412557601929;1.2064646482467651
1.4005966186523438;1.207725167274475
1.4001022577285767;1.2059876918792725
1.4002572298049927;1.2070872783660889
1.400179147720337;1.207208275794983
1.4001933336257935;1.207055926322937
1.4002693891525269;1.2075144052505493
1.400179147720337;1.2065832614898682
1.4001649618148804;1.20708167552948
1.4000682830810547;1.2069836854934692
1.4000767469406128;1.2073453664779663
1.4001022577285767;1.2072124481201172
1.4003640413284302;1.2064396142959595
1.4002165794372559;1.2066059112548828
1.4001792669296265;1.205880045890808
1.4001669883728027;1.2069939374923706
1.4002681970596313;1.2060127258300781
1.4003686904907227;1.206671118736267
1.4002915620803833;1.2070716619491577
1.4000879526138306;1.2063517570495605
1.4001792669296265;1.2058578729629517
1.4003300666809082;1.2068721055984497
1.4001219272613525;1.2063817977905273
1.400122046470642;1.2073302268981934
1.4002681970596313;1.206084966659546
1.4003443717956543;1.206122875213623
1.4000862836837769;1.2065832614898682
1.400057077407837;1.2064372301101685
1.4002398252487183;1.2074296474456787
1.400179147720337;1.2061892747879028
1.4001827239990234;1.2059623003005981
1.4001219272613525;1.2063384056091309
1.4002548456192017;1.2069056034088135
1.4002398252487183;1.2059800624847412
1.4004933834075928;1.2074017524719238
1.400075912475586;1.2068312168121338
1.400081753730774;1.2069512605667114
1.4001566171646118;1.2061196565628052
1.4002530574798584;1.2062389850616455
1.4002429246902466;1.206653356552124
1.4001452922821045;1.2056515216827393
1.400145173072815;1.207168698310852
1.4000880718231201;1.2057242393493652
1.4000910520553589;1.2064121961593628
1.4004919528961182;1.2062933444976807
1.4001022577285767;1.2068607807159424
1.4001108407974243;1.2068169116973877
1.4001820087432861;1.2067872285842896
1.4002058506011963;1.2075031995773315
1.4003348350524902;1.2070380449295044
1.4002411365509033;1.2058836221694946
1.4002752304077148;1.2066460847854614
1.4003384113311768;1.2071229219436646
1.4001432657241821;1.2071565389633179
1.4001543521881104;1.206050157546997
1.4001857042312622;1.2069789171218872
1.4001107215881348;1.206666350364685
1.4002166986465454;1.206387996673584
1.400125503540039;1.2066764831542969
1.4004089832305908;1.207634449005127
1.40041184425354;1.207241415977478
1.4001022577285767;1.2063511610031128
1.400120496749878;1.2065329551696777
1.4001219272613525;1.2064505815505981
1.4001022577285767;1.2062504291534424
1.4002399444580078;1.2063164710998535
1.4001219272613525;1.2067548036575317
1.400145173072815;1.206260085105896
1.400144338607788;1.2073173522949219
1.400102138519287;1.2067488431930542
1.4001792669296265;1.2063066959381104
1.400268316268921;1.2063180208206177
1.4000682830810547;1.2075870037078857
1.400179147720337;1.206733226776123
1.4002676010131836;1.2065271139144897
1.4003311395645142;1.20797860622406
1.4001389741897583;1.2072079181671143
1.4000880718231201;1.2061704397201538
1.4002131223678589;1.2061612606048584
1.4001777172088623;1.2069604396820068
1.4001649618148804;1.206425428390503
1.4001826047897339;1.2059935331344604
1.4001781940460205;1.2072851657867432
1.4000879526138306;1.206653118133545
1.4002220630645752;1.2075241804122925
1.4001826047897339;1.2063945531845093
1.4001628160476685;1.2073158025741577
1.4001826047897339;1.2060984373092651
1.4001543521881104;1.206926703453064
1.4001214504241943;1.2069286108016968
1.4002691507339478;1.2074443101882935
1.4001022577285767;1.2064120769500732
1.4002447128295898;1.2066841125488281
1.4005955457687378;1.207134485244751
1.4002158641815186;1.2071647644042969
1.4002152681350708;1.2070072889328003
1.4002052545547485;1.2074605226516724
1.4002882242202759;1.2063199281692505
1.400159478187561;1.2069835662841797
1.400465965270996;1.206799030303955
1.4002596139907837;1.2065904140472412
1.4001729488372803;1.208251714706421
1.4001219272613525;1.2067747116088867
1.4001781940460205;1.2060033082962036
1.4000880718231201;1.2070835828781128
1.400121808052063;1.2064788341522217
1.400231957435608;1.2067465782165527
1.4000879526138306;1.2062504291534424
1.400131106376648;1.206392526626587
1.4004169702529907;1.2072794437408447
1.4000879526138306;1.2065753936767578
1.4001219272613525;1.2072043418884277
1.4001219272613525;1.2056260108947754
1.400179147720337;1.2073932886123657
1.4003254175186157;1.20716392993927
1.4003959894180298;1.2075862884521484
1.4001729488372803;1.2072105407714844
1.4000879526138306;1.2072651386260986
1.4000569581985474;1.2064515352249146
1.4001792669296265;1.2069123983383179
1.400249719619751;1.206160306930542
1.4002165794372559;1.206556797027588
1.4001106023788452;1.2067103385925293
1.4002571105957031;1.2078758478164673
1.4000879526138306;1.2061843872070312
1.400125503540039;1.2065199613571167
1.4001219272613525;1.2064423561096191
1.4003126621246338;1.2071319818496704
1.4001340866088867;1.207040548324585
1.400519609451294;1.2070344686508179
1.4003143310546875;1.2070444822311401
1.400234341621399;1.2067365646362305
1.4002411365509033;1.2070388793945312
1.400145173072815;1.2076878547668457
1.4001781940460205;1.207129716873169
1.4001585245132446;1.2061433792114258
1.4002336263656616;1.206667184829712
1.4000880718231201;1.2071151733398438
1.4000880718231201;1.2067092657089233
1.4001452922821045;1.2073729038238525
1.400102138519287;1.2063746452331543
1.4000767469406128;1.2065342664718628
1.4005744457244873;1.208146095275879
1.4001781940460205;1.20638108253479
1.4002121686935425;1.2077956199645996
1.4001022577285767;1.206747055053711
1.400179147720337;1.2060167789459229
1.400145173072815;1.206521987915039
1.4001580476760864;1.2066506147384644
1.4003255367279053;1.2066502571105957
1.400364875793457;1.2069993019104004
1.400179147720337;1.206685185432434
1.4003684520721436;1.207700252532959
1.400212049484253;1.206629991531372
1.400377869606018;1.2073605060577393
1.400232195854187;1.2068537473678589
1.4000846147537231;1.2065322399139404
1.4002349376678467;1.2071837186813354
1.4001197814941406;1.207918643951416
1.4001219272613525;1.2067408561706543
1.4000880718231201;1.2063205242156982
1.4001219272613525;1.207180142402649
1.400145173072815;1.2071399688720703
1.4001812934875488;1.20734703540802
1.4000684022903442;1.2074825763702393
1.400211215019226;1.2066349983215332
1.4001855850219727;1.2062369585037231
1.400296688079834;1.206557035446167
1.400158405303955;1.2059990167617798
1.400145173072815;1.2059212923049927
1.4004158973693848;1.2066203355789185
1.4002342224121094;1.2070319652557373
1.400057077407837;1.2066181898117065
1.4001219272613525;1.2072429656982422
1.400341272354126;1.2083719968795776
1.4002121686935425;1.2061055898666382
1.400179147720337;1.2063885927200317
1.4001827239990234;1.2063498497009277
1.4000682830810547;1.207451343536377
1.4002399444580078;1.207834243774414
1.4001680612564087;1.206545114517212
1.4000910520553589;1.2075318098068237
1.4002748727798462;1.2071682214736938
1.4003584384918213;1.2073683738708496
1.4002727270126343;1.2067664861679077
1.4000681638717651;1.2070558071136475
1.4000682830810547;1.2060359716415405
1.4005109071731567;1.2070870399475098
1.400162935256958;1.207045555114746
1.4002034664154053;1.2071259021759033
1.4000879526138306;1.2062252759933472
1.4001544713974;1.206242561340332
1.4001532793045044;1.2076596021652222
1.400179147720337;1.2063963413238525
1.400145173072815;1.2071077823638916
1.4002121686935425;1.2069206237792969
1.400336503982544;1.2067146301269531
1.4001219272613525;1.206823706626892
1.4001257419586182;1.2068989276885986
1.4001219272613525;1.206982135772705
1.4001022577285767;1.2070097923278809
1.4000879526138306;1.2069644927978516
1.400179147720337;1.2065105438232422
1.4000684022903442;1.2057075500488281
1.400304913520813;1.207716464996338
1.4000818729400635;1.2068716287612915
1.400122046470642;1.2067660093307495
1.4001728296279907;1.2060775756835938
1.400179147720337;1.2071099281311035
1.4002625942230225;1.207040786743164
1.4002165794372559;1.20559561252594
1.4000682830810547;1.206056833267212
1.4001022577285767;1.2061307430267334
1.400388240814209;1.2064157724380493
1.4001649618148804;1.2064149379730225
1.4003664255142212;1.2068573236465454
1.4000910520553589;1.2061469554901123
1.4001792669296265;1.2062820196151733
1.400125503540039;1.2067766189575195
1.4002399444580078;1.207297444343567
1.4002466201782227;1.2078020572662354
1.4001522064208984;1.2067722082138062
1.40005624294281;1.2071020603179932
1.4001604318618774;1.2073696851730347
1.4000908136367798;1.207802653312683
1.400179147720337;1.2063424587249756
1.4005595445632935;1.207260251045227
1.4001826047897339;1.2062503099441528
1.400268793106079;1.2075608968734741
1.4001452922821045;1.206369400024414
1.400122046470642;1.2056623697280884
1.4002485275268555;1.2075682878494263
1.400300145149231;1.2072426080703735
1.4000705480575562;1.2062946557998657
1.4001219272613525;1.2067310810089111
1.400102138519287;1.205912470817566
1.4002741575241089;1.2069456577301025
1.4001022577285767;1.2067307233810425
1.4002666473388672;1.2074005603790283
1.4003769159317017;1.2062067985534668
1.4001679420471191;1.2067660093307495
1.4002119302749634;1.2064669132232666
1.4002116918563843;1.2065110206604004
1.4002692699432373;1.2070062160491943
1.4001185894012451;1.206821322441101
1.400212049484253;1.206045150756836
1.4000704288482666;1.2069308757781982
1.4001775979995728;1.2071329355239868
1.4003255367279053;1.206411361694336
1.4000879526138306;1.2068958282470703
1.4001253843307495;1.2064129114151
1.400145173072815;1.2064940929412842
1.4000818729400635;1.206944465637207
1.400145173072815;1.2067431211471558
1.4002354145050049;1.2074741125106812
1.400177240371704;1.2068523168563843
1.4000879526138306;1.2061163187026978
1.4001679420471191;1.2074326276779175
1.400220274925232;1.206831455230713
1.4001861810684204;1.2064746618270874
1.4001022577285767;1.2068573236465454
1.4004201889038086;1.206515908241272
1.4002107381820679;1.2069636583328247
1.400134801864624;1.2064712047576904
1.400122046470642;1.2060112953186035
1.4001206159591675;1.206977128982544
1.4002398252487183;1.2063523530960083
1.4000909328460693;1.2067999839782715
1.4001022577285767;1.2072006464004517
1.400393009185791;1.2063593864440918
1.4001219272613525;1.2065575122833252
1.4003573656082153;1.2068443298339844
1.4003068208694458;1.2072193622589111
1.4000682830810547;1.2060654163360596
1.4005669355392456;1.2063411474227905
1.4001967906951904;1.2067370414733887
1.4001713991165161;1.206303358078003
1.400179147720337;1.2062199115753174
1.4000684022903442;1.206241250038147
1.400159478187561;1.206799030303955
1.4001108407974243;1.2067210674285889
1.4003719091415405;1.2076114416122437
1.4002541303634644;1.2072229385375977
1.4002718925476074;1.2062007188796997
1.4001346826553345;1.2065401077270508
1.400179147720337;1.2071009874343872
1.4001924991607666;1.2069790363311768
1.4000880718231201;1.2061347961425781
1.4002355337142944;1.2053643465042114
1.400125503540039;1.2067992687225342
1.4001256227493286;1.2065954208374023
1.4001219272613525;1.2060662508010864
1.4002220630645752;1.2059807777404785
1.4001144170761108;1.2061214447021484
1.4001452922821045;1.2069371938705444
1.400220274925232;1.2067177295684814
1.4003584384918213;1.2064528465270996
1.4001390933990479;1.2065014839172363
1.4000880718231201;1.2058104276657104
1.4000879526138306;1.20604407787323
1.400179147720337;1.2065951824188232
1.4002487659454346;1.2071342468261719
1.400192379951477;1.206321120262146
1.4001826047897339;1.2076319456100464
1.4002423286437988;1.2073546648025513
1.4001824855804443;1.2064014673233032
1.400225043296814;1.207585334777832
1.4003785848617554;1.2076796293258667
1.4002728462219238;1.2065311670303345
1.4000818729400635;1.2063162326812744
1.400179147720337;1.2071155309677124
1.4002165794372559;1.2063876390457153
1.4002231359481812;1.2068724632263184
1.4004117250442505;1.207311987876892
1.400115728378296;1.2067958116531372
1.4001792669296265;1.206092119216919
1.4001219272613525;1.2063692808151245
1.400250792503357;1.2067409753799438
1.4001649618148804;1.2070987224578857
1.400268316268921;1.207308053970337
1.4003442525863647;1.2071207761764526
1.4001219272613525;1.2065194845199585
1.4001544713974;1.2060794830322266
1.400125503540039;1.206641435623169
1.4001219272613525;1.2069165706634521
1.4003323316574097;1.206508994102478
1.4001824855804443;1.206595540046692
1.4000879526138306;1.2064855098724365
1.4003359079360962;1.206844449043274
1.4001482725143433;1.2066664695739746
1.4002344608306885;1.2060182094573975
1.400062084197998;1.2072737216949463
1.400125503540039;1.2069326639175415
1.4000879526138306;1.207350492477417
1.4002693891525269;1.2067919969558716
1.4001517295837402;1.2077265977859497
1.400150179862976;1.2064540386199951
1.400161623954773;1.2065881490707397
1.400180697441101;1.2070858478546143
1.400122046470642;1.2066725492477417
1.40019690990448;1.2073222398757935
1.400122046470642;1.206626296043396
1.4000880718231201;1.2060805559158325
1.400159478187561;1.2079333066940308
1.4001309871673584;1.205627679824829
1.4000910520553589;1.2071295976638794
1.4000880718231201;1.2069424390792847
1.4003093242645264;1.2065237760543823
1.4003161191940308;1.2061529159545898
1.4003181457519531;1.2067272663116455
1.4002196788787842;1.2071669101715088
1.4001340866088867;1.2063246965408325
1.4000879526138306;1.2064183950424194
1.4002723693847656;1.2061221599578857
1.4000988006591797;1.2067666053771973
1.400122046470642;1.20658278465271
1.4000910520553589;1.2067080736160278
1.4001309871673584;1.20686936378479
1.400081753730774;1.2066807746887207
1.400115728378296;1.2072720527648926
1.400488257408142;1.2074311971664429
1.4002693891525269;1.206449031829834
1.400102138519287;1.2061372995376587
1.4005451202392578;1.2077885866165161
1.400478720664978;1.2068977355957031
1.4001022577285767;1.206923007965088
1.400102138519287;1.2076315879821777
1.400145173072815;1.2066878080368042
1.4002659320831299;1.2070748805999756
1.4001144170761108;1.2061729431152344
1.4001811742782593;1.2063276767730713
1.4000910520553589;1.2076512575149536
1.4000879526138306;1.2070600986480713
1.4001022577285767;1.2059510946273804
1.4000881910324097;1.2069631814956665
1.4002116918563843;1.206406831741333
1.4001713991165161;1.2070412635803223
1.400249719619751;1.2061824798583984
1.400158166885376;1.2070107460021973
1.400179147720337;1.2055432796478271
1.4002554416656494;1.206775188446045
1.4001808166503906;1.2066655158996582
1.4002398252487183;1.207816481590271
1.4002736806869507;1.2067381143569946
1.4001389741897583;1.2063630819320679
1.4002045392990112;1.2066624164581299
1.4001595973968506;1.2065818309783936
1.400145173072815;1.2066104412078857
1.40017569065094;1.2074888944625854
1.4001184701919556;1.2068495750427246
1.4002023935317993;1.2072588205337524
1.4002693891525269;1.2071694135665894
1.4002693891525269;1.2063605785369873
1.4002695083618164;1.2059578895568848
1.4001628160476685;1.206902265548706
1.4001219272613525;1.2064521312713623
1.4001544713974;1.2066280841827393
1.4003843069076538;1.2064658403396606
1.400121808052063;1.2066577672958374
1.4002165794372559;1.2069246768951416
1.4002854824066162;1.2062550783157349
1.4002293348312378;1.207482099533081
1.400214672088623;1.206052541732788
1.4000968933105469;1.2069967985153198
1.4001593589782715;1.206634521484375
1.400102138519287;1.2066093683242798
1.400343418121338;1.2064017057418823
1.4001219272613525;1.2063233852386475
1.4001106023788452;1.2073307037353516
1.4001719951629639;1.2067478895187378
1.400161623954773;1.2071915864944458
1.4001802206039429;1.2076393365859985
1.400162935256958;1.2074772119522095
1.4001044034957886;1.206407904624939
1.400102138519287;1.2064281702041626
1.400087833404541;1.2063512802124023
1.4001679420471191;1.2069495916366577
1.400192379951477;1.206842064857483
1.40017831325531;1.2059831619262695
1.4001544713974;1.2063835859298706
1.4002947807312012;1.2066890001296997
1.4001781940460205;1.206490397453308
1.40022873878479;1.2086126804351807
1.4001219272613525;1.2064166069030762
1.4001219272613525;1.2059885263442993
1.4002736806869507;1.2061870098114014
1.4002165794372559;1.206276774406433
1.400422215461731;1.206394910812378
1.400121808052063;1.2069785594940186
1.4001022577285767;1.2063976526260376
1.400364875793457;1.2063612937927246
1.4001522064208984;1.206607460975647
1.4003621339797974;1.2066625356674194
1.400179147720337;1.2065584659576416
1.4004180431365967;1.2065719366073608
1.4004971981048584;1.208162546157837
1.4001595973968506;1.2059714794158936
1.4001811742782593;1.2070900201797485
1.4001781940460205;1.2067453861236572
1.400214672088623;1.2070858478546143
1.4001781940460205;1.2074534893035889
1.400122046470642;1.207189679145813
1.4000880718231201;1.2065086364746094
1.4000879526138306;1.2067674398422241
1.400179147720337;1.2077351808547974
1.4002165794372559;1.2064800262451172
1.4002395868301392;1.2068710327148438
1.4000682830810547;1.2054857015609741
1.4002530574798584;1.2063822746276855
1.400179147720337;1.205940842628479
1.4001595973968506;1.2066987752914429
1.4001389741897583;1.2069613933563232
1.4001764059066772;1.2072148323059082
1.4001092910766602;1.2060173749923706
1.4001107215881348;1.2062443494796753
1.4001156091690063;1.2074416875839233
1.4002693891525269;1.206447720527649
1.4001811742782593;1.2079594135284424
1.4001728296279907;1.2069263458251953
1.4003127813339233;1.2072477340698242
1.400145173072815;1.2064088582992554
1.4003115892410278;1.2072662115097046
1.4001781940460205;1.2071270942687988
1.4003653526306152;1.2065067291259766
1.400409460067749;1.2080256938934326
1.400087833404541;1.2074106931686401
1.4001572132110596;1.2068227529525757
1.4002679586410522;1.2068662643432617
1.4000768661499023;1.2068655490875244
1.4002121686935425;1.206568717956543
1.4001309871673584;1.2055280208587646
1.4002412557601929;1.2061477899551392
1.4000767469406128;1.2067382335662842
1.4002166986465454;1.2065625190734863
1.4001679420471191;1.2065625190734863
1.4001022577285767;1.2061703205108643
1.4001452922821045;1.2069599628448486
1.400122046470642;1.2069051265716553
1.400145173072815;1.2064703702926636
1.400344729423523;1.2074025869369507
1.400125503540039;1.2070376873016357
1.4002008438110352;1.206937551498413
1.4000664949417114;1.2068384885787964
1.4001826047897339;1.2080883979797363
1.400268316268921;1.2067586183547974
1.4001219272613525;1.2062748670578003
1.4000767469406128;1.206782341003418
1.4000649452209473;1.2066025733947754
1.400057077407837;1.2062084674835205
1.4005496501922607;1.206590175628662
1.4003067016601562;1.2069498300552368
1.4001792669296265;1.20662260055542
1.4001826047897339;1.207230567932129
1.4000681638717651;1.2067797183990479
1.4001452922821045;1.2068617343902588
1.4003205299377441;1.2064987421035767
1.4002089500427246;1.2069345712661743
1.40017831325531;1.206419587135315
1.4001648426055908;1.2066459655761719
1.4000861644744873;1.2073389291763306
1.4002165794372559;1.2069377899169922
1.4002102613449097;1.2064642906188965
1.4001826047897339;1.206768274307251
1.4005541801452637;1.207288146018982
1.400121808052063;1.2061898708343506
1.4002695083618164;1.2067115306854248
1.4001790285110474;1.2072789669036865
1.4004261493682861;1.2070988416671753
1.4000880718231201;1.2060388326644897
1.4001420736312866;1.2078232765197754
1.4000879526138306;1.2066292762756348
1.4002718925476074;1.2063534259796143
1.4001792669296265;1.2067707777023315
1.4001022577285767;1.2058908939361572
1.4002147912979126;1.2076537609100342
1.4001107215881348;1.2061827182769775
1.400179147720337;1.2065562009811401
1.4000880718231201;1.2066662311553955
1.4002121686935425;1.2064225673675537
1.4001219272613525;1.2065181732177734
1.4000880718231201;1.20672607421875
1.4002164602279663;1.205784559249878
1.4002608060836792;1.2067835330963135
1.4003517627716064;1.2066893577575684
1.4001257419586182;1.2060575485229492
1.4001628160476685;1.2069079875946045
1.4001080989837646;1.206076741218567
1.400179386138916;1.2067195177078247
1.400179147720337;1.2064769268035889
1.4002286195755005;1.2069624662399292
1.4001219272613525;1.2065623998641968
1.4000879526138306;1.206699013710022
1.4001827239990234;1.207106351852417
1.4002121686935425;1.2069281339645386
1.4001219272613525;1.206364393234253
1.4001107215881348;1.2069169282913208
1.4001792669296265;1.2057697772979736
1.4000844955444336;1.2070308923721313
1.4003113508224487;1.2064646482467651
1.4003005027770996;1.2070971727371216
1.4001219272613525;1.206490397453308
1.4001924991607666;1.2069201469421387
1.4001339673995972;1.2064117193222046
1.4001219272613525;1.2068829536437988
1.4004359245300293;1.2066477537155151
1.4001792669296265;1.2067872285842896
1.40019690990448;1.2066320180892944
1.4001471996307373;1.205933928489685
1.4001219272613525;1.206971287727356
1.4001473188400269;1.2074850797653198
1.400120496749878;1.2058740854263306
1.4002151489257812;1.206813097000122
1.4001792669296265;1.2063958644866943
1.4002045392990112;1.2065058946609497
1.400224208831787;1.2068575620651245
1.4002786874771118;1.2074499130249023
1.4003452062606812;1.207437515258789
1.400062084197998;1.2063645124435425
1.4000682830810547;1.206852912902832
1.400055170059204;1.207571029663086
1.4000879526138306;1.2071635723114014
1.4002355337142944;1.2070103883743286
1.4001432657241821;1.2064346075057983
1.4001129865646362;1.207167625427246
1.4003005027770996;1.2066911458969116
1.4002201557159424;1.2070667743682861
1.4001144170761108;1.2063974142074585
1.400205373764038;1.2068967819213867
1.4001773595809937;1.206835389137268
1.4001256227493286;1.2068676948547363
1.4000879526138306;1.2063522338867188
1.4001715183258057;1.2062289714813232
1.400122046470642;1.2065210342407227
1.400321125984192;1.2067207098007202
1.4001340866088867;1.206926941871643
1.4003247022628784;1.2066763639450073
1.4000682830810547;1.2060747146606445
1.4002165794372559;1.2063124179840088
1.4002915620803833;1.2067265510559082
1.400153636932373;1.2068302631378174
1.4001713991165161;1.2068287134170532
1.400125503540039;1.2063542604446411
1.4001108407974243;1.2061312198638916
1.4001219272613525;1.2072559595108032
1.400421142578125;1.206162691116333
1.4001340866088867;1.206916093826294
1.4002166986465454;1.2063982486724854
1.4002684354782104;1.2062324285507202
1.4002286195755005;1.2065538167953491
1.4002411365509033;1.207698941230774
1.4002373218536377;1.2068824768066406
1.4001777172088623;1.2068560123443604
1.4003008604049683;1.2068672180175781
1.4001781940460205;1.207170009613037
1.4002059698104858;1.2076587677001953
1.400179147720337;1.2062255144119263
1.4001781940460205;1.206546664237976
1.4000768661499023;1.2069380283355713
1.400162935256958;1.2076472043991089
1.4003359079360962;1.207249402999878
1.4002866744995117;1.206510305404663
1.4003206491470337;1.2062926292419434
1.4001219272613525;1.2063888311386108
1.4002572298049927;1.2070558071136475
1.400122046470642;1.2073509693145752
1.4002164602279663;1.2065378427505493
1.4001742601394653;1.2068333625793457
1.400249719619751;1.2064720392227173
1.4003331661224365;1.2059508562088013
1.400145173072815;1.2064906358718872
1.4003245830535889;1.2074521780014038
1.4002693891525269;1.2069536447525024
1.4001781940460205;1.2063688039779663
1.4004994630813599;1.2071449756622314
1.4002960920333862;1.2070621252059937
1.4001452922821045;1.2060599327087402
1.4003359079360962;1.206811785697937
1.4001158475875854;1.2071436643600464
1.4006128311157227;1.207350492477417
1.4001219272613525;1.208370566368103
1.4002379179000854;1.206750512123108
1.4003301858901978;1.2064547538757324
1.4003340005874634;1.2083442211151123
1.400179147720337;1.2062007188796997
1.4003640413284302;1.2071360349655151
1.400122046470642;1.2067244052886963
1.4001418352127075;1.2069467306137085
1.400125503540039;1.2065013647079468
1.4001595973968506;1.2067660093307495
1.400141954421997;1.206223487854004
1.400249719619751;1.2069748640060425
1.4001758098602295;1.2063708305358887
1.400212049484253;1.2064580917358398
1.4002681970596313;1.2065894603729248
1.4002490043640137;1.207550048828125
1.400212049484253;1.2067432403564453
1.4000941514968872;1.2069370746612549
1.4001792669296265;1.2071733474731445
1.400421380996704;1.2067654132843018
1.4001471996307373;1.2070043087005615
1.4002676010131836;1.2069425582885742
1.4003618955612183;1.2065502405166626
1.4006171226501465;1.2082289457321167
1.4001452922821045;1.206118106842041
1.400121808052063;1.2065205574035645
1.4000879526138306;1.2063772678375244
1.4001482725143433;1.207760214805603
1.400125503540039;1.205974817276001
1.4004679918289185;1.2067914009094238
1.400102138519287;1.2057074308395386
1.4002240896224976;1.206705927848816
1.4000880718231201;1.2074509859085083
1.4001219272613525;1.2063682079315186
1.4003827571868896;1.206899881362915
1.4000879526138306;1.20627760887146
1.4001827239990234;1.206992268562317
1.4002892971038818;1.2071696519851685
1.4001628160476685;1.2063039541244507
1.4000682830810547;1.2070857286453247
1.400178074836731;1.2063915729522705
1.4002009630203247;1.206842064857483
1.400234341621399;1.2078006267547607
1.4001340866088867;1.2059502601623535
1.4000880718231201;1.2058039903640747
1.4002693891525269;1.207432746887207
1.4002693891525269;1.2071027755737305
1.4000879526138306;1.206923246383667
1.4001826047897339;1.206505537033081
1.4003063440322876;1.207290768623352
1.4001355171203613;1.2073290348052979
1.4000682830810547;1.2064155340194702
1.400321125984192;1.2069156169891357
1.4000880718231201;1.206750512123108
1.4002984762191772;1.2070409059524536
1.4001184701919556;1.2064697742462158
1.4001022577285767;1.2068567276000977
1.400268316268921;1.2066055536270142
1.4003127813339233;1.2061066627502441
1.400122046470642;1.2068222761154175
1.4001712799072266;1.2065858840942383
1.400144338607788;1.2071822881698608
1.4000880718231201;1.2068270444869995
1.4000879526138306;1.2069292068481445
1.4002772569656372;1.2073640823364258
1.400092601776123;1.2070205211639404
1.4002164602279663;1.206740379333496
1.4002281427383423;1.2067440748214722
1.400179147720337;1.208160161972046
1.4002783298492432;1.206981897354126
1.4002164602279663;1.206631064414978
1.4005531072616577;1.2078602313995361
1.4001107215881348;1.206296443939209
1.4003628492355347;1.2065869569778442
1.4001092910766602;1.206711769104004
1.4001219272613525;1.2062392234802246
1.400197148323059;1.2073094844818115
1.400159478187561;1.2060573101043701
1.4001544713974;1.206617832183838
1.4002399444580078;1.206952691078186
1.4001544713974;1.206986665725708
1.4001617431640625;1.2065749168395996
1.4000880718231201;1.2069861888885498
1.400122046470642;1.2056294679641724
1.400179147720337;1.2063249349594116
1.4002984762191772;1.2072079181671143
1.4000879526138306;1.206190824508667
1.4002562761306763;1.2067008018493652
1.4000508785247803;1.2074607610702515
1.4001219272613525;1.2060617208480835
1.4001680612564087;1.2060788869857788
1.4001418352127075;1.207813024520874
1.4001792669296265;1.207079529762268
1.4002221822738647;1.207266092300415
1.4002412557601929;1.2069584131240845
1.400136947631836;1.206696629524231
1.4000879526138306;1.2062653303146362
1.4001967906951904;1.2061562538146973
1.4001452922821045;1.2072622776031494
1.400081753730774;1.206114411354065
1.4001826047897339;1.207188606262207
1.400179147720337;1.2071256637573242
1.400145173072815;1.2068086862564087
1.400179147720337;1.206757664680481
1.4003689289093018;1.2068692445755005
1.4003641605377197;1.2062084674835205
1.4001452922821045;1.2069091796875
1.4000768661499023;1.206521987915039
1.4001781940460205;1.2061569690704346
1.4000879526138306;1.205513834953308
1.4002156257629395;1.2067216634750366
1.4001826047897339;1.2062324285507202
1.4001022577285767;1.2064316272735596
1.4001532793045044;1.207639217376709
1.4001017808914185;1.20753014087677
1.4003959894180298;1.2073336839675903
1.4003602266311646;1.2072185277938843
1.4001219272613525;1.2074196338653564
1.4001022577285767;1.2057104110717773
1.400179147720337;1.2061553001403809
1.4001452922821045;1.2069357633590698
1.4001175165176392;1.2076630592346191
1.4001022577285767;1.205854058265686
1.4001219272613525;1.205819845199585
1.4001219272613525;1.207287073135376
1.4002710580825806;1.2080224752426147
1.4000880718231201;1.2055007219314575
1.40017569065094;1.2068794965744019
1.4003068208694458;1.2068207263946533
1.4000880718231201;1.2062236070632935
1.400145173072815;1.2066476345062256
1.4000910520553589;1.2057645320892334
1.400192141532898;1.2062240839004517
1.40032160282135;1.20636785030365
1.4002481698989868;1.2069487571716309
1.4001219272613525;1.207262635231018
1.4001108407974243;1.2056387662887573
1.4002984762191772;1.2067172527313232
1.4001792669296265;1.2069015502929688
1.4001219272613525;1.2057071924209595
1.4003533124923706;1.2067716121673584
1.4002758264541626;1.2066237926483154
1.4002737998962402;1.2066280841827393
1.4003301858901978;1.2066800594329834
1.4002186059951782;1.2063453197479248
1.4002180099487305;1.207235336303711
1.4001648426055908;1.2066786289215088
1.4004814624786377;1.207465648651123
1.4002752304077148;1.207194209098816
1.4002752304077148;1.206636905670166
1.400179147720337;1.2062147855758667
1.4001107215881348;1.2071113586425781
1.4002870321273804;1.2065471410751343
1.400483250617981;1.2072629928588867
1.4001585245132446;1.2066386938095093
1.400145173072815;1.206608533859253
1.4001452922821045;1.2068302631378174
1.4000879526138306;1.2057733535766602
1.4001781940460205;1.2066683769226074
1.4002468585968018;1.2070221900939941
1.4000879526138306;1.2069724798202515
1.4003788232803345;1.2067327499389648
1.4002058506011963;1.207750678062439
1.4001022577285767;1.207013487815857
1.4002165794372559;1.206382155418396
1.400112271308899;1.2072690725326538
1.400333046913147;1.2076667547225952
1.4000879526138306;1.2068455219268799
1.4000879526138306;1.2065467834472656
1.4001256227493286;1.2056926488876343
1.4000684022903442;1.2069509029388428
1.4000767469406128;1.205960750579834
1.4002102613449097;1.206923246383667
1.400234341621399;1.206924557685852
1.4002102613449097;1.2069252729415894
1.400268316268921;1.2073057889938354
1.4001781940460205;1.2084912061691284
1.400262713432312;1.2062368392944336
1.4001781940460205;1.2073513269424438
1.4001106023788452;1.206601858139038
1.400212049484253;1.206451416015625
1.4002915620803833;1.2069132328033447
1.4002728462219238;1.2064409255981445
1.4002716541290283;1.2066442966461182
1.4002095460891724;1.2075340747833252
1.4000537395477295;1.2075215578079224
1.400122046470642;1.2066487073898315
1.4001389741897583;1.2070059776306152
1.4001219272613525;1.206281304359436
1.4000879526138306;1.2058759927749634
1.4001022577285767;1.2069950103759766
1.4002398252487183;1.2067980766296387
1.4001593589782715;1.2064815759658813
1.4001339673995972;1.2059262990951538
1.4000768661499023;1.2065247297286987
1.4001022577285767;1.206166386604309
1.4001924991607666;1.206973910331726
1.4000879526138306;1.206081748008728
1.4000767469406128;1.2063157558441162
1.4001452922821045;1.2067490816116333
1.4000684022903442;1.206781029701233
1.400230050086975;1.2067620754241943
1.400519609451294;1.2068569660186768
1.400115728378296;1.2068318128585815
1.4001219272613525;1.20670747756958
1.4001679420471191;1.2068822383880615
1.400221586227417;1.2070897817611694
1.400179147720337;1.206989049911499
1.4001219272613525;1.2070794105529785
1.4003442525863647;1.2071771621704102
1.4002281427383423;1.2062339782714844
1.400184154510498;1.2068325281143188
1.4000767469406128;1.206560492515564
1.4003653526306152;1.2074251174926758
1.4002737998962402;1.2064096927642822
1.4001566171646118;1.2068074941635132
1.400121808052063;1.2064045667648315
1.4003371000289917;1.2062593698501587
1.4003628492355347;1.206622838973999
1.400141954421997;1.20636785030365
1.4001219272613525;1.2055898904800415
1.4000879526138306;1.2066696882247925
1.4003387689590454;1.2067896127700806
1.4002737998962402;1.2066826820373535
1.400388240814209;1.2073121070861816
1.4002411365509033;1.2069683074951172
1.4001857042312622;1.2071950435638428
1.400125503540039;1.206354022026062
1.400320053100586;1.2064753770828247
1.4003585577011108;1.2072170972824097
1.400120496749878;1.2067562341690063
1.4001022577285767;1.2065396308898926
1.400145173072815;1.2065459489822388
1.4002164602279663;1.2058203220367432
1.4000682830810547;1.20621657371521
1.4001967906951904;1.2065376043319702
1.4002567529678345;1.207479476928711
1.4002354145050049;1.2066771984100342
1.4002121686935425;1.2067666053771973
1.400178074836731;1.2063862085342407
1.4000684022903442;1.2062333822250366
1.4001219272613525;1.206466555595398
1.4004875421524048;1.2074012756347656
1.4003324508666992;1.2068973779678345
1.400268316268921;1.2072011232376099
1.4001857042312622;1.207061529159546
1.4001781940460205;1.2067911624908447
1.400357723236084;1.2069734334945679
1.4000768661499023;1.206679105758667
1.4002121686935425;1.2063679695129395
1.4004034996032715;1.2068147659301758
1.4002679586410522;1.2071635723114014
1.4001219272613525;1.206516981124878
1.4000880718231201;1.2063262462615967
1.400412917137146;1.2064776420593262
1.4001445770263672;1.207488775253296
1.400119423866272;1.2076611518859863
1.4002736806869507;1.2064404487609863
1.4001452922821045;1.2067992687225342
1.4001781940460205;1.2066177129745483
1.4002164602279663;1.2070064544677734
1.4001200199127197;1.2060821056365967
1.4003770351409912;1.2082021236419678
1.4000881910324097;1.2062997817993164
1.4000861644744873;1.2065718173980713
1.4001219272613525;1.2070086002349854
1.400159478187561;1.2061213254928589
1.4003629684448242;1.2073549032211304
1.400179147720337;1.206089973449707
1.400192379951477;1.2064844369888306
1.4001792669296265;1.2065030336380005
1.4003046751022339;1.207080364227295
1.4001219272613525;1.2062963247299194
1.400122046470642;1.2064101696014404
1.400268316268921;1.2070976495742798
1.4001309871673584;1.2062573432922363
1.4000682830810547;1.2062292098999023
1.400121808052063;1.206193208694458
1.4001219272613525;1.20637047290802
1.4000766277313232;1.2064523696899414
1.400152325630188;1.207627534866333
1.40009605884552;1.2063448429107666
1.4000880718231201;1.2072100639343262
1.4001022577285767;1.2065768241882324
1.400125503540039;1.2059754133224487
1.4000767469406128;1.2067278623580933
1.4001680612564087;1.207749366760254
1.4004215002059937;1.2070212364196777
1.4001388549804688;1.206737995147705
1.400357723236084;1.2069203853607178
1.400192379951477;1.206413745880127
1.4001774787902832;1.2069300413131714
1.4001107215881348;1.2070883512496948
1.4000879526138306;1.2058931589126587
1.4001219272613525;1.2066748142242432
1.4001219272613525;1.2067148685455322
1.4002165794372559;1.2065058946609497
1.4002398252487183;1.2068824768066406
1.4002693891525269;1.2071136236190796
1.4001219272613525;1.2065677642822266
1.400125503540039;1.2061524391174316
1.4002264738082886;1.207295536994934
1.400122046470642;1.2077618837356567
1.4002825021743774;1.2064019441604614
1.4001023769378662;1.206936240196228
1.4001452922821045;1.2061420679092407
1.4001108407974243;1.2065544128417969
1.4001209735870361;1.2076023817062378
1.4001219272613525;1.2063570022583008
1.4001648426055908;1.2067606449127197
1.4002132415771484;1.20628023147583
1.4002655744552612;1.2074295282363892
1.4002693891525269;1.2065333127975464
1.4000879526138306;1.2065060138702393
1.4002224206924438;1.2067761421203613
1.4002728462219238;1.2068982124328613
1.4000879526138306;1.2066993713378906
1.4002354145050049;1.2066452503204346
1.4001617431640625;1.2063896656036377
1.400141954421997;1.2072306871414185
1.4002399444580078;1.2067285776138306
1.4001718759536743;1.2069861888885498
1.4001219272613525;1.2066941261291504
1.4001669883728027;1.2064827680587769
1.4000959396362305;1.2069302797317505
1.4000768661499023;1.2065037488937378
1.4001004695892334;1.2067667245864868
1.4000880718231201;1.2062758207321167
1.400158405303955;1.2067208290100098
1.4002008438110352;1.2068984508514404
1.4002121686935425;1.2064802646636963
1.4004724025726318;1.2073025703430176
1.4001482725143433;1.2066861391067505
1.4000879526138306;1.2070207595825195
1.400121808052063;1.2073495388031006
1.4000880718231201;1.206388235092163
1.4002398252487183;1.2058593034744263
1.400205373764038;1.2064951658248901
1.400179147720337;1.2070425748825073
1.4002915620803833;1.206504464149475
1.400179147720337;1.2074344158172607
1.4003255367279053;1.2068405151367188
1.400295615196228;1.2063871622085571
1.4000767469406128;1.206202507019043
1.4001106023788452;1.2062791585922241
1.4000861644744873;1.2067456245422363
1.4001219272613525;1.206424593925476
1.4001649618148804;1.2063542604446411
1.4002550840377808;1.2068899869918823
1.400159478187561;1.2062679529190063
1.400422215461731;1.2081753015518188
1.400205373764038;1.207000732421875
1.4002916812896729;1.2076292037963867
1.4001219272613525;1.206397533416748
1.4001219272613525;1.2058745622634888
1.400159478187561;1.2067381143569946
1.4000767469406128;1.206513524055481
1.400122046470642;1.206068754196167
1.4001452922821045;1.2066066265106201
1.4004325866699219;1.2072844505310059
1.4001781940460205;1.206054925918579
1.400319218635559;1.206536054611206
1.400267481803894;1.2067251205444336
1.4000682830810547;1.207273006439209
1.4001339673995972;1.2069026231765747
1.4001219272613525;1.206308364868164
1.4001107215881348;1.2068885564804077
1.4000569581985474;1.2059624195098877
1.4001781940460205;1.2071170806884766
1.4002554416656494;1.2072168588638306
1.4001572132110596;1.2068787813186646
1.400159478187561;1.2067768573760986
1.4000682830810547;1.2075659036636353
1.4003299474716187;1.2068917751312256
1.400159478187561;1.2058141231536865
1.4001452922821045;1.2067447900772095
1.4002412557601929;1.2065719366073608
1.400238037109375;1.2066181898117065
1.4003323316574097;1.2068121433258057
1.4000682830810547;1.2060320377349854
1.4000879526138306;1.2058980464935303
1.4002693891525269;1.2064845561981201
1.4000705480575562;1.2072333097457886
1.4003255367279053;1.2065203189849854
1.4003150463104248;1.2074337005615234
1.4001256227493286;1.206317663192749
1.400179147720337;1.206869125366211
1.400179147720337;1.2071975469589233
1.4000816345214844;1.2065523862838745
1.4005392789840698;1.2070469856262207
1.4002540111541748;1.2059998512268066
1.4000682830810547;1.2062197923660278
1.4002243280410767;1.2072099447250366
1.4001593589782715;1.207316517829895
1.4001156091690063;1.2067785263061523
1.4002398252487183;1.2065863609313965
1.4001792669296265;1.2058336734771729
1.4000767469406128;1.2071336507797241
1.4000879526138306;1.2061192989349365
1.4000879526138306;1.2066504955291748
1.400145173072815;1.2073323726654053
1.400081753730774;1.2067254781723022
1.4002121686935425;1.2070544958114624
1.4001022577285767;1.2062777280807495
1.4002625942230225;1.2061320543289185
1.4001579284667969;1.20661461353302
1.4000895023345947;1.206960916519165
1.4000673294067383;1.207083821296692
1.4002759456634521;1.206084132194519
1.400115728378296;1.2067317962646484
1.4000880718231201;1.206793189048767
1.40005362033844;1.2071938514709473
1.4000880718231201;1.206215739250183
1.4002121686935425;1.2060292959213257
1.4002485275268555;1.2065157890319824
1.4001827239990234;1.2068836688995361
1.4002586603164673;1.2072008848190308
1.4002737998962402;1.2064363956451416
1.4000767469406128;1.2061140537261963
1.4003255367279053;1.2069814205169678
1.400346279144287;1.2077865600585938
1.4002399444580078;1.206939458847046
1.4000871181488037;1.2075726985931396
1.4001452922821045;1.2070811986923218
1.4000682830810547;1.2065716981887817
1.4001452922821045;1.205981969833374
1.4001219272613525;1.2067210674285889
1.400062084197998;1.2059409618377686
1.4000880718231201;1.206593632698059
1.4001452922821045;1.2064518928527832
1.4000880718231201;1.2059943675994873
1.4000910520553589;1.206600546836853
1.400326132774353;1.2068475484848022
1.4000879526138306;1.2072904109954834
1.4001824855804443;1.2063924074172974
1.4002121686935425;1.2067052125930786
1.4001482725143433;1.2071101665496826
1.4002290964126587;1.2073593139648438
1.4002717733383179;1.2058664560317993
1.400145173072815;1.2075800895690918
1.4001107215881348;1.206491470336914
1.4001905918121338;1.2072618007659912
1.4000682830810547;1.206068754196167
1.4002165794372559;1.206907033920288
1.400087594985962;1.20657479763031
1.4004148244857788;1.2081172466278076
1.4002492427825928;1.207019567489624
1.4001790285110474;1.206659197807312
1.400344729423523;1.206704020500183
1.4000767469406128;1.2071062326431274
1.4001713991165161;1.2065173387527466
1.4000880718231201;1.2063100337982178
1.400122046470642;1.206579566001892
