TV;KL
1.4798495769500732;6.680700302124023
1.3489779233932495;4.708146095275879
1.2135401964187622;2.894773006439209
1.0951356887817383;1.9333046674728394
1.0098209381103516;1.4362478256225586
0.9211446642875671;1.0719465017318726
0.8740042448043823;0.8782452940940857
0.8195065259933472;0.7146750688552856
0.7719992399215698;0.5852391719818115
0.7405602931976318;0.5191001892089844
0.7192521691322327;0.4633435606956482
0.7092220783233643;0.42017436027526855
0.6906231045722961;0.37083178758621216
0.6905428171157837;0.35143548250198364
0.6785458326339722;0.330846905708313
0.6784543991088867;0.3167516589164734
0.6755608320236206;0.30223700404167175
0.6763555407524109;0.29835811257362366
0.6741734743118286;0.28943973779678345
0.6750130653381348;0.2835840582847595
0.6741244792938232;0.2755592465400696
0.6746009588241577;0.27588319778442383
0.6734161376953125;0.27095216512680054
0.6725248098373413;0.27152326703071594
0.6734145879745483;0.2662830352783203
0.6735684871673584;0.26570942997932434
0.673806369304657;0.2646702826023102
0.6732015013694763;0.26591116189956665
0.6732195615768433;0.264564573764801
0.6737043857574463;0.2641204297542572
0.6737908124923706;0.26360630989074707
0.6732977628707886;0.2612416744232178
0.6727454662322998;0.26168331503868103
0.6736680269241333;0.2598417401313782
0.6745077967643738;0.26336103677749634
0.6738801002502441;0.2629152834415436
0.673328161239624;0.260608434677124
0.6732875108718872;0.2600679397583008
0.6745585799217224;0.2622693181037903
0.6731336116790771;0.26036494970321655
0.6734239459037781;0.2613775134086609
0.6739842891693115;0.2613045275211334
0.67441725730896;0.26171523332595825
0.6730812788009644;0.25899529457092285
0.6736394762992859;0.2609429657459259
0.6728668212890625;0.26067399978637695
0.6738334894180298;0.26146891713142395
0.6737186312675476;0.26128053665161133
0.6734625101089478;0.26096290349960327
0.672831118106842;0.2609299421310425
0.672671377658844;0.2605897784233093
0.6725097894668579;0.2602801024913788
0.6739727258682251;0.2607637345790863
0.6748272180557251;0.2613086998462677
0.6745986342430115;0.2616758346557617
0.6726746559143066;0.2608537971973419
0.6726842522621155;0.259601354598999
0.6728773713111877;0.26102930307388306
0.6743887662887573;0.2603655755519867
0.6731034517288208;0.26180535554885864
0.6738491654396057;0.26021456718444824
0.6725135445594788;0.2596379518508911
0.673841655254364;0.26185280084609985
0.6737427115440369;0.26194295287132263
0.6732240915298462;0.2598377466201782
0.6729467511177063;0.2601923644542694
0.6731396913528442;0.25994110107421875
0.6735711097717285;0.2612302899360657
0.6733365654945374;0.2612072229385376
0.6732152104377747;0.26138967275619507
0.6730074286460876;0.26066967844963074
0.6728748083114624;0.261600136756897
0.6726299524307251;0.2605915665626526
0.6727600693702698;0.25877201557159424
0.673303484916687;0.2619727849960327
0.673253059387207;0.26131269335746765
0.672559380531311;0.26028168201446533
0.6738231182098389;0.26002997159957886
0.6730213165283203;0.2602159082889557
0.6732100248336792;0.2608494162559509
0.6735648512840271;0.2591100335121155
0.672606348991394;0.26027345657348633
0.6741670966148376;0.2608419954776764
0.6734429597854614;0.26037007570266724
0.6729173064231873;0.2604900002479553
0.6732867956161499;0.26068153977394104
0.6745882630348206;0.2611650228500366
0.6731771230697632;0.2609541118144989
0.6733855605125427;0.26062071323394775
0.6736336946487427;0.25983381271362305
0.6745103001594543;0.26145830750465393
0.6732004880905151;0.26184505224227905
0.6739356517791748;0.25970742106437683
0.6735668182373047;0.2626907229423523
0.6738325357437134;0.26246336102485657
0.6736515760421753;0.2621881365776062
0.6739276647567749;0.2605222165584564
0.6731130480766296;0.2601522207260132
0.6740000247955322;0.26226234436035156
0.6732045412063599;0.2606245279312134
0.6751967668533325;0.262123167514801
0.6727336645126343;0.261344850063324
0.6725983023643494;0.2597566246986389
0.6727406978607178;0.260484516620636
0.6731147170066833;0.26046693325042725
0.673451840877533;0.26049625873565674
0.6724036335945129;0.2616680860519409
0.6729987859725952;0.2592526078224182
0.6728475093841553;0.26037561893463135
0.6732470989227295;0.26050084829330444
0.6746857166290283;0.25961166620254517
0.6736862659454346;0.2606470286846161
0.6740033626556396;0.2627356946468353
0.6726416349411011;0.26021045446395874
0.6731604337692261;0.2602534294128418
0.6742541193962097;0.2609155476093292
0.674101710319519;0.26198697090148926
0.6730115413665771;0.26102325320243835
0.674329400062561;0.26280146837234497
0.673984169960022;0.26135456562042236
0.673534631729126;0.25992774963378906
0.6734161376953125;0.26167726516723633
0.6729001402854919;0.2593786120414734
0.6730947494506836;0.26075369119644165
0.6734848022460938;0.25862106680870056
0.6729615330696106;0.2601730227470398
0.6730655431747437;0.26074713468551636
0.6735367774963379;0.2604449391365051
0.6733785271644592;0.2614310681819916
0.6745134592056274;0.26123571395874023
0.6743848323822021;0.2609221935272217
0.6727200150489807;0.25899428129196167
0.672931432723999;0.25961244106292725
0.6741319894790649;0.25957217812538147
0.6744813919067383;0.26252514123916626
0.67315673828125;0.2616541385650635
0.6729826331138611;0.26051855087280273
0.6732354164123535;0.2595033049583435
0.67388916015625;0.26076340675354004
0.6747374534606934;0.2615663409233093
0.6736577749252319;0.2622652053833008
0.6741729378700256;0.2610180974006653
0.6740602850914001;0.26146426796913147
0.6736552119255066;0.25915926694869995
0.6730090379714966;0.26139122247695923
0.6738448739051819;0.2619749903678894
0.6745283603668213;0.2624211609363556
0.6742933988571167;0.26030978560447693
0.6722506880760193;0.25953179597854614
0.6730411052703857;0.2605615258216858
0.6732020974159241;0.2612517178058624
0.6735658645629883;0.2614928185939789
0.6743932962417603;0.2613399624824524
0.6726874709129333;0.2607952952384949
0.6732267141342163;0.2598721385002136
0.6737308502197266;0.2606077790260315
0.6739462614059448;0.26145827770233154
0.674037754535675;0.26071643829345703
0.6729045510292053;0.26082324981689453
0.6737403273582458;0.26204952597618103
0.6733694076538086;0.25985872745513916
0.6738850474357605;0.26223206520080566
0.673687219619751;0.2617589235305786
0.6745791435241699;0.26150956749916077
0.6734037399291992;0.2604900300502777
0.6737648248672485;0.2612590193748474
0.6735270023345947;0.26063236594200134
0.6729017496109009;0.26260921359062195
0.6732342839241028;0.26116037368774414
0.6736313104629517;0.26168859004974365
0.6722206473350525;0.2600237727165222
0.6735856533050537;0.2603965997695923
0.6735860705375671;0.26364943385124207
0.6730619668960571;0.2609485685825348
0.6732356548309326;0.26085296273231506
0.6739498376846313;0.26185259222984314
0.6735566258430481;0.2616690993309021
0.672683596611023;0.2603781819343567
0.6727541089057922;0.26051223278045654
0.6740453243255615;0.2613072395324707
0.6725234985351562;0.2610805332660675
0.6737192869186401;0.2618614137172699
0.6730126142501831;0.2611900269985199
0.6735147833824158;0.26037660241127014
0.6736605763435364;0.26153382658958435
0.6730445623397827;0.2596200108528137
0.6728602647781372;0.2602846026420593
0.672630786895752;0.2612256407737732
0.6727390289306641;0.26106709241867065
0.6728243231773376;0.2604292631149292
0.673454999923706;0.259916752576828
0.6738246083259583;0.25992366671562195
0.67355877161026;0.26137810945510864
0.6729820370674133;0.25988924503326416
0.6728203892707825;0.25975120067596436
0.6733168363571167;0.2595376968383789
0.6734523773193359;0.26243436336517334
0.6735537052154541;0.26022469997406006
0.673331618309021;0.2618297040462494
0.6731973886489868;0.26109424233436584
0.673884391784668;0.26107311248779297
0.6743715405464172;0.2614845335483551
0.6729258298873901;0.2605859339237213
0.6732758283615112;0.2605147361755371
0.6750257611274719;0.2612167000770569
0.6732304096221924;0.26067298650741577
0.6733839511871338;0.2607959508895874
0.6734021902084351;0.2611829936504364
0.6737702488899231;0.26120904088020325
0.6727824211120605;0.25991034507751465
0.6741344332695007;0.26281094551086426
0.673326313495636;0.25974199175834656
0.6746519804000854;0.26178979873657227
0.6732677221298218;0.26010391116142273
0.673271894454956;0.2607614994049072
0.6726274490356445;0.26057469844818115
0.6734353303909302;0.2605609893798828
0.6746071577072144;0.26277393102645874
0.6734607219696045;0.26087555289268494
0.6738487482070923;0.26170751452445984
0.6743460893630981;0.26220420002937317
0.672961413860321;0.25902920961380005
0.6743013262748718;0.26150721311569214
0.6743907332420349;0.2624654173851013
0.6738963723182678;0.2616763412952423
0.6731587648391724;0.2601660490036011
0.6724827885627747;0.26044976711273193
0.6732439994812012;0.2612978219985962
0.6736699342727661;0.2606644630432129
0.6736342906951904;0.2614566683769226
0.6733713746070862;0.2603895962238312
0.6737260818481445;0.2609320282936096
0.6732262372970581;0.2611860930919647
0.6741631031036377;0.25960975885391235
0.673682689666748;0.26145341992378235
0.6728603839874268;0.2609366774559021
0.6746788024902344;0.2616238296031952
0.6733950972557068;0.260299414396286
0.6744661331176758;0.26173144578933716
0.6732679605484009;0.26089245080947876
0.6741116642951965;0.2612227201461792
0.673583984375;0.2620151937007904
0.6730755567550659;0.26137566566467285
0.6737857460975647;0.26059460639953613
0.673570454120636;0.2613641321659088
0.6735819578170776;0.26035594940185547
0.674187183380127;0.26254892349243164
0.6746785044670105;0.262590616941452
0.673980712890625;0.2613188624382019
0.6726961135864258;0.2612675726413727
0.6735919713973999;0.2604770064353943
0.6732336282730103;0.2609933018684387
0.6737045645713806;0.26167041063308716
0.673949122428894;0.2607375681400299
0.6745972633361816;0.2599758803844452
0.6737380027770996;0.2613842189311981
0.6740195751190186;0.2621214985847473
0.6729609370231628;0.26213401556015015
0.673249363899231;0.26150834560394287
0.6729515790939331;0.26067236065864563
0.6732224822044373;0.26026201248168945
0.6738031506538391;0.2612389624118805
0.6738322377204895;0.26149871945381165
0.6733769178390503;0.2606869339942932
0.6746628880500793;0.2610630393028259
0.6732098460197449;0.26164644956588745
0.6739249229431152;0.26069462299346924
0.6733152866363525;0.26041921973228455
0.673637866973877;0.2599465250968933
0.6736057996749878;0.2620511054992676
0.6737982034683228;0.2608640193939209
0.672967791557312;0.26063787937164307
0.6731008291244507;0.2617011070251465
0.6729235649108887;0.2597090005874634
0.674485445022583;0.26090729236602783
0.6730718612670898;0.262233704328537
0.6738548874855042;0.2605152130126953
0.6732361316680908;0.26138120889663696
0.6740016937255859;0.26292046904563904
0.6732423901557922;0.26042333245277405
0.6738633513450623;0.26045292615890503
0.6733028888702393;0.2611905038356781
0.6732305288314819;0.25965961813926697
0.673974335193634;0.2595589756965637
0.672406017780304;0.26097649335861206
0.6742733120918274;0.2605515420436859
0.6744278073310852;0.2612411379814148
0.6732789278030396;0.2616145610809326
0.6732872724533081;0.26010197401046753
0.6734764575958252;0.2603776752948761
0.6737401485443115;0.262626588344574
0.67313152551651;0.2605317234992981
0.6740198135375977;0.2609565854072571
0.6735657453536987;0.2602737545967102
0.6734832525253296;0.260420560836792
0.6728302836418152;0.26106080412864685
0.673261821269989;0.2613332271575928
0.6736282110214233;0.2600213587284088
0.6729598045349121;0.2601335048675537
0.6732702255249023;0.26116979122161865
0.6741580963134766;0.26292628049850464
0.6735693216323853;0.2611449062824249
0.6733236312866211;0.2606271803379059
0.6734218597412109;0.26120245456695557
0.6734007000923157;0.2603161334991455
0.6742632985115051;0.26177194714546204
0.6730369329452515;0.2598171830177307
0.6737651228904724;0.2614627182483673
0.6732707619667053;0.2592456340789795
0.6738773584365845;0.2622016668319702
0.6726095676422119;0.26015743613243103
0.6748933792114258;0.26132816076278687
0.6736254692077637;0.2611110210418701
0.6728936433792114;0.2600852847099304
0.6749800443649292;0.26173514127731323
0.6739469766616821;0.2608349919319153
0.6733160614967346;0.26167696714401245
0.6736812591552734;0.26077067852020264
0.6730495691299438;0.2608906030654907
0.6734883189201355;0.26000022888183594
0.6728270053863525;0.260263055562973
0.6742679476737976;0.2617102265357971
0.6731332540512085;0.2594955861568451
0.673255443572998;0.26066455245018005
0.6733043193817139;0.2604779005050659
0.6732432842254639;0.26052913069725037
0.6732053160667419;0.2588478922843933
0.6736123561859131;0.26250600814819336
0.6732186079025269;0.26291918754577637
0.673466682434082;0.2605240046977997
0.6738620400428772;0.2610952854156494
0.6727750897407532;0.26121842861175537
0.6732176542282104;0.26022738218307495
0.67320716381073;0.2608645558357239
0.6729527711868286;0.26038050651550293
0.6728226542472839;0.2587363123893738
0.6739466786384583;0.2606123685836792
0.6737682223320007;0.26162996888160706
0.6735032796859741;0.2620891332626343
0.6731041073799133;0.26081186532974243
0.6742498874664307;0.26166507601737976
0.6732362508773804;0.2599855661392212
0.6739575266838074;0.2613424062728882
0.6736180782318115;0.26100051403045654
0.6737868785858154;0.26042670011520386
0.6737544536590576;0.2610764503479004
0.673324465751648;0.2591796815395355
0.6746574640274048;0.26074308156967163
0.6729726195335388;0.2611861824989319
0.6736373901367188;0.2603951692581177
0.6740231513977051;0.26107046008110046
0.6727008819580078;0.2612254023551941
0.6754921078681946;0.2633996903896332
0.6732524037361145;0.26031482219696045
0.6735553741455078;0.26189446449279785
0.6738488674163818;0.26223239302635193
0.6732773780822754;0.2603636384010315
0.6738939881324768;0.2616329491138458
0.6730728149414062;0.2596457004547119
0.6748796701431274;0.2603422701358795
0.6728521585464478;0.2600412368774414
0.6731622219085693;0.26100024580955505
0.6741008162498474;0.26073747873306274
0.6738654971122742;0.26038655638694763
0.6737093925476074;0.2616170048713684
0.6730794906616211;0.2605476379394531
0.6731802225112915;0.26048243045806885
0.6725092530250549;0.2595154047012329
0.6734463572502136;0.26026999950408936
0.6734048128128052;0.2621156573295593
0.6738086938858032;0.26052501797676086
0.6724371910095215;0.2602492570877075
0.6731588244438171;0.25937139987945557
0.675053060054779;0.26318052411079407
0.6731652021408081;0.26017165184020996
0.6729534864425659;0.26075559854507446
0.6733497977256775;0.26111236214637756
0.673305094242096;0.25918149948120117
0.6734732985496521;0.2615965008735657
0.67281174659729;0.2601166069507599
0.6729321479797363;0.25949403643608093
0.6740877628326416;0.2611863911151886
0.6740546822547913;0.2610090970993042
0.6730383634567261;0.25968512892723083
0.6734834909439087;0.26050129532814026
0.6726504564285278;0.25995615124702454
0.6739057302474976;0.26020118594169617
0.6734027862548828;0.2599298357963562
0.6734870672225952;0.26213276386260986
0.6727578639984131;0.2600823938846588
0.6721814870834351;0.26111042499542236
0.6738465428352356;0.262057363986969
0.6734224557876587;0.2615909278392792
0.673980712890625;0.2616114020347595
0.6742902994155884;0.2599524259567261
0.6740986704826355;0.26138976216316223
0.6728082895278931;0.262156218290329
0.6730261445045471;0.2597231864929199
0.6735947132110596;0.26038241386413574
0.6727146506309509;0.2597917318344116
0.673218846321106;0.2607613205909729
0.6728780269622803;0.2597258388996124
0.6726148128509521;0.2608848214149475
0.6738113164901733;0.25947391986846924
0.6731866002082825;0.2597028613090515
0.6727682948112488;0.2615210711956024
0.6732514500617981;0.26156753301620483
0.6734877824783325;0.25990521907806396
0.6730964779853821;0.2606075704097748
0.6742864847183228;0.2613915801048279
0.6739498376846313;0.26208555698394775
0.6732341051101685;0.25963881611824036
0.6738259792327881;0.26065197587013245
0.6728488802909851;0.2619011402130127
0.673672616481781;0.2613365054130554
0.6742814779281616;0.2613403797149658
0.6732058525085449;0.2591847777366638
0.6735696196556091;0.2609795928001404
0.6734104156494141;0.2605225741863251
0.6727570295333862;0.26119324564933777
0.6732551455497742;0.2610710859298706
0.6733182072639465;0.2605043351650238
0.6729387044906616;0.2606579661369324
0.6742274761199951;0.2602417469024658
0.6740947961807251;0.2612319588661194
0.6733245849609375;0.2613283097743988
0.6732549071311951;0.26086539030075073
0.6731419563293457;0.26053422689437866
0.6737990379333496;0.26176005601882935
0.6738194227218628;0.261025995016098
0.6729366183280945;0.26039522886276245
0.6734477281570435;0.2599939703941345
0.6740970611572266;0.2616998553276062
0.6730334758758545;0.2612687349319458
0.6733770966529846;0.2598877549171448
0.6733176708221436;0.25982409715652466
0.673454225063324;0.2615010738372803
0.6731775999069214;0.26014500856399536
0.6730771064758301;0.26069122552871704
0.6729564070701599;0.26115792989730835
0.6727043390274048;0.2596794068813324
0.6737763285636902;0.26133447885513306
0.6729433536529541;0.26120710372924805
0.672957181930542;0.26073384284973145
0.6759682893753052;0.26132941246032715
0.6740998029708862;0.2622568607330322
0.6738541126251221;0.26167476177215576
0.673643171787262;0.26113444566726685
0.6736459732055664;0.259965717792511
0.6739921569824219;0.26176655292510986
0.6738646030426025;0.26092714071273804
0.6726291179656982;0.2599359154701233
0.6726847887039185;0.2611951231956482
0.6743952035903931;0.2613523602485657
0.6743820309638977;0.26135098934173584
0.6731434464454651;0.2614707350730896
0.6730843782424927;0.26017114520072937
0.6733286380767822;0.26057207584381104
0.672969400882721;0.2619592547416687
0.6738507747650146;0.2606419622898102
0.6730353236198425;0.26029759645462036
0.6736317276954651;0.2596766948699951
0.6737629771232605;0.2603222131729126
0.672515869140625;0.26192671060562134
0.6735981106758118;0.26046204566955566
0.6729488372802734;0.2597638964653015
0.673564612865448;0.26137101650238037
0.6733856797218323;0.2615785598754883
0.6734676361083984;0.262216717004776
0.6733934879302979;0.2599436044692993
0.6730636954307556;0.26018789410591125
0.6738985776901245;0.26104575395584106
0.6728466749191284;0.2610785961151123
0.6727252006530762;0.261236310005188
0.6732771396636963;0.26012638211250305
0.6734246015548706;0.2601214051246643
0.6734120845794678;0.2603679299354553
0.6734389066696167;0.2613091468811035
0.6742520928382874;0.26066213846206665
0.673197865486145;0.2604888081550598
0.673808217048645;0.26172512769699097
0.6738446950912476;0.26188576221466064
0.6728584170341492;0.26102495193481445
0.6727444529533386;0.2620164752006531
0.672304093837738;0.2586500942707062
0.6730154752731323;0.2624530792236328
0.6739413142204285;0.2612208425998688
0.6744828224182129;0.26136839389801025
0.6738830804824829;0.2598026394844055
0.6731305122375488;0.26068297028541565
0.6728994846343994;0.2593989670276642
0.6743001937866211;0.2616449296474457
0.6733694076538086;0.2601097822189331
0.6725823283195496;0.25941628217697144
0.6730359196662903;0.26181915402412415
0.6737158298492432;0.26085275411605835
0.6738862991333008;0.2608744502067566
0.6734771728515625;0.26242557168006897
0.6737469434738159;0.260673463344574
0.6732157468795776;0.2609056830406189
0.6734641790390015;0.25972679257392883
0.6728748083114624;0.26117295026779175
0.6743952631950378;0.26090729236602783
0.6733492016792297;0.2606213390827179
0.6734536290168762;0.2608849108219147
0.6734352111816406;0.2610156536102295
0.6740643978118896;0.26127761602401733
0.6742043495178223;0.2609664797782898
0.6744166016578674;0.2609260082244873
0.6746135950088501;0.261236310005188
0.6733287572860718;0.26042988896369934
0.6744294762611389;0.2619938254356384
0.6734280586242676;0.2616937756538391
0.6730223298072815;0.25920432806015015
0.674561083316803;0.26117897033691406
0.6726505756378174;0.25863131880760193
0.6739215850830078;0.2604984939098358
0.6732863187789917;0.2616211473941803
0.6734546422958374;0.2612556219100952
0.6731096506118774;0.2607269585132599
0.6731624603271484;0.2609191834926605
0.6726574897766113;0.2594405710697174
0.6744944453239441;0.26064980030059814
0.6740162372589111;0.26188093423843384
0.6738758087158203;0.26042646169662476
0.6738760471343994;0.26106512546539307
0.6729684472084045;0.2593621015548706
0.6735259294509888;0.2613809406757355
0.6727495193481445;0.26134949922561646
0.6733255982398987;0.261135995388031
0.6748173236846924;0.263412207365036
0.6737308502197266;0.2609468698501587
0.673356831073761;0.2620449662208557
0.6725306510925293;0.2605254054069519
0.6729432344436646;0.2612482011318207
0.6746677756309509;0.2616274356842041
0.673241376876831;0.25942325592041016
0.6735681295394897;0.2624870836734772
0.6731809377670288;0.2610287070274353
0.6745480298995972;0.2606973946094513
0.6738200187683105;0.2608240842819214
0.6729198694229126;0.2604326009750366
0.6734641194343567;0.2615289092063904
0.6739415526390076;0.2594045400619507
0.6736379265785217;0.2615651786327362
0.6730402112007141;0.2593728303909302
0.6735867261886597;0.26115456223487854
0.6735689043998718;0.26104360818862915
0.6729710102081299;0.2595468759536743
0.6728767156600952;0.2600246071815491
0.6730889081954956;0.2606912851333618
0.6737533807754517;0.26038914918899536
0.6733675599098206;0.25962021946907043
0.6728341579437256;0.2620411515235901
0.6728459000587463;0.26016896963119507
0.6745200157165527;0.26132500171661377
0.6740032434463501;0.26208823919296265
0.6730644702911377;0.2599986493587494
0.6741969585418701;0.2614116668701172
0.672784686088562;0.26119568943977356
0.6730117201805115;0.2581236958503723
0.6733949184417725;0.2618526816368103
0.6734137535095215;0.2623140513896942
0.6738547086715698;0.26039451360702515
0.6736650466918945;0.260648250579834
0.6735005378723145;0.261780321598053
0.6732867956161499;0.26149845123291016
0.6740976572036743;0.26149219274520874
0.6746093034744263;0.26054054498672485
0.6728270053863525;0.26111429929733276
0.6733632683753967;0.2606765031814575
0.6733230352401733;0.2602940797805786
0.674156904220581;0.26023972034454346
0.6733388900756836;0.2600976526737213
0.6733826994895935;0.26133406162261963
0.673626184463501;0.2615323066711426
0.6734470129013062;0.2596924901008606
0.674493670463562;0.2614140212535858
0.672964334487915;0.2626159191131592
0.673754870891571;0.26011329889297485
0.6743862628936768;0.2609776258468628
0.6739926338195801;0.26089024543762207
0.6731839179992676;0.26047900319099426
0.6734883785247803;0.26086944341659546
0.6734243631362915;0.2608306407928467
0.6740978360176086;0.2607460618019104
0.6731227040290833;0.2597793936729431
0.6731247901916504;0.2600293755531311
0.6733452677726746;0.2611124515533447
0.6734549403190613;0.2592809796333313
0.6741321682929993;0.26209232211112976
0.6741273999214172;0.2608063220977783
0.6731120347976685;0.26025909185409546
0.6734663844108582;0.2608669400215149
0.6743980646133423;0.2611389458179474
0.6734809279441833;0.2618314027786255
0.6742309331893921;0.26009419560432434
0.6736352443695068;0.2602047324180603
0.6734493374824524;0.26033228635787964
0.6731010675430298;0.26131585240364075
0.6736909747123718;0.26169008016586304
0.6743000745773315;0.26062145829200745
0.6734325885772705;0.26150715351104736
0.6748209595680237;0.261933833360672
0.6737459897994995;0.26054295897483826
0.6733486652374268;0.2604271173477173
0.6739259958267212;0.26034286618232727
0.672492265701294;0.2610207200050354
0.6737024784088135;0.26039791107177734
0.672764778137207;0.2619129419326782
0.674457311630249;0.2608024477958679
0.673342764377594;0.26054877042770386
0.6735991835594177;0.26049554347991943
0.6751672029495239;0.26197296380996704
0.6741145253181458;0.2599388360977173
0.6730736494064331;0.2612149119377136
0.6735045909881592;0.2596813440322876
0.6751592755317688;0.2614494562149048
0.6732687950134277;0.26089903712272644
0.6724474430084229;0.2593580484390259
0.6730351448059082;0.260162889957428
0.675161600112915;0.26284563541412354
0.6745191216468811;0.2602623701095581
0.673064112663269;0.2602071166038513
0.6725946664810181;0.26100555062294006
0.6746126413345337;0.2620665431022644
0.672548234462738;0.2591858506202698
0.6726230382919312;0.2605130672454834
0.6726652383804321;0.26014888286590576
0.6737598776817322;0.26019471883773804
0.6738510727882385;0.26099205017089844
0.6731451749801636;0.2606824040412903
0.6731492280960083;0.2594817876815796
0.6737574338912964;0.26102280616760254
0.6740208864212036;0.2613752484321594
0.6729190349578857;0.2605794668197632
0.6737146377563477;0.2610964775085449
0.6733880043029785;0.2608165740966797
0.6735435128211975;0.2602751851081848
0.6731799840927124;0.26057565212249756
0.6731610298156738;0.26001423597335815
0.6731522083282471;0.26244133710861206
0.673042893409729;0.260403037071228
0.6735180616378784;0.2615410387516022
0.673672616481781;0.25924187898635864
0.6724032759666443;0.25998085737228394
0.6751492023468018;0.2614209055900574
0.6746290922164917;0.26084887981414795
0.6731376051902771;0.2595924437046051
0.673363208770752;0.2604012191295624
0.6732006669044495;0.2608163356781006
0.6727598905563354;0.26007845997810364
0.6729569435119629;0.2606244683265686
0.6728200912475586;0.2599066197872162
0.6732442378997803;0.2601338028907776
0.6739775538444519;0.2616121768951416
0.673233687877655;0.26061975955963135
0.6744853854179382;0.2625243663787842
0.6738638877868652;0.2612473964691162
0.6728048324584961;0.2587572932243347
0.6726163029670715;0.2608768939971924
0.6734885573387146;0.26200637221336365
0.6731105446815491;0.25957536697387695
0.6726821660995483;0.25939393043518066
0.6733368635177612;0.2614158093929291
0.6745617985725403;0.26097774505615234
0.6735637784004211;0.26024848222732544
0.6729415655136108;0.2607758939266205
0.6733740568161011;0.26120781898498535
0.6741361618041992;0.26119309663772583
0.6737136840820312;0.2610813081264496
0.6736657619476318;0.2592684030532837
0.6730210781097412;0.26208794116973877
0.6729589104652405;0.26107707619667053
0.6738050580024719;0.26073944568634033
0.673590362071991;0.2601691484451294
0.6740033626556396;0.2600457966327667
0.6738097071647644;0.2616158127784729
0.6725543737411499;0.2602007985115051
0.673799991607666;0.2614055573940277
0.6730947494506836;0.2610126733779907
0.6730811595916748;0.2598092555999756
0.673630952835083;0.2621968388557434
0.6733697056770325;0.26077455282211304
0.6733083724975586;0.2595282196998596
0.6740046739578247;0.2606693506240845
0.6728855967521667;0.26062071323394775
0.6730855107307434;0.25962716341018677
0.6740589141845703;0.2604103684425354
0.6739546060562134;0.2605051100254059
0.6741373538970947;0.26057735085487366
0.673271894454956;0.2602051794528961
0.6730064153671265;0.2592887282371521
0.6743952631950378;0.2607116103172302
0.6738255023956299;0.26037925481796265
0.6735288500785828;0.2593981623649597
0.673249363899231;0.2602982521057129
0.6743447780609131;0.2605248689651489
0.6734185218811035;0.26084452867507935
0.6732258200645447;0.2600812613964081
0.6737270355224609;0.2596914768218994
0.673346221446991;0.2590239644050598
0.6730579137802124;0.2606295347213745
0.6733063459396362;0.26130926609039307
0.6728157997131348;0.2592095136642456
0.672852098941803;0.26220130920410156
0.6727142333984375;0.26141709089279175
0.6734196543693542;0.26043272018432617
0.6733835935592651;0.260966420173645
0.673056423664093;0.2601187825202942
0.6734597682952881;0.2610035538673401
0.6726306676864624;0.2603820562362671
0.6732760667800903;0.260808527469635
0.6735491752624512;0.26143383979797363
0.673241376876831;0.259842187166214
0.6733488440513611;0.2609119415283203
0.674980640411377;0.26100170612335205
0.6735925674438477;0.2622089684009552
0.6730474829673767;0.26031625270843506
0.6735273003578186;0.26161617040634155
0.6733683943748474;0.25912201404571533
0.6738126873970032;0.260890394449234
0.6735381484031677;0.26095524430274963
0.6726663708686829;0.26004675030708313
0.6739137172698975;0.26155418157577515
0.6739346981048584;0.26064354181289673
0.6732766628265381;0.2620088458061218
0.6728112101554871;0.2595820128917694
0.6733016967773438;0.25960773229599
0.6746997833251953;0.2629665732383728
0.6737324595451355;0.2590576708316803
0.6738029718399048;0.26116135716438293
0.673953652381897;0.26008814573287964
0.6726813316345215;0.2601548433303833
0.6733829975128174;0.26075178384780884
0.6734089851379395;0.2604995369911194
0.6732739806175232;0.260486900806427
0.6737874746322632;0.26082125306129456
0.6730223298072815;0.2608192563056946
0.6748491525650024;0.26182180643081665
0.6739894151687622;0.26061728596687317
0.6728407740592957;0.25955724716186523
0.6737509369850159;0.26178669929504395
0.6740800738334656;0.2608756422996521
0.6742905378341675;0.2615966200828552
0.6734009385108948;0.26070427894592285
0.6730194091796875;0.26240473985671997
0.6733162999153137;0.259915292263031
0.6738924980163574;0.2608061730861664
0.6732676029205322;0.26151347160339355
0.6732967495918274;0.2613919675350189
0.6733196973800659;0.2591014504432678
0.6733088493347168;0.26122286915779114
0.6727349758148193;0.2608572542667389
0.6737747192382812;0.2602674961090088
0.673002302646637;0.2617023289203644
0.6727304458618164;0.2620258331298828
0.6731302738189697;0.25994205474853516
0.6729704141616821;0.2619575262069702
0.6726903915405273;0.26007887721061707
0.6744447946548462;0.2594280242919922
0.6733977794647217;0.25932154059410095
0.6738475561141968;0.2608233690261841
0.6732011437416077;0.25981390476226807
0.6732563972473145;0.2598418891429901
0.6730109453201294;0.26072627305984497
0.6736753582954407;0.2595329284667969
0.6731178760528564;0.25934746861457825
0.6726750135421753;0.2608104944229126
0.6731671094894409;0.26036858558654785
0.6734245419502258;0.26010677218437195
0.67283695936203;0.25980550050735474
0.6728818416595459;0.26006317138671875
0.674924910068512;0.2614656984806061
0.6745718121528625;0.261080265045166
0.6732962131500244;0.25906699895858765
0.6735426783561707;0.2597355842590332
0.6726000308990479;0.261588990688324
0.6724922060966492;0.2597309350967407
0.6739596724510193;0.26077017188072205
0.6732971668243408;0.2602449357509613
0.6733075380325317;0.260988712310791
0.6727650761604309;0.2598429322242737
0.6734961867332458;0.26324331760406494
0.6729248762130737;0.2606525421142578
0.6730307340621948;0.26096224784851074
0.6746033430099487;0.2629144787788391
0.6737930774688721;0.26110124588012695
0.6735942363739014;0.26148730516433716
0.6735301613807678;0.26069045066833496
0.672539472579956;0.26050204038619995
0.6728788614273071;0.2606874704360962
0.6730808019638062;0.2601143717765808
0.6735144853591919;0.2607196569442749
0.6730794906616211;0.2595701813697815
0.6731125712394714;0.26191550493240356
0.6745156049728394;0.2606155276298523
0.6731905341148376;0.26055818796157837
0.6733317971229553;0.26129838824272156
0.673215925693512;0.26075926423072815
0.6735180616378784;0.26175135374069214
0.6730643510818481;0.26024845242500305
0.6738680005073547;0.26104676723480225
0.6757843494415283;0.26162010431289673
0.673040509223938;0.2592623829841614
0.6731483340263367;0.26054292917251587
0.6732388138771057;0.26085609197616577
0.6746183037757874;0.2623458504676819
0.6736898422241211;0.2598448693752289
0.6731851100921631;0.25986790657043457
0.6731266379356384;0.25868165493011475
0.673076868057251;0.26249951124191284
0.6742931604385376;0.26110130548477173
0.6726475954055786;0.25903579592704773
0.6737829446792603;0.26101478934288025
0.6731076240539551;0.260395884513855
0.673552393913269;0.2588861584663391
0.673588752746582;0.25982701778411865
0.675611674785614;0.26103341579437256
0.6727222800254822;0.2605302333831787
0.6742975115776062;0.2600170969963074
0.6738042235374451;0.25962573289871216
0.6726282835006714;0.262088418006897
0.6732280850410461;0.26077955961227417
0.6733551025390625;0.25981345772743225
0.673699676990509;0.2609105408191681
0.6723681688308716;0.2629626393318176
0.6738221645355225;0.2597976326942444
0.6728799343109131;0.2598188519477844
0.6728227138519287;0.2602461874485016
0.6741546392440796;0.2622052729129791
0.6730440855026245;0.25995510816574097
0.6729156374931335;0.2592533230781555
0.6735371947288513;0.2612985372543335
0.6729192733764648;0.2602211833000183
0.6743423938751221;0.2604542374610901
0.6735525131225586;0.2608426511287689
0.6744176149368286;0.2613023519515991
0.6731922626495361;0.26183021068573
0.6735951900482178;0.2608213424682617
0.6731030941009521;0.2609783411026001
0.6732085347175598;0.2614753246307373
0.6733845472335815;0.260097861289978
0.6735835671424866;0.2608819007873535
0.6733205914497375;0.2609303295612335
0.6730979681015015;0.26039478182792664
0.6733913421630859;0.2620953619480133
0.6732926368713379;0.25999319553375244
0.674683690071106;0.261763334274292
0.6729564070701599;0.26068878173828125
0.6726364493370056;0.260007381439209
0.6729137897491455;0.259538471698761
0.6742806434631348;0.26117435097694397
0.6734355092048645;0.26008275151252747
0.6731348037719727;0.2592373788356781
0.6733341813087463;0.26150959730148315
0.6736865043640137;0.26060324907302856
0.6727845668792725;0.25994378328323364
0.6732035279273987;0.26054510474205017
0.672936201095581;0.258675217628479
0.6729638576507568;0.2605581283569336
0.6728121042251587;0.2606661915779114
0.6729387044906616;0.25965046882629395
0.6747621893882751;0.2627342939376831
0.6740740537643433;0.25932449102401733
0.6749452948570251;0.26294562220573425
0.6732702851295471;0.26111382246017456
0.6734212636947632;0.260743647813797
0.6730153560638428;0.2594369053840637
0.6738263964653015;0.26043254137039185
0.6725068092346191;0.25925663113594055
0.6738684177398682;0.2616330683231354
0.6732471585273743;0.25993937253952026
0.6747475266456604;0.26125451922416687
0.6730647087097168;0.2599201500415802
0.6738419532775879;0.26113665103912354
0.673576831817627;0.26032137870788574
0.6748594045639038;0.26079440116882324
0.6728753447532654;0.2592506408691406
0.6730678081512451;0.2612967789173126
0.6730353832244873;0.2603411376476288
0.6740635633468628;0.2603616416454315
0.6735252737998962;0.26241427659988403
0.673346221446991;0.26194635033607483
0.6741857528686523;0.2617815136909485
0.6735093593597412;0.26055771112442017
0.6733455061912537;0.2605532705783844
0.6734709143638611;0.25986725091934204
0.673923134803772;0.2610875964164734
0.6735348701477051;0.2617197334766388
0.6741888523101807;0.2617053985595703
0.6733220815658569;0.26090097427368164
0.6728198528289795;0.25987499952316284
0.6726702451705933;0.26046499609947205
0.6727339029312134;0.26085349917411804
0.6736600399017334;0.26210179924964905
0.6731163263320923;0.2615762948989868
0.6735368371009827;0.26042336225509644
0.6734025478363037;0.2596060335636139
0.6742845773696899;0.2613656520843506
0.6726971864700317;0.26068949699401855
0.6728860139846802;0.26056215167045593
0.6739075183868408;0.26011958718299866
0.673160195350647;0.2603796422481537
0.6733716130256653;0.26048609614372253
0.6736000776290894;0.26026174426078796
0.6732479333877563;0.2595643699169159
0.6738444566726685;0.26078328490257263
0.6731936931610107;0.2616676092147827
0.673275351524353;0.2616040110588074
0.6735104918479919;0.26024681329727173
0.6741500496864319;0.2621995806694031
0.673200249671936;0.26095089316368103
0.6731106042861938;0.25893115997314453
0.6747793555259705;0.26246535778045654
0.6744168996810913;0.25940629839897156
0.6733218431472778;0.2615256905555725
0.673009991645813;0.2610534131526947
0.6728607416152954;0.26116204261779785
0.674326479434967;0.2599707245826721
0.6730133891105652;0.2601009011268616
0.6746039390563965;0.26162809133529663
0.6736937165260315;0.2605721950531006
0.6738344430923462;0.2608650326728821
0.6735387444496155;0.2586570978164673
0.6735180616378784;0.2616569995880127
0.6731054782867432;0.2598620653152466
0.6735548973083496;0.260437935590744
0.6731877326965332;0.2604908049106598
0.6733618378639221;0.26104992628097534
0.6735332012176514;0.2614750266075134
0.673324704170227;0.2611355781555176
0.6731725931167603;0.2619175910949707
0.6722246408462524;0.2615961730480194
0.6742275953292847;0.26162663102149963
0.6732959747314453;0.2610873579978943
0.6733153462409973;0.2604103088378906
0.6742913126945496;0.258691668510437
0.6739544868469238;0.25980064272880554
0.6738947629928589;0.2614195942878723
0.6733670234680176;0.25954681634902954
0.6731904149055481;0.2596660256385803
0.6728548407554626;0.2608490586280823
0.6723109483718872;0.2596942186355591
0.6741915345191956;0.26184728741645813
0.6735057234764099;0.26111406087875366
0.6737459897994995;0.26019012928009033
0.6739406585693359;0.26169416308403015
0.6735624074935913;0.26006269454956055
0.6729514598846436;0.26171889901161194
0.6741148829460144;0.2609030306339264
0.6729252934455872;0.2614268958568573
0.6732690930366516;0.25934645533561707
0.6727560758590698;0.26096296310424805
0.673894464969635;0.26049038767814636
0.6730547547340393;0.2601022720336914
0.6731497049331665;0.2586790919303894
0.6731045246124268;0.2598719000816345
0.672810435295105;0.26057249307632446
0.672872006893158;0.2600606381893158
0.6737523078918457;0.26046591997146606
0.6732512712478638;0.25966542959213257
0.673235297203064;0.2610131502151489
0.6730197072029114;0.2602826654911041
0.673841118812561;0.26075565814971924
0.673781156539917;0.2616766691207886
0.6729257106781006;0.26046204566955566
0.6737707853317261;0.2608659863471985
0.6738183498382568;0.26140815019607544
0.6734704375267029;0.260983407497406
0.6743817925453186;0.26193350553512573
0.6725683212280273;0.2597321569919586
0.673387885093689;0.26215800642967224
0.6740672588348389;0.2628215551376343
0.6731194257736206;0.2599310278892517
0.6731508374214172;0.2604629695415497
0.6744468212127686;0.26118922233581543
0.6733823418617249;0.2603034973144531
0.672874391078949;0.26043665409088135
0.6725825071334839;0.25900474190711975
0.6737591624259949;0.2602492570877075
0.673210859298706;0.2605099081993103
0.6730213761329651;0.2586817145347595
0.674069344997406;0.2609998881816864
0.6732557415962219;0.259385347366333
0.6740443110466003;0.26168763637542725
0.6739354729652405;0.2608731985092163
0.6735684871673584;0.2609240412712097
0.6733731031417847;0.25959593057632446
0.6731484532356262;0.2611388564109802
0.6726447343826294;0.2597089409828186
0.673008143901825;0.2613586187362671
0.6733827590942383;0.261104017496109
0.6736059188842773;0.2602262794971466
0.6739084720611572;0.2618085443973541
0.67265385389328;0.25925737619400024
0.6739440560340881;0.2610032558441162
0.672999382019043;0.2624523639678955
0.6729085445404053;0.26129859685897827
0.6740552186965942;0.25961506366729736
0.6747729778289795;0.261245459318161
0.6735432147979736;0.2609506845474243
0.6725853681564331;0.2606129050254822
0.6728809475898743;0.2601754665374756
0.6741648316383362;0.26055264472961426
0.6730329990386963;0.25942468643188477
0.6746915578842163;0.2629656493663788
0.6728304624557495;0.25958871841430664
0.6744335293769836;0.260849267244339
0.6737766861915588;0.26138749718666077
0.6734130382537842;0.26099175214767456
0.6731666922569275;0.2604881227016449
0.6724312901496887;0.25860968232154846
0.6725841760635376;0.258992999792099
0.6732228994369507;0.260481059551239
0.6736293435096741;0.261049747467041
0.6735502481460571;0.26250192523002625
0.6736311912536621;0.2602929472923279
0.6738070845603943;0.2613837420940399
0.6735187768936157;0.2598118782043457
0.6744301915168762;0.2605923116207123
0.6733233332633972;0.26039963960647583
0.6743065118789673;0.2600651979446411
0.6736466884613037;0.2605093717575073
0.6733012199401855;0.2606772184371948
0.6733150482177734;0.26212072372436523
0.6746706366539001;0.2597443461418152
0.672917366027832;0.260123074054718
0.6736889481544495;0.2625657021999359
0.6731858849525452;0.25910523533821106
0.6732102036476135;0.26040220260620117
0.6726483106613159;0.26003217697143555
0.6729487776756287;0.2599943280220032
0.6729242205619812;0.26220208406448364
0.6736140251159668;0.26065996289253235
0.6738635897636414;0.2617180347442627
0.6728718280792236;0.2606993019580841
0.6725982427597046;0.2608584761619568
0.6740217208862305;0.26088833808898926
0.6729667782783508;0.25964096188545227
0.6733696460723877;0.2617533504962921
0.6728535890579224;0.25989019870758057
0.6733888387680054;0.2598196268081665
0.6738752722740173;0.2602101266384125
0.6737823486328125;0.2604672312736511
0.6732767820358276;0.26043468713760376
0.6734557151794434;0.26065629720687866
0.6731020212173462;0.26076042652130127
0.6745499968528748;0.26039573550224304
0.6734273433685303;0.2616841793060303
0.6746158599853516;0.26154327392578125
0.674354076385498;0.2636220157146454
0.6731720566749573;0.2618454396724701
0.673129677772522;0.2602817416191101
0.6732872128486633;0.2603245973587036
0.6727582216262817;0.26192253828048706
0.6729065179824829;0.2610257863998413
0.6743746995925903;0.2606891989707947
0.6732097864151001;0.2613726258277893
0.6739445924758911;0.2616724669933319
0.673836350440979;0.2612092196941376
0.673011302947998;0.26076003909111023
0.6727592945098877;0.2601643204689026
0.6737435460090637;0.2611157298088074
0.6731764674186707;0.26074546575546265
0.67336505651474;0.2590634524822235
0.6731276512145996;0.26006776094436646
0.6731982231140137;0.26146018505096436
0.6731146574020386;0.2609492540359497
0.6728700995445251;0.2615455985069275
0.6730679869651794;0.25986766815185547
0.6732085943222046;0.25909656286239624
0.6725237369537354;0.2601788640022278
0.6734127998352051;0.26096633076667786
0.6728959083557129;0.2601909935474396
0.6732352375984192;0.259101927280426
0.6743283271789551;0.26056185364723206
0.6734097599983215;0.2605684995651245
0.6734758615493774;0.26071399450302124
0.6725122928619385;0.25959116220474243
0.6734012961387634;0.26063603162765503
0.6725122928619385;0.26028040051460266
0.6736600399017334;0.2600739002227783
0.6742585897445679;0.2603284418582916
0.6734183430671692;0.26054391264915466
0.6724700927734375;0.2586423456668854
0.6737486720085144;0.2597876191139221
0.6740955710411072;0.2613978087902069
0.6729778051376343;0.26077306270599365
0.6736500859260559;0.25938722491264343
0.673319935798645;0.259441614151001
0.6740429997444153;0.26068115234375
0.6738190650939941;0.26107996702194214
0.6743009090423584;0.2603585124015808
0.674201250076294;0.26146024465560913
0.6736838817596436;0.2613984942436218
0.6733906269073486;0.2606111168861389
0.6738924980163574;0.2613890767097473
0.6731407642364502;0.25937190651893616
0.6724182367324829;0.2592798173427582
0.672907829284668;0.260853111743927
0.6729831695556641;0.2582297921180725
0.6733499765396118;0.260689377784729
0.6729721426963806;0.260958731174469
0.6727879643440247;0.2601318955421448
0.6735315918922424;0.2609626054763794
0.6734459400177002;0.2604717016220093
0.6731025576591492;0.25956815481185913
0.6741302609443665;0.2603999972343445
0.6740015745162964;0.26167547702789307
0.6740540862083435;0.260941743850708
0.6735154390335083;0.261675626039505
0.6734832525253296;0.2604593336582184
0.6739029288291931;0.2601274251937866
0.6739153265953064;0.26119664311408997
0.6738765239715576;0.2618597745895386
0.6725718975067139;0.25979527831077576
0.6735520362854004;0.261286199092865
0.673530101776123;0.2598823308944702
0.6731389164924622;0.25971245765686035
0.6725667715072632;0.2583621144294739
0.6729297637939453;0.26056259870529175
0.6737720966339111;0.2608087360858917
0.6727725863456726;0.2596486508846283
0.6734079122543335;0.261398583650589
0.6745257377624512;0.2622632682323456
0.6725805997848511;0.260076105594635
0.6731816530227661;0.2621725797653198
0.6730135083198547;0.26037758588790894
0.6740841269493103;0.26046526432037354
0.6734929084777832;0.2604103982448578
0.6730762124061584;0.25964051485061646
0.6726477146148682;0.25990843772888184
0.6732391119003296;0.2593897581100464
0.6727872490882874;0.26100611686706543
0.67340487241745;0.26044660806655884
0.6745599508285522;0.2602836489677429
0.6728153824806213;0.2618316411972046
0.6726179122924805;0.2607179284095764
0.6730138063430786;0.2608017921447754
0.6730573773384094;0.26062339544296265
0.6732510328292847;0.2615194320678711
0.6734326481819153;0.2613462209701538
0.6745595932006836;0.2608739137649536
0.6733859181404114;0.2606189548969269
0.6726024150848389;0.25830328464508057
0.6724696159362793;0.2601180374622345
0.6734778881072998;0.2593260705471039
0.6757196187973022;0.26174938678741455
0.673729658126831;0.26013684272766113
0.673482358455658;0.25996342301368713
0.6734190583229065;0.2611929476261139
0.6730242967605591;0.26004838943481445
0.6733745336532593;0.2603898048400879
0.6727356910705566;0.2605708837509155
0.6744767427444458;0.26158857345581055
0.6731282472610474;0.26049697399139404
0.6730485558509827;0.26016467809677124
0.6742010116577148;0.26002436876296997
0.6736018657684326;0.26140645146369934
0.6730546951293945;0.26025450229644775
0.6727924346923828;0.25875937938690186
0.6733660101890564;0.25943323969841003
0.6734974980354309;0.2604909837245941
0.673197865486145;0.26058870553970337
0.6733810901641846;0.25942885875701904
0.6735635995864868;0.25992143154144287
0.673490047454834;0.26045146584510803
0.673108696937561;0.26056045293807983
0.6730034351348877;0.2606956362724304
0.6736414432525635;0.2611829340457916
0.6739559173583984;0.26124250888824463
0.6736125946044922;0.2593817710876465
0.673262357711792;0.26004359126091003
0.6734133362770081;0.2609827518463135
0.674170732498169;0.2596433758735657
0.6736025810241699;0.261385977268219
0.6730130314826965;0.2595839500427246
0.6731187701225281;0.2593221664428711
0.6734587550163269;0.2602044343948364
0.6737396717071533;0.2602999806404114
0.6735221743583679;0.26093825697898865
0.6735081076622009;0.2594439685344696
0.6730414628982544;0.2613324224948883
0.67335444688797;0.25979483127593994
0.6730411052703857;0.2621074914932251
0.6740573048591614;0.2610478401184082
0.6731090545654297;0.26169174909591675
0.6729102730751038;0.25909754633903503
0.6738795042037964;0.2605654001235962
0.6725674271583557;0.2590937316417694
0.6738629341125488;0.26026415824890137
0.6730960607528687;0.26016977429389954
0.6733684539794922;0.26007670164108276
0.6734133958816528;0.261691689491272
0.673867404460907;0.259784460067749
0.6731536388397217;0.2598775029182434
0.6731523275375366;0.2604590058326721
0.673133373260498;0.26074838638305664
0.6736352443695068;0.2619006633758545
0.6752523183822632;0.2608514130115509
0.6745589971542358;0.2612023651599884
0.6734725832939148;0.25919240713119507
0.6734583973884583;0.2606264650821686
0.6743659377098083;0.26052361726760864
0.6728907227516174;0.2605440020561218
0.6730888485908508;0.26016777753829956
0.6734119653701782;0.2607283592224121
0.6735093593597412;0.2614799737930298
0.6741887927055359;0.2620721459388733
0.673511266708374;0.2613811492919922
0.67442786693573;0.26128098368644714
0.6739152669906616;0.26142606139183044
0.6732769012451172;0.26013150811195374
0.6739473938941956;0.2591991424560547
0.6735400557518005;0.2605518400669098
0.6733564138412476;0.260389119386673
0.673024594783783;0.2596953511238098
0.6729062795639038;0.26301923394203186
0.6738458275794983;0.2607766389846802
0.6727262735366821;0.2605840265750885
0.673621654510498;0.26028740406036377
0.6727784276008606;0.26077038049697876
0.6731932163238525;0.2597876191139221
0.6747099757194519;0.25985395908355713
0.6734597086906433;0.2607535719871521
0.6736568212509155;0.2605668306350708
0.6735997200012207;0.2605210840702057
0.6741646528244019;0.2621730864048004
0.6732463836669922;0.2610921859741211
0.6732029914855957;0.26042526960372925
0.6738665103912354;0.2602529525756836
0.6732663512229919;0.26008835434913635
0.6736729145050049;0.2611321210861206
0.6727638244628906;0.25973546504974365
0.6726583242416382;0.2597655653953552
0.6728394627571106;0.2600131332874298
0.6728372573852539;0.2600155472755432
0.6733521223068237;0.2609484791755676
0.6728899478912354;0.26031041145324707
0.673346757888794;0.2604174315929413
0.6734453439712524;0.2603086829185486
0.6728867292404175;0.25939154624938965
0.6745514869689941;0.26201072335243225
0.6730356216430664;0.2610028386116028
0.6727278828620911;0.26138538122177124
0.6730621457099915;0.2604290843009949
0.6740006804466248;0.26090019941329956
0.6735169887542725;0.2604683041572571
0.6735184192657471;0.2604197561740875
0.6728896498680115;0.26081451773643494
0.6737536787986755;0.2601549029350281
0.6733402609825134;0.2616736590862274
0.6728065013885498;0.26047760248184204
0.6731185913085938;0.2593603730201721
0.6738219857215881;0.25975462794303894
0.6733062863349915;0.2608870565891266
0.6735885143280029;0.26042646169662476
0.6743572950363159;0.260258287191391
0.6754291653633118;0.26176485419273376
0.6726177930831909;0.2596606910228729
0.6730747222900391;0.26123541593551636
0.6737110614776611;0.2616911232471466
0.6732562780380249;0.25993990898132324
0.6726114749908447;0.2591319680213928
0.6728025078773499;0.2603134512901306
0.673865795135498;0.2600545585155487
0.6728217005729675;0.259524941444397
0.6737894415855408;0.26004454493522644
0.6731326580047607;0.2596017122268677
0.6732416749000549;0.2600802481174469
0.6731753945350647;0.26043474674224854
0.6746860146522522;0.26174700260162354
0.6735565662384033;0.2626178562641144
0.6746209859848022;0.26084190607070923
0.6733353137969971;0.26102012395858765
0.6739798188209534;0.26012322306632996
0.6739585399627686;0.2596874535083771
0.6736705303192139;0.2607608437538147
0.6729526519775391;0.25893476605415344
0.6744862794876099;0.26168736815452576
0.6725202798843384;0.2608908712863922
0.672688901424408;0.25889861583709717
0.6744107007980347;0.2601078152656555
0.6739822626113892;0.2611677050590515
0.6739137172698975;0.2612198293209076
0.6735168695449829;0.2606777548789978
0.673157811164856;0.2613893449306488
0.673305869102478;0.2606004476547241
0.6731321811676025;0.26218849420547485
0.6726612448692322;0.2595410943031311
0.6739070415496826;0.26061707735061646
0.6742580533027649;0.2603558897972107
0.6733829379081726;0.26017850637435913
0.6742002964019775;0.26153039932250977
0.6732308268547058;0.2600492537021637
0.6735466718673706;0.2597043216228485
0.6745747923851013;0.2609584331512451
0.6743162870407104;0.26164665818214417
0.6740437746047974;0.2614428997039795
0.6730320453643799;0.26065903902053833
0.6733921766281128;0.26038798689842224
0.673093855381012;0.26082873344421387
0.6729201078414917;0.26099205017089844
0.6728863716125488;0.2603699564933777
0.6735987067222595;0.2596464455127716
0.6729016304016113;0.25811418890953064
0.6741761565208435;0.2611619830131531
0.6741565465927124;0.26047277450561523
0.6742385029792786;0.2618861198425293
0.6734105348587036;0.25945863127708435
0.6734915971755981;0.26027244329452515
0.6726616621017456;0.261361688375473
0.6733600497245789;0.26054009795188904
0.6733536124229431;0.2598535418510437
0.6733440160751343;0.2598908245563507
0.6730552911758423;0.2607731819152832
0.6730028390884399;0.2593887746334076
0.6732388138771057;0.2596125900745392
0.6740139126777649;0.25956594944000244
0.674439013004303;0.26103097200393677
0.6730645895004272;0.2590453624725342
0.6740877628326416;0.26105719804763794
0.6730376482009888;0.2603524327278137
0.6733760237693787;0.2606121897697449
0.6728626489639282;0.25964468717575073
0.6738954782485962;0.2616174817085266
0.6735183596611023;0.25985175371170044
0.6724914312362671;0.26034122705459595
0.6732935905456543;0.2585502564907074
0.6742689609527588;0.2603444457054138
0.67254638671875;0.26029741764068604
0.6740075349807739;0.2604951858520508
0.673658013343811;0.26117193698883057
0.6733811497688293;0.2599482834339142
0.6734168529510498;0.26050227880477905
0.6733685731887817;0.2602831721305847
0.6742317080497742;0.2609241008758545
0.6726700067520142;0.25945669412612915
