TV;KL
1.9999995231628418;16.448299407958984
1.9999868869781494;14.549705505371094
1.99992835521698;14.206007957458496
1.9997968673706055;13.977234840393066
1.9997968673706055;13.817272186279297
1.9991508722305298;13.656131744384766
1.9987506866455078;13.534918785095215
1.9978783130645752;13.405143737792969
1.9972665309906006;13.323169708251953
1.9969663619995117;13.21776008605957
1.9963645935058594;13.147918701171875
1.996165156364441;13.048757553100586
1.9939109086990356;12.9627685546875
1.992283821105957;12.84687614440918
1.9898709058761597;12.775273323059082
1.986243724822998;12.694144248962402
1.9838573932647705;12.606586456298828
1.9814822673797607;12.527532577514648
1.9797663688659668;12.421611785888672
1.9758586883544922;12.337666511535645
1.975844383239746;12.245356559753418
1.9722824096679688;12.181563377380371
1.968360424041748;12.12617015838623
1.9678535461425781;12.059720993041992
1.9630537033081055;11.983028411865234
1.9609160423278809;11.89616870880127
1.9553377628326416;11.812902450561523
1.9517159461975098;11.727743148803711
1.9501161575317383;11.633183479309082
1.9433376789093018;11.561742782592773
1.941978931427002;11.457562446594238
1.934558391571045;11.367109298706055
1.9329586029052734;11.281219482421875
1.9295790195465088;11.201641082763672
1.9206538200378418;11.102800369262695
1.915096402168274;11.026042938232422
1.9056758880615234;10.92318344116211
1.9078962802886963;10.837637901306152
1.9006965160369873;10.729598999023438
1.8938965797424316;10.668258666992188
1.8914964199066162;10.590204238891602
1.8862131834030151;10.526208877563477
1.8784778118133545;10.453306198120117
1.8690130710601807;10.387834548950195
1.8693608045578003;10.341972351074219
1.8603945970535278;10.246500015258789
1.8502130508422852;10.1806640625
1.847459077835083;10.11127758026123
1.8429734706878662;10.071338653564453
1.8423957824707031;9.982978820800781
1.8306032419204712;9.9163818359375
1.820448875427246;9.808797836303711
1.8139127492904663;9.757102966308594
1.8121764659881592;9.673303604125977
1.8035897016525269;9.599777221679688
1.8011038303375244;9.552783966064453
1.789326548576355;9.461387634277344
1.7844874858856201;9.38121223449707
1.774627447128296;9.325841903686523
1.765911340713501;9.204854965209961
1.759319543838501;9.126867294311523
1.7555720806121826;9.056760787963867
1.7507320642471313;8.981171607971191
1.7389001846313477;8.893293380737305
1.7339130640029907;8.822870254516602
1.7269953489303589;8.77916145324707
1.7250807285308838;8.69442081451416
1.720749855041504;8.619874000549316
1.7115776538848877;8.596061706542969
1.7035038471221924;8.5221529006958
1.7024070024490356;8.432844161987305
1.701143741607666;8.362462043762207
1.688647985458374;8.29118537902832
1.6841564178466797;8.254462242126465
1.6824312210083008;8.208724975585938
1.674433946609497;8.157086372375488
1.6703643798828125;8.131402015686035
1.6656583547592163;8.082466125488281
1.6588603258132935;8.050118446350098
1.6480450630187988;7.9957356452941895
1.643343448638916;7.948003768920898
1.6292080879211426;7.880005836486816
1.6302456855773926;7.808564186096191
1.6258738040924072;7.777949333190918
1.6200554370880127;7.684464931488037
1.6146516799926758;7.6055588722229
1.6061530113220215;7.553378105163574
1.5892407894134521;7.496984004974365
1.584965705871582;7.4220170974731445
1.5787047147750854;7.352353096008301
1.5746333599090576;7.275362014770508
1.5731021165847778;7.272547721862793
1.5660381317138672;7.225709438323975
1.5629348754882812;7.184444427490234
1.5581049919128418;7.143471717834473
1.552899718284607;7.106605529785156
1.5398657321929932;7.063610076904297
1.5387094020843506;7.011241436004639
1.5301733016967773;6.953200817108154
1.5354723930358887;6.909116268157959
1.522449254989624;6.85787296295166
1.516556739807129;6.807561874389648
1.5137826204299927;6.7030348777771
1.5142781734466553;6.69162130355835
1.509336233139038;6.636150360107422
1.5105632543563843;6.599666595458984
1.4975286722183228;6.529989242553711
1.5001657009124756;6.468747138977051
1.4956443309783936;6.405959129333496
1.488919973373413;6.342409133911133
1.48313570022583;6.284265995025635
1.4851984977722168;6.244671821594238
1.4760127067565918;6.2013654708862305
1.4734199047088623;6.1665472984313965
1.4753432273864746;6.147378444671631
1.460841178894043;6.158799171447754
1.4643405675888062;6.106471061706543
1.4633691310882568;6.06495475769043
1.4606919288635254;6.064998626708984
1.457153558731079;6.065415382385254
1.4416942596435547;6.005327224731445
1.437769889831543;5.983725070953369
1.4412543773651123;5.954361915588379
1.434828519821167;5.950379371643066
1.433998703956604;5.934241771697998
1.4308440685272217;5.913871765136719
1.4116435050964355;5.874855041503906
1.410872220993042;5.875663757324219
1.4130154848098755;5.869383335113525
1.4001904726028442;5.843418598175049
1.4049720764160156;5.848968505859375
1.4195725917816162;5.832785129547119
1.4216588735580444;5.852871894836426
1.4029141664505005;5.7688188552856445
1.3980114459991455;5.750983715057373
1.395064115524292;5.720035552978516
1.4047019481658936;5.75093412399292
1.4123588800430298;5.756248474121094
1.4152915477752686;5.725063800811768
1.416913628578186;5.760958671569824
1.4040827751159668;5.769405364990234
1.4036511182785034;5.735965251922607
1.3923275470733643;5.6677703857421875
1.3834900856018066;5.627231597900391
1.3858559131622314;5.607863426208496
1.3795173168182373;5.611988067626953
1.3796617984771729;5.626697540283203
1.378923773765564;5.5907206535339355
1.375580072402954;5.61730432510376
1.3703627586364746;5.612860679626465
1.371266484260559;5.5395965576171875
1.3750088214874268;5.545555114746094
1.3661702871322632;5.566241264343262
1.36069917678833;5.564969539642334
1.3694627285003662;5.5560832023620605
1.3675262928009033;5.514652252197266
1.366194486618042;5.52360725402832
1.3726918697357178;5.52033805847168
1.3529455661773682;5.502725124359131
1.3474397659301758;5.498961448669434
1.3449801206588745;5.47746467590332
1.3420262336730957;5.511684894561768
1.338658094406128;5.4545464515686035
1.3380649089813232;5.475939750671387
1.3379809856414795;5.4488420486450195
1.3348716497421265;5.454574108123779
1.3412480354309082;5.438620090484619
1.329383134841919;5.427990913391113
1.3309203386306763;5.390417098999023
1.3341660499572754;5.447015285491943
1.32805597782135;5.371427059173584
1.33475923538208;5.4641499519348145
1.332664132118225;5.507357120513916
1.3380401134490967;5.511329650878906
1.350198745727539;5.534266471862793
1.3486268520355225;5.525371551513672
1.3393733501434326;5.563563346862793
1.3409066200256348;5.532308101654053
1.3403661251068115;5.531866550445557
1.346319317817688;5.515237808227539
1.329453706741333;5.556160926818848
1.3273155689239502;5.559870719909668
1.3202331066131592;5.533649444580078
1.3303965330123901;5.565689563751221
1.327974796295166;5.5546979904174805
1.3388997316360474;5.61089563369751
1.3320308923721313;5.603313446044922
1.3397057056427002;5.659900665283203
1.3431406021118164;5.706332683563232
1.3471274375915527;5.776230335235596
1.3439626693725586;5.792412281036377
1.338243007659912;5.797256946563721
1.3285547494888306;5.806807994842529
1.333045244216919;5.832545757293701
1.3382549285888672;5.876916885375977
1.338838815689087;5.885876178741455
1.341726541519165;5.878070831298828
1.3471040725708008;5.929296970367432
1.3499479293823242;5.941842079162598
1.3495841026306152;6.022010326385498
1.3533616065979004;6.121313095092773
1.362001657485962;6.148743152618408
1.3555958271026611;6.217240810394287
1.3565304279327393;6.171541213989258
1.3452541828155518;6.236849784851074
1.3490209579467773;6.34668493270874
1.3570449352264404;6.256655693054199
1.3569035530090332;6.218756675720215
1.3495142459869385;6.283125877380371
1.361063838005066;6.301024913787842
1.347346544265747;6.282703399658203
1.3326665163040161;6.30941915512085
1.340224266052246;6.3155364990234375
1.3543426990509033;6.364574432373047
1.3643100261688232;6.469589710235596
1.3669699430465698;6.531955242156982
1.3737751245498657;6.556818008422852
1.3624464273452759;6.6490044593811035
1.3646743297576904;6.56693172454834
1.364222764968872;6.634456157684326
1.362592339515686;6.660135269165039
1.3583322763442993;6.63535737991333
1.3534660339355469;6.630729675292969
1.3623069524765015;6.65971565246582
1.369384527206421;6.723115921020508
1.3663702011108398;6.698117256164551
1.364035964012146;6.743805408477783
1.3658227920532227;6.883937835693359
1.3627593517303467;6.804120063781738
1.36029851436615;6.832573890686035
1.3584061861038208;6.809132099151611
1.3589575290679932;6.818899154663086
1.3605278730392456;6.919153690338135
1.3738956451416016;6.977660179138184
1.3699147701263428;7.003398895263672
1.3711414337158203;7.001341819763184
1.3650081157684326;7.006187915802002
1.371660828590393;7.013374328613281
1.3849146366119385;6.985095024108887
1.3968594074249268;7.085506439208984
1.3907909393310547;7.1919474601745605
1.3866448402404785;7.2060441970825195
1.3956172466278076;7.22990608215332
1.4028900861740112;7.245512962341309
1.3917179107666016;7.16147518157959
1.3974226713180542;7.2247314453125
1.388309121131897;7.174695014953613
1.3922832012176514;7.202093601226807
1.401478886604309;7.315033435821533
1.4044795036315918;7.370718955993652
1.3978842496871948;7.437768936157227
1.4060850143432617;7.415894985198975
1.4079914093017578;7.486595153808594
1.4247643947601318;7.525561332702637
1.4359381198883057;7.635672569274902
1.4424341917037964;7.674559593200684
1.428909182548523;7.588712692260742
1.4228975772857666;7.561921119689941
1.4318095445632935;7.621793746948242
1.4419887065887451;7.596055507659912
1.4527860879898071;7.714970588684082
1.452625036239624;7.763303756713867
1.4557325839996338;7.749941349029541
1.4543461799621582;7.818911075592041
1.4612693786621094;7.7945780754089355
1.464871883392334;7.8617262840271
1.4676507711410522;7.843562602996826
1.4596319198608398;7.748702049255371
1.463820457458496;7.774992942810059
1.449966549873352;7.732458591461182
1.4580085277557373;7.755464553833008
1.4558448791503906;7.805556297302246
1.4596375226974487;7.7958831787109375
1.4589327573776245;7.7439093589782715
1.4759495258331299;7.816198348999023
1.4812278747558594;7.823256969451904
1.485282063484192;7.887705326080322
1.498274803161621;7.890247821807861
1.501652717590332;7.931849479675293
1.5048565864562988;7.887348175048828
1.49678373336792;7.775913715362549
1.500791311264038;7.903743743896484
1.5113308429718018;7.999142646789551
1.5103211402893066;7.930404186248779
1.5003666877746582;7.862078666687012
1.5075312852859497;7.828718185424805
1.504259467124939;7.746574401855469
1.511798620223999;7.737642288208008
1.519294261932373;7.822205066680908
1.510212779045105;7.711408615112305
1.512107253074646;7.783252239227295
1.5141857862472534;7.708630561828613
1.5147100687026978;7.70578670501709
1.5267024040222168;7.723565578460693
1.5219578742980957;7.662994384765625
1.5125960111618042;7.702840805053711
1.5070245265960693;7.636693954467773
1.500931739807129;7.578153610229492
1.5118591785430908;7.5747270584106445
1.5035384893417358;7.512236595153809
1.5077638626098633;7.4723663330078125
1.5159951448440552;7.454773426055908
1.5154592990875244;7.4642534255981445
1.5108178853988647;7.451903343200684
1.5211042165756226;7.481603622436523
1.5166380405426025;7.4553422927856445
1.5251703262329102;7.449462890625
1.526411533355713;7.407042026519775
1.5343509912490845;7.389445781707764
1.5391966104507446;7.467987060546875
1.5364515781402588;7.309267997741699
1.5286459922790527;7.205435752868652
1.5237057209014893;7.162346839904785
1.5238056182861328;7.189613342285156
1.5267760753631592;7.142139434814453
1.5291872024536133;7.105477809906006
1.5341483354568481;7.14305305480957
1.537764072418213;7.092837333679199
1.5375423431396484;7.031088829040527
1.5386706590652466;6.984456539154053
1.5328372716903687;6.922603607177734
1.5270586013793945;6.912996292114258
1.5234601497650146;6.827635765075684
1.518629789352417;6.844919681549072
1.5296576023101807;6.835272789001465
1.5217221975326538;6.797686576843262
1.523821473121643;6.635093688964844
1.527593970298767;6.6552510261535645
1.525843620300293;6.596266746520996
1.5271661281585693;6.599294662475586
1.5250155925750732;6.5795063972473145
1.5273592472076416;6.4801716804504395
1.5269827842712402;6.506440162658691
1.5295346975326538;6.464233875274658
1.521958827972412;6.415915012359619
1.5193922519683838;6.354659080505371
1.5241984128952026;6.2674150466918945
1.5227428674697876;6.272719383239746
1.5176715850830078;6.318343162536621
1.5162538290023804;6.231829643249512
1.517364501953125;6.21879243850708
1.5078067779541016;6.176089286804199
1.5045661926269531;6.0568718910217285
1.5011656284332275;5.951943397521973
1.4976048469543457;5.87584924697876
1.5042004585266113;5.868854999542236
1.5053939819335938;5.878227233886719
1.4974420070648193;5.785093784332275
1.4959577322006226;5.762590408325195
1.4921718835830688;5.656764984130859
1.4939162731170654;5.627495765686035
1.4876346588134766;5.578307628631592
1.4881784915924072;5.548486709594727
1.4908447265625;5.483986854553223
1.4806519746780396;5.511679649353027
1.4888437986373901;5.449298858642578
1.4850448369979858;5.423604965209961
1.4779672622680664;5.2933878898620605
1.484055519104004;5.273144721984863
1.4858756065368652;5.211080551147461
1.4826916456222534;5.264500141143799
1.4725559949874878;5.19046688079834
1.4795405864715576;5.066550254821777
1.4633381366729736;5.027470588684082
1.4686092138290405;5.031405925750732
1.4689545631408691;5.001302242279053
1.4753494262695312;4.953332424163818
1.4578063488006592;4.851546287536621
1.456406831741333;4.786714553833008
1.4678444862365723;4.7692975997924805
1.454445481300354;4.662045955657959
1.4463157653808594;4.598743915557861
1.4484935998916626;4.575760841369629
1.4540679454803467;4.487277030944824
1.4465442895889282;4.497257709503174
1.4469355344772339;4.394460678100586
1.4313373565673828;4.379121780395508
1.4279406070709229;4.367417335510254
1.4322419166564941;4.387820243835449
1.4209692478179932;4.325395584106445
1.4201513528823853;4.197381019592285
1.4228169918060303;4.182505130767822
1.4200862646102905;4.111062526702881
1.4220842123031616;4.090622425079346
1.4095194339752197;4.022337913513184
1.4124836921691895;3.9742419719696045
1.3992325067520142;4.00062370300293
1.3940612077713013;3.8953702449798584
1.4053155183792114;3.8648436069488525
1.395683765411377;3.8498668670654297
1.4069263935089111;3.775622844696045
1.4056593179702759;3.7542521953582764
1.392757534980774;3.6959855556488037
1.3854320049285889;3.653231620788574
1.3835073709487915;3.606276750564575
1.3822755813598633;3.7004218101501465
1.390592098236084;3.6439883708953857
1.3703587055206299;3.5929582118988037
1.3670696020126343;3.4495959281921387
1.3659309148788452;3.4394521713256836
1.3665010929107666;3.3581178188323975
1.3668363094329834;3.3263721466064453
1.3640871047973633;3.2749807834625244
1.3555302619934082;3.2898309230804443
1.358973503112793;3.227555751800537
1.344344973564148;3.2183997631073
1.3380112648010254;3.1794044971466064
1.3412244319915771;3.162379264831543
1.3359965085983276;3.1160106658935547
1.3366566896438599;3.0995113849639893
1.331694483757019;3.001549243927002
1.3280422687530518;2.9878952503204346
1.320948600769043;2.8752217292785645
1.3166133165359497;2.902068853378296
1.3246707916259766;2.9047915935516357
1.3123729228973389;2.8260252475738525
1.3084074258804321;2.7810568809509277
1.3008573055267334;2.688326120376587
1.2936184406280518;2.7085671424865723
1.30106520652771;2.7758541107177734
1.2888938188552856;2.6257758140563965
1.2924878597259521;2.5673439502716064
1.2839094400405884;2.5316953659057617
1.2896738052368164;2.53910231590271
1.2809600830078125;2.553520679473877
1.266217827796936;2.484880208969116
1.2543675899505615;2.4112586975097656
1.2541112899780273;2.386349678039551
1.2513805627822876;2.347837209701538
1.2465152740478516;2.33536958694458
1.2496920824050903;2.3304402828216553
1.2629928588867188;2.41690731048584
1.2301459312438965;2.303321123123169
1.2270936965942383;2.2350735664367676
1.2274574041366577;2.199113130569458
1.2377777099609375;2.2339229583740234
1.2227237224578857;2.159727096557617
1.216429591178894;2.1410768032073975
1.2082313299179077;2.0973446369171143
1.2099872827529907;2.0908145904541016
1.2003474235534668;2.0245277881622314
1.1876578330993652;2.01373028755188
1.1797776222229004;1.9531800746917725
1.1783419847488403;1.9440398216247559
1.1780316829681396;1.9283077716827393
1.1715569496154785;1.909562587738037
1.1616811752319336;1.8429158926010132
1.1709873676300049;1.8151838779449463
1.167595386505127;1.8245320320129395
1.1624927520751953;1.8021925687789917
1.16641104221344;1.8220018148422241
1.1472768783569336;1.7515565156936646
1.1508724689483643;1.7692341804504395
1.140495777130127;1.740181803703308
1.1438626050949097;1.725150227546692
1.1343801021575928;1.6999908685684204
1.1352250576019287;1.6528929471969604
1.1158040761947632;1.6270750761032104
1.1203662157058716;1.6127617359161377
1.1040984392166138;1.564186930656433
1.1143810749053955;1.5683398246765137
1.1068700551986694;1.545818567276001
1.0791583061218262;1.49692702293396
1.0878024101257324;1.4756314754486084
1.0957317352294922;1.5464820861816406
1.0967203378677368;1.4518322944641113
1.0863429307937622;1.430971384048462
1.07066011428833;1.4144514799118042
1.0709573030471802;1.3940216302871704
1.0687679052352905;1.3706942796707153
1.0518848896026611;1.3410204648971558
1.0367729663848877;1.3109610080718994
1.0336823463439941;1.302056908607483
1.0352421998977661;1.2911096811294556
1.0360641479492188;1.2766711711883545
1.0317707061767578;1.2538992166519165
1.0233652591705322;1.2142634391784668
1.0213875770568848;1.2033295631408691
1.0237205028533936;1.2106475830078125
1.014750361442566;1.1743500232696533
1.015581727027893;1.1732697486877441
1.0078222751617432;1.1486021280288696
0.9969670176506042;1.1226006746292114
0.9901300668716431;1.1045879125595093
0.9836235642433167;1.1050711870193481
0.9708513617515564;1.0858399868011475
0.9773515462875366;1.09389328956604
0.9759330153465271;1.0603389739990234
0.9702889919281006;1.0180591344833374
0.9569575786590576;1.0441646575927734
0.9602321982383728;1.0282567739486694
0.9576618671417236;0.97657710313797
0.9409051537513733;0.9642415046691895
0.9434406757354736;0.9644156694412231
0.9517886638641357;0.9389787912368774
0.9383072853088379;0.9715386629104614
0.9289870262145996;0.9333542585372925
0.9207345843315125;0.9116520881652832
0.9152550101280212;0.8881449699401855
0.9097276329994202;0.8720899820327759
0.9032324552536011;0.8547854423522949
0.929052472114563;0.8561258912086487
0.8909859657287598;0.8505570888519287
0.887427568435669;0.8277177810668945
0.9062201976776123;0.8487553596496582
0.8972206115722656;0.81174236536026
0.8703876733779907;0.7886108756065369
0.8775601387023926;0.7909009456634521
0.87745201587677;0.7868847250938416
0.8765597343444824;0.7572824954986572
0.8561111688613892;0.7479343414306641
0.8444584608078003;0.7366325855255127
0.8299376964569092;0.7104370594024658
0.8498265147209167;0.7578395009040833
0.8567975163459778;0.7484428882598877
0.8690804243087769;0.7569355964660645
0.8307387232780457;0.7088514566421509
0.8345941305160522;0.7028329372406006
0.8214876651763916;0.6624510288238525
0.8388124704360962;0.6842330098152161
0.8064950704574585;0.6692932844161987
0.7974457740783691;0.6303398609161377
0.8165028095245361;0.6473592519760132
0.8214787244796753;0.6539639234542847
0.8110694885253906;0.6360909342765808
0.796621561050415;0.6327232122421265
0.7953805923461914;0.6112591028213501
0.8017240762710571;0.6159972548484802
0.7890726327896118;0.5969535708427429
0.7878831624984741;0.5753095746040344
0.7769901752471924;0.5817832946777344
0.7785787582397461;0.5771068930625916
0.7623279094696045;0.5343081951141357
0.7819147706031799;0.5622392892837524
0.7652769684791565;0.5350056886672974
0.7537412643432617;0.5332981944084167
0.7492505311965942;0.5187482833862305
0.7653812766075134;0.524077296257019
0.7510762214660645;0.5206406116485596
0.748257577419281;0.5093390941619873
0.7285727858543396;0.4939834177494049
0.7548739314079285;0.507310688495636
0.7499937415122986;0.5043683648109436
0.7397909164428711;0.5071378946304321
0.7256456017494202;0.47021371126174927
0.7112962007522583;0.45828062295913696
0.7113382816314697;0.4602530002593994
0.709406852722168;0.46115565299987793
0.7096688747406006;0.4574573040008545
0.7254636883735657;0.46627750992774963
0.7187734842300415;0.4528825879096985
0.7136327028274536;0.43999531865119934
0.7098022699356079;0.4356887936592102
0.6847167015075684;0.42919856309890747
0.7015323638916016;0.42466530203819275
0.699871301651001;0.4219040274620056
0.6944355964660645;0.401847779750824
0.6850234866142273;0.3970690369606018
0.6833405494689941;0.4122910499572754
0.6867144107818604;0.4022344946861267
0.6857231259346008;0.3996634781360626
0.6716828346252441;0.3899364471435547
0.6676863431930542;0.38025960326194763
0.68265700340271;0.379929780960083
0.673278272151947;0.37511134147644043
0.6437432765960693;0.3655738830566406
0.6703845262527466;0.3697781562805176
0.6595638990402222;0.3638298511505127
0.6684002876281738;0.372176855802536
0.6471765637397766;0.361279159784317
0.6524771451950073;0.358295202255249
0.6347318291664124;0.3448916971683502
0.6335902810096741;0.3450576066970825
0.6271892786026001;0.3363703489303589
0.6282187104225159;0.3285841643810272
0.6226681470870972;0.32744449377059937
0.6235004663467407;0.31925833225250244
0.6172633171081543;0.31936946511268616
0.633339524269104;0.3287348747253418
0.6200071573257446;0.31454744935035706
0.6243064403533936;0.31947433948516846
0.6017211079597473;0.3083364963531494
0.6230608820915222;0.31278306245803833
0.6064714193344116;0.2950899600982666
0.6147867441177368;0.30505645275115967
0.6153004765510559;0.3123943507671356
0.6071155071258545;0.3005680739879608
0.5978567600250244;0.28947901725769043
0.6091775298118591;0.29845094680786133
0.6185296773910522;0.29137998819351196
0.5863932371139526;0.28403764963150024
0.5889344215393066;0.29402798414230347
0.595079779624939;0.2743321657180786
0.5696160793304443;0.2814214825630188
0.5806118249893188;0.2676470875740051
0.5765509009361267;0.2726138234138489
0.5687097311019897;0.2612684369087219
0.5707587599754333;0.2612072825431824
0.5769858360290527;0.2743334174156189
0.5891033411026001;0.2725814878940582
0.5768784880638123;0.2655431628227234
0.5610343217849731;0.2564380466938019
0.5710248947143555;0.24981240928173065
0.5755962133407593;0.2572769522666931
0.5710400938987732;0.2583768963813782
0.5755670070648193;0.2445410043001175
0.5596483945846558;0.24974459409713745
0.5540731549263;0.24625538289546967
0.5519261956214905;0.24093462526798248
0.5635419487953186;0.24567845463752747
0.5561561584472656;0.24178855121135712
0.5454361438751221;0.2319006621837616
0.5708270072937012;0.24698098003864288
0.5505353212356567;0.2297143191099167
0.55625319480896;0.23807606101036072
0.5507023334503174;0.23417073488235474
0.5464808344841003;0.23527780175209045
0.5515843629837036;0.22990083694458008
0.5413321256637573;0.223678320646286
0.5517786741256714;0.22901156544685364
0.5546984076499939;0.2285870462656021
0.5357795357704163;0.2296208143234253
0.5429800152778625;0.22555240988731384
0.5359240770339966;0.2260507494211197
0.544033408164978;0.2216222882270813
0.5408474802970886;0.22478193044662476
0.5309118628501892;0.20621462166309357
0.5419268608093262;0.22300711274147034
0.514384925365448;0.20441482961177826
0.5235313177108765;0.22066371142864227
0.5283510684967041;0.2138625979423523
0.5350743532180786;0.21165063977241516
0.5337790250778198;0.21358953416347504
0.5257284641265869;0.20325809717178345
0.522956132888794;0.2117166519165039
0.5200322270393372;0.2044135332107544
0.5256529450416565;0.20493176579475403
0.5211359262466431;0.20016205310821533
0.5183115005493164;0.19999831914901733
0.5245183706283569;0.20931218564510345
0.5206300616264343;0.20021028816699982
0.5182745456695557;0.19852085411548615
0.5184068083763123;0.20390838384628296
0.5211610198020935;0.19937044382095337
0.515597939491272;0.1984255313873291
0.5168682932853699;0.19626066088676453
0.5107377767562866;0.19659709930419922
0.5082777738571167;0.19870170950889587
0.5108116865158081;0.19254106283187866
0.5072979927062988;0.19787320494651794
0.5238763093948364;0.19703209400177002
0.5055849552154541;0.19941329956054688
0.5161563158035278;0.19286580383777618
0.5187760591506958;0.199685737490654
0.5118599534034729;0.18921411037445068
0.5094777941703796;0.19843068718910217
0.5124728679656982;0.19201762974262238
0.5147241353988647;0.19486697018146515
0.5149458646774292;0.19033807516098022
0.5213286876678467;0.19975890219211578
0.49993276596069336;0.1818011999130249
0.5139180421829224;0.18609969317913055
0.5069500803947449;0.18489722907543182
0.5146076083183289;0.1915687769651413
0.5209594368934631;0.19114573299884796
0.5080280900001526;0.18552061915397644
0.5195906162261963;0.1862429678440094
0.5060824751853943;0.18718424439430237
0.5188156366348267;0.1857491433620453
0.5052472949028015;0.1857733577489853
0.5041287541389465;0.1855120062828064
0.5061823129653931;0.1817512959241867
0.5067653059959412;0.18418380618095398
0.503471851348877;0.18047282099723816
0.5135900378227234;0.1828000843524933
0.5047016143798828;0.1789771318435669
0.5015425682067871;0.1871955543756485
0.5058596730232239;0.17547205090522766
0.502180814743042;0.17896433174610138
0.5001111030578613;0.18171854317188263
0.4978453814983368;0.1765902042388916
0.5061513185501099;0.17731812596321106
0.4950864911079407;0.1754017472267151
0.5045835971832275;0.1803758591413498
0.49862536787986755;0.17672520875930786
0.49956440925598145;0.17930743098258972
0.5021617412567139;0.18057122826576233
0.49220284819602966;0.17272694408893585
0.49138787388801575;0.16839125752449036
0.5025073289871216;0.173728346824646
0.5088508725166321;0.17366203665733337
0.49671846628189087;0.17705221474170685
0.5025910139083862;0.17485854029655457
0.5066568851470947;0.17321154475212097
0.49603092670440674;0.16964469850063324
0.4963970184326172;0.17239734530448914
0.5052058696746826;0.17527005076408386
0.4983842074871063;0.17408961057662964
0.4905549883842468;0.1696542203426361
0.48935988545417786;0.16914191842079163
0.5016986727714539;0.17267850041389465
0.5018490552902222;0.16868509352207184
0.49656736850738525;0.1758313775062561
0.49347877502441406;0.17517291009426117
0.4927142560482025;0.16679240763187408
0.4893726110458374;0.16817761957645416
0.49350976943969727;0.16987134516239166
0.5070001482963562;0.1728324145078659
0.4969295859336853;0.16846606135368347
0.4983600080013275;0.17187221348285675
0.49579840898513794;0.16915100812911987
0.5028055906295776;0.17309629917144775
0.505365788936615;0.16813239455223083
0.4914451539516449;0.1658143699169159
0.5012459754943848;0.16787105798721313
0.49408775568008423;0.16480548679828644
0.4928559958934784;0.16813653707504272
0.4956589937210083;0.16777776181697845
0.48902207612991333;0.16252240538597107
0.49113014340400696;0.16607536375522614
0.49460920691490173;0.16778406500816345
0.49408531188964844;0.16637060046195984
0.4886806309223175;0.16347435116767883
0.4844546616077423;0.16077753901481628
0.49854570627212524;0.16649696230888367
0.4993803799152374;0.16388949751853943
0.49274733662605286;0.16633570194244385
0.5068105459213257;0.17049700021743774
0.4969140887260437;0.16967418789863586
0.4968870282173157;0.16779208183288574
0.48954200744628906;0.16788697242736816
0.48397475481033325;0.16471347212791443
0.4874362051486969;0.16814228892326355
0.5008749961853027;0.16609078645706177
0.49261295795440674;0.16881726682186127
0.48896491527557373;0.16551804542541504
0.4846760034561157;0.1614202857017517
0.4930403232574463;0.16121618449687958
0.4940651059150696;0.1650228500366211
0.48768970370292664;0.16646960377693176
0.49185454845428467;0.164215087890625
0.49423110485076904;0.16976511478424072
0.49341508746147156;0.16361360251903534
0.48232945799827576;0.16025421023368835
0.483871728181839;0.1602036952972412
0.49681952595710754;0.16138489544391632
0.4920687973499298;0.16264331340789795
0.49126219749450684;0.16359581053256989
0.4902125298976898;0.1610327959060669
0.4939889907836914;0.16655664145946503
0.48923423886299133;0.161874458193779
0.49670469760894775;0.1637197583913803
0.501596212387085;0.161930114030838
0.48869648575782776;0.16288718581199646
0.4852951169013977;0.16058845818042755
0.491830050945282;0.16242916882038116
0.4890971779823303;0.16079679131507874
0.4999505877494812;0.16347543895244598
0.4946868419647217;0.16448631882667542
0.4865613579750061;0.16259758174419403
0.48948410153388977;0.1584109216928482
0.49352598190307617;0.16120292246341705
0.4892781376838684;0.15614081919193268
0.4900321662425995;0.16009867191314697
0.49267488718032837;0.16329887509346008
0.4884345829486847;0.16319522261619568
0.4919703006744385;0.15992297232151031
0.4855968952178955;0.16061171889305115
0.483417272567749;0.1608060896396637
0.49377596378326416;0.1638997197151184
0.49462711811065674;0.15858763456344604
0.4945909380912781;0.16568848490715027
0.49594545364379883;0.164790078997612
0.4818631410598755;0.159089133143425
0.48550036549568176;0.15942074358463287
0.49309107661247253;0.1631813943386078
0.492434024810791;0.16216304898262024
0.48722755908966064;0.15957452356815338
0.4909675419330597;0.1603558361530304
0.4872344136238098;0.16143137216567993
0.49331533908843994;0.16273027658462524
0.493959903717041;0.1629786640405655
0.49325695633888245;0.16164422035217285
0.48746126890182495;0.15882202982902527
0.49107590317726135;0.16377860307693481
0.4967196583747864;0.16199031472206116
0.4931347668170929;0.16074173152446747
0.49569374322891235;0.16417396068572998
0.4928373098373413;0.16249501705169678
0.49834397435188293;0.16399425268173218
0.4845021963119507;0.16235235333442688
0.488882839679718;0.16083864867687225
0.4899340867996216;0.1599823236465454
0.4867064952850342;0.1571369469165802
0.49275851249694824;0.16330957412719727
0.48667919635772705;0.15904784202575684
0.4950641691684723;0.1609131395816803
0.47853803634643555;0.15582789480686188
0.49003052711486816;0.16028067469596863
0.49837586283683777;0.1649133563041687
0.492581844329834;0.16488197445869446
0.48935288190841675;0.16513563692569733
0.49313074350357056;0.15955473482608795
0.48886191844940186;0.16053590178489685
0.4962162971496582;0.16149689257144928
0.484351247549057;0.16065996885299683
0.49292856454849243;0.15986180305480957
0.4899339973926544;0.1615554392337799
0.49579232931137085;0.16251897811889648
0.49150392413139343;0.16427960991859436
0.4883098602294922;0.16370424628257751
0.5019287467002869;0.16319604218006134
0.4882666766643524;0.1587231159210205
0.49540290236473083;0.16370129585266113
0.48454123735427856;0.15985915064811707
0.4953674077987671;0.1608404815196991
0.48409608006477356;0.1591995358467102
0.4929206669330597;0.1615820676088333
0.4980764389038086;0.1665431261062622
0.4964301288127899;0.16159293055534363
0.49977314472198486;0.16283608973026276
0.4914856553077698;0.1580236852169037
0.49374106526374817;0.16123272478580475
0.48873603343963623;0.15944984555244446
0.4861077070236206;0.15989477932453156
0.49082913994789124;0.1625722348690033
0.48962536454200745;0.16096346080303192
0.4880709946155548;0.15957310795783997
0.49230119585990906;0.15992537140846252
0.49014294147491455;0.16074496507644653
0.4856419861316681;0.1597716510295868
0.4919807016849518;0.16145816445350647
0.4878765642642975;0.15611429512500763
0.5025903582572937;0.15997272729873657
0.4879245162010193;0.16074857115745544
0.491242378950119;0.16212649643421173
0.47882768511772156;0.1570974588394165
0.48199382424354553;0.1575188785791397
0.4846295416355133;0.15918155014514923
0.5012890696525574;0.16294172406196594
0.49179619550704956;0.1605919450521469
0.49114739894866943;0.15926778316497803
0.4904731214046478;0.15988752245903015
0.4886660575866699;0.15901614725589752
0.4951208829879761;0.1600368469953537
0.4963381588459015;0.16153959929943085
0.4906119406223297;0.16033565998077393
0.49063438177108765;0.16082368791103363
0.4961410164833069;0.16038864850997925
0.4919334948062897;0.16256150603294373
0.4931422472000122;0.1613585203886032
0.495279997587204;0.16000941395759583
0.490283727645874;0.159046933054924
0.49239587783813477;0.16338390111923218
0.48994892835617065;0.16032437980175018
0.5000029802322388;0.1655687540769577
0.4940086603164673;0.16241812705993652
0.4911037087440491;0.1601734161376953
0.4818616807460785;0.1576414257287979
0.4870661199092865;0.16013392806053162
0.4869231581687927;0.1597341001033783
0.4833570718765259;0.1603042334318161
0.4903580844402313;0.15894493460655212
0.4965101480484009;0.1624760776758194
0.48817771673202515;0.16095203161239624
0.4909219741821289;0.15996204316616058
0.49850720167160034;0.16023066639900208
0.4968581199645996;0.16309964656829834
0.49282553791999817;0.16164426505565643
0.4889273941516876;0.15806220471858978
0.4969539940357208;0.16390083730220795
0.49349525570869446;0.1632137894630432
0.4902612864971161;0.16309721767902374
0.4928119480609894;0.16220024228096008
0.47835487127304077;0.15845686197280884
0.49156686663627625;0.16292704641819
0.4939095675945282;0.16080304980278015
0.5060187578201294;0.16435478627681732
0.4904877543449402;0.15841032564640045
0.4866122007369995;0.16221848130226135
0.48889291286468506;0.15991993248462677
0.49697428941726685;0.1618838906288147
0.4907587468624115;0.15999208390712738
0.49306750297546387;0.16109615564346313
0.4929765462875366;0.1576971709728241
0.4897436499595642;0.15853647887706757
0.4934842586517334;0.16115184128284454
0.4951329529285431;0.16162879765033722
0.49561041593551636;0.16385453939437866
0.48625412583351135;0.1595255732536316
0.4853835701942444;0.15903954207897186
0.4874996542930603;0.15713070333003998
0.4876096546649933;0.16089224815368652
0.49752169847488403;0.16400444507598877
0.4992358684539795;0.16244837641716003
0.4896300733089447;0.1645522266626358
0.4907092750072479;0.16100859642028809
0.49641138315200806;0.1602923423051834
0.5005922317504883;0.1629418581724167
0.4901142120361328;0.15812204778194427
0.487315833568573;0.16050052642822266
0.49374282360076904;0.160484179854393
0.4895046353340149;0.1601921170949936
0.49003905057907104;0.16439741849899292
0.4945010840892792;0.16176491975784302
0.4844683110713959;0.15867745876312256
0.49713465571403503;0.1631627231836319
0.4882659316062927;0.15937189757823944
0.4862065315246582;0.16088655591011047
0.49312925338745117;0.1609821319580078
0.49205490946769714;0.16253596544265747
0.4850371479988098;0.15872043371200562
0.4891069531440735;0.15997321903705597
0.49779438972473145;0.16375519335269928
0.4931981563568115;0.1614038348197937
0.4906509518623352;0.16416588425636292
0.49915480613708496;0.16020357608795166
0.4917439818382263;0.15938866138458252
0.4959214925765991;0.1641554832458496
0.4907241463661194;0.1627698540687561
0.4968629479408264;0.16098666191101074
0.5030908584594727;0.16470178961753845
0.4893299639225006;0.16136419773101807
0.49166572093963623;0.16389262676239014
0.4899563193321228;0.16189293563365936
0.49991655349731445;0.16343382000923157
0.48040705919265747;0.158665731549263
0.49723827838897705;0.16348853707313538
0.48835140466690063;0.15673629939556122
0.4932524859905243;0.16329997777938843
0.4878914952278137;0.1601795256137848
0.4873567223548889;0.1596226990222931
0.48965904116630554;0.16116540133953094
0.48828744888305664;0.1596425324678421
0.49043193459510803;0.16203327476978302
0.49444013833999634;0.16041824221611023
0.5031866431236267;0.16267827153205872
0.49079176783561707;0.16131755709648132
0.49164462089538574;0.16107435524463654
0.494271457195282;0.1601014882326126
0.4855666756629944;0.1600612848997116
0.49146318435668945;0.16185423731803894
0.4924151301383972;0.16256460547447205
0.49384552240371704;0.16073346138000488
0.49868544936180115;0.1609126329421997
0.48952341079711914;0.15973083674907684
0.48461365699768066;0.1587524563074112
0.500300407409668;0.16193808615207672
0.48983535170555115;0.16040854156017303
0.4878289997577667;0.16106238961219788
0.5013909339904785;0.16324540972709656
0.484803169965744;0.16028834879398346
0.5011534094810486;0.1607603132724762
0.499269038438797;0.1648525446653366
0.48853784799575806;0.1615508794784546
0.48763227462768555;0.16040827333927155
0.48101896047592163;0.15709514915943146
0.4948151409626007;0.16253764927387238
0.4904595613479614;0.16121628880500793
0.49386197328567505;0.16145436465740204
0.4932228922843933;0.16074837744235992
0.4849095940589905;0.15962378680706024
0.48794180154800415;0.15998347103595734
0.4983142614364624;0.16338644921779633
0.49505817890167236;0.1633118838071823
0.4966447651386261;0.16162791848182678
0.4904468059539795;0.15886837244033813
0.4912068843841553;0.16377484798431396
0.48255300521850586;0.15826988220214844
0.48802199959754944;0.16209496557712555
0.4873206317424774;0.15993154048919678
0.49249500036239624;0.1588205099105835
0.4938391149044037;0.16031910479068756
0.49594953656196594;0.16235162317752838
0.49097126722335815;0.1602250337600708
0.49443763494491577;0.1605842560529709
0.4902224838733673;0.16096337139606476
0.484127938747406;0.15931445360183716
0.48824822902679443;0.16202792525291443
0.4918113350868225;0.15938368439674377
0.48468655347824097;0.16022974252700806
0.4891226887702942;0.16007699072360992
0.4996500611305237;0.1641976684331894
0.48471930623054504;0.15847523510456085
0.4895342290401459;0.1590629369020462
0.4851383864879608;0.16028369963169098
0.49489790201187134;0.16032953560352325
0.4943943917751312;0.1620517373085022
0.48293110728263855;0.1606164276599884
0.5009233355522156;0.16364514827728271
0.49746257066726685;0.16361016035079956
0.48858505487442017;0.15972694754600525
0.49064263701438904;0.1617162972688675
0.48854178190231323;0.16070562601089478
0.4976879954338074;0.1616203933954239
0.493143230676651;0.16154371201992035
0.4884125888347626;0.16063937544822693
0.5043036937713623;0.1642996221780777
0.4923139810562134;0.16086207330226898
0.497517466545105;0.16294190287590027
0.49789246916770935;0.1629527360200882
0.493547648191452;0.16151946783065796
0.4929639399051666;0.1593126803636551
0.49399906396865845;0.16200301051139832
0.4954056739807129;0.16291894018650055
0.49699899554252625;0.16470545530319214
0.5000163316726685;0.16123035550117493
0.491704523563385;0.1611931025981903
0.4955368638038635;0.16131459176540375
0.4871862530708313;0.15995970368385315
0.49213579297065735;0.15993307530879974
0.4927159547805786;0.16217152774333954
0.49090394377708435;0.1617613136768341
0.4862322509288788;0.1613244265317917
0.5004540681838989;0.1616087108850479
0.4954873323440552;0.16114377975463867
0.4880826771259308;0.15979476273059845
0.4949999451637268;0.16214008629322052
0.4915958642959595;0.16181346774101257
0.4882132411003113;0.15808917582035065
0.49133431911468506;0.16476088762283325
0.49215683341026306;0.16007909178733826
0.4905066192150116;0.16106492280960083
0.48581716418266296;0.1590067595243454
0.49260279536247253;0.15921704471111298
0.49509045481681824;0.16075780987739563
0.49466171860694885;0.16243045032024384
0.48541730642318726;0.1605556309223175
0.5029882192611694;0.16299106180667877
0.48082441091537476;0.15791665017604828
0.4928487539291382;0.16117551922798157
0.49133774638175964;0.16150251030921936
0.4937235116958618;0.1613207459449768
0.4902219772338867;0.16004875302314758
0.4858566224575043;0.15985479950904846
0.4839996099472046;0.158978670835495
0.49621307849884033;0.1608508676290512
0.49203255772590637;0.15913966298103333
0.49127548933029175;0.15821442008018494
0.4927072525024414;0.15979160368442535
0.4901166260242462;0.1618404984474182
0.4953770637512207;0.16146215796470642
0.499320924282074;0.16201597452163696
0.49129557609558105;0.16143979132175446
0.5002484321594238;0.1644352376461029
0.4934115707874298;0.1604015976190567
0.4931353032588959;0.16113334894180298
0.49658113718032837;0.1647120714187622
0.4874163269996643;0.1599283367395401
0.49180686473846436;0.15802693367004395
0.49335727095603943;0.1618480682373047
0.4890765845775604;0.16250190138816833
0.4894108474254608;0.15935498476028442
0.49126487970352173;0.16055959463119507
0.4913642704486847;0.16050277650356293
0.49476319551467896;0.15815457701683044
0.48961541056632996;0.16057288646697998
0.4877186417579651;0.1576714962720871
0.4952446222305298;0.16164082288742065
0.5056177377700806;0.161736398935318
0.5033207535743713;0.1641540378332138
0.4884604811668396;0.1602923572063446
0.49314698576927185;0.16085852682590485
0.48482227325439453;0.15943779051303864
0.4942675828933716;0.16086912155151367
0.4985901713371277;0.16139408946037292
0.4886855483055115;0.16029267013072968
0.4954811930656433;0.16227951645851135
0.4969099164009094;0.1604657620191574
0.5014861226081848;0.16483192145824432
0.4801708459854126;0.1584184169769287
0.4946524500846863;0.16119089722633362
0.4945613145828247;0.161170095205307
0.4931757152080536;0.16167888045310974
0.49112075567245483;0.16004204750061035
0.4894590675830841;0.1611575484275818
0.48934417963027954;0.1621592789888382
0.49428820610046387;0.16332164406776428
0.5010994672775269;0.1634790301322937
0.4915120601654053;0.15965837240219116
0.49546018242836;0.16439582407474518
0.4954686164855957;0.16232019662857056
0.49249204993247986;0.1605946123600006
0.4975178837776184;0.1628383994102478
0.4899214506149292;0.16431722044944763
0.4875173568725586;0.15844717621803284
0.48946982622146606;0.16101883351802826
0.484245628118515;0.16066403687000275
0.4870869815349579;0.15997199714183807
0.5019007921218872;0.1645718514919281
0.49102675914764404;0.16213873028755188
0.4957371950149536;0.16334763169288635
0.49812057614326477;0.1637600064277649
0.4879954755306244;0.15994492173194885
0.49110493063926697;0.16028743982315063
0.4899805188179016;0.15950457751750946
0.49416452646255493;0.16406536102294922
0.49254411458969116;0.1599292904138565
0.48775050044059753;0.16164734959602356
0.4941636919975281;0.16285204887390137
0.48842522501945496;0.16074198484420776
0.48706427216529846;0.16000404953956604
0.495890736579895;0.16245560348033905
0.4912680387496948;0.16283605992794037
0.49083709716796875;0.16055458784103394
0.49692514538764954;0.16197195649147034
0.4994890093803406;0.1645875722169876
0.4961433410644531;0.16177614033222198
0.49114975333213806;0.1585903912782669
0.4904405474662781;0.1628390997648239
0.4888012409210205;0.16294844448566437
0.49707531929016113;0.15986116230487823
0.49128732085227966;0.16140249371528625
0.49424660205841064;0.16241025924682617
0.49497729539871216;0.1629290133714676
0.49368196725845337;0.16099776327610016
0.4935200810432434;0.1596130132675171
0.4956102669239044;0.16167868673801422
0.4817603528499603;0.16101300716400146
0.49586033821105957;0.16356530785560608
0.4923374354839325;0.16285133361816406
0.49036696553230286;0.15941107273101807
0.4912855923175812;0.16076146066188812
0.4903956949710846;0.16382181644439697
0.4972594976425171;0.15998685359954834
0.4869862198829651;0.15704208612442017
0.49253377318382263;0.16534434258937836
0.4898342192173004;0.16004666686058044
0.4897768497467041;0.16185329854488373
0.4917008876800537;0.1620398759841919
0.4938775599002838;0.1606844961643219
0.48662155866622925;0.15886375308036804
0.49669960141181946;0.15987446904182434
0.4956621527671814;0.16053111851215363
0.4946437180042267;0.16267219185829163
0.496884822845459;0.16142220795154572
0.500184953212738;0.1632927507162094
0.49256059527397156;0.1605832576751709
0.49469584226608276;0.16124840080738068
0.4920463562011719;0.16003671288490295
0.5019550323486328;0.16176950931549072
0.49581316113471985;0.16167330741882324
0.49694177508354187;0.16311344504356384
0.501689612865448;0.16071312129497528
0.49198219180107117;0.1606769859790802
0.49594318866729736;0.16338878870010376
0.4964693784713745;0.16118919849395752
0.493940144777298;0.15963232517242432
0.4857744574546814;0.158372700214386
0.4994139075279236;0.16046926379203796
0.497819185256958;0.16308064758777618
0.4869808554649353;0.1612592190504074
0.49250131845474243;0.1628817468881607
0.49947071075439453;0.16636744141578674
0.4943745732307434;0.16490527987480164
0.4888710081577301;0.1583762913942337
0.49985095858573914;0.16352318227291107
0.4896965026855469;0.16119252145290375
0.48528745770454407;0.15793335437774658
0.49866485595703125;0.16249535977840424
0.48817747831344604;0.15834291279315948
0.49759894609451294;0.1616104245185852
0.4926721453666687;0.16025656461715698
0.4996189773082733;0.16430510580539703
0.49914366006851196;0.16219158470630646
0.4864107668399811;0.15910568833351135
0.4963446259498596;0.16278120875358582
0.4888250231742859;0.1619071662425995
0.5032058954238892;0.16072100400924683
0.4908411502838135;0.16033822298049927
0.4999661445617676;0.16211774945259094
0.4934648275375366;0.16211557388305664
0.4913524091243744;0.1621360182762146
0.49635064601898193;0.16353246569633484
0.49074557423591614;0.15914377570152283
0.4935753047466278;0.1604451835155487
0.49643322825431824;0.16126887500286102
0.5015544891357422;0.16468575596809387
0.48815906047821045;0.16122940182685852
0.49537017941474915;0.162037193775177
0.492719441652298;0.16272148489952087
0.48614245653152466;0.1602836549282074
0.4924793839454651;0.16208091378211975
0.49742642045021057;0.160415381193161
0.4911075532436371;0.16010166704654694
0.4863150119781494;0.1614578664302826
0.4847879409790039;0.16072407364845276
0.49361252784729004;0.16187965869903564
0.49843090772628784;0.16185744106769562
0.4913342595100403;0.1590924859046936
0.4896657466888428;0.15990737080574036
0.48524266481399536;0.16049730777740479
0.4890235364437103;0.1609540730714798
0.4945761561393738;0.16026875376701355
0.4828168451786041;0.15929730236530304
0.48727795481681824;0.16215872764587402
0.4964354932308197;0.1630338430404663
0.4883096218109131;0.15920968353748322
0.49102169275283813;0.16052666306495667
0.5023095011711121;0.16553376615047455
0.49725937843322754;0.16281265020370483
0.4800301194190979;0.15838384628295898
0.48847901821136475;0.16116109490394592
0.4988485276699066;0.16452541947364807
0.4927451014518738;0.1585368663072586
0.48728764057159424;0.16124995052814484
0.488371878862381;0.15953472256660461
0.492064505815506;0.159501314163208
0.5010780096054077;0.16286100447177887
0.4926193952560425;0.1612686812877655
0.49258071184158325;0.16180606186389923
0.4913969337940216;0.1608717441558838
0.503072202205658;0.1627277135848999
0.4905273914337158;0.15970268845558167
0.49921706318855286;0.1623443067073822
0.48992908000946045;0.1589197963476181
0.48845332860946655;0.15955257415771484
0.4981728494167328;0.16486957669258118
0.4949350953102112;0.16189390420913696
0.4961977005004883;0.16136524081230164
0.4961850643157959;0.16235752403736115
0.49257659912109375;0.1610165238380432
0.4999846816062927;0.1628866195678711
0.4988410472869873;0.16422593593597412
0.4971023201942444;0.16346214711666107
0.4969829320907593;0.16092871129512787
0.4957565665245056;0.16246215999126434
0.4921201169490814;0.16030354797840118
0.4986371397972107;0.16086047887802124
0.49594271183013916;0.16122925281524658
0.49593597650527954;0.16284766793251038
0.49285149574279785;0.1587151288986206
0.49520912766456604;0.16155268251895905
0.49441003799438477;0.1604176014661789
0.48578035831451416;0.1581103652715683
0.4910491108894348;0.16269457340240479
0.4839601516723633;0.15738609433174133
0.4949643313884735;0.16198134422302246
0.49605947732925415;0.16129517555236816
0.4898332357406616;0.1608383059501648
0.49482765793800354;0.16038334369659424
0.4912322163581848;0.1630736142396927
0.4909514784812927;0.1610226184129715
0.49426722526550293;0.1605900228023529
0.49565568566322327;0.1610144078731537
0.49125581979751587;0.16072618961334229
0.4905824065208435;0.15931713581085205
0.49126163125038147;0.15965038537979126
0.4980688989162445;0.1630149483680725
0.4867474436759949;0.1607416570186615
0.4936838746070862;0.1608951836824417
0.49339020252227783;0.16230754554271698
0.49349483847618103;0.1624641716480255
0.4913307726383209;0.16047383844852448
0.4904434382915497;0.1595848947763443
0.49124735593795776;0.16132259368896484
0.49529263377189636;0.1614903211593628
0.49487245082855225;0.1617998629808426
0.4937325716018677;0.16107025742530823
0.4940655529499054;0.16031500697135925
0.4981725811958313;0.16158482432365417
0.494623601436615;0.16000527143478394
0.4940381646156311;0.16123563051223755
0.4905800521373749;0.16031423211097717
0.49192237854003906;0.16240987181663513
0.49491822719573975;0.16235856711864471
0.49081456661224365;0.15983282029628754
0.4924187958240509;0.16251742839813232
0.4911768138408661;0.16292771697044373
0.4968177080154419;0.16028335690498352
0.49333444237709045;0.16095750033855438
0.5071924924850464;0.16397550702095032
0.5054749250411987;0.16332592070102692
0.5017906427383423;0.1644662469625473
0.5002284049987793;0.16343343257904053
0.49377214908599854;0.1606612205505371
0.49590548872947693;0.16377560794353485
0.49615928530693054;0.16225966811180115
0.4989871382713318;0.16639761626720428
0.49892503023147583;0.16152095794677734
0.49605438113212585;0.16123901307582855
0.48922640085220337;0.16221866011619568
0.4913392663002014;0.16273516416549683
0.4927852153778076;0.16054920852184296
0.49569377303123474;0.16110160946846008
0.492559552192688;0.1597978174686432
0.4877365529537201;0.1586586982011795
0.49351781606674194;0.160820871591568
0.4952043294906616;0.16226078569889069
0.4986236095428467;0.16428926587104797
0.49620118737220764;0.16466905176639557
0.4955332279205322;0.16127392649650574
0.491371214389801;0.1633470058441162
0.4907752573490143;0.16151563823223114
0.49494311213493347;0.1620631366968155
0.49472928047180176;0.16175135970115662
0.49467894434928894;0.1618313491344452
0.48669904470443726;0.1621362417936325
0.4992227256298065;0.16306084394454956
0.49062931537628174;0.16261382400989532
0.4891892671585083;0.16180381178855896
0.4930981993675232;0.1632019430398941
0.49522584676742554;0.1622910499572754
0.5031721591949463;0.16389214992523193
0.4948498010635376;0.16523580253124237
0.4953005313873291;0.16293205320835114
0.4932638704776764;0.1609659343957901
0.5031365156173706;0.16432055830955505
0.4904254376888275;0.16121110320091248
0.4948364198207855;0.16098874807357788
0.4859826862812042;0.15955057740211487
0.4917620122432709;0.16191253066062927
0.49102067947387695;0.16067928075790405
0.49830248951911926;0.16392302513122559
0.4860694110393524;0.16283756494522095
0.48680612444877625;0.15984894335269928
0.49734535813331604;0.16033628582954407
0.49139922857284546;0.16165900230407715
0.4952695965766907;0.16099578142166138
0.49322253465652466;0.16508500277996063
0.4922698736190796;0.15991386771202087
0.5017727613449097;0.16561251878738403
0.4935460686683655;0.1636422723531723
0.49698907136917114;0.16398000717163086
0.4949798882007599;0.16030266880989075
0.48841777443885803;0.1611182987689972
0.49093565344810486;0.16172610223293304
0.4913782477378845;0.16268832981586456
0.4912339746952057;0.16008448600769043
0.494689404964447;0.16397635638713837
0.49311453104019165;0.1625552922487259
0.4927964210510254;0.16360345482826233
0.4955178499221802;0.16248819231987
0.49242103099823;0.1615351438522339
0.49410319328308105;0.1587873101234436
0.4956517815589905;0.1631956398487091
0.4980718493461609;0.16367875039577484
0.4961310029029846;0.1662101298570633
0.5023621916770935;0.16181355714797974
0.49375081062316895;0.16276045143604279
0.4925523102283478;0.16274234652519226
0.496518075466156;0.16167838871479034
0.4950335621833801;0.16339245438575745
0.4933139383792877;0.1620645374059677
0.49220383167266846;0.16138768196105957
0.4861130714416504;0.16086670756340027
0.4821237623691559;0.15940949320793152
0.4968639612197876;0.16073964536190033
0.5020976066589355;0.16460055112838745
0.5022733211517334;0.1642467975616455
0.4916868209838867;0.16103091835975647
0.5036323070526123;0.16331955790519714
0.49125200510025024;0.1624545156955719
0.49021077156066895;0.1603708416223526
0.4963725805282593;0.1626266986131668
0.49673813581466675;0.1657450944185257
0.48968955874443054;0.16063028573989868
0.4908906817436218;0.16185292601585388
0.49968624114990234;0.16387826204299927
0.490792453289032;0.16145791113376617
0.49475422501564026;0.1633714735507965
0.49455031752586365;0.16176345944404602
0.49619004130363464;0.16377107799053192
0.4902644455432892;0.16089355945587158
0.4970184862613678;0.16239137947559357
0.49526745080947876;0.162994384765625
0.4955331087112427;0.16212016344070435
0.49292171001434326;0.162515789270401
0.4917605519294739;0.16046142578125
0.4912172257900238;0.16428600251674652
0.506187379360199;0.1647774875164032
0.5009146928787231;0.1619042158126831
0.4964236915111542;0.16069433093070984
0.49087658524513245;0.1614229679107666
0.49675679206848145;0.1613532304763794
0.4929869771003723;0.16089943051338196
0.4916874170303345;0.16017307341098785
0.4910845160484314;0.1605079621076584
0.494733601808548;0.1628090739250183
0.4894410967826843;0.15804091095924377
0.49291032552719116;0.16169974207878113
0.4932396709918976;0.16412226855754852
0.4965936541557312;0.16159600019454956
0.4940391480922699;0.161846324801445
0.48925602436065674;0.16018714010715485
0.49913275241851807;0.16206121444702148
0.49378398060798645;0.16574785113334656
0.4989362359046936;0.164997860789299
0.4935784339904785;0.161403626203537
0.5000669360160828;0.1664380133152008
0.4947817027568817;0.16180729866027832
0.4869536757469177;0.16138817369937897
0.49183428287506104;0.16156572103500366
0.49722543358802795;0.16299279034137726
0.495164155960083;0.16406656801700592
0.49121513962745667;0.16127121448516846
0.49746575951576233;0.16375614702701569
0.48966503143310547;0.1606782078742981
0.49875608086586;0.16188710927963257
0.48587045073509216;0.16084550321102142
0.49540799856185913;0.16264677047729492
0.49545297026634216;0.16326996684074402
0.49183380603790283;0.1624719351530075
0.4945394992828369;0.16028589010238647
0.49671268463134766;0.1635124832391739
0.4868515431880951;0.16060128808021545
0.4975646734237671;0.16439110040664673
0.4976750910282135;0.15930087864398956
0.49519532918930054;0.1628040373325348
0.48798030614852905;0.15999412536621094
0.5063599944114685;0.16339628398418427
0.4967014789581299;0.16452822089195251
0.49324965476989746;0.1636277139186859
0.49102628231048584;0.16273830831050873
0.49477529525756836;0.1642700582742691
0.5001379251480103;0.16383320093154907
0.4921990633010864;0.1606619507074356
0.4886329472064972;0.16191798448562622
0.49215269088745117;0.1623116433620453
0.4920616149902344;0.16277922689914703
0.4938097894191742;0.16060984134674072
0.48374325037002563;0.16151447594165802
0.4886486828327179;0.15987196564674377
0.5004183053970337;0.16171380877494812
0.4933663010597229;0.1608911007642746
0.48712146282196045;0.16078799962997437
0.491642564535141;0.16293883323669434
0.5026994943618774;0.16263216733932495
0.4901711642742157;0.16373798251152039
0.49104785919189453;0.16041633486747742
0.49262964725494385;0.163016676902771
0.4922388792037964;0.16216011345386505
0.4845871925354004;0.16070517897605896
0.4981670081615448;0.16226938366889954
0.48982763290405273;0.1617201715707779
0.4960293769836426;0.16323673725128174
0.4944644570350647;0.1608121395111084
0.49353235960006714;0.16039824485778809
0.4889547824859619;0.15970401465892792
0.4911108613014221;0.1619558036327362
0.48685580492019653;0.16197854280471802
0.4907948076725006;0.1614498347043991
0.49156808853149414;0.16246247291564941
0.4931243062019348;0.16169622540473938
0.4923451542854309;0.16137179732322693
0.4959557056427002;0.1639525592327118
0.5020744800567627;0.16508735716342926
0.49474382400512695;0.16208574175834656
0.4957066774368286;0.16197048127651215
0.49581319093704224;0.15995708107948303
0.4956534504890442;0.1650971919298172
0.5021344423294067;0.1638386845588684
0.49540919065475464;0.16265258193016052
0.48704513907432556;0.16286024451255798
0.4898747205734253;0.15931430459022522
0.49310463666915894;0.16138726472854614
0.4953731298446655;0.1612251251935959
0.49092158675193787;0.16123750805854797
0.48886704444885254;0.16150102019309998
0.492132306098938;0.1595085859298706
0.4940080940723419;0.1633022278547287
0.49364376068115234;0.1650264859199524
0.5002903938293457;0.16373388469219208
0.48777925968170166;0.15958714485168457
0.49928247928619385;0.16269369423389435
0.4944141209125519;0.16159997880458832
0.4913273751735687;0.16268883645534515
0.4987871050834656;0.1641949564218521
0.48873448371887207;0.16204296052455902
0.4908233880996704;0.1589547097682953
0.4938720762729645;0.16514503955841064
0.49843543767929077;0.15984734892845154
0.4995790719985962;0.16015379130840302
0.49371370673179626;0.160399928689003
0.4979075491428375;0.16330082714557648
0.4879181981086731;0.1605667769908905
0.4992212653160095;0.16488458216190338
0.48643672466278076;0.15968835353851318
0.5049810409545898;0.16451293230056763
0.48808491230010986;0.16215091943740845
0.4943251609802246;0.1616322100162506
0.49610406160354614;0.1613360345363617
0.4895775318145752;0.16034595668315887
0.4868665933609009;0.16132120788097382
0.4883255958557129;0.1580425351858139
0.5040286779403687;0.16357216238975525
0.49097925424575806;0.16082178056240082
0.4920106530189514;0.16417142748832703
0.49613913893699646;0.16276833415031433
0.5006862282752991;0.16703301668167114
0.4896952509880066;0.16116799414157867
0.4936683773994446;0.1650119572877884
0.4950317144393921;0.1621924489736557
0.49548372626304626;0.1618942767381668
0.491848349571228;0.16114705801010132
0.4898792505264282;0.16119801998138428
0.4986480474472046;0.16226716339588165
0.4959304928779602;0.16173221170902252
0.4916693866252899;0.1593768298625946
0.4923871159553528;0.16107825934886932
0.49951139092445374;0.16298089921474457
0.4936472773551941;0.16141365468502045
0.49809980392456055;0.16476067900657654
0.4938669204711914;0.1626972258090973
0.48888251185417175;0.16119448840618134
0.4911816716194153;0.16220146417617798
0.4950995147228241;0.162459135055542
0.48927411437034607;0.16040165722370148
0.49889397621154785;0.1631649285554886
0.4933028221130371;0.16226571798324585
0.4923315942287445;0.16105517745018005
0.4945017695426941;0.16061002016067505
0.48780006170272827;0.16379806399345398
0.4931952655315399;0.16050826013088226
0.4915740489959717;0.15901856124401093
0.4923134446144104;0.16209127008914948
0.49513840675354004;0.16145895421504974
0.4986569285392761;0.1619964987039566
0.4927687644958496;0.16182129085063934
0.4988557696342468;0.16347897052764893
0.49544286727905273;0.16177469491958618
0.4894092381000519;0.16218708455562592
0.4954029321670532;0.16240863502025604
0.4901607036590576;0.1602732092142105
0.49159568548202515;0.16356691718101501
0.5011606812477112;0.16312038898468018
0.49413013458251953;0.16077494621276855
0.492339164018631;0.1618044674396515
0.4945286810398102;0.1631128489971161
0.5022740364074707;0.16266334056854248
0.49910441040992737;0.1650315225124359
0.4937925934791565;0.16401329636573792
0.5072363615036011;0.16485613584518433
0.49015116691589355;0.1591188907623291
0.4889104664325714;0.16122028231620789
0.4976263642311096;0.16293106973171234
0.49924713373184204;0.1604968011379242
0.4935553967952728;0.1614145040512085
0.4914287328720093;0.16111023724079132
0.49884897470474243;0.16334441304206848
0.49624696373939514;0.1620449274778366
0.501023530960083;0.16423267126083374
0.49015599489212036;0.16116270422935486
0.5000489950180054;0.16231054067611694
0.4871003031730652;0.15994226932525635
0.4958575367927551;0.16394852101802826
0.4953351318836212;0.1620153784751892
0.49395230412483215;0.16260646283626556
0.5019820928573608;0.16626697778701782
0.49506092071533203;0.16271451115608215
0.49199938774108887;0.16023071110248566
0.4984782636165619;0.16250616312026978
0.4891573488712311;0.1602339893579483
0.4937673807144165;0.16197384893894196
0.4904940128326416;0.1628585308790207
0.4984205961227417;0.16204524040222168
0.49598363041877747;0.16068577766418457
0.49339231848716736;0.16012537479400635
0.49505162239074707;0.16410525143146515
0.4920169711112976;0.1646214723587036
0.4939814507961273;0.1583257019519806
0.4919898509979248;0.1599653661251068
0.48972806334495544;0.16390980780124664
0.5011352300643921;0.16341011226177216
0.4886661171913147;0.16046789288520813
0.5001090168952942;0.16401663422584534
0.49149689078330994;0.16088180243968964
0.4929128885269165;0.16169756650924683
0.4966718852519989;0.16152045130729675
0.49035829305648804;0.15793047845363617
0.49194031953811646;0.16417618095874786
0.4948180913925171;0.16059118509292603
0.4969264268875122;0.16204993426799774
0.49314993619918823;0.16094133257865906
0.4873025417327881;0.16003049910068512
0.4915356934070587;0.16055497527122498
0.4931185841560364;0.16134509444236755
0.4934404492378235;0.16337010264396667
0.49531978368759155;0.16417774558067322
0.49655306339263916;0.1646653115749359
0.4910805821418762;0.1602243036031723
0.490705281496048;0.16172131896018982
0.5013231039047241;0.16412371397018433
0.4963507652282715;0.16161563992500305
0.4926292300224304;0.1627735048532486
0.4915345013141632;0.16049644351005554
0.49741771817207336;0.16043440997600555
0.4895649552345276;0.1609792709350586
0.4921257793903351;0.1628074049949646
0.49567466974258423;0.16156920790672302
0.4971931576728821;0.16150875389575958
0.4935583770275116;0.1599646657705307
0.49779149889945984;0.1612003594636917
0.49458909034729004;0.1623825877904892
0.48771563172340393;0.159439355134964
0.49450045824050903;0.1658446192741394
0.49358585476875305;0.16048017144203186
0.49700260162353516;0.16242016851902008
0.4988972544670105;0.16218015551567078
0.4987459182739258;0.16292566061019897
0.5004978775978088;0.1652759611606598
0.49428221583366394;0.1608285903930664
0.4924285411834717;0.16321375966072083
0.5072318315505981;0.16656847298145294
0.4946008026599884;0.1618933379650116
0.49124881625175476;0.16075029969215393
0.4983244240283966;0.1623113751411438
0.4953424036502838;0.16250932216644287
0.4880688190460205;0.16061827540397644
0.4987601935863495;0.16139037907123566
0.494454026222229;0.16286984086036682
0.4880692958831787;0.16126176714897156
0.48989957571029663;0.15914669632911682
0.4957495927810669;0.16304464638233185
0.4980508089065552;0.16454078257083893
0.4953085780143738;0.16290004551410675
0.49745655059814453;0.16351547837257385
0.489287406206131;0.16086551547050476
0.4912010729312897;0.1618289351463318
0.5002579092979431;0.16365081071853638
0.496257483959198;0.16250169277191162
0.48224595189094543;0.15914632380008698
0.5013625025749207;0.16573955118656158
0.4912090301513672;0.16197963058948517
0.49052608013153076;0.1622702181339264
0.5016671419143677;0.16320444643497467
0.48652464151382446;0.16147638857364655
0.4966243803501129;0.162095308303833
0.49619296193122864;0.16343140602111816
0.49369072914123535;0.16369155049324036
0.4916103780269623;0.16121093928813934
0.495577335357666;0.16322274506092072
0.4994104504585266;0.16466379165649414
0.4945625066757202;0.16233591735363007
0.49349719285964966;0.16192416846752167
0.48842504620552063;0.1608290672302246
0.5035911202430725;0.16532789170742035
0.4957590103149414;0.1603231281042099
0.4809820353984833;0.15951591730117798
0.49362871050834656;0.16081641614437103
0.4873368740081787;0.1594240665435791
0.4927715063095093;0.16113349795341492
0.49806511402130127;0.16322630643844604
0.48897939920425415;0.16157270967960358
0.49934500455856323;0.1632751226425171
0.4889146685600281;0.1601221263408661
0.49536970257759094;0.16191332042217255
0.4925035238265991;0.16045548021793365
0.49470001459121704;0.16070133447647095
0.49022531509399414;0.16163256764411926
0.5062837600708008;0.16446292400360107
0.4937596917152405;0.16107548773288727
0.49749472737312317;0.16110506653785706
0.49036645889282227;0.16106651723384857
0.49034345149993896;0.1629784107208252
0.49595770239830017;0.16185343265533447
0.49455901980400085;0.16116130352020264
0.48964181542396545;0.15849289298057556
0.4893777668476105;0.16184072196483612
0.49006786942481995;0.1607736498117447
0.49200206995010376;0.16305850446224213
0.49663853645324707;0.16428707540035248
0.49338555335998535;0.16403280198574066
0.4876057505607605;0.16114826500415802
0.4920249581336975;0.15961399674415588
0.49213850498199463;0.1621592938899994
0.5014050006866455;0.16538332402706146
0.486341267824173;0.16193385422229767
0.5081315040588379;0.1638309210538864
0.4942278265953064;0.16201359033584595
0.49291422963142395;0.16227057576179504
0.49668678641319275;0.1617024838924408
0.4927659332752228;0.15859223902225494
0.499453604221344;0.16088639199733734
0.4904586672782898;0.15973614156246185
0.4892052710056305;0.1624433845281601
0.4989093840122223;0.16262537240982056
0.4929904043674469;0.16062571108341217
0.4958612620830536;0.16407683491706848
0.4959167242050171;0.16275529563426971
0.4847121238708496;0.1598559021949768
0.497281551361084;0.16614936292171478
0.4921569228172302;0.15987294912338257
0.48508089780807495;0.16197596490383148
0.4942879378795624;0.15970417857170105
0.4946521520614624;0.16040128469467163
0.4848618507385254;0.16122157871723175
0.48675960302352905;0.15932975709438324
0.49337369203567505;0.16141469776630402
0.49743613600730896;0.15996506810188293
0.4877747595310211;0.16374491155147552
0.5020660161972046;0.1633603274822235
0.4892088770866394;0.1609368622303009
0.48867225646972656;0.16124305129051208
0.49213042855262756;0.16028377413749695
0.4969901442527771;0.16047626733779907
0.4939931631088257;0.16097436845302582
0.49219810962677;0.16370625793933868
0.4984247088432312;0.16159282624721527
0.49844110012054443;0.16272056102752686
0.49507978558540344;0.16172674298286438
0.4979463219642639;0.16251058876514435
0.4946664571762085;0.16154053807258606
0.4936475157737732;0.16247180104255676
0.48492103815078735;0.16143730282783508
0.4883870482444763;0.16295486688613892
0.499632328748703;0.16417239606380463
0.4933486878871918;0.1621294766664505
0.486627995967865;0.15845951437950134
0.48993271589279175;0.16197115182876587
0.49852293729782104;0.16469058394432068
0.49339422583580017;0.16094239056110382
0.4866817891597748;0.16006812453269958
0.500896692276001;0.16174572706222534
0.5000668168067932;0.16400833427906036
0.4951919615268707;0.16041748225688934
0.49336957931518555;0.16287924349308014
0.4957280457019806;0.16301953792572021
0.4951907992362976;0.16321243345737457
0.4969742000102997;0.15989844501018524
0.4893486201763153;0.16383644938468933
0.4950403869152069;0.16099882125854492
0.4937368631362915;0.1607871651649475
0.49773502349853516;0.16186630725860596
0.4944474399089813;0.16242672502994537
0.4939993917942047;0.1597713828086853
0.49412187933921814;0.15977518260478973
0.4873623251914978;0.16116559505462646
0.4975071847438812;0.1630329191684723
0.4981045722961426;0.16593821346759796
0.4964205026626587;0.1646842062473297
0.4879150688648224;0.16064465045928955
0.495596319437027;0.16320255398750305
0.49667006731033325;0.16571864485740662
0.49723726511001587;0.1647486686706543
0.49453043937683105;0.1632516086101532
0.49427253007888794;0.16160644590854645
0.49409669637680054;0.16359083354473114
0.49424177408218384;0.1617080569267273
0.4913031756877899;0.15885552763938904
0.4828115999698639;0.159187912940979
0.48847007751464844;0.16118794679641724
0.4924117624759674;0.16127243638038635
0.4896004796028137;0.1631109118461609
0.49482548236846924;0.15977886319160461
0.496445894241333;0.16157802939414978
0.4955315589904785;0.15988919138908386
0.4964000880718231;0.16374461352825165
0.4974730610847473;0.16525301337242126
0.4937320053577423;0.1607598215341568
0.49222657084465027;0.16109180450439453
0.4940636157989502;0.16051721572875977
0.4914894700050354;0.1640729159116745
0.48612695932388306;0.16272743046283722
0.5016652345657349;0.16353827714920044
0.501724123954773;0.161524698138237
0.4996962547302246;0.16292491555213928
0.4939473867416382;0.16168063879013062
0.49079596996307373;0.16157826781272888
0.5005110502243042;0.16219104826450348
0.4997784495353699;0.16280438005924225
0.48345324397087097;0.15895268321037292
0.49752336740493774;0.16259218752384186
