TV;KL
1.999976396560669;13.907707214355469
1.3998780250549316;1.2510117292404175
1.399874210357666;1.2072142362594604
1.4001296758651733;1.2077698707580566
1.4005441665649414;1.2093263864517212
1.399873971939087;1.20768404006958
1.399888277053833;1.2098722457885742
1.400141954421997;1.2092348337173462
1.3999210596084595;1.2096257209777832
1.3999879360198975;1.2067031860351562
1.3998658657073975;1.2070142030715942
1.40000581741333;1.206400990486145
1.3999555110931396;1.2092443704605103
1.4000542163848877;1.2085744142532349
1.4000476598739624;1.2066625356674194
1.3999650478363037;1.2078938484191895
1.3999905586242676;1.20746648311615
1.400054931640625;1.209926962852478
1.400085687637329;1.2078392505645752
1.3998743295669556;1.208030343055725
1.4004075527191162;1.2098989486694336
1.4000364542007446;1.2088390588760376
1.4002091884613037;1.2078737020492554
1.400395393371582;1.208587884902954
1.400127649307251;1.2094740867614746
1.3999559879302979;1.20648992061615
1.4001482725143433;1.2084417343139648
1.4002578258514404;1.2078768014907837
1.4004755020141602;1.2101694345474243
1.4000054597854614;1.2082250118255615
1.399856448173523;1.2065513134002686
1.4002820253372192;1.2074363231658936
1.400005578994751;1.2069989442825317
1.400002360343933;1.2064273357391357
1.4004098176956177;1.2081249952316284
1.3999950885772705;1.2075692415237427
1.40000581741333;1.2083290815353394
1.4000542163848877;1.207642674446106
1.4000043869018555;1.2080438137054443
1.4000059366226196;1.207708716392517
1.4004714488983154;1.2080104351043701
1.4002094268798828;1.2089823484420776
1.3999242782592773;1.206669807434082
1.400024175643921;1.2079929113388062
1.399874210357666;1.2080804109573364
1.400109887123108;1.2078725099563599
1.4002095460891724;1.207129955291748
1.4000544548034668;1.2091147899627686
1.400055170059204;1.2083516120910645
1.4001357555389404;1.2087136507034302
1.3999751806259155;1.2081663608551025
1.3999946117401123;1.2075128555297852
1.3998439311981201;1.207634687423706
1.3999649286270142;1.2065283060073853
1.3999741077423096;1.2068712711334229
1.4001591205596924;1.206347942352295
1.3998744487762451;1.2082113027572632
1.399874210357666;1.207405686378479
1.3999449014663696;1.2069728374481201
1.400058627128601;1.208527684211731
1.4001272916793823;1.2073712348937988
1.4000821113586426;1.2074427604675293
1.3999497890472412;1.2067755460739136
1.3998744487762451;1.206660270690918
1.3999377489089966;1.2077549695968628
1.400007963180542;1.2093247175216675
1.4000365734100342;1.2075363397598267
1.3999773263931274;1.2076845169067383
1.40000581741333;1.2079542875289917
1.3998758792877197;1.2074888944625854
1.4005354642868042;1.2083324193954468
1.3999557495117188;1.2084006071090698
1.4002368450164795;1.208983302116394
1.4005736112594604;1.2078932523727417
1.4000470638275146;1.2070086002349854
1.4000047445297241;1.2076383829116821
1.3999849557876587;1.2067564725875854
1.3999969959259033;1.2089383602142334
1.40000581741333;1.207899570465088
1.3999857902526855;1.2072651386260986
1.40013587474823;1.2070906162261963
1.400151014328003;1.2073150873184204
1.3999238014221191;1.2081488370895386
1.3999135494232178;1.2078626155853271
1.400350570678711;1.2087290287017822
1.4000043869018555;1.2082139253616333
1.400103211402893;1.2087444067001343
1.3999241590499878;1.2082533836364746
1.4002310037612915;1.2077137231826782
1.4001917839050293;1.209793210029602
1.400121808052063;1.206422209739685
1.3999998569488525;1.2092869281768799
1.4000059366226196;1.2075936794281006
1.3999061584472656;1.2071017026901245
1.4000236988067627;1.2067376375198364
1.4002093076705933;1.208764910697937
1.39995539188385;1.2083067893981934
1.3999557495117188;1.2065153121948242
1.399956226348877;1.2086809873580933
1.4002094268798828;1.2082099914550781
1.3998425006866455;1.210615873336792
1.4000056982040405;1.2080734968185425
1.3999521732330322;1.208187460899353
1.3999557495117188;1.2066330909729004
1.3999817371368408;1.2090604305267334
1.40012788772583;1.208832859992981
1.3999555110931396;1.2070060968399048
1.4002076387405396;1.2091865539550781
1.4000768661499023;1.2074204683303833
1.400179386138916;1.208295464515686
1.4000221490859985;1.2093982696533203
1.3999769687652588;1.2090576887130737
1.4000496864318848;1.2087763547897339
1.399975299835205;1.206814169883728
1.4000060558319092;1.2069765329360962
1.4000264406204224;1.2082099914550781
1.399924397468567;1.207116723060608
1.400079369544983;1.2091084718704224
1.40019953250885;1.2076507806777954
1.4005382061004639;1.2092429399490356
1.3999245166778564;1.2075690031051636
1.4000494480133057;1.2088675498962402
1.3999749422073364;1.2081319093704224
1.3999375104904175;1.2083402872085571
1.3998743295669556;1.2062554359436035
1.400132179260254;1.2076630592346191
1.4002909660339355;1.2078992128372192
1.4000673294067383;1.2084559202194214
1.3999087810516357;1.2087870836257935
1.3999754190444946;1.2066158056259155
1.400125503540039;1.2073897123336792
1.4004082679748535;1.2077878713607788
1.400005578994751;1.2088834047317505
1.4001357555389404;1.20660400390625
1.3999452590942383;1.2080316543579102
1.4002923965454102;1.2090297937393188
1.399994969367981;1.2113827466964722
1.4000862836837769;1.2086502313613892
1.3999075889587402;1.2094390392303467
1.4000060558319092;1.209689736366272
1.4002094268798828;1.2083677053451538
1.400004267692566;1.207505226135254
1.4002095460891724;1.2097299098968506
1.4000056982040405;1.2083301544189453
1.4000540971755981;1.207836389541626
1.399843454360962;1.2074202299118042
1.3999254703521729;1.2088202238082886
1.4000053405761719;1.2083314657211304
1.400055170059204;1.2062146663665771
1.400052547454834;1.2085500955581665
1.4000236988067627;1.2082825899124146
1.4001703262329102;1.208914875984192
1.4001097679138184;1.2099742889404297
1.400036334991455;1.2078964710235596
1.4001764059066772;1.20760977268219
1.400040626525879;1.2062325477600098
1.4001905918121338;1.210073471069336
1.400320053100586;1.209728479385376
1.4002397060394287;1.206507921218872
1.4000556468963623;1.20821213722229
1.3999240398406982;1.2083195447921753
1.3999136686325073;1.2081860303878784
1.4000060558319092;1.2087290287017822
1.4002076387405396;1.2067455053329468
1.399907112121582;1.2068015336990356
1.4001356363296509;1.2066038846969604
1.4001296758651733;1.2079864740371704
1.4001175165176392;1.2071688175201416
1.3999242782592773;1.2089365720748901
1.4002060890197754;1.2096171379089355
1.4001243114471436;1.2077364921569824
1.4000543355941772;1.2066738605499268
1.400132179260254;1.2083371877670288
1.4000056982040405;1.208188772201538
1.3999741077423096;1.2066391706466675
1.3999261856079102;1.2073079347610474
1.3998939990997314;1.2081154584884644
1.400005578994751;1.2074986696243286
1.4000539779663086;1.2074369192123413
1.4001073837280273;1.2093929052352905
1.40000581741333;1.2087825536727905
1.3998641967773438;1.208966612815857
1.3999998569488525;1.2076882123947144
1.4002223014831543;1.2097222805023193
1.3999245166778564;1.2068103551864624
1.4004100561141968;1.208160638809204
1.4003177881240845;1.2085663080215454
1.4000873565673828;1.2075427770614624
1.399874210357666;1.206752896308899
1.399873971939087;1.2094467878341675
1.4004712104797363;1.209633708000183
1.4000529050827026;1.2069190740585327
1.4001410007476807;1.2090842723846436
1.4001970291137695;1.2081646919250488
1.3999062776565552;1.208085298538208
1.4004014730453491;1.2086317539215088
1.4002004861831665;1.209979772567749
1.3998421430587769;1.211184024810791
1.3999557495117188;1.2069975137710571
1.400129795074463;1.20817232131958
1.4000056982040405;1.2072867155075073
1.400289535522461;1.2089035511016846
1.4001355171203613;1.2082551717758179
1.3999922275543213;1.2092429399490356
1.3999556303024292;1.2067064046859741
1.4001274108886719;1.2086766958236694
1.399874210357666;1.2065470218658447
1.4000056982040405;1.2087959051132202
1.3999245166778564;1.2086880207061768
1.4002573490142822;1.2078807353973389
1.3999953269958496;1.207770824432373
1.3999242782592773;1.2102909088134766
1.3999524116516113;1.2091585397720337
1.4001054763793945;1.2098803520202637
1.4000099897384644;1.2085922956466675
1.3998440504074097;1.206355333328247
1.3999450206756592;1.2074049711227417
1.3999245166778564;1.2071702480316162
1.399999737739563;1.2088732719421387
1.4006657600402832;1.2078872919082642
1.4000056982040405;1.2075860500335693
1.4003586769104004;1.207441806793213
1.4001280069351196;1.2075115442276
1.3999345302581787;1.2065597772598267
1.4001355171203613;1.2091748714447021
1.4002515077590942;1.2080986499786377
1.399893879890442;1.208183765411377
1.3998706340789795;1.2099790573120117
1.4001591205596924;1.2076648473739624
1.3998740911483765;1.2071292400360107
1.4000051021575928;1.2082983255386353
1.3998682498931885;1.2095842361450195
1.399975299835205;1.208655595779419
1.399963617324829;1.2081949710845947
1.4000056982040405;1.2058385610580444
1.3999890089035034;1.2081574201583862
1.4001355171203613;1.2110276222229004
1.399843692779541;1.209158182144165
1.4000850915908813;1.209775447845459
1.4000056982040405;1.208860158920288
1.4000372886657715;1.2081692218780518
1.3999240398406982;1.208778977394104
1.400105357170105;1.2077925205230713
1.400317907333374;1.2079535722732544
1.399893879890442;1.2081024646759033
1.4003711938858032;1.2094980478286743
1.3999755382537842;1.206720232963562
1.3998730182647705;1.2093360424041748
1.3999242782592773;1.2079874277114868
1.399893879890442;1.2085602283477783
1.399975061416626;1.2101460695266724
1.4000053405761719;1.2062933444976807
1.4005398750305176;1.2093524932861328
1.400069236755371;1.2101248502731323
1.3998939990997314;1.2073115110397339
1.400316834449768;1.2096128463745117
1.3998565673828125;1.2065006494522095
1.4001355171203613;1.2084665298461914
1.4004195928573608;1.2080403566360474
1.4000041484832764;1.2071843147277832
1.3999242782592773;1.2078862190246582
1.3998942375183105;1.2056270837783813
1.4009265899658203;1.209714651107788
1.4005005359649658;1.2087626457214355
1.4000054597854614;1.2076953649520874
1.4005012512207031;1.207878828048706
1.399874210357666;1.207701563835144
1.4002091884613037;1.206774353981018
1.4001356363296509;1.2074090242385864
1.4004565477371216;1.2083537578582764
1.4000556468963623;1.2070707082748413
1.3999183177947998;1.2081516981124878
1.3998761177062988;1.207787275314331
1.4002379179000854;1.2086595296859741
1.400000810623169;1.2077951431274414
1.3999242782592773;1.2080405950546265
1.4004915952682495;1.2102071046829224
1.3999240398406982;1.2070767879486084
1.4005746841430664;1.2090568542480469
1.4000056982040405;1.2065787315368652
1.3999757766723633;1.2073266506195068
1.4001275300979614;1.2094601392745972
1.4001355171203613;1.207509160041809
1.3999738693237305;1.2069928646087646
1.3999242782592773;1.2070952653884888
1.399873971939087;1.2071822881698608
1.4006097316741943;1.2090559005737305
1.4000542163848877;1.206922173500061
1.4003181457519531;1.2084412574768066
1.4000540971755981;1.2078112363815308
1.400026798248291;1.2078313827514648
1.3998942375183105;1.2086739540100098
1.399873971939087;1.2083852291107178
1.4000974893569946;1.2090047597885132
1.3998562097549438;1.2071762084960938
1.4004093408584595;1.2068901062011719
1.3999141454696655;1.2070859670639038
1.4002095460891724;1.2082346677780151
1.399986982345581;1.2088086605072021
1.400158166885376;1.2101596593856812
1.400289535522461;1.2093819379806519
1.4000239372253418;1.2075488567352295
1.4004361629486084;1.2090473175048828
1.3999135494232178;1.20694899559021
1.400302767753601;1.2087407112121582
1.4000539779663086;1.206732153892517
1.4002997875213623;1.208716630935669
1.4000542163848877;1.2059047222137451
1.4001787900924683;1.2081471681594849
1.40000581741333;1.2094191312789917
1.4001710414886475;1.2078112363815308
1.4000675678253174;1.2095348834991455
1.3999559879302979;1.2068099975585938
1.4003076553344727;1.2092654705047607
1.4000483751296997;1.2079681158065796
1.4000056982040405;1.2082785367965698
1.4000868797302246;1.2082539796829224
1.4003617763519287;1.208987832069397
1.3998440504074097;1.2074705362319946
1.4002094268798828;1.2068214416503906
1.400233268737793;1.2085025310516357
1.3998757600784302;1.2076631784439087
1.400251030921936;1.2088514566421509
1.3999755382537842;1.2066947221755981
1.4000284671783447;1.2083752155303955
1.4001178741455078;1.2077274322509766
1.4000775814056396;1.2069610357284546
1.4000976085662842;1.2078872919082642
1.400148868560791;1.208282709121704
1.4003252983093262;1.2096415758132935
1.4003164768218994;1.2073215246200562
1.3999557495117188;1.2099542617797852
1.40000581741333;1.2072521448135376
1.400036096572876;1.2085939645767212
1.3999242782592773;1.2076170444488525
1.3998939990997314;1.207579493522644
1.4000511169433594;1.2083568572998047
1.399989128112793;1.2087346315383911
1.4005926847457886;1.2087749242782593
1.3999738693237305;1.2079520225524902
1.400339126586914;1.207983374595642
1.4000054597854614;1.2070496082305908
1.4000059366226196;1.2068417072296143
1.400075078010559;1.2080453634262085
1.4003287553787231;1.2087148427963257
1.399873971939087;1.2084089517593384
1.3999555110931396;1.2076963186264038
1.399937629699707;1.208551049232483
1.3999754190444946;1.2080881595611572
1.4001691341400146;1.2072395086288452
1.4000054597854614;1.2100038528442383
1.400339126586914;1.2082672119140625
1.3999242782592773;1.2097065448760986
1.4003971815109253;1.208416223526001
1.4001518487930298;1.2076464891433716
1.4000039100646973;1.2073127031326294
1.4002370834350586;1.2070906162261963
1.400252342224121;1.2073081731796265
1.4000024795532227;1.2084442377090454
1.399874210357666;1.2067660093307495
1.4003695249557495;1.2088176012039185
1.399937391281128;1.2074201107025146
1.4003393650054932;1.2060160636901855
1.4002093076705933;1.2066713571548462
1.40000581741333;1.2083377838134766
1.399987816810608;1.2086303234100342
1.3999452590942383;1.2083683013916016
1.4000197649002075;1.2077453136444092
1.4000060558319092;1.207087516784668
1.4000859260559082;1.2089729309082031
1.4001505374908447;1.2082650661468506
1.4000673294067383;1.2077440023422241
1.399999737739563;1.2071930170059204
1.4000797271728516;1.2097222805023193
1.400024175643921;1.2060604095458984
1.4000439643859863;1.2089167833328247
1.3999245166778564;1.2064703702926636
1.4005284309387207;1.2093173265457153
1.3998743295669556;1.2082833051681519
1.3998441696166992;1.2081270217895508
1.3999245166778564;1.2077351808547974
1.4003005027770996;1.207675814628601
1.3999555110931396;1.2076046466827393
1.4000041484832764;1.2072216272354126
1.400179147720337;1.2096511125564575
1.4000853300094604;1.2081663608551025
1.399906039237976;1.2080150842666626
1.4000059366226196;1.2079153060913086
1.4008246660232544;1.2092630863189697
1.4006156921386719;1.209649920463562
1.4003605842590332;1.2100335359573364
1.3999557495117188;1.2079447507858276
1.4003617763519287;1.2092589139938354
1.400437355041504;1.207660436630249
1.400128960609436;1.208519458770752
1.3999030590057373;1.2072912454605103
1.399987816810608;1.208875060081482
1.4000234603881836;1.207707405090332
1.400005578994751;1.2086119651794434
1.3998759984970093;1.2089862823486328
1.40012788772583;1.2075084447860718
1.3999866247177124;1.2085411548614502
1.3998737335205078;1.2082273960113525
1.399894118309021;1.2096551656723022
1.3998563289642334;1.2066593170166016
1.3999139070510864;1.207537293434143
1.4006805419921875;1.2088441848754883
1.4003057479858398;1.2080373764038086
1.3999378681182861;1.2073909044265747
1.4001588821411133;1.2090893983840942
1.4004193544387817;1.207868218421936
1.4002093076705933;1.2075366973876953
1.4001275300979614;1.2076642513275146
1.4000474214553833;1.2084764242172241
1.400097370147705;1.2081948518753052
1.4000358581542969;1.2072110176086426
1.40000581741333;1.2065025568008423
1.4002797603607178;1.2116923332214355
1.400099754333496;1.2093476057052612
1.4003982543945312;1.206851601600647
1.4004480838775635;1.2069261074066162
1.4000039100646973;1.2070515155792236
1.4001731872558594;1.208865761756897
1.3998939990997314;1.2075319290161133
1.399874210357666;1.2084977626800537
1.4000046253204346;1.2091078758239746
1.40000581741333;1.2072442770004272
1.4004923105239868;1.2093149423599243
1.4003183841705322;1.208389401435852
1.3999484777450562;1.2100318670272827
1.400339126586914;1.2070908546447754
1.4005465507507324;1.2078323364257812
1.3999755382537842;1.2059799432754517
1.4002087116241455;1.208836555480957
1.4000439643859863;1.208715558052063
1.4002654552459717;1.2100398540496826
1.3998740911483765;1.2068142890930176
1.40013587474823;1.2081879377365112
1.4004302024841309;1.2076897621154785
1.4001319408416748;1.20783531665802
1.40000581741333;1.206789493560791
1.4001275300979614;1.2080963850021362
1.399873971939087;1.2085695266723633
1.39996337890625;1.209364891052246
1.4000566005706787;1.2079432010650635
1.4005253314971924;1.2077248096466064
1.4003453254699707;1.2082291841506958
1.3999699354171753;1.2092617750167847
1.4000035524368286;1.2075974941253662
1.4001071453094482;1.2076902389526367
1.4002594947814941;1.2080854177474976
1.400004267692566;1.2083048820495605
1.3998922109603882;1.2067898511886597
1.4004267454147339;1.209154725074768
1.400258183479309;1.2087997198104858
1.4005744457244873;1.2094769477844238
1.3999958038330078;1.2075653076171875
1.400052547454834;1.20822274684906
1.400004267692566;1.2082319259643555
1.3999555110931396;1.2063305377960205
1.4002182483673096;1.2087377309799194
1.4000566005706787;1.2081350088119507
1.399909257888794;1.2078808546066284
1.399850606918335;1.2085598707199097
1.4000542163848877;1.207390308380127
1.399956226348877;1.2099366188049316
1.4003713130950928;1.2081549167633057
1.3999067544937134;1.209670901298523
1.399996042251587;1.2086210250854492
1.3998738527297974;1.2079741954803467
1.3999240398406982;1.2060436010360718
1.4004299640655518;1.208187222480774
1.3999576568603516;1.2078207731246948
1.3999555110931396;1.2069419622421265
1.400710105895996;1.2092878818511963
1.4003560543060303;1.2074681520462036
1.4000056982040405;1.2061744928359985
1.4000542163848877;1.207424521446228
1.4005212783813477;1.2087314128875732
1.4002890586853027;1.2075490951538086
1.4001357555389404;1.206815481185913
1.400127649307251;1.2074165344238281
1.4000239372253418;1.2073477506637573
1.4000449180603027;1.2089539766311646
1.3998684883117676;1.2081375122070312
1.4001178741455078;1.2075669765472412
1.4010136127471924;1.2111051082611084
1.3999238014221191;1.2080258131027222
1.4003124237060547;1.2075910568237305
1.400339126586914;1.2074604034423828
1.3999242782592773;1.2076536417007446
1.4001355171203613;1.20900297164917
1.4001867771148682;1.208735704421997
1.4003090858459473;1.208835244178772
1.40020751953125;1.2082964181900024
1.400297999382019;1.2081724405288696
1.4000535011291504;1.2079542875289917
1.3999454975128174;1.207422137260437
1.3999245166778564;1.2077633142471313
1.4002573490142822;1.207322359085083
1.4001356363296509;1.209337592124939
1.399874210357666;1.207850694656372
1.3999576568603516;1.2082630395889282
1.40000581741333;1.2078471183776855
1.3999253511428833;1.208299994468689
1.3999242782592773;1.2083126306533813
1.4000053405761719;1.2073560953140259
1.3998334407806396;1.2075213193893433
1.399873971939087;1.2082641124725342
1.3999950885772705;1.2080390453338623
1.399873971939087;1.20811927318573
1.4000425338745117;1.2105686664581299
1.400109887123108;1.207297682762146
1.4001351594924927;1.207687258720398
1.4001355171203613;1.207767367362976
1.4003076553344727;1.2096997499465942
1.400259256362915;1.2070173025131226
1.4001353979110718;1.2078406810760498
1.4002684354782104;1.2095674276351929
1.3998937606811523;1.2077405452728271
1.3999556303024292;1.207392930984497
1.4000240564346313;1.2069958448410034
1.3999953269958496;1.2078999280929565
1.3999204635620117;1.2088572978973389
1.400005578994751;1.2077399492263794
1.3998440504074097;1.2065306901931763
1.3998768329620361;1.2100720405578613
1.3999379873275757;1.2100396156311035
1.4000041484832764;1.2087645530700684
1.4000238180160522;1.2082939147949219
1.4006069898605347;1.2083678245544434
1.3999848365783691;1.2089570760726929
1.40000581741333;1.2071454524993896
1.4004913568496704;1.2090752124786377
1.400101900100708;1.2077357769012451
1.399931788444519;1.2087072134017944
1.3999755382537842;1.2076804637908936
1.4000027179718018;1.2085130214691162
1.3999241590499878;1.2070667743682861
1.4002574682235718;1.2083219289779663
1.4001277685165405;1.206502079963684
1.4006025791168213;1.2097413539886475
1.4004743099212646;1.2087390422821045
1.400102138519287;1.2083327770233154
1.3999452590942383;1.2074283361434937
1.39996337890625;1.209153652191162
1.4002094268798828;1.2082244157791138
1.4001355171203613;1.2089232206344604
1.4001291990280151;1.2078341245651245
1.3999242782592773;1.207480549812317
1.399873971939087;1.206163763999939
1.3999273777008057;1.207951307296753
1.400146722793579;1.2094464302062988
1.3998441696166992;1.2054213285446167
1.4004673957824707;1.2092400789260864
1.4006229639053345;1.2080426216125488
1.399917721748352;1.2069249153137207
1.400145173072815;1.207685947418213
1.4000540971755981;1.2069616317749023
1.4002894163131714;1.2068954706192017
1.3999719619750977;1.207575798034668
1.4001357555389404;1.2072523832321167
1.4001760482788086;1.2073947191238403
1.4003665447235107;1.208828091621399
1.3999736309051514;1.2072978019714355
1.4000977277755737;1.2101678848266602
1.399894118309021;1.2096812725067139
1.3999879360198975;1.2067368030548096
1.3999755382537842;1.2071888446807861
1.4000204801559448;1.207894206047058
1.4000059366226196;1.2076202630996704
1.4000059366226196;1.2093408107757568
1.4001349210739136;1.2093223333358765
1.4000853300094604;1.207771897315979
1.4000059366226196;1.2075819969177246
1.400051236152649;1.2077146768569946
1.4000710248947144;1.2082432508468628
1.3999556303024292;1.2070894241333008
1.4000236988067627;1.2083795070648193
1.3999557495117188;1.2087215185165405
1.3999079465866089;1.2073897123336792
1.40008544921875;1.2086673974990845
1.399937391281128;1.2065809965133667
1.4002578258514404;1.2081024646759033
1.3999245166778564;1.2080702781677246
1.3999862670898438;1.2083346843719482
1.399988055229187;1.2067630290985107
1.399873971939087;1.2087948322296143
1.3999242782592773;1.2063008546829224
1.4001319408416748;1.2074300050735474
1.4003956317901611;1.2076092958450317
1.3999137878417969;1.2093971967697144
1.400132417678833;1.2089424133300781
1.4000542163848877;1.207698106765747
1.4000544548034668;1.207248568534851
1.3998440504074097;1.2077045440673828
1.4000542163848877;1.2077972888946533
1.400592565536499;1.2101356983184814
1.3999754190444946;1.2074893712997437
1.3999242782592773;1.2070651054382324
1.4000433683395386;1.2074058055877686
1.3999240398406982;1.2056329250335693
1.3999319076538086;1.2067995071411133
1.4001975059509277;1.2077285051345825
1.3999240398406982;1.2068734169006348
1.3999556303024292;1.20779550075531
1.3999954462051392;1.208674430847168
1.3999863862991333;1.2074850797653198
1.40000581741333;1.2076417207717896
1.400289535522461;1.2092607021331787
1.399874210357666;1.2072908878326416
1.4002881050109863;1.2094694375991821
1.4002068042755127;1.2081481218338013
1.4003181457519531;1.2075960636138916
1.399914026260376;1.2074503898620605
1.400148630142212;1.2083148956298828
1.4000329971313477;1.2107529640197754
1.3999862670898438;1.2078050374984741
1.4000718593597412;1.2089704275131226
1.4001095294952393;1.2096445560455322
1.400338888168335;1.2062668800354004
1.3999742269515991;1.2084541320800781
1.3999254703521729;1.2073866128921509
1.3998439311981201;1.2107526063919067
1.4002093076705933;1.2091931104660034
1.4001179933547974;1.2075214385986328
1.4000914096832275;1.2086824178695679
1.400076150894165;1.2080812454223633
1.4002089500427246;1.2095924615859985
1.3999141454696655;1.2080157995224
1.3999242782592773;1.2071833610534668
1.4002411365509033;1.208486795425415
1.3999240398406982;1.206557035446167
1.3999065160751343;1.208952784538269
1.4003689289093018;1.208815097808838
1.3998439311981201;1.2069324254989624
1.3999879360198975;1.2105333805084229
1.4000552892684937;1.207815408706665
1.4000678062438965;1.206565022468567
1.4003090858459473;1.2073955535888672
1.3999239206314087;1.2075899839401245
1.4003901481628418;1.2081847190856934
1.3999379873275757;1.208141565322876
1.399894118309021;1.2081495523452759
1.4003393650054932;1.2100356817245483
1.399922490119934;1.2075682878494263
1.4002504348754883;1.2089500427246094
1.400121808052063;1.206883430480957
1.4001355171203613;1.2073527574539185
1.400306224822998;1.208713173866272
1.4002070426940918;1.2086853981018066
1.4000022411346436;1.2104228734970093
1.3999755382537842;1.2073360681533813
1.4000978469848633;1.209018349647522
1.3999245166778564;1.2078838348388672
1.400146245956421;1.2083312273025513
1.4002211093902588;1.2090466022491455
1.400005578994751;1.2105097770690918
1.4005744457244873;1.2088568210601807
1.4001517295837402;1.207260251045227
1.3999378681182861;1.20944082736969
1.4001694917678833;1.2094881534576416
1.4006738662719727;1.2107601165771484
1.4001582860946655;1.2076497077941895
1.3998332023620605;1.2069677114486694
1.4001357555389404;1.208602786064148
1.4001567363739014;1.2077512741088867
1.4006683826446533;1.2081665992736816
1.4000039100646973;1.2090646028518677
1.4002680778503418;1.207761287689209
1.4001357555389404;1.2092305421829224
1.4003530740737915;1.2095149755477905
1.4002094268798828;1.2090809345245361
1.4000482559204102;1.208854079246521
1.3999249935150146;1.2085230350494385
1.3999693393707275;1.2100841999053955
1.3999273777008057;1.208052158355713
1.3999254703521729;1.2070932388305664
1.4000053405761719;1.2075200080871582
1.3998939990997314;1.207327961921692
1.4002089500427246;1.2066062688827515
1.40000581741333;1.2069542407989502
1.40000581741333;1.2100600004196167
1.4001765251159668;1.2079393863677979
1.4002678394317627;1.2083178758621216
1.399914026260376;1.207177758216858
1.3998562097549438;1.2102751731872559
1.4000890254974365;1.208435297012329
1.4005701541900635;1.2086176872253418
1.4001054763793945;1.2079265117645264
1.4005382061004639;1.2089678049087524
1.4003405570983887;1.208344578742981
1.40006685256958;1.2073227167129517
1.39995539188385;1.2065649032592773
1.4001789093017578;1.2088137865066528
1.399914264678955;1.206612467765808
1.4006115198135376;1.2081692218780518
1.4002206325531006;1.2090177536010742
1.3998959064483643;1.208956003189087
1.4011292457580566;1.2096787691116333
1.40000581741333;1.2070748805999756
1.3998743295669556;1.206834077835083
1.4000542163848877;1.2071903944015503
1.3999557495117188;1.2071846723556519
1.3999755382537842;1.2088886499404907
1.400191307067871;1.2097210884094238
1.3998942375183105;1.207257866859436
1.3999183177947998;1.209018349647522
1.399924397468567;1.208971381187439
1.3998439311981201;1.2083481550216675
1.3998438119888306;1.2068276405334473
1.4001755714416504;1.2086127996444702
1.3999063968658447;1.2085243463516235
1.3999242782592773;1.2077699899673462
1.4000041484832764;1.2075018882751465
1.4001834392547607;1.210282802581787
1.400728464126587;1.210129737854004
1.4006047248840332;1.2091450691223145
1.399874210357666;1.2068456411361694
1.4004015922546387;1.206920862197876
1.3998939990997314;1.2057626247406006
1.3999755382537842;1.207281470298767
1.4010069370269775;1.208556056022644
1.399975061416626;1.208700180053711
1.4000056982040405;1.2087401151657104
1.4001774787902832;1.2086663246154785
1.400005578994751;1.208989143371582
1.4000039100646973;1.2092616558074951
1.3999556303024292;1.2082000970840454
1.4001280069351196;1.208448052406311
1.400005578994751;1.2070426940917969
1.3998634815216064;1.2080705165863037
1.40013587474823;1.2072170972824097
1.4002516269683838;1.2072949409484863
1.4002866744995117;1.2076544761657715
1.4001514911651611;1.2084687948226929
1.4000056982040405;1.20824134349823
1.3999557495117188;1.2066060304641724
1.4000563621520996;1.2074109315872192
1.400210976600647;1.2086879014968872
1.4000486135482788;1.2082066535949707
1.4002398252487183;1.2098853588104248
1.4000859260559082;1.2086036205291748
1.3999860286712646;1.209048867225647
1.4001774787902832;1.2086868286132812
1.399873971939087;1.2073928117752075
1.4002398252487183;1.2081040143966675
1.4002890586853027;1.2088098526000977
1.4006836414337158;1.2085696458816528
1.4002888202667236;1.2074878215789795
1.4000778198242188;1.2076820135116577
1.4001586437225342;1.2077692747116089
1.4004952907562256;1.210066795349121
1.40013587474823;1.2078425884246826
1.3999557495117188;1.2084996700286865
1.3999756574630737;1.2086005210876465
1.400475025177002;1.2088395357131958
1.4002089500427246;1.208790898323059
1.400125503540039;1.2079695463180542
1.4001356363296509;1.2089552879333496
1.3998439311981201;1.207961082458496
1.3999254703521729;1.2067192792892456
1.4002681970596313;1.2086299657821655
1.4006068706512451;1.2082056999206543
1.399975061416626;1.2064288854599
1.4000056982040405;1.2065255641937256
1.3999879360198975;1.2106714248657227
1.3998740911483765;1.2071839570999146
1.3999865055084229;1.2068547010421753
1.3999240398406982;1.2085895538330078
1.400097370147705;1.2088346481323242
1.4003369808197021;1.2086578607559204
1.4000767469406128;1.2078478336334229
1.4000239372253418;1.2085620164871216
1.3998942375183105;1.2070629596710205
1.4000873565673828;1.2083896398544312
1.3999755382537842;1.2066236734390259
1.4002368450164795;1.2093170881271362
1.4000056982040405;1.2103391885757446
1.400395393371582;1.2062592506408691
1.400024175643921;1.2070868015289307
1.3999241590499878;1.2056909799575806
1.400223731994629;1.2081427574157715
1.399874210357666;1.2076339721679688
1.4000056982040405;1.2083340883255005
1.4004707336425781;1.2114343643188477
1.3999066352844238;1.2081000804901123
1.3999242782592773;1.2071925401687622
1.40008544921875;1.209069848060608
1.4001359939575195;1.2095434665679932
1.4002685546875;1.2064191102981567
1.399998426437378;1.2079943418502808
1.4000545740127563;1.2082778215408325
1.400580883026123;1.2074651718139648
1.3999242782592773;1.209010124206543
1.4002470970153809;1.2081663608551025
1.4002199172973633;1.2077707052230835
1.40000581741333;1.2076302766799927
1.3999555110931396;1.2091552019119263
1.4000234603881836;1.2091646194458008
1.4000775814056396;1.2072488069534302
1.4006478786468506;1.20927894115448
1.3998761177062988;1.2081665992736816
1.3998440504074097;1.2094919681549072
1.4005250930786133;1.2075003385543823
1.4000771045684814;1.2072592973709106
1.399975061416626;1.2098371982574463
1.400278091430664;1.2071404457092285
1.4000506401062012;1.2077144384384155
1.4000239372253418;1.207926869392395
1.40000581741333;1.2056941986083984
1.3999754190444946;1.2077629566192627
1.4000053405761719;1.209679126739502
1.400005578994751;1.2069518566131592
1.399874210357666;1.2087584733963013
1.4002352952957153;1.2081477642059326
1.4000763893127441;1.2094852924346924
1.400005578994751;1.2076157331466675
1.4000062942504883;1.2088124752044678
1.400005578994751;1.2080556154251099
1.4002820253372192;1.2078948020935059
1.3999452590942383;1.207257628440857
1.4000544548034668;1.2076464891433716
1.4001052379608154;1.208229422569275
1.4001352787017822;1.208612084388733
1.40036940574646;1.2085996866226196
1.4000543355941772;1.206777572631836
1.3999557495117188;1.208168387413025
1.40000581741333;1.206580400466919
1.400036096572876;1.2070733308792114
1.3998944759368896;1.2067312002182007
1.4002517461776733;1.2070988416671753
1.39994478225708;1.2081321477890015
1.399873971939087;1.2088708877563477
1.3998440504074097;1.20913565158844
1.4006143808364868;1.2075971364974976
1.3999377489089966;1.2086294889450073
1.4002370834350586;1.2069984674453735
1.3999241590499878;1.208730697631836
1.400437831878662;1.2099494934082031
1.3999577760696411;1.208302617073059
1.3999242782592773;1.2079664468765259
1.400054931640625;1.2068696022033691
1.4005959033966064;1.2090672254562378
1.3999555110931396;1.2071160078048706
1.4001049995422363;1.2066805362701416
1.40023672580719;1.2075567245483398
1.399873971939087;1.2072948217391968
1.3999254703521729;1.207668662071228
1.4000544548034668;1.2083648443222046
1.4000697135925293;1.2080752849578857
1.3999066352844238;1.208495020866394
1.4000250101089478;1.2095834016799927
1.4003182649612427;1.207166075706482
1.400128722190857;1.2079567909240723
1.4000059366226196;1.2100790739059448
1.3999767303466797;1.2082082033157349
1.40013587474823;1.2077933549880981
1.4000056982040405;1.2069199085235596
1.399843692779541;1.2075181007385254
1.4000972509384155;1.208224892616272
1.4001355171203613;1.2065025568008423
1.3999063968658447;1.2057077884674072
1.3999137878417969;1.207261323928833
1.4003818035125732;1.2068802118301392
1.3999556303024292;1.2073286771774292
1.3999557495117188;1.207879662513733
1.3999556303024292;1.206877589225769
1.3998923301696777;1.2102839946746826
1.400338888168335;1.2081589698791504
1.4000775814056396;1.2072639465332031
1.3999557495117188;1.2061821222305298
1.4002788066864014;1.2081000804901123
1.4005703926086426;1.2095297574996948
1.4000544548034668;1.2072347402572632
1.4002819061279297;1.2091529369354248
1.4001959562301636;1.2089389562606812
1.4002065658569336;1.207598090171814
1.3998744487762451;1.207810401916504
1.40024995803833;1.209069013595581
1.40000581741333;1.2073334455490112
1.4000227451324463;1.2102524042129517
1.4000329971313477;1.2087184190750122
1.4001357555389404;1.2081072330474854
1.4002262353897095;1.2088392972946167
1.400305986404419;1.209475040435791
1.39995539188385;1.2072651386260986
1.3998937606811523;1.2086217403411865
1.4002091884613037;1.2067477703094482
1.4003183841705322;1.208302617073059
1.4002578258514404;1.2082256078720093
1.4005181789398193;1.2089283466339111
1.4003006219863892;1.2076082229614258
1.4003102779388428;1.2090660333633423
1.400113582611084;1.2083147764205933
1.3998744487762451;1.2081165313720703
1.4002515077590942;1.2090656757354736
1.400053858757019;1.2061675786972046
1.3998440504074097;1.206687331199646
1.4004086256027222;1.2098972797393799
1.3999245166778564;1.2074774503707886
1.4002068042755127;1.21003258228302
1.4001779556274414;1.2100589275360107
1.3999241590499878;1.2069761753082275
1.4003089666366577;1.2097108364105225
1.3999139070510864;1.206032395362854
1.4003393650054932;1.20787513256073
1.400036334991455;1.2084078788757324
1.3999063968658447;1.207611083984375
1.4001988172531128;1.2071436643600464
1.3999450206756592;1.2080246210098267
1.4001786708831787;1.2070622444152832
1.400471568107605;1.2101144790649414
1.40055251121521;1.2094217538833618
1.40000581741333;1.2082394361495972
1.400055170059204;1.207236886024475
1.3999545574188232;1.2076683044433594
1.4002089500427246;1.2079144716262817
1.40000581741333;1.2087246179580688
1.400085687637329;1.2091608047485352
1.3999254703521729;1.2069543600082397
1.3999242782592773;1.207039713859558
1.3999226093292236;1.2080378532409668
1.3999879360198975;1.2096608877182007
1.3999240398406982;1.2093309164047241
1.4004403352737427;1.2081573009490967
1.4000238180160522;1.2072867155075073
1.4000858068466187;1.207758903503418
1.4002094268798828;1.2082394361495972
1.4002089500427246;1.2081995010375977
1.4000468254089355;1.2079427242279053
1.4002790451049805;1.2075392007827759
1.4003522396087646;1.2071850299835205
1.399949312210083;1.2088721990585327
1.4001911878585815;1.2079827785491943
1.400024175643921;1.206573247909546
1.3999240398406982;1.206560730934143
1.400527834892273;1.2082464694976807
1.400046467781067;1.208014726638794
1.400005578994751;1.208902359008789
1.4001688957214355;1.2082165479660034
1.4000836610794067;1.2095619440078735
1.400102138519287;1.2074652910232544
1.4000020027160645;1.2066093683242798
1.400389313697815;1.2097291946411133
1.3999650478363037;1.2062585353851318
1.4005745649337769;1.2085161209106445
1.4002093076705933;1.2074052095413208
1.3999242782592773;1.2079185247421265
1.400085687637329;1.2069408893585205
1.400129795074463;1.2075985670089722
1.4003322124481201;1.2082072496414185
1.3999557495117188;1.2074967622756958
1.4000200033187866;1.2073074579238892
1.399846076965332;1.2069365978240967
1.4000545740127563;1.2076265811920166
1.400252103805542;1.2078733444213867
1.40036940574646;1.2088432312011719
1.4001057147979736;1.2064841985702515
1.3999242782592773;1.207671046257019
1.400137186050415;1.2071858644485474
1.4000235795974731;1.209570050239563
1.400644302368164;1.2083182334899902
1.4000540971755981;1.2071653604507446
1.4000040292739868;1.2073314189910889
1.40000581741333;1.2067224979400635
1.4000060558319092;1.2075117826461792
1.4002685546875;1.2079941034317017
1.4002368450164795;1.2072539329528809
1.3999135494232178;1.2082099914550781
1.4001357555389404;1.2068712711334229
1.4001251459121704;1.2083677053451538
1.4002395868301392;1.2098994255065918
1.4001483917236328;1.20717191696167
1.4002087116241455;1.2096965312957764
1.4002574682235718;1.2100964784622192
1.4001288414001465;1.2084115743637085
1.3999238014221191;1.206458568572998
1.3999557495117188;1.208696722984314
1.400085210800171;1.207426905632019
1.400070309638977;1.2095271348953247
1.3999571800231934;1.2097910642623901
1.3998942375183105;1.2075897455215454
1.3999499082565308;1.207162857055664
1.4000794887542725;1.2092313766479492
1.4005701541900635;1.207833170890808
1.3998740911483765;1.207017421722412
1.399957537651062;1.2071374654769897
1.3998438119888306;1.2094810009002686
1.399993658065796;1.208198070526123
1.4003679752349854;1.207839012145996
1.4001359939575195;1.2085050344467163
1.4000709056854248;1.208927869796753
1.4001353979110718;1.2076847553253174
1.399873971939087;1.2080107927322388
1.399914026260376;1.2083890438079834
1.4000853300094604;1.2082557678222656
1.3999242782592773;1.2066195011138916
1.399868369102478;1.2073227167129517
1.399925708770752;1.2085397243499756
1.4001911878585815;1.208951473236084
1.400053858757019;1.2085151672363281
1.3999274969100952;1.2098580598831177
1.400070309638977;1.2083845138549805
1.3998737335205078;1.2071397304534912
1.4002010822296143;1.2073758840560913
1.4000039100646973;1.2074635028839111
1.400205373764038;1.2088855504989624
1.3998639583587646;1.2074875831604004
1.3998440504074097;1.2095297574996948
1.3999474048614502;1.20989990234375
1.4001353979110718;1.2068593502044678
1.400233268737793;1.2089488506317139
1.4001356363296509;1.2082170248031616
1.40000581741333;1.2084523439407349
1.4002262353897095;1.2084717750549316
1.4001522064208984;1.2075443267822266
1.3999242782592773;1.2075080871582031
1.4002577066421509;1.20846426486969
1.4004544019699097;1.208409309387207
1.3999645709991455;1.207701325416565
1.400085687637329;1.2076449394226074
1.4002065658569336;1.2078617811203003
1.4003984928131104;1.2067897319793701
1.3999757766723633;1.2075004577636719
1.3998740911483765;1.2078005075454712
1.3998743295669556;1.2076313495635986
1.4004271030426025;1.2099580764770508
1.4000059366226196;1.208047866821289
1.4000239372253418;1.2088338136672974
1.400702714920044;1.2095229625701904
1.4000858068466187;1.2072350978851318
1.3999261856079102;1.2082257270812988
1.4000508785247803;1.2077680826187134
1.4003263711929321;1.2073899507522583
1.3999242782592773;1.208810806274414
1.3999556303024292;1.2071694135665894
1.4003922939300537;1.2106842994689941
1.4002094268798828;1.2067444324493408
1.4003392457962036;1.2099038362503052
1.4001356363296509;1.2059763669967651
1.4000200033187866;1.2092872858047485
1.4001250267028809;1.2077113389968872
1.3999245166778564;1.2066750526428223
1.4002089500427246;1.2101632356643677
1.4005928039550781;1.2089555263519287
1.400028944015503;1.207112193107605
1.3998740911483765;1.207932949066162
1.4000059366226196;1.2062766551971436
1.4004939794540405;1.2096940279006958
1.399837851524353;1.207962989807129
1.4001052379608154;1.207714319229126
1.40000581741333;1.207638144493103
1.4000859260559082;1.2084341049194336
1.3999946117401123;1.207589864730835
1.4001405239105225;1.2092149257659912
1.4004957675933838;1.209449052810669
1.3999245166778564;1.2088778018951416
1.400004267692566;1.208019495010376
1.3999241590499878;1.2073396444320679
1.400282382965088;1.2080243825912476
1.3999241590499878;1.2086070775985718
1.4000053405761719;1.2064213752746582
1.3999141454696655;1.2067387104034424
1.4006764888763428;1.2093642950057983
1.399894118309021;1.2068039178848267
1.4000056982040405;1.2071630954742432
1.3998265266418457;1.2076510190963745
1.4000056982040405;1.207020878791809
1.4000763893127441;1.206941843032837
1.4000794887542725;1.2083213329315186
1.4002892971038818;1.2099406719207764
1.3999240398406982;1.207123875617981
1.399988055229187;1.206683874130249
1.4003393650054932;1.2091717720031738
1.4001867771148682;1.2076189517974854
1.3998937606811523;1.207911729812622
1.3999242782592773;1.208632469177246
1.399996280670166;1.2090965509414673
1.4002094268798828;1.2064471244812012
1.4000327587127686;1.2099730968475342
1.4001274108886719;1.2071611881256104
1.39995539188385;1.2076122760772705
1.4004406929016113;1.207579493522644
1.400312066078186;1.2099063396453857
1.4000041484832764;1.2076287269592285
1.4000239372253418;1.2085633277893066
1.3998738527297974;1.2101877927780151
1.4001054763793945;1.2082582712173462
1.3999555110931396;1.2070130109786987
1.4004207849502563;1.2092903852462769
1.4003922939300537;1.2076202630996704
1.4004974365234375;1.2088457345962524
1.3999253511428833;1.2091048955917358
1.399874210357666;1.2095293998718262
1.3999242782592773;1.2075530290603638
1.4003167152404785;1.2089329957962036
1.4001774787902832;1.2073777914047241
1.4000544548034668;1.207283854484558
1.3999559879302979;1.2075068950653076
1.3999146223068237;1.2063554525375366
1.4001104831695557;1.2074780464172363
1.4001340866088867;1.2080808877944946
1.4000053405761719;1.2094343900680542
1.4001054763793945;1.2081061601638794
1.4000859260559082;1.2082642316818237
1.3998744487762451;1.206254243850708
1.400085687637329;1.207582950592041
1.4002091884613037;1.2075142860412598
1.3999245166778564;1.2084391117095947
1.3998935222625732;1.2087247371673584
1.4002734422683716;1.2093915939331055
1.4000041484832764;1.2100104093551636
1.399977207183838;1.2077454328536987
1.4000542163848877;1.2069004774093628
1.4000040292739868;1.2090075016021729
1.4000040292739868;1.2088991403579712
1.4004018306732178;1.2086784839630127
1.3999242782592773;1.2086273431777954
1.3999574184417725;1.208420753479004
1.400005578994751;1.2100598812103271
1.400405764579773;1.2090040445327759
1.4000953435897827;1.2078969478607178
1.3999555110931396;1.2076374292373657
1.4001274108886719;1.2077966928482056
1.400127649307251;1.2074105739593506
1.4000751972198486;1.206803560256958
1.4000855684280396;1.2086689472198486
1.4001052379608154;1.2083932161331177
1.4001355171203613;1.2097941637039185
1.3999104499816895;1.2091721296310425
1.3999276161193848;1.2101764678955078
1.4002517461776733;1.2093051671981812
1.3998744487762451;1.2097278833389282
1.4001054763793945;1.2078406810760498
1.3999223709106445;1.2073476314544678
1.400267243385315;1.2084804773330688
1.4003167152404785;1.2083922624588013
1.4000873565673828;1.207945466041565
1.3999862670898438;1.2089900970458984
1.4002840518951416;1.2095104455947876
1.4002046585083008;1.2081748247146606
1.3999242782592773;1.2064288854599
1.3999651670455933;1.207685947418213
1.3999242782592773;1.2081310749053955
1.4002892971038818;1.2098616361618042
1.3999061584472656;1.2078872919082642
1.3999963998794556;1.207778811454773
1.3998744487762451;1.2090531587600708
1.40000581741333;1.208565354347229
1.3998939990997314;1.2081304788589478
1.3999063968658447;1.2079493999481201
1.399874210357666;1.2080488204956055
1.4000545740127563;1.2082271575927734
1.40000581741333;1.2069720029830933
1.4000041484832764;1.2078571319580078
1.399923324584961;1.2083990573883057
1.4000260829925537;1.20877206325531
1.3998379707336426;1.2074613571166992
1.40000581741333;1.207831859588623
1.4002881050109863;1.2088207006454468
1.3998262882232666;1.2087583541870117
1.3999183177947998;1.2068945169448853
1.3999242782592773;1.2086515426635742
1.4002366065979004;1.2082656621932983
1.400113821029663;1.208946943283081
1.3999722003936768;1.210192322731018
1.4001247882843018;1.2067629098892212
1.4000239372253418;1.2075713872909546
1.400275707244873;1.2075380086898804
1.4000742435455322;1.207499623298645
1.3999245166778564;1.2071185111999512
1.3999252319335938;1.2080780267715454
1.3999152183532715;1.2089486122131348
1.4000542163848877;1.207037329673767
1.399987816810608;1.2077420949935913
1.4003167152404785;1.2112677097320557
1.3998332023620605;1.2085756063461304
1.4001519680023193;1.2093276977539062
1.400511384010315;1.2094433307647705
1.4003230333328247;1.2074400186538696
1.3999844789505005;1.2061197757720947
1.400838017463684;1.2083890438079834
1.3998744487762451;1.2083563804626465
1.4003387689590454;1.2091734409332275
1.40008544921875;1.2085340023040771
1.399975299835205;1.2082178592681885
1.4001867771148682;1.2079522609710693
1.3999216556549072;1.2065086364746094
1.4000749588012695;1.2070587873458862
1.4001026153564453;1.2080365419387817
1.3998942375183105;1.2085771560668945
1.399874210357666;1.207746148109436
1.4000239372253418;1.2067793607711792
1.4002063274383545;1.2071524858474731
1.4002089500427246;1.2090405225753784
1.3999555110931396;1.2069913148880005
1.3999242782592773;1.2068573236465454
1.4002505540847778;1.2088936567306519
1.3999251127243042;1.2077380418777466
1.3998740911483765;1.2084773778915405
1.3998439311981201;1.2078477144241333
1.4004212617874146;1.2078477144241333
1.4004180431365967;1.2080327272415161
1.3999242782592773;1.208097219467163
1.3998883962631226;1.2076587677001953
1.40012526512146;1.2083854675292969
1.4000054597854614;1.2095693349838257
1.4001355171203613;1.2078969478607178
1.3999245166778564;1.208332896232605
1.3998440504074097;1.2079782485961914
1.4000053405761719;1.207537055015564
1.400107502937317;1.2089277505874634
1.3999245166778564;1.206727385520935
1.4001214504241943;1.2079755067825317
1.39999520778656;1.2076997756958008
1.399873971939087;1.2070081233978271
1.3999242782592773;1.2068675756454468
1.4007771015167236;1.209660530090332
1.4001357555389404;1.2084308862686157
1.400070309638977;1.2074841260910034
1.3999059200286865;1.206717848777771
1.4003149271011353;1.20815908908844
1.4000208377838135;1.206997275352478
1.4004098176956177;1.2077473402023315
1.399994969367981;1.208085060119629
1.4005787372589111;1.210209846496582
1.3998939990997314;1.210147738456726
1.399928331375122;1.2089732885360718
1.4002076387405396;1.20836341381073
1.400024175643921;1.2085044384002686
1.4000053405761719;1.2076932191848755
1.3998275995254517;1.2094597816467285
1.4001277685165405;1.2077375650405884
1.3999241590499878;1.2080117464065552
1.400268316268921;1.2063486576080322
1.399873971939087;1.2093085050582886
1.4000858068466187;1.207129716873169
1.4002904891967773;1.207680344581604
1.40000581741333;1.2077534198760986
1.3999555110931396;1.207592487335205
1.4000542163848877;1.2080862522125244
1.4003708362579346;1.207895278930664
1.3998743295669556;1.2079187631607056
1.3998937606811523;1.208094835281372
1.40008544921875;1.2090548276901245
1.3998441696166992;1.2059108018875122
1.4002574682235718;1.208509922027588
1.3999876976013184;1.2076265811920166
1.4000539779663086;1.207045078277588
1.4007583856582642;1.2100309133529663
1.400024175643921;1.2074480056762695
1.400085210800171;1.2082866430282593
1.4005067348480225;1.2089345455169678
1.4004532098770142;1.2081973552703857
1.400373101234436;1.2078959941864014
1.3998435735702515;1.2096834182739258
1.4000270366668701;1.2091139554977417
1.4001357555389404;1.2082575559616089
1.4001356363296509;1.2080973386764526
1.3999557495117188;1.2056876420974731
1.399906039237976;1.2070878744125366
1.3999247550964355;1.2083604335784912
1.4001024961471558;1.2084016799926758
1.400005578994751;1.207007884979248
1.3999764919281006;1.2079037427902222
1.4001986980438232;1.2090704441070557
1.3998563289642334;1.2070461511611938
1.3998943567276;1.2069599628448486
1.3999578952789307;1.2073243856430054
1.3998908996582031;1.2097649574279785
1.399874210357666;1.208114743232727
1.3999183177947998;1.2065775394439697
1.4002485275268555;1.2092974185943604
1.3998942375183105;1.207610011100769
1.4000059366226196;1.2077809572219849
1.399924397468567;1.2070859670639038
1.40000581741333;1.2082405090332031
1.4002091884613037;1.2073510885238647
1.4002091884613037;1.2081822156906128
1.3999240398406982;1.2069172859191895
1.3999252319335938;1.208654761314392
1.3998758792877197;1.2075014114379883
1.3999242782592773;1.2065683603286743
1.399874210357666;1.2084074020385742
1.4003101587295532;1.2110185623168945
1.3999249935150146;1.207566499710083
1.4001340866088867;1.208242416381836
1.4000778198242188;1.2071073055267334
1.4000060558319092;1.2087849378585815
1.40000581741333;1.2080014944076538
1.3999245166778564;1.2061632871627808
1.4004182815551758;1.2087204456329346
1.4004560708999634;1.208716869354248
1.4001277685165405;1.2079336643218994
1.3998744487762451;1.2076396942138672
1.4004336595535278;1.2081767320632935
1.4002063274383545;1.2071878910064697
1.4003182649612427;1.2081900835037231
1.3998563289642334;1.2095917463302612
1.40000581741333;1.2061680555343628
1.3999755382537842;1.2083383798599243
1.4000544548034668;1.2074135541915894
1.3999876976013184;1.2075062990188599
1.399873971939087;1.2077184915542603
1.4004344940185547;1.2089942693710327
1.4002799987792969;1.2089879512786865
1.4000039100646973;1.2080934047698975
1.400168776512146;1.2080097198486328
1.4004930257797241;1.210761308670044
1.4003162384033203;1.2075015306472778
1.3999953269958496;1.2104759216308594
1.3999240398406982;1.207450270652771
1.4003183841705322;1.207025170326233
1.3999645709991455;1.208528757095337
1.399988055229187;1.205966591835022
1.3999238014221191;1.2086483240127563
1.4000062942504883;1.2072248458862305
1.40028977394104;1.2082315683364868
1.3999555110931396;1.2069753408432007
1.3999556303024292;1.2065149545669556
1.4001355171203613;1.2092825174331665
1.4004192352294922;1.2075170278549194
1.4000054597854614;1.207945704460144
1.4000056982040405;1.207944631576538
1.4002093076705933;1.2084420919418335
1.4000056982040405;1.2088431119918823
1.4002074003219604;1.2072126865386963
1.4003207683563232;1.2083643674850464
1.3998558521270752;1.2094241380691528
1.3998758792877197;1.209882378578186
1.4001388549804688;1.2086284160614014
1.3998939990997314;1.2070703506469727
1.4002065658569336;1.208004117012024
1.4001374244689941;1.2082774639129639
1.399993896484375;1.208736777305603
1.400339126586914;1.207228183746338
1.4001266956329346;1.2075217962265015
1.3999056816101074;1.2079230546951294
1.400055170059204;1.2075520753860474
1.3999558687210083;1.2066644430160522
1.3999552726745605;1.2080230712890625
1.4006609916687012;1.2099618911743164
1.4001357555389404;1.207973599433899
1.40008544921875;1.2073639631271362
1.4006022214889526;1.2099010944366455
1.400005578994751;1.2072244882583618
1.3999754190444946;1.2083185911178589
1.400005578994751;1.2082574367523193
1.4000539779663086;1.2092863321304321
