TV;KL
1.4817367792129517;6.731459140777588
1.449026107788086;6.529330253601074
1.440147876739502;6.439268589019775
1.455155372619629;6.13508415222168
1.413537859916687;5.612565040588379
1.3936094045639038;5.246138572692871
1.360108733177185;4.914150238037109
1.3403050899505615;4.57353401184082
1.3184703588485718;4.191421031951904
1.2845125198364258;3.962125778198242
1.2693824768066406;3.6697280406951904
1.2496424913406372;3.486989974975586
1.2344297170639038;3.2925031185150146
1.2040334939956665;3.0629029273986816
1.202709436416626;2.878997325897217
1.1629269123077393;2.6756186485290527
1.146186351776123;2.5002236366271973
1.148101806640625;2.4745163917541504
1.1142501831054688;2.2994089126586914
1.0983717441558838;2.260671854019165
1.0927395820617676;2.109090566635132
1.0452160835266113;1.967444658279419
1.0308318138122559;1.917436957359314
1.0303617715835571;1.8317689895629883
1.008482813835144;1.7233597040176392
1.0026273727416992;1.668481707572937
0.9838484525680542;1.6007813215255737
0.9843028783798218;1.5309696197509766
0.9595720767974854;1.4840258359909058
0.9393339157104492;1.3958570957183838
0.9233117699623108;1.3240675926208496
0.9299831390380859;1.2977426052093506
0.9116381406784058;1.214013695716858
0.8872280120849609;1.2112902402877808
0.8793536424636841;1.1370824575424194
0.8611243963241577;1.0844736099243164
0.8640263676643372;1.0643359422683716
0.848528265953064;1.0209650993347168
0.8279039859771729;0.9473994970321655
0.8265773057937622;0.9678530097007751
0.8118577599525452;0.921981692314148
0.8049041628837585;0.8947145938873291
0.7966748476028442;0.8591858744621277
0.8013920783996582;0.8546631336212158
0.7828233242034912;0.8264212012290955
0.7697107791900635;0.7979480624198914
0.7556134462356567;0.7703139781951904
0.7524355053901672;0.7382962107658386
0.7341021299362183;0.6858673095703125
0.7170164585113525;0.6646454930305481
0.7299734354019165;0.6761172413825989
0.7168893218040466;0.6435475945472717
0.7041337490081787;0.6388221979141235
0.6983453631401062;0.6190404891967773
0.6889708638191223;0.6032698154449463
0.6709765791893005;0.5607810616493225
0.6748560667037964;0.5687010884284973
0.6657900810241699;0.540286123752594
0.6669197082519531;0.507495105266571
0.6481525301933289;0.49964454770088196
0.6394595503807068;0.4680543839931488
0.6385654807090759;0.4828956127166748
0.614722490310669;0.44111061096191406
0.6194708943367004;0.45407044887542725
0.6060853600502014;0.4284907579421997
0.6116503477096558;0.4230618476867676
0.6117139458656311;0.4153216481208801
0.5771830677986145;0.3864724636077881
0.5730438232421875;0.3590202033519745
0.5665361881256104;0.37165457010269165
0.5653243064880371;0.36058640480041504
0.5657225847244263;0.3576474189758301
0.5714740753173828;0.36495551466941833
0.5574784278869629;0.34156763553619385
0.5455477237701416;0.3356195092201233
0.5476247072219849;0.334902286529541
0.5394783616065979;0.31706342101097107
0.5284931063652039;0.30136561393737793
0.5321515202522278;0.3022823631763458
0.5151644945144653;0.27582764625549316
0.49235525727272034;0.2719023823738098
0.5022991299629211;0.2779405415058136
0.48837029933929443;0.2609848976135254
0.4899969696998596;0.24980568885803223
0.49521589279174805;0.25661328434944153
0.4816146492958069;0.243939608335495
0.5013041496276855;0.2521529793739319
0.4599652886390686;0.23481734097003937
0.4805489182472229;0.24174639582633972
0.47671282291412354;0.236482635140419
0.4771707355976105;0.23158535361289978
0.4697038531303406;0.22440950572490692
0.4424065947532654;0.19436439871788025
0.45177605748176575;0.20793631672859192
0.4434448480606079;0.19742350280284882
0.44881150126457214;0.19062185287475586
0.46287840604782104;0.20782235264778137
0.4552135467529297;0.19722667336463928
0.43799877166748047;0.19002702832221985
0.4290461242198944;0.18096783757209778
0.4420601427555084;0.18642094731330872
0.4201619625091553;0.16953055560588837
0.40526944398880005;0.17034479975700378
0.41195088624954224;0.17172132432460785
0.4207193851470947;0.17629221081733704
0.41914236545562744;0.16962143778800964
0.4032805263996124;0.15767449140548706
0.39583298563957214;0.15130746364593506
0.3796921968460083;0.14830461144447327
0.3906007409095764;0.14918240904808044
0.3911280632019043;0.14503754675388336
0.3925381302833557;0.13905318081378937
0.39059439301490784;0.14310505986213684
0.39355039596557617;0.14245060086250305
0.3721957206726074;0.13093340396881104
0.36429181694984436;0.12097020447254181
0.3724954128265381;0.1280781477689743
0.38064175844192505;0.13232320547103882
0.37778371572494507;0.1298455446958542
0.3633618950843811;0.12192833423614502
0.3640173077583313;0.12719976902008057
0.35227614641189575;0.11165960878133774
0.3354809582233429;0.1051599532365799
0.3429589569568634;0.11141631007194519
0.35024523735046387;0.11291619390249252
0.343336284160614;0.11213896423578262
0.3392757773399353;0.10574083030223846
0.35600560903549194;0.10791367292404175
0.3623100519180298;0.117328941822052
0.3365331292152405;0.10168129205703735
0.3577568233013153;0.11303211748600006
0.3426147699356079;0.10765883326530457
0.32515662908554077;0.09553352743387222
0.31239354610443115;0.08946172893047333
0.3136006295681;0.09201345592737198
0.3042653799057007;0.08815117925405502
0.30364924669265747;0.08779467642307281
0.31531181931495667;0.08778994530439377
0.31722939014434814;0.08847274631261826
0.29253071546554565;0.08126576244831085
0.31280070543289185;0.08087239414453506
0.3191184401512146;0.09121473133563995
0.31925731897354126;0.0894915759563446
0.2952861785888672;0.07763130217790604
0.30630287528038025;0.0805039033293724
0.3162708580493927;0.08457476645708084
0.29691559076309204;0.07707279920578003
0.2939862608909607;0.08073437213897705
0.31959348917007446;0.0888250470161438
0.30224645137786865;0.08002790808677673
0.2998262047767639;0.07936308532953262
0.2899378538131714;0.07757489383220673
0.2996431291103363;0.0789746344089508
0.2958661913871765;0.07384748011827469
0.2826281785964966;0.0709850937128067
0.28376173973083496;0.07308553159236908
0.28463155031204224;0.07044625282287598
0.2896338701248169;0.06883086264133453
0.2814409136772156;0.07255350053310394
0.28839969635009766;0.06731940060853958
0.27217012643814087;0.06704854965209961
0.2762090861797333;0.06937161833047867
0.26951730251312256;0.06281980872154236
0.26712295413017273;0.06344087421894073
0.28378134965896606;0.06592103838920593
0.270608514547348;0.06397084146738052
0.2663101553916931;0.06048900634050369
0.2674982249736786;0.06099303811788559
0.28416234254837036;0.06492236256599426
0.2662549614906311;0.06092030555009842
0.27331170439720154;0.06319736689329147
0.26426368951797485;0.058977991342544556
0.24541978538036346;0.048772647976875305
0.26441314816474915;0.058451563119888306
0.2663828730583191;0.05774117261171341
0.2527088224887848;0.05267570912837982
0.26265379786491394;0.05662383884191513
0.2670317590236664;0.060953289270401
0.2556360363960266;0.05185837298631668
0.2591084837913513;0.05760069936513901
0.25324487686157227;0.05292659252882004
0.24837985634803772;0.05033794790506363
0.2687463164329529;0.058226317167282104
0.2457038313150406;0.0513942688703537
0.26892489194869995;0.05698579549789429
0.2627953290939331;0.053804174065589905
0.23942464590072632;0.04897119849920273
0.25288689136505127;0.054467327892780304
0.24820296466350555;0.05019427090883255
0.26426517963409424;0.054972462356090546
0.25675565004348755;0.05426689237356186
0.24908462166786194;0.049217626452445984
0.2549371123313904;0.05333084613084793
0.25457465648651123;0.05347523093223572
0.2449238896369934;0.04811524599790573
0.2438662052154541;0.04885639250278473
0.24534353613853455;0.05241640657186508
0.23192621767520905;0.04714316129684448
0.2449669986963272;0.04714316129684448
0.2322639524936676;0.04567901790142059
0.2606916129589081;0.05290275812149048
0.23818957805633545;0.047034427523612976
0.2309485375881195;0.041400738060474396
0.23568110167980194;0.04516109824180603
0.22561228275299072;0.043657995760440826
0.2333415299654007;0.04278977960348129
0.2395157665014267;0.045614540576934814
0.23431934416294098;0.0431261882185936
0.24969971179962158;0.047981858253479004
0.2232847809791565;0.04101668298244476
0.23626437783241272;0.046143800020217896
0.23645086586475372;0.04304023087024689
0.22539012134075165;0.04086571931838989
0.2346774786710739;0.043860502541065216
0.2412262260913849;0.04595773667097092
0.22714146971702576;0.0420926958322525
0.23166203498840332;0.042280495166778564
0.23810167610645294;0.043479450047016144
0.2365642786026001;0.04174267500638962
0.23229758441448212;0.043340735137462616
0.22453999519348145;0.03914785385131836
0.22623752057552338;0.0421704426407814
0.22328117489814758;0.039823807775974274
0.2282460331916809;0.03991040587425232
0.2343599796295166;0.042668312788009644
0.22425249218940735;0.04062962532043457
0.22353896498680115;0.0374685674905777
0.23250511288642883;0.041192904114723206
0.2281343638896942;0.04220223426818848
0.22205579280853271;0.04008212685585022
0.23727582395076752;0.046694427728652954
0.2232213318347931;0.040258996188640594
0.2297547161579132;0.0396244153380394
0.22118058800697327;0.038116440176963806
0.22352634370326996;0.039222024381160736
0.23331186175346375;0.0439576655626297
0.2203163206577301;0.03952784836292267
0.23615920543670654;0.04190439730882645
0.2405063658952713;0.040919966995716095
0.219991534948349;0.036249808967113495
0.23175129294395447;0.04234188795089722
0.22140564024448395;0.03813403099775314
0.2262684851884842;0.03844253718852997
0.21504664421081543;0.03471922129392624
0.2229956090450287;0.036147840321063995
0.20927152037620544;0.03468117117881775
0.2298082560300827;0.039273157715797424
0.23429009318351746;0.04399723559617996
0.22565075755119324;0.03913585841655731
0.21530306339263916;0.03580255061388016
0.2270602434873581;0.0427064374089241
0.2166556715965271;0.03919997811317444
0.21388158202171326;0.03665243089199066
0.2247658669948578;0.03876597434282303
0.2227230668067932;0.037598617374897
0.2197679579257965;0.03883727639913559
0.21655604243278503;0.037443213164806366
0.2136176973581314;0.036347389221191406
0.22238914668560028;0.03533097356557846
0.21932154893875122;0.03585291653871536
0.22284840047359467;0.03814323991537094
0.2284138947725296;0.03761868178844452
0.22645074129104614;0.03932442516088486
0.2098858803510666;0.03379667550325394
0.21460533142089844;0.0375659316778183
0.2148897349834442;0.03625064343214035
0.22013916075229645;0.034382715821266174
0.22781655192375183;0.04087846726179123
0.22035858035087585;0.03858206421136856
0.22538748383522034;0.037899553775787354
0.23068039119243622;0.04163064807653427
0.22721585631370544;0.040178082883358
0.21682055294513702;0.03743106871843338
0.22880782186985016;0.0384555459022522
0.21694767475128174;0.03675588220357895
0.22497214376926422;0.03752578794956207
0.2195078432559967;0.03658837825059891
0.22360534965991974;0.03564652055501938
0.2295844554901123;0.043111950159072876
0.2262030839920044;0.03847918659448624
0.22735968232154846;0.04111681878566742
0.22018595039844513;0.03978799283504486
0.2274812012910843;0.04455127567052841
0.2220316231250763;0.0384332537651062
0.22346265614032745;0.03718825429677963
0.22605784237384796;0.03739801049232483
0.22125552594661713;0.038002438843250275
0.22079752385616302;0.03644686937332153
0.21934732794761658;0.03775745630264282
0.22596025466918945;0.038613803684711456
0.2223614901304245;0.037087731063365936
0.2133859097957611;0.03434117138385773
0.2154693305492401;0.03477257490158081
0.21854211390018463;0.03422275185585022
0.21915572881698608;0.037638500332832336
0.21394100785255432;0.03243362158536911
0.22155079245567322;0.034649476408958435
0.2157972753047943;0.0362720713019371
0.20742550492286682;0.03297337889671326
0.21336734294891357;0.03418692946434021
0.2115069329738617;0.03394472599029541
0.2145102620124817;0.031488217413425446
0.21768790483474731;0.03757799416780472
0.2131071388721466;0.033761173486709595
0.21070332825183868;0.0342886745929718
0.2174653857946396;0.03359697014093399
0.2287713885307312;0.038302987813949585
0.21470463275909424;0.0353643074631691
0.21733637154102325;0.03559334576129913
0.21938520669937134;0.036833591759204865
0.20756252110004425;0.03190162777900696
0.21205636858940125;0.03276097774505615
0.21884532272815704;0.035056523978710175
0.20922362804412842;0.032941967248916626
0.21709999442100525;0.03528715670108795
0.21135762333869934;0.03520595282316208
0.2104172259569168;0.03417840600013733
0.2222452461719513;0.03763582557439804
0.21302437782287598;0.03577267378568649
0.21945145726203918;0.03470428287982941
0.2076175957918167;0.032826654613018036
0.21151530742645264;0.03358994424343109
0.2145405113697052;0.03463064879179001
0.2086918205022812;0.03340396285057068
0.216607466340065;0.03507653623819351
0.2129230946302414;0.03252576291561127
0.22337377071380615;0.03876294195652008
0.21716174483299255;0.03478807210922241
0.2059391438961029;0.03171670436859131
0.20895516872406006;0.03259371221065521
0.2130085974931717;0.03407760709524155
0.20532260835170746;0.0328492671251297
0.21960419416427612;0.03786204010248184
0.2184944599866867;0.037714436650276184
0.21983113884925842;0.034337982535362244
0.21435198187828064;0.03244767338037491
0.213412344455719;0.034767672419548035
0.22160354256629944;0.035833969712257385
0.21756869554519653;0.03623293340206146
0.21112248301506042;0.033782221376895905
0.21407365798950195;0.033828578889369965
0.21662637591362;0.03498098999261856
0.21321016550064087;0.03434334695339203
0.2188841700553894;0.033006295561790466
0.21227794885635376;0.03316172957420349
0.22761568427085876;0.03809008002281189
0.21880021691322327;0.03453186899423599
0.20205533504486084;0.030495792627334595
0.20129817724227905;0.031600385904312134
0.23202279210090637;0.03940722346305847
0.20591416954994202;0.032851025462150574
0.21975544095039368;0.03394772857427597
0.22384914755821228;0.03944360464811325
0.21010905504226685;0.0330992192029953
0.21955959498882294;0.03647501766681671
0.21673491597175598;0.03278762847185135
0.21633511781692505;0.03629309684038162
0.2141224443912506;0.03506547212600708
0.2106776237487793;0.034255512058734894
0.21549853682518005;0.03309941291809082
0.20708411931991577;0.03239017724990845
0.20928046107292175;0.03202413022518158
0.2098870873451233;0.031351104378700256
0.22131088376045227;0.034869976341724396
0.20510943233966827;0.030669957399368286
0.20545707643032074;0.03185611963272095
0.2223942130804062;0.03673343360424042
0.21606917679309845;0.03596954047679901
0.2186366319656372;0.03578020632266998
0.208547905087471;0.032352931797504425
0.21715772151947021;0.03428605943918228
0.21571104228496552;0.03538519889116287
0.21587315201759338;0.03476765751838684
0.20777501165866852;0.03291977941989899
0.2179836481809616;0.036066681146621704
0.20920632779598236;0.032831668853759766
0.21851861476898193;0.03305108845233917
0.20394650101661682;0.032090067863464355
0.20965997874736786;0.03302069008350372
0.2061815708875656;0.031148500740528107
0.20873036980628967;0.033112891018390656
0.21683354675769806;0.03556673973798752
0.21552346646785736;0.034813933074474335
0.20828837156295776;0.031390219926834106
0.22024348378181458;0.03696286678314209
0.20600652694702148;0.030212685465812683
0.21190312504768372;0.03429737687110901
0.212540864944458;0.03225775063037872
0.20755532383918762;0.031580112874507904
0.22011330723762512;0.03727007657289505
0.21565130352973938;0.03425757586956024
0.21235843002796173;0.03476937860250473
0.2141045182943344;0.03311070799827576
0.2110757678747177;0.03372690826654434
0.2104754000902176;0.0342598482966423
0.2130763828754425;0.0326957032084465
0.21570906043052673;0.03382255136966705
0.20904876291751862;0.035384006798267365
0.2184874564409256;0.03512820601463318
0.21577191352844238;0.034764163196086884
0.2090013325214386;0.03325234353542328
0.20143453776836395;0.03343568742275238
0.2120913565158844;0.03536057472229004
0.2207673192024231;0.03393760323524475
0.21340486407279968;0.03294243663549423
0.20906615257263184;0.031618207693099976
0.21250034868717194;0.03241583704948425
0.21585622429847717;0.034551262855529785
0.22388070821762085;0.03529489040374756
0.2147906869649887;0.03395163267850876
0.21580933034420013;0.032227158546447754
0.21490517258644104;0.03257305175065994
0.2156084179878235;0.03419140726327896
0.20365095138549805;0.03249827027320862
0.20746776461601257;0.033555276691913605
0.21428394317626953;0.03290402144193649
0.20609456300735474;0.03411571681499481
0.2056702971458435;0.030966274440288544
0.21444793045520782;0.03750646859407425
0.20900967717170715;0.033038973808288574
0.21117770671844482;0.034111231565475464
0.21059644222259521;0.03485438972711563
0.20805558562278748;0.03434368222951889
0.21125072240829468;0.035173818469047546
0.22094209492206573;0.03468959033489227
0.2170073390007019;0.035842590034008026
0.21794715523719788;0.03672748804092407
0.21230942010879517;0.033018067479133606
0.21085387468338013;0.035135991871356964
0.2170903980731964;0.03439497947692871
0.2132970094680786;0.03357776999473572
0.20723730325698853;0.035418152809143066
0.20597252249717712;0.03319843113422394
0.20810577273368835;0.03174205869436264
0.20936506986618042;0.0310521200299263
0.21283316612243652;0.03392195701599121
0.21442461013793945;0.03331063687801361
0.20888659358024597;0.03293587267398834
0.21157050132751465;0.03422088176012039
0.21346202492713928;0.03168397396802902
0.2116585075855255;0.03241504728794098
0.20576141774654388;0.03196559101343155
0.20994704961776733;0.0338110476732254
0.21507081389427185;0.034176647663116455
0.21120941638946533;0.029915928840637207
0.20927764475345612;0.03453682363033295
0.21776065230369568;0.03528449684381485
0.21109378337860107;0.03547915816307068
0.21274279057979584;0.031833216547966
0.21433308720588684;0.03503292053937912
0.21321091055870056;0.03424700349569321
0.21363142132759094;0.03157950937747955
0.21610361337661743;0.033991605043411255
0.21884508430957794;0.03518050163984299
0.2155890315771103;0.033622391521930695
0.21483761072158813;0.0335858017206192
0.21249717473983765;0.03181913495063782
0.21039873361587524;0.03381962329149246
0.21131174266338348;0.03197944909334183
0.21589967608451843;0.03401482105255127
0.21138961613178253;0.031364329159259796
0.21775469183921814;0.034503571689128876
0.2115323543548584;0.033172085881233215
0.218004509806633;0.03588932752609253
0.21458923816680908;0.03263282775878906
0.2122580111026764;0.033065542578697205
0.21381494402885437;0.03278867155313492
0.21593189239501953;0.03354346752166748
0.2144559919834137;0.0351339653134346
0.21485790610313416;0.0345301628112793
0.2252957820892334;0.03574927896261215
0.2036510556936264;0.031107470393180847
0.21613013744354248;0.035531193017959595
0.21503093838691711;0.03641142696142197
0.21174439787864685;0.03468640148639679
0.2071162760257721;0.032254189252853394
0.21758267283439636;0.03627801686525345
0.21462617814540863;0.03399467468261719
0.21356335282325745;0.03276960551738739
0.20676499605178833;0.03065893054008484
0.21414560079574585;0.033435724675655365
0.2083413153886795;0.03220592439174652
0.2145392745733261;0.035229749977588654
0.2144155502319336;0.033984310925006866
0.2112244814634323;0.03460744023323059
0.20986735820770264;0.03291507065296173
0.20189490914344788;0.02970021218061447
0.21901774406433105;0.035847149789333344
0.20759522914886475;0.0332673117518425
0.20983527600765228;0.03011181950569153
0.2090788036584854;0.03148330748081207
0.21448923647403717;0.0343579426407814
0.21520696580410004;0.033204853534698486
0.20488864183425903;0.03256306052207947
0.20849335193634033;0.03216832876205444
0.21484588086605072;0.0344889760017395
0.21460121870040894;0.034012533724308014
0.21084856986999512;0.031675808131694794
0.21175166964530945;0.03355548530817032
0.21295540034770966;0.03348015993833542
0.2099980115890503;0.03137776255607605
0.2052231729030609;0.0326567217707634
0.2112906575202942;0.03334029018878937
0.2074717879295349;0.03048262745141983
0.22241522371768951;0.03469802439212799
0.2100033462047577;0.03355052322149277
0.21375305950641632;0.03408306837081909
0.20271852612495422;0.03128865361213684
0.21368631720542908;0.0330672487616539
0.206027090549469;0.031240791082382202
0.21300871670246124;0.034593768417835236
0.21482689678668976;0.03271251916885376
0.21153010427951813;0.0344247967004776
0.20734073221683502;0.03507441282272339
0.2217443883419037;0.03528164327144623
0.21618406474590302;0.03331487625837326
0.20415744185447693;0.031067371368408203
0.21517017483711243;0.034455955028533936
0.21067297458648682;0.030991464853286743
0.21203714609146118;0.03252483159303665
0.2120242416858673;0.03421097248792648
0.20328012108802795;0.03156310319900513
0.21867239475250244;0.0363004207611084
0.2117163985967636;0.03309294581413269
0.21155348420143127;0.031894050538539886
0.22196397185325623;0.03446051478385925
0.2214774340391159;0.03446793556213379
0.20905745029449463;0.0329727977514267
0.20663391053676605;0.033067330718040466
0.21098792552947998;0.032916173338890076
0.21127399802207947;0.0324365571141243
0.21547478437423706;0.035711392760276794
0.2194444090127945;0.03778085857629776
0.20641310513019562;0.030903905630111694
0.2056012749671936;0.0323009192943573
0.21367190778255463;0.03597430884838104
0.20680835843086243;0.0347726047039032
0.2216685712337494;0.03738154470920563
0.21438507735729218;0.03406870365142822
0.2149408459663391;0.03483317047357559
0.21043840050697327;0.03333074599504471
0.2161417007446289;0.03438311070203781
0.2103666365146637;0.03174596279859543
0.21398302912712097;0.03433222323656082
0.21245215833187103;0.03156597912311554
0.2070469856262207;0.0334208682179451
0.2203383892774582;0.03654782474040985
0.2114080786705017;0.032496094703674316
0.21413645148277283;0.03305612504482269
0.20787082612514496;0.030741095542907715
0.21316352486610413;0.03211434930562973
0.20757725834846497;0.0315035879611969
0.21125014126300812;0.032741695642471313
0.21375998854637146;0.03318919241428375
0.21308138966560364;0.033205546438694
0.2153400182723999;0.03547597676515579
0.21352101862430573;0.03345701843500137
0.21601559221744537;0.03505301475524902
0.2180490642786026;0.0343329980969429
0.2188473641872406;0.03527075797319412
0.21441414952278137;0.03360070288181305
0.2026328146457672;0.03132661432027817
0.20976859331130981;0.031954966485500336
0.2075704038143158;0.03262173384428024
0.2196139693260193;0.03463932126760483
0.20481963455677032;0.03243491053581238
0.21419677138328552;0.033684827387332916
0.21616075932979584;0.034212253987789154
0.20991918444633484;0.032239630818367004
0.20889124274253845;0.03209070861339569
0.21670714020729065;0.03492008149623871
0.2114831805229187;0.030083999037742615
0.22313956916332245;0.035144105553627014
0.21002976596355438;0.0324234813451767
0.21139822900295258;0.03217858821153641
0.22436298429965973;0.03564287722110748
0.2130742371082306;0.03339119255542755
0.20430979132652283;0.03208896517753601
0.21683964133262634;0.03494501858949661
0.20780786871910095;0.03310985863208771
0.21387140452861786;0.033163413405418396
0.21092119812965393;0.03303604573011398
0.20762255787849426;0.03233814239501953
0.20510521531105042;0.03543724864721298
0.21723099052906036;0.0344068706035614
0.21818053722381592;0.03607814759016037
0.22097481787204742;0.03463996946811676
0.2116856575012207;0.03426947444677353
0.20625118911266327;0.03277985006570816
0.2087886780500412;0.034082598984241486
0.2060527801513672;0.030985817313194275
0.22207531332969666;0.037332162261009216
0.21245473623275757;0.032883673906326294
0.2097068428993225;0.03272087126970291
0.20324751734733582;0.03149782121181488
0.21648119390010834;0.0328863188624382
0.20877236127853394;0.0344548225402832
0.2189873456954956;0.03643207997083664
0.21711105108261108;0.03434203565120697
0.2206854522228241;0.035341374576091766
0.21371330320835114;0.033835045993328094
0.21144983172416687;0.03449345380067825
0.21537521481513977;0.03344433754682541
0.21366572380065918;0.034634076058864594
0.21412283182144165;0.035055384039878845
0.21351604163646698;0.03375621140003204
0.2076864093542099;0.0333576500415802
0.22742897272109985;0.0368163138628006
0.20631031692028046;0.032353825867176056
0.20961368083953857;0.03277605026960373
0.21295037865638733;0.03391915559768677
0.21469222009181976;0.035089753568172455
0.20782577991485596;0.031324632465839386
0.21151037514209747;0.034481652081012726
0.20926156640052795;0.03301481902599335
0.2051813155412674;0.03142669051885605
0.20995034277439117;0.03373677283525467
0.20393776893615723;0.02992880344390869
0.21034792065620422;0.03585699945688248
0.2147718369960785;0.03391356021165848
0.21060918271541595;0.033584460616111755
0.20997479557991028;0.03249281644821167
0.22106552124023438;0.03560744971036911
0.2060723453760147;0.03196318447589874
0.21782147884368896;0.035623498260974884
0.2151380181312561;0.03376437723636627
0.21944446861743927;0.033954039216041565
0.21394798159599304;0.033185385167598724
0.21751117706298828;0.03176715970039368
0.2131739854812622;0.03234728425741196
0.20881913602352142;0.03173571825027466
0.2173251062631607;0.032973483204841614
0.20611301064491272;0.033144786953926086
0.21638402342796326;0.03533424437046051
0.2087070643901825;0.03186758607625961
0.20743393898010254;0.03487975150346756
0.21374249458312988;0.034834012389183044
0.2083592563867569;0.034333325922489166
0.2117091715335846;0.03210251033306122
0.21754297614097595;0.034623414278030396
0.21989046037197113;0.03589150309562683
0.21814903616905212;0.036658309400081635
0.21322327852249146;0.03366733342409134
0.2101348638534546;0.03436712920665741
0.2101922184228897;0.034121543169021606
0.21391744911670685;0.034661196172237396
0.20584362745285034;0.03368562459945679
0.2138483077287674;0.034528471529483795
0.21717265248298645;0.034690238535404205
0.21826815605163574;0.03517758101224899
0.21097323298454285;0.03258489817380905
0.22186854481697083;0.0346967875957489
0.21778103709220886;0.03339708596467972
0.2162216603755951;0.035150133073329926
0.21399818360805511;0.035362206399440765
0.2197435349225998;0.03407970070838928
0.21092107892036438;0.034139469265937805
0.21416905522346497;0.03401423245668411
0.2079755663871765;0.035564035177230835
0.20567752420902252;0.03068104386329651
0.21714773774147034;0.03457433730363846
0.20530034601688385;0.030930504202842712
0.2143910825252533;0.034999340772628784
0.2113187313079834;0.0311737060546875
0.21091824769973755;0.03125126659870148
0.21727564930915833;0.036514200270175934
0.2077907919883728;0.03212658315896988
0.21730156242847443;0.03520578145980835
0.21272282302379608;0.033802613615989685
0.21817302703857422;0.034005068242549896
0.20876315236091614;0.03295449912548065
0.21795818209648132;0.03559061884880066
0.21144387125968933;0.033846981823444366
0.21505117416381836;0.0320618599653244
0.21548663079738617;0.036217860877513885
0.21704913675785065;0.03605743497610092
0.20777475833892822;0.032219499349594116
0.21629585325717926;0.03402024507522583
0.21080684661865234;0.03308983892202377
0.21111714839935303;0.033472396433353424
0.21455860137939453;0.03513658791780472
0.21344390511512756;0.03669394552707672
0.21229274570941925;0.03293825685977936
0.2158251702785492;0.03502131253480911
0.21564838290214539;0.03514803200960159
0.2162037491798401;0.0350494384765625
0.222406804561615;0.03495243936777115
0.211848184466362;0.0329287052154541
0.21421512961387634;0.03436800837516785
0.21579819917678833;0.03290533274412155
0.21459481120109558;0.032617270946502686
0.21365509927272797;0.03513520210981369
0.20865899324417114;0.03382616490125656
0.2145405411720276;0.033580929040908813
0.2160317748785019;0.03292243182659149
0.21120132505893707;0.032913804054260254
0.2109050750732422;0.03341807425022125
0.21647995710372925;0.034144192934036255
0.2141549438238144;0.03545317053794861
0.20651549100875854;0.03188404440879822
0.20833513140678406;0.03156636655330658
0.21788126230239868;0.036964401602745056
0.2219158262014389;0.03467851132154465
0.21186688542366028;0.0314842164516449
0.21180406212806702;0.033592499792575836
0.20301306247711182;0.03270077705383301
0.20838648080825806;0.03211820125579834
0.2212747037410736;0.03673895448446274
0.2141222357749939;0.035719528794288635
0.22106005251407623;0.03806758671998978
0.207630455493927;0.034138552844524384
0.22044283151626587;0.03579002618789673
0.2115541398525238;0.031237520277500153
0.21121376752853394;0.03370696306228638
0.21416324377059937;0.03503336012363434
0.21980494260787964;0.03473788499832153
0.21763554215431213;0.03542433679103851
0.20973533391952515;0.03426238149404526
0.21399641036987305;0.03346849977970123
0.2178936004638672;0.03411407768726349
0.2068270742893219;0.03199818730354309
0.22519415616989136;0.03736454248428345
0.2139788419008255;0.03492550551891327
0.21413704752922058;0.03178098052740097
0.2162645161151886;0.0340757817029953
0.21683034300804138;0.03678380697965622
0.21202079951763153;0.03279877454042435
0.21152521669864655;0.03513447940349579
0.21899902820587158;0.03273481875658035
0.22036805748939514;0.03439968824386597
0.21660572290420532;0.031297534704208374
0.21127556264400482;0.033052586019039154
0.21243754029273987;0.03338480740785599
0.2085033357143402;0.0342283695936203
0.2131749838590622;0.033986978232860565
0.20854659378528595;0.03704438358545303
0.2180723249912262;0.03457693010568619
0.21465128660202026;0.034792400896549225
0.2096312940120697;0.03205583989620209
0.20892420411109924;0.032046057283878326
0.21942633390426636;0.037324562668800354
0.20952607691287994;0.03235980123281479
0.21835437417030334;0.03659813106060028
0.21035243570804596;0.0346798375248909
0.22463002800941467;0.03618752956390381
0.21198469400405884;0.03335591405630112
0.2215132713317871;0.03330734372138977
0.21363969147205353;0.03380030393600464
0.20984113216400146;0.03397834300994873
0.2180725336074829;0.03595217317342758
0.21033841371536255;0.03226900100708008
0.2242405265569687;0.0348900631070137
0.20875215530395508;0.031422726809978485
0.21423345804214478;0.03515089303255081
0.21100685000419617;0.03488169610500336
0.21522283554077148;0.03557007759809494
0.22092267870903015;0.03351379930973053
0.21437452733516693;0.03249219059944153
0.2071148157119751;0.0300593301653862
0.2074519246816635;0.032919593155384064
0.21681030094623566;0.03438471257686615
0.2209336906671524;0.0371343195438385
0.22144702076911926;0.036806218326091766
0.20958971977233887;0.0323336198925972
0.21556855738162994;0.03602336347103119
0.21700812876224518;0.036439813673496246
0.21802383661270142;0.035568512976169586
0.2112228274345398;0.032216593623161316
0.2193067967891693;0.03498882055282593
0.20567665994167328;0.031697459518909454
0.2128227800130844;0.0342770591378212
0.22479817271232605;0.03586703538894653
0.21423813700675964;0.035112977027893066
0.20542757213115692;0.030713438987731934
0.20344895124435425;0.03098437935113907
0.21075882017612457;0.03294342756271362
0.20852038264274597;0.03130882978439331
0.20755140483379364;0.03464965522289276
0.20973020792007446;0.03167407214641571
0.2195797562599182;0.03443809598684311
0.21968404948711395;0.03642832487821579
0.21096700429916382;0.031454019248485565
0.21790876984596252;0.035901814699172974
0.20767134428024292;0.03248295933008194
0.20998650789260864;0.03303828090429306
0.21302354335784912;0.03360815346240997
0.21719060838222504;0.03478216379880905
0.21370676159858704;0.03379549831151962
0.21266499161720276;0.03361499309539795
0.20884454250335693;0.032729193568229675
0.21016527712345123;0.03285965323448181
0.22146987915039062;0.037777967751026154
0.20241102576255798;0.03175260126590729
0.2079470306634903;0.033628493547439575
0.22252285480499268;0.035637907683849335
0.21007601916790009;0.029595069587230682
0.21351748704910278;0.03440071642398834
0.20639385282993317;0.03213968873023987
0.22025801241397858;0.035624854266643524
0.2076115608215332;0.033556900918483734
0.20698127150535583;0.03239152580499649
0.22147628664970398;0.037115342915058136
0.21539415419101715;0.03160839527845383
0.22204743325710297;0.0359821543097496
0.22187814116477966;0.03565419465303421
0.20883938670158386;0.03206327557563782
0.20828023552894592;0.035070084035396576
0.21015623211860657;0.03143348544836044
0.21604734659194946;0.032474055886268616
0.21283793449401855;0.03307883441448212
0.2153695523738861;0.0349469855427742
0.215587317943573;0.03633258491754532
0.2113848626613617;0.03223256766796112
0.20941078662872314;0.03454864025115967
0.21048881113529205;0.03300628066062927
0.2069595456123352;0.03325102478265762
0.21328769624233246;0.033756375312805176
0.2136833816766739;0.034208640456199646
0.2113627791404724;0.032499030232429504
0.21167096495628357;0.032094307243824005
0.20952481031417847;0.032814256846904755
0.21591505408287048;0.03235232084989548
0.22045809030532837;0.03597339987754822
0.2076614797115326;0.03138051927089691
0.21761256456375122;0.032537929713726044
0.20792198181152344;0.034133993089199066
0.21515411138534546;0.03559008985757828
0.21230927109718323;0.033616162836551666
0.21145084500312805;0.03449039161205292
0.2105981856584549;0.03358091413974762
0.2098461389541626;0.03260382264852524
0.2072017788887024;0.03399233520030975
0.217210054397583;0.035306960344314575
0.206278458237648;0.03146248310804367
0.2130632847547531;0.03475300222635269
0.20989276468753815;0.03455362468957901
0.21557997167110443;0.03480594605207443
0.2242315113544464;0.03704693168401718
0.2102726548910141;0.03126746416091919
0.20976126194000244;0.031985968351364136
0.2028091698884964;0.03180093318223953
0.20924383401870728;0.03312794864177704
0.21689659357070923;0.03436961770057678
0.21513429284095764;0.03360322117805481
0.2155807465314865;0.03564321994781494
0.2124856412410736;0.034333810210227966
0.22684350609779358;0.04009675979614258
0.22166243195533752;0.0361357256770134
0.21227127313613892;0.03332112729549408
0.21619871258735657;0.034558750689029694
0.21119126677513123;0.03505140542984009
0.21718165278434753;0.03605230897665024
0.2125919610261917;0.03474171459674835
0.2037445604801178;0.03260818123817444
0.2180270552635193;0.03544974327087402
0.20863831043243408;0.031564801931381226
0.21329620480537415;0.0338410884141922
0.2169986367225647;0.03414642810821533
0.21552543342113495;0.03249003738164902
0.20797529816627502;0.034108273684978485
0.2145642340183258;0.03281509131193161
0.2117394059896469;0.03420208394527435
0.21889710426330566;0.03459325432777405
0.20950530469417572;0.03368479758501053
0.20775547623634338;0.03367536514997482
0.21286547183990479;0.03330335021018982
0.21438340842723846;0.03258093446493149
0.21319544315338135;0.03295217454433441
0.22069832682609558;0.03427020460367203
0.20515984296798706;0.029954776167869568
0.22094888985157013;0.03639315068721771
0.2093508243560791;0.034387052059173584
0.21044807136058807;0.03704021871089935
0.21222452819347382;0.03328444063663483
0.20860493183135986;0.03156532347202301
0.2178712785243988;0.03586091101169586
0.20361854135990143;0.03155940771102905
0.2157643735408783;0.03391547501087189
0.20847389101982117;0.03443029522895813
0.21346744894981384;0.036117300391197205
0.21763812005519867;0.03546183556318283
0.22308339178562164;0.034094102680683136
0.2131967544555664;0.034991636872291565
0.21773800253868103;0.03529924154281616
0.20849491655826569;0.031409457325935364
0.2179151177406311;0.03553846478462219
0.2157672941684723;0.033427439630031586
0.21311055123806;0.031873881816864014
0.20831432938575745;0.03180420398712158
0.2079654335975647;0.03364495187997818
0.21653060615062714;0.03689442574977875
0.20948821306228638;0.03363841772079468
0.21150530874729156;0.03232254087924957
0.21440500020980835;0.03285330533981323
0.215632826089859;0.03565371781587601
0.20717991888523102;0.031174436211586
0.21599411964416504;0.034115470945835114
0.21020787954330444;0.035322099924087524
0.21116438508033752;0.03370038419961929
0.21349382400512695;0.03594100475311279
0.2138470709323883;0.034177765250205994
0.20323553681373596;0.032576724886894226
0.2210870236158371;0.03442525863647461
0.21397145092487335;0.03285343199968338
0.22039398550987244;0.03450342267751694
0.21915240585803986;0.03536126762628555
0.21841031312942505;0.03354114294052124
0.2054387629032135;0.033922985196113586
0.22280189394950867;0.03693718463182449
0.209483340382576;0.03556141257286072
0.2157830446958542;0.034772105515003204
0.21324996650218964;0.0335845947265625
0.2070097029209137;0.0326450914144516
0.21009686589241028;0.035105764865875244
0.20126190781593323;0.03279171884059906
0.218954935669899;0.037273406982421875
0.21071113646030426;0.031579211354255676
0.20856249332427979;0.033207185566425323
0.20609566569328308;0.032147571444511414
0.22184082865715027;0.03456887602806091
0.20991745591163635;0.03424440324306488
0.21096260845661163;0.03367193788290024
0.2049250304698944;0.03137480467557907
0.21055719256401062;0.033055827021598816
0.20801113545894623;0.032183676958084106
0.21297955513000488;0.034948401153087616
0.2110867202281952;0.034607045352458954
0.21096289157867432;0.0324728786945343
0.2114311307668686;0.03243378549814224
0.21242567896842957;0.03317329287528992
0.21013900637626648;0.03194615989923477
0.2060544490814209;0.03144539147615433
0.2105565369129181;0.032811716198921204
0.22356247901916504;0.03562747687101364
0.20535868406295776;0.03100225329399109
0.21151936054229736;0.03541255742311478
0.20421499013900757;0.030976466834545135
0.21502482891082764;0.03359363228082657
0.20399963855743408;0.030764393508434296
0.2176857888698578;0.03816676139831543
0.2109648883342743;0.03231087327003479
0.21643245220184326;0.035028889775276184
0.2154736965894699;0.032334066927433014
0.21112053096294403;0.034972600638866425
0.21052715182304382;0.031108856201171875
0.21981316804885864;0.034109391272068024
0.20988771319389343;0.03383356332778931
0.21346153318881989;0.0354091078042984
0.2178659290075302;0.035699740052223206
0.21126051247119904;0.03447069972753525
0.21863499283790588;0.0375862792134285
0.21147774159908295;0.0330355241894722
0.21226322650909424;0.03198845684528351
0.21298521757125854;0.03274780511856079
0.21873441338539124;0.03336648643016815
0.20954838395118713;0.03200170397758484
0.22068427503108978;0.036342278122901917
0.21370653808116913;0.03186250478029251
0.20500090718269348;0.03286832571029663
0.20419076085090637;0.03248519450426102
0.2116934061050415;0.032001689076423645
0.20725375413894653;0.033898577094078064
0.21449768543243408;0.035163894295692444
0.20822449028491974;0.03542221337556839
0.21547678112983704;0.03390273451805115
0.2083951234817505;0.03265943378210068
0.20780661702156067;0.030088968575000763
0.2124330699443817;0.032001569867134094
0.20542360842227936;0.03205493837594986
0.2225790023803711;0.035055018961429596
0.20293989777565002;0.029877834022045135
0.21391889452934265;0.03516937792301178
0.21183037757873535;0.033072181046009064
0.20870810747146606;0.033892638981342316
0.21700400114059448;0.03468697518110275
0.20805123448371887;0.033791862428188324
0.21238571405410767;0.03505599498748779
0.2169974148273468;0.03377830237150192
0.20778822898864746;0.03180279582738876
0.21652093529701233;0.03289634734392166
0.20430774986743927;0.033072084188461304
0.21447500586509705;0.03424724191427231
0.20985810458660126;0.03191906958818436
0.2199416160583496;0.0347043052315712
0.2161894589662552;0.03593894839286804
0.21749484539031982;0.03488386422395706
0.21673403680324554;0.034684792160987854
0.20487946271896362;0.030741490423679352
0.20888182520866394;0.0329284593462944
0.2254658341407776;0.037442646920681
0.21257656812667847;0.0335802361369133
0.21523983776569366;0.03421073406934738
0.21958628296852112;0.037269070744514465
0.20712900161743164;0.03128233551979065
0.20800943672657013;0.03292253613471985
0.21687699854373932;0.03170796483755112
0.22209790349006653;0.03585522621870041
0.21957673132419586;0.035606950521469116
0.20627322793006897;0.031305134296417236
0.21144236624240875;0.03141102194786072
0.20808327198028564;0.03224645555019379
0.20146790146827698;0.030705615878105164
0.2059016227722168;0.03283075988292694
0.2146720439195633;0.03429195284843445
0.21172812581062317;0.0339202806353569
0.21243613958358765;0.03196196258068085
0.20391234755516052;0.030433595180511475
0.20907753705978394;0.031946875154972076
0.2127675712108612;0.03342995047569275
0.21917074918746948;0.034405484795570374
0.20855115354061127;0.03399643301963806
0.21189194917678833;0.03251869976520538
0.2118045687675476;0.03384704887866974
0.20629934966564178;0.03290816396474838
0.21056005358695984;0.033568061888217926
0.2030724585056305;0.030404135584831238
0.2187955379486084;0.036062270402908325
0.2065499722957611;0.03214859962463379
0.2086595892906189;0.032281965017318726
0.21562150120735168;0.0353267639875412
0.20223331451416016;0.031162746250629425
0.2028336226940155;0.030810415744781494
0.20404163002967834;0.031125210225582123
0.21267738938331604;0.03271026909351349
0.21188460290431976;0.03119196742773056
0.20548929274082184;0.031164243817329407
0.21490801870822906;0.03446667641401291
0.21417294442653656;0.03481043875217438
0.21019630134105682;0.032171040773391724
0.21364010870456696;0.033467359840869904
0.2207152545452118;0.03484600782394409
0.2145998775959015;0.03300583362579346
0.21303795278072357;0.032784029841423035
0.2149384468793869;0.032825127243995667
0.211309015750885;0.03668719530105591
0.2197701632976532;0.03650385141372681
0.21919873356819153;0.033365026116371155
0.2150808870792389;0.03374569118022919
0.210652694106102;0.03345292806625366
0.21779149770736694;0.03496213257312775
0.21415463089942932;0.035994671285152435
0.20947793126106262;0.03278829902410507
0.20511792600154877;0.029561281204223633
0.21957693994045258;0.03517457842826843
0.22189021110534668;0.033822908997535706
0.2217576801776886;0.03692156821489334
0.21110862493515015;0.033298611640930176
0.2117229849100113;0.032550081610679626
0.2133983075618744;0.03399250656366348
0.21587273478507996;0.035574108362197876
0.21149936318397522;0.03339802473783493
0.21267807483673096;0.03510851413011551
0.2102922797203064;0.03415299206972122
0.2252984195947647;0.04022831469774246
0.21266961097717285;0.03425873816013336
0.21809548139572144;0.03375081717967987
0.21760836243629456;0.034250929951667786
0.21019621193408966;0.03431021422147751
0.20187079906463623;0.030486926436424255
0.20953497290611267;0.033038362860679626
0.20681186020374298;0.03168046474456787
0.21015776693820953;0.03435583412647247
0.2119866907596588;0.034681789577007294
0.21437644958496094;0.0325993150472641
0.21774008870124817;0.035026103258132935
0.2110007405281067;0.03206411004066467
0.21053415536880493;0.03274937719106674
0.21913757920265198;0.034300632774829865
0.22218461334705353;0.03885514289140701
0.21291610598564148;0.03443729132413864
0.20885613560676575;0.03354525566101074
0.2205023169517517;0.03533443063497543
0.22094692289829254;0.03599609434604645
0.2070247232913971;0.032327719032764435
0.2080521285533905;0.03209540247917175
0.2089184820652008;0.03475765883922577
0.2095937877893448;0.031984843313694
0.213212788105011;0.035039372742176056
0.2066982388496399;0.031715407967567444
0.21287164092063904;0.03467988967895508
0.21306613087654114;0.035409361124038696
0.21699410676956177;0.033474698662757874
0.2042885422706604;0.030533507466316223
0.20843914151191711;0.030600912868976593
0.2176201343536377;0.037090688943862915
0.2103017419576645;0.03322470933198929
0.2088978886604309;0.03438039869070053
0.21158367395401;0.032785773277282715
0.2141309380531311;0.03513065725564957
0.214481383562088;0.032750204205513
0.21308963000774384;0.032377906143665314
0.20596840977668762;0.03364427387714386
0.2097858190536499;0.032193660736083984
0.2107330709695816;0.03356160968542099
0.21302783489227295;0.03419665992259979
0.2108650803565979;0.03525751084089279
0.20194809138774872;0.03096594661474228
0.2102632373571396;0.031468309462070465
0.2013445943593979;0.03251902759075165
0.21215860545635223;0.03360696882009506
0.21200816333293915;0.03538067638874054
0.2146480828523636;0.03412242233753204
0.21531623601913452;0.033909037709236145
0.21487979590892792;0.03284992277622223
0.21553575992584229;0.03344458341598511
0.20741578936576843;0.03457512706518173
0.21486736834049225;0.03326735645532608
0.20825418829917908;0.031313456594944
0.21328188478946686;0.03305962681770325
0.2149767279624939;0.03380082547664642
0.20892411470413208;0.031134575605392456
0.21657320857048035;0.03554998338222504
0.21454694867134094;0.03500627726316452
0.22205884754657745;0.03447714447975159
0.21388152241706848;0.03489378094673157
0.21321268379688263;0.032389238476753235
0.21677693724632263;0.034444600343704224
0.20500533282756805;0.029646724462509155
0.2183193862438202;0.03606966882944107
0.2097710371017456;0.033474043011665344
0.2160927951335907;0.03350846469402313
0.20394468307495117;0.030700229108333588
0.2037760466337204;0.03065616637468338
0.2082900106906891;0.03398101031780243
0.2010495364665985;0.033351168036460876
0.2213548719882965;0.03549053519964218
0.2146957963705063;0.03449191153049469
0.21702221035957336;0.034477874636650085
0.20974791049957275;0.03174911439418793
0.21471524238586426;0.03409075736999512
0.21879756450653076;0.0364493802189827
0.2131468653678894;0.031376056373119354
0.21101060509681702;0.034043073654174805
0.21492785215377808;0.035756416618824005
0.2120298445224762;0.0333857536315918
0.21830177307128906;0.03279542922973633
0.20736320316791534;0.03281188756227493
0.21680274605751038;0.03610997647047043
0.2243853658437729;0.03651028126478195
0.21164441108703613;0.032003775238990784
0.20772705972194672;0.029289230704307556
0.20826759934425354;0.031805574893951416
0.2156999260187149;0.035548485815525055
0.2187674343585968;0.03344173729419708
0.20710527896881104;0.03224417567253113
0.2036433219909668;0.03055451065301895
0.21365967392921448;0.03346773982048035
0.21614685654640198;0.03321729600429535
0.21181420981884003;0.03304215520620346
0.21249836683273315;0.032555244863033295
0.21682792901992798;0.03606758266687393
0.21637855470180511;0.03593069314956665
0.20896218717098236;0.03206557780504227
0.21079520881175995;0.03127202391624451
0.208257794380188;0.03243047744035721
0.20256587862968445;0.02959822118282318
0.21135544776916504;0.0331047847867012
0.21289950609207153;0.03595510870218277
0.21794825792312622;0.032441601157188416
0.2053130567073822;0.029209434986114502
0.20890378952026367;0.03544639050960541
0.21205145120620728;0.0334053710103035
0.2175060361623764;0.034060172736644745
0.21902289986610413;0.03341420739889145
0.20730021595954895;0.03286449611186981
0.20845651626586914;0.03348023444414139
0.20587392151355743;0.03389909118413925
0.20836085081100464;0.03067915141582489
0.2230805903673172;0.03684771806001663
0.20713898539543152;0.032076649367809296
0.21635966002941132;0.03437333554029465
0.20745155215263367;0.0332532674074173
0.21261845529079437;0.032758988440036774
0.22253206372261047;0.033863380551338196
0.21456006169319153;0.03345457464456558
0.21526584029197693;0.03597097843885422
0.20946845412254333;0.03388044238090515
0.213110089302063;0.03365340828895569
0.21733325719833374;0.033994369208812714
0.21424822509288788;0.034263335168361664
0.21925008296966553;0.03466343879699707
0.21941113471984863;0.0332726389169693
0.21238207817077637;0.03318452090024948
0.214640274643898;0.03355981409549713
0.21415403485298157;0.0350843146443367
0.21488404273986816;0.03494991362094879
0.21755120158195496;0.033435359597206116
0.20848336815834045;0.03186904639005661
0.21442365646362305;0.035677798092365265
0.21076712012290955;0.032442763447761536
0.2083190381526947;0.032440684735774994
0.2245786041021347;0.03578922152519226
0.2029094249010086;0.030596725642681122
0.20850074291229248;0.031337395310401917
0.20751284062862396;0.030523911118507385
0.20859575271606445;0.03174100071191788
0.21916165947914124;0.037245698273181915
0.21177801489830017;0.03290301561355591
0.20656859874725342;0.031954437494277954
0.21452921628952026;0.03340613842010498
0.21094107627868652;0.03390154242515564
0.20669516921043396;0.029837295413017273
0.21709200739860535;0.03565165400505066
0.2094518542289734;0.032447077333927155
0.211227148771286;0.03266874700784683
0.2158573716878891;0.033102862536907196
0.21008551120758057;0.03291937708854675
0.2056385725736618;0.03205382823944092
0.20768870413303375;0.03337223082780838
0.20683351159095764;0.032439932227134705
0.20745311677455902;0.03227498382329941
0.22142092883586884;0.03497730940580368
0.20924003422260284;0.032458700239658356
0.21123933792114258;0.0309160053730011
0.20824940502643585;0.03086518496274948
0.21405518054962158;0.03167896717786789
0.20731818675994873;0.031200222671031952
0.20210562646389008;0.029369331896305084
0.2155199944972992;0.03360269218683243
0.20568302273750305;0.029926031827926636
0.20943638682365417;0.03156238794326782
0.21659481525421143;0.03798072785139084
0.21041911840438843;0.03154883533716202
0.2102726697921753;0.03210259974002838
0.21337494254112244;0.03363047540187836
0.21550112962722778;0.03508416563272476
0.20074838399887085;0.03310436010360718
0.21296533942222595;0.03228624910116196
0.20721247792243958;0.03442595899105072
0.2202625423669815;0.036310963332653046
0.20165441930294037;0.031765639781951904
0.21769922971725464;0.032980382442474365
0.2145678997039795;0.03541145473718643
0.21407565474510193;0.03351972997188568
0.21266010403633118;0.032841891050338745
0.2159256786108017;0.03421735763549805
0.21162202954292297;0.034020550549030304
0.21054993569850922;0.03321252018213272
0.21426403522491455;0.03498338162899017
0.21004773676395416;0.032461561262607574
0.21314659714698792;0.032971106469631195
0.20767298340797424;0.03296147286891937
0.21507850289344788;0.03466936945915222
0.20712921023368835;0.03256244212388992
0.21611472964286804;0.03505498915910721
0.223774254322052;0.035504281520843506
0.20542201399803162;0.032927438616752625
0.21854764223098755;0.034159429371356964
0.214868426322937;0.03407813608646393
0.20812296867370605;0.03362707793712616
0.21669650077819824;0.03490600734949112
0.21460336446762085;0.0340164378285408
0.22473622858524323;0.03681229054927826
0.21069753170013428;0.03171180933713913
