err_mean;err_cos1;err_cos2;err_cos3
1.1330766677856445;0.2166595309972763;0.4957102835178375;1.024031400680542
0.154881551861763;0.06574908643960953;0.14433258771896362;0.12349075078964233
0.15449731051921844;0.06335093080997467;0.13706335425376892;0.1182369813323021
0.1531200259923935;0.06002449989318848;0.12967312335968018;0.10929391533136368
0.1538379043340683;0.061210572719573975;0.12800690531730652;0.10987820476293564
0.15653859078884125;0.06207232549786568;0.13216812908649445;0.11489937454462051
0.15591783821582794;0.059211816638708115;0.12829159200191498;0.1127501055598259
0.1546105146408081;0.060088157653808594;0.12745921313762665;0.11266499012708664
0.15496711432933807;0.06055903434753418;0.12835104763507843;0.11389364302158356
0.1536101996898651;0.0603240504860878;0.12684987485408783;0.1114133968949318
0.1540740579366684;0.059753455221652985;0.12761245667934418;0.11494901031255722
0.15545307099819183;0.06030500680208206;0.12868118286132812;0.10800818353891373
0.1561465710401535;0.05985395982861519;0.12966717779636383;0.10968979448080063
0.15703077614307404;0.05986141040921211;0.12803085148334503;0.10883989185094833
0.15704655647277832;0.05859433487057686;0.12656766176223755;0.10986077785491943
0.15542276203632355;0.059280361980199814;0.1259811818599701;0.11201596260070801
0.15699659287929535;0.05942504480481148;0.12543609738349915;0.10934697836637497
0.15596750378608704;0.05876711755990982;0.1256604790687561;0.10946362465620041
0.15504372119903564;0.058128722012043;0.12485142052173615;0.11257698386907578
0.15584595501422882;0.05873694643378258;0.12707947194576263;0.11344810575246811
0.15662746131420135;0.05892564728856087;0.12576305866241455;0.10737945139408112
0.15610624849796295;0.05834071710705757;0.12556366622447968;0.11107782274484634
0.15512864291667938;0.058918215334415436;0.12422139942646027;0.10330142825841904
0.1548341065645218;0.05886204168200493;0.12295009940862656;0.10091736167669296
0.15577028691768646;0.05997626855969429;0.12567482888698578;0.10203450918197632
0.15422259271144867;0.0603126659989357;0.12776978313922882;0.10363805294036865
0.1539672166109085;0.06034892797470093;0.12799452245235443;0.10362660884857178
0.15491925179958344;0.0603252612054348;0.12573747336864471;0.10432063788175583
0.1552267223596573;0.06027351692318916;0.12623357772827148;0.10633118450641632
0.15410825610160828;0.05957179144024849;0.12618820369243622;0.10603230446577072
0.15441377460956573;0.06036877632141113;0.12717171013355255;0.10626854747533798
0.1539330631494522;0.05951889976859093;0.12644337117671967;0.10521741211414337
0.154868945479393;0.05972396954894066;0.12636785209178925;0.10609688609838486
0.15336081385612488;0.05923941358923912;0.1246018186211586;0.10818808525800705
0.15532109141349792;0.05842696502804756;0.12315287441015244;0.10645303875207901
0.15579384565353394;0.05858658626675606;0.12238656729459763;0.10594423115253448
0.15679886937141418;0.05924961715936661;0.12287606298923492;0.10309888422489166
0.15636460483074188;0.05944595858454704;0.12459325790405273;0.10445152968168259
0.1554884910583496;0.05998591333627701;0.12452615797519684;0.10619194805622101
0.15492473542690277;0.058845628052949905;0.12328536808490753;0.10489147901535034
0.1557319164276123;0.059237994253635406;0.12286734580993652;0.10660221427679062
0.15495257079601288;0.059735216200351715;0.12367310374975204;0.10813422501087189
0.15404477715492249;0.0606597438454628;0.12575183808803558;0.1091243177652359
0.15402552485466003;0.059446003288030624;0.12464775890111923;0.10764207690954208
0.1529243290424347;0.05982885882258415;0.12513947486877441;0.10833396762609482
0.15265178680419922;0.06007213518023491;0.12613528966903687;0.10738890618085861
0.15148775279521942;0.060598742216825485;0.12779177725315094;0.10825928300619125
0.15191388130187988;0.060999732464551926;0.12856416404247284;0.1087072491645813
0.15287593007087708;0.060635775327682495;0.12664753198623657;0.10896053165197372
0.15314887464046478;0.06132107973098755;0.1272146999835968;0.10859262943267822
0.15375037491321564;0.06064903736114502;0.12646742165088654;0.10606250911951065
0.15437914431095123;0.060883115977048874;0.12592823803424835;0.10255374014377594
0.15441575646400452;0.05981482192873955;0.12564623355865479;0.10351436585187912
0.15661554038524628;0.059372831135988235;0.12576256692409515;0.10637278854846954
0.15630459785461426;0.05856133624911308;0.12505339086055756;0.10591457039117813
0.15464428067207336;0.058327626436948776;0.12391176074743271;0.10542726516723633
0.1550597846508026;0.05866911634802818;0.12385620921850204;0.10538142919540405
0.15538547933101654;0.05886262655258179;0.12214665859937668;0.10554306954145432
0.15544645488262177;0.0583648681640625;0.12269473075866699;0.10657987743616104
0.15587224066257477;0.05739817023277283;0.12225472927093506;0.10797999054193497
0.15420357882976532;0.057074178010225296;0.1220167800784111;0.10967268794775009
0.15531468391418457;0.05794452503323555;0.12401016056537628;0.11055620014667511
0.15536673367023468;0.058284055441617966;0.12346535176038742;0.1090507060289383
0.15540088713169098;0.058657314628362656;0.12331779301166534;0.11014329642057419
0.15559005737304688;0.05803726986050606;0.12183547019958496;0.108656145632267
0.15498767793178558;0.057605840265750885;0.12211872637271881;0.10992810875177383
0.15578489005565643;0.05852615833282471;0.12288415431976318;0.10780739784240723
0.1568533480167389;0.05805704742670059;0.12193433195352554;0.10752429813146591
0.1563713103532791;0.05747270584106445;0.12057065963745117;0.10408828407526016
0.1551758497953415;0.05761183425784111;0.12169473618268967;0.10360630601644516
0.1562623232603073;0.0594814196228981;0.12282810360193253;0.10490112751722336
0.1565501093864441;0.059728462249040604;0.12259218841791153;0.10511837154626846
0.15553081035614014;0.05997002124786377;0.12185507267713547;0.105861596763134
0.15656165778636932;0.05887913331389427;0.12137583643198013;0.10606902092695236
0.1555330604314804;0.05851009115576744;0.12114273756742477;0.10445640236139297
0.15535326302051544;0.058308329433202744;0.12177576869726181;0.10358186811208725
0.15547187626361847;0.05775545910000801;0.12081058323383331;0.10183234512805939
0.15582892298698425;0.05894837528467178;0.12415378540754318;0.10266783088445663
0.1556951254606247;0.0586710087954998;0.12432914227247238;0.104692243039608
0.15560679137706757;0.05882566049695015;0.12352893501520157;0.10443971306085587
0.1564335823059082;0.05955519899725914;0.1241074725985527;0.10908856242895126
0.1564580798149109;0.059683024883270264;0.12314563989639282;0.10736206918954849
0.15510737895965576;0.05910264328122139;0.12279432266950607;0.1072566881775856
0.15592627227306366;0.05954275652766228;0.12365350872278214;0.10815291851758957
0.1557156890630722;0.0590045228600502;0.12478964775800705;0.10787273943424225
0.15636245906352997;0.058691512793302536;0.1236080452799797;0.10411883890628815
0.15560460090637207;0.05919773504137993;0.12344139069318771;0.10376524925231934
0.15574364364147186;0.05848125368356705;0.12307821959257126;0.10444770008325577
0.15562433004379272;0.05810470134019852;0.12262754887342453;0.10483614355325699
0.15597212314605713;0.0569424033164978;0.12129495292901993;0.10512819141149521
0.15604892373085022;0.05752743035554886;0.12199266254901886;0.10344316065311432
0.15605445206165314;0.05917757377028465;0.12594081461429596;0.10562553256750107
0.15348105132579803;0.05882485583424568;0.12607944011688232;0.10768862068653107
0.1545315384864807;0.05832080915570259;0.12490379065275192;0.10389774292707443
0.1545574814081192;0.058026399463415146;0.12454158067703247;0.10437653213739395
0.1541205793619156;0.0573917031288147;0.12271149456501007;0.1030435562133789
0.15445123612880707;0.05808178335428238;0.12411067634820938;0.10333099216222763
0.15400201082229614;0.05765029415488243;0.12407578527927399;0.10575368255376816
0.1522490233182907;0.05738600715994835;0.12129252403974533;0.1030130386352539
0.1535726636648178;0.05826811119914055;0.12080959230661392;0.10270173847675323
0.15315544605255127;0.05793505907058716;0.12046656757593155;0.10501797497272491
0.15175111591815948;0.05818108469247818;0.12217121571302414;0.10474153608083725
0.15207724273204803;0.0588332824409008;0.12388632446527481;0.10493192821741104
0.15348011255264282;0.0593680702149868;0.12357138842344284;0.10594242811203003
0.15279421210289001;0.05849044397473335;0.12207149714231491;0.10644342750310898
0.15311911702156067;0.05842842534184456;0.12271064519882202;0.1083708330988884
0.15479274094104767;0.05873347446322441;0.12318861484527588;0.10519184917211533
0.15592633187770844;0.057749271392822266;0.1220758780837059;0.10618872940540314
0.15506334602832794;0.05842025205492973;0.12294041365385056;0.10589151829481125
0.15408849716186523;0.05879943445324898;0.12444233894348145;0.10670317709445953
0.15448656678199768;0.058381833136081696;0.12456274032592773;0.1082213893532753
0.15461072325706482;0.05881049856543541;0.12461548298597336;0.10744722932577133
0.15400910377502441;0.05933089181780815;0.12475085258483887;0.10705796629190445
0.15544116497039795;0.05885875225067139;0.12453454732894897;0.10655219852924347
0.15690945088863373;0.058805834501981735;0.12433049827814102;0.10688380151987076
0.1556096374988556;0.05730782821774483;0.12292354553937912;0.10688970237970352
0.15572412312030792;0.057156600058078766;0.12264781445264816;0.10739722102880478
0.15538357198238373;0.05752676725387573;0.1230340525507927;0.10713481158018112
0.15769325196743011;0.05813373997807503;0.12278566509485245;0.10396857559680939
0.1571330428123474;0.05883210897445679;0.12200727313756943;0.10290932655334473
0.15554869174957275;0.05771797522902489;0.12152359634637833;0.10519659519195557
0.15524140000343323;0.059307124465703964;0.12496819347143173;0.11048682034015656
0.15551915764808655;0.05850278213620186;0.1252753585577011;0.10487952083349228
0.15523570775985718;0.05939443036913872;0.12499766796827316;0.10426514595746994
0.15549056231975555;0.059675414115190506;0.1246071383357048;0.10172877460718155
0.15550068020820618;0.05897446349263191;0.12556852400302887;0.10451872646808624
0.15495947003364563;0.05963090807199478;0.1272362321615219;0.10532472282648087
0.1549336314201355;0.058424174785614014;0.12522085011005402;0.10460712015628815
0.1541600078344345;0.058606427162885666;0.124406598508358;0.10448376089334488
0.1552332639694214;0.057565994560718536;0.1225232481956482;0.10509293526411057
0.15500704944133759;0.058080364018678665;0.12082772701978683;0.10156817734241486
0.1573253571987152;0.058486152440309525;0.12286871671676636;0.1003958210349083
0.15627294778823853;0.058644916862249374;0.12475631386041641;0.10509717464447021
0.15735048055648804;0.05903654173016548;0.12322143465280533;0.10264747589826584
0.15604662895202637;0.05768510326743126;0.12279035896062851;0.10114937275648117
0.155847430229187;0.057345449924468994;0.12184283882379532;0.10184228420257568
0.15559878945350647;0.056505072861909866;0.120866559445858;0.09927242994308472
0.15535831451416016;0.056822605431079865;0.12267593294382095;0.10301106423139572
0.1541062444448471;0.05694367364048958;0.12416726350784302;0.10590177029371262
0.15503902733325958;0.056498367339372635;0.12174426764249802;0.10561875253915787
0.15303820371627808;0.057675428688526154;0.1225338950753212;0.10743057727813721
0.15448831021785736;0.05651582032442093;0.12202326208353043;0.10573404282331467
0.15503333508968353;0.056786663830280304;0.12200075387954712;0.10680659115314484
0.15527747571468353;0.057028044015169144;0.12191479653120041;0.1054500862956047
0.15675412118434906;0.0567401647567749;0.12253399938344955;0.10790636390447617
0.15831446647644043;0.057142771780490875;0.12292154133319855;0.10870162397623062
0.15585172176361084;0.05637561157345772;0.12092435359954834;0.10135336220264435
0.15394292771816254;0.058009859174489975;0.12329371273517609;0.10289459675550461
0.1537540704011917;0.05781605839729309;0.12330339103937149;0.10344936698675156
0.1541159600019455;0.05928162485361099;0.12372839450836182;0.1043628677725792
0.15489359200000763;0.05984487757086754;0.12266045063734055;0.10385234653949738
0.15623247623443604;0.05901997163891792;0.1239909902215004;0.10025911778211594
0.1558527797460556;0.05855583772063255;0.12304890155792236;0.10493388026952744
0.15668445825576782;0.056782316416502;0.12265121936798096;0.10509204119443893
0.15600387752056122;0.05734710767865181;0.12226146459579468;0.10348091274499893
0.1559654325246811;0.0585344098508358;0.12346737831830978;0.10706260055303574
0.15527483820915222;0.05861358717083931;0.12456822395324707;0.10829740017652512
0.15526579320430756;0.06003379449248314;0.12439930438995361;0.10334189236164093
0.15242035686969757;0.05908733233809471;0.1230318546295166;0.10128603130578995
0.15237759053707123;0.05857207998633385;0.12347989529371262;0.10541396588087082
0.15298549830913544;0.05852228403091431;0.123243048787117;0.10077587515115738
0.15244074165821075;0.058142878115177155;0.12290535122156143;0.10295156389474869
0.1541934311389923;0.05766075849533081;0.12148144096136093;0.10130023211240768
0.15701933205127716;0.057325828820466995;0.11993732303380966;0.10659866780042648
0.15555468201637268;0.057653822004795074;0.12293782085180283;0.10513609647750854
0.15743190050125122;0.05778498202562332;0.12148483842611313;0.10176219791173935
0.1557137370109558;0.056439246982336044;0.11924369633197784;0.10288947820663452
0.15453673899173737;0.05672585964202881;0.12000129371881485;0.10691900551319122
0.1558079570531845;0.05690732225775719;0.12140066921710968;0.10235269367694855
0.15700876712799072;0.05664223060011864;0.12111695110797882;0.1038677915930748
0.15773706138134003;0.05768495798110962;0.12019949406385422;0.10157425701618195
0.15670044720172882;0.058466698974370956;0.1224440485239029;0.1025654599070549
0.15584532916545868;0.05818741396069527;0.12231500446796417;0.10344328731298447
0.15528956055641174;0.05803420767188072;0.12270396947860718;0.10322451591491699
0.15459401905536652;0.056900013238191605;0.12080172449350357;0.10421643406152725
0.15347051620483398;0.05769910290837288;0.12257061153650284;0.10643861442804337
0.15420113503932953;0.05606653913855553;0.12009155750274658;0.10525383055210114
0.1543854922056198;0.05717097595334053;0.12267186492681503;0.10770978778600693
0.15684445202350616;0.057681333273649216;0.12182988971471786;0.10561948269605637
0.15603123605251312;0.05844186618924141;0.12333934754133224;0.10569291561841965
0.15647192299365997;0.05964275822043419;0.12481319904327393;0.1039167195558548
0.15318170189857483;0.0596124529838562;0.12508241832256317;0.10315747559070587
0.15401922166347504;0.057568132877349854;0.12173286825418472;0.1024806872010231
0.15489481389522552;0.05766028165817261;0.12106502056121826;0.10305795818567276
0.1561853438615799;0.057808853685855865;0.1210327073931694;0.10375163704156876
0.1543385535478592;0.058204758912324905;0.12252407521009445;0.10148359835147858
0.15423057973384857;0.058021485805511475;0.12323969602584839;0.10425765812397003
0.15347979962825775;0.057168539613485336;0.12069535255432129;0.103395976126194
0.15513192117214203;0.0580279715359211;0.12323993444442749;0.10454902797937393
0.15546634793281555;0.05859128385782242;0.12513922154903412;0.10428068786859512
0.15644621849060059;0.05868496373295784;0.12512707710266113;0.10445912927389145
0.15462307631969452;0.05713224411010742;0.12184323370456696;0.1035800501704216
0.15656700730323792;0.05775986239314079;0.1232290267944336;0.10392153263092041
0.15761339664459229;0.05898022651672363;0.12549977004528046;0.10416801273822784
0.15725909173488617;0.05915895849466324;0.12238910049200058;0.10033664852380753
0.15528491139411926;0.05787639692425728;0.12258104234933853;0.10209400951862335
0.15697495639324188;0.058603327721357346;0.12010109424591064;0.10112454742193222
0.15858188271522522;0.05791129544377327;0.11928459256887436;0.1036188155412674
0.15669207274913788;0.05738341808319092;0.11819484084844589;0.1034049391746521
0.1563674956560135;0.05751694366335869;0.12115581333637238;0.10324879735708237
0.15740258991718292;0.05856422334909439;0.12321634590625763;0.10553496330976486
0.15569458901882172;0.05871007591485977;0.12315850704908371;0.10610401630401611
0.15732793509960175;0.05898536369204521;0.12215304374694824;0.10443557798862457
0.1553553342819214;0.058315541595220566;0.12206440418958664;0.10348838567733765
0.15548960864543915;0.058900605887174606;0.12367139011621475;0.10383222252130508
0.1561545729637146;0.05800818279385567;0.12300872802734375;0.10387616604566574
0.1554868072271347;0.05898698791861534;0.12283718585968018;0.10600705444812775
0.1566898077726364;0.05894893407821655;0.12158431857824326;0.10198264569044113
0.15696954727172852;0.05897556617856026;0.12379415333271027;0.1029156967997551
0.15550456941127777;0.058115582913160324;0.12203766405582428;0.10119006782770157
0.15686987340450287;0.060059886425733566;0.12405034154653549;0.10140011459589005
0.15524473786354065;0.058865565806627274;0.124021016061306;0.10159976780414581
0.15328684449195862;0.058608829975128174;0.12343011051416397;0.10373242199420929
0.15571631491184235;0.058920037001371384;0.12347199022769928;0.1038656234741211
0.15614807605743408;0.059206318110227585;0.12210060656070709;0.09971565008163452
0.155068501830101;0.05770999193191528;0.12164413928985596;0.10327454656362534
0.15503831207752228;0.059727855026721954;0.12332834303379059;0.10324294865131378
0.15595081448554993;0.059941768646240234;0.12465234100818634;0.10319659858942032
0.15481708943843842;0.058904003351926804;0.12314876168966293;0.10280761867761612
0.1549762338399887;0.05823824927210808;0.12288542091846466;0.10524462908506393
0.15579573810100555;0.058227747678756714;0.12280315160751343;0.10324497520923615
0.1535942405462265;0.05982976779341698;0.12287267297506332;0.1029241681098938
0.1541263908147812;0.05912470445036888;0.1254429817199707;0.10497834533452988
0.15507836639881134;0.057727184146642685;0.1219223141670227;0.10289200395345688
0.15494482219219208;0.05723441764712334;0.11993163079023361;0.10502765327692032
0.15474872291088104;0.0565975196659565;0.11938665062189102;0.10309141129255295
0.15411041676998138;0.05842987820506096;0.12122185528278351;0.10288532823324203
0.1554923951625824;0.058077123016119;0.12136204540729523;0.1026868000626564
0.15576761960983276;0.05730518326163292;0.11841490119695663;0.10145191103219986
0.15688501298427582;0.05884815379977226;0.12221374362707138;0.10376598685979843
0.15696251392364502;0.05914507433772087;0.12189538776874542;0.10284099727869034
0.1560564488172531;0.058295827358961105;0.12075599282979965;0.10175979137420654
0.1545678824186325;0.05816162750124931;0.12089870125055313;0.09841465204954147
0.15478169918060303;0.05858984589576721;0.12097331136465073;0.09953764081001282
0.15436725318431854;0.05854516103863716;0.12126554548740387;0.10031910240650177
0.15387094020843506;0.05842059850692749;0.1195652037858963;0.1025124192237854
0.15418478846549988;0.05912747606635094;0.12154244631528854;0.10196327418088913
0.15587039291858673;0.05988683924078941;0.1220623254776001;0.10170202702283859
0.1564769595861435;0.0586249940097332;0.12229540199041367;0.1004527360200882
0.155480295419693;0.058678414672613144;0.12290854752063751;0.10179318487644196
0.15425416827201843;0.05825712904334068;0.12357574701309204;0.10436149686574936
0.15476925671100616;0.0571962408721447;0.12177418917417526;0.10358791798353195
0.1553739756345749;0.05826658755540848;0.12178750336170197;0.10318231582641602
0.15558062493801117;0.058769095689058304;0.12277577072381973;0.10537618398666382
0.15573206543922424;0.05886628106236458;0.12133079022169113;0.10157163441181183
0.15709173679351807;0.059456318616867065;0.12255337089300156;0.10005348175764084
0.15655331313610077;0.05922968313097954;0.12245340645313263;0.10449013859033585
0.15463411808013916;0.05914807319641113;0.12186300754547119;0.10504890978336334
0.15446297824382782;0.05840585380792618;0.12097492069005966;0.10559699684381485
0.15466445684432983;0.056280214339494705;0.1199902817606926;0.10958846658468246
0.15510480105876923;0.05688796192407608;0.1213068887591362;0.1067638173699379
0.15449069440364838;0.05679976940155029;0.12143446505069733;0.11063303798437119
0.15790821611881256;0.05694648623466492;0.11926781386137009;0.10528800636529922
0.15750527381896973;0.05848374962806702;0.12192964553833008;0.10325776785612106
0.15608392655849457;0.05837119370698929;0.12209880352020264;0.10538952797651291
0.1582643836736679;0.05840769037604332;0.12251291424036026;0.1075751930475235
0.1557835191488266;0.05799773335456848;0.12067683041095734;0.10590054094791412
0.15737633407115936;0.05777903273701668;0.12137305736541748;0.10470762103796005
0.15595141053199768;0.057728078216314316;0.1204373836517334;0.10667230933904648
0.15686550736427307;0.05946230888366699;0.12403519451618195;0.10556961596012115
0.15455786883831024;0.05865347385406494;0.12303586304187775;0.10674744844436646
0.15337343513965607;0.05813487991690636;0.12232513725757599;0.10755348205566406
0.15470610558986664;0.05946319177746773;0.12492622435092926;0.10846418142318726
0.15713092684745789;0.05936874821782112;0.12484364956617355;0.10540828853845596
0.1551503688097;0.05929932743310928;0.12339966744184494;0.10344648361206055
0.15431250631809235;0.058315277099609375;0.12344735860824585;0.10601551830768585
0.1536778211593628;0.05863715335726738;0.123120978474617;0.10701934248209
0.1536090224981308;0.058171968907117844;0.12259749323129654;0.10269619524478912
0.15421853959560394;0.058924295008182526;0.1241329237818718;0.10361498594284058
0.1547534465789795;0.05883539468050003;0.12311041355133057;0.10594310611486435
0.15486116707324982;0.05876265838742256;0.12437287718057632;0.10354544967412949
0.15561074018478394;0.058601077646017075;0.12258099764585495;0.1048504114151001
0.15552423894405365;0.05941709503531456;0.12288238853216171;0.09869008511304855
0.1546483337879181;0.059572912752628326;0.12244758754968643;0.10247062891721725
0.15604160726070404;0.05920019373297691;0.12318561226129532;0.1011202484369278
0.15517322719097137;0.05890772491693497;0.12293697893619537;0.10102291405200958
0.15638786554336548;0.0595819354057312;0.12408500164747238;0.10188748687505722
0.1555090695619583;0.058298420161008835;0.12205807119607925;0.1036454439163208
0.15629445016384125;0.05883561447262764;0.12240620702505112;0.10066507011651993
0.15428602695465088;0.05992255359888077;0.12643037736415863;0.1064956933259964
0.15519355237483978;0.05991548299789429;0.12291651219129562;0.10363327711820602
0.15673984587192535;0.059532906860113144;0.12067574262619019;0.10302083939313889
0.15510700643062592;0.05954555422067642;0.12029142677783966;0.1022014245390892
0.1537172943353653;0.059563782066106796;0.12165436893701553;0.10558130592107773
0.15381155908107758;0.05870953947305679;0.11877381801605225;0.10061877965927124
0.1552276462316513;0.059427082538604736;0.12057981640100479;0.101262167096138
0.15512512624263763;0.05975322052836418;0.12292797863483429;0.10476376861333847
0.15409919619560242;0.058630336076021194;0.12172716110944748;0.10440657287836075
0.1549033224582672;0.057882606983184814;0.12377513945102692;0.10454314947128296
0.15387192368507385;0.058172475546598434;0.1249157190322876;0.10548166185617447
0.15407799184322357;0.05685845762491226;0.1199696809053421;0.10504777729511261
0.15534698963165283;0.056674253195524216;0.12133999168872833;0.10578717291355133
0.1541956514120102;0.05796129256486893;0.12372308224439621;0.10617506504058838
0.15347902476787567;0.05852431058883667;0.12285572290420532;0.10439293831586838
0.15578779578208923;0.05854959040880203;0.1222567930817604;0.10566156357526779
0.15702234208583832;0.05922043323516846;0.12227119505405426;0.10273637622594833
0.15478666126728058;0.05833721160888672;0.12175088375806808;0.1026388630270958
0.1550474911928177;0.05830376222729683;0.12260591238737106;0.1050974652171135
0.15700095891952515;0.05860483646392822;0.12200479954481125;0.10298044979572296
0.15462534129619598;0.0580027811229229;0.12131024897098541;0.10528800636529922
0.1527647227048874;0.05757071450352669;0.12038188427686691;0.10651566833257675
0.15454207360744476;0.05697188526391983;0.11887198686599731;0.10423862934112549
0.1539841592311859;0.0577562153339386;0.12062294781208038;0.10642774403095245
0.15702123939990997;0.05879181623458862;0.11956646293401718;0.10075946152210236
0.15532927215099335;0.05775846168398857;0.11926950514316559;0.10100299119949341
0.15766693651676178;0.05879896506667137;0.12171103805303574;0.10157036781311035
0.1551017463207245;0.05905519053339958;0.12285914272069931;0.1026374101638794
0.1571674644947052;0.05825294181704521;0.11995289474725723;0.10242704302072525
0.15475605428218842;0.056162893772125244;0.11990170925855637;0.10589747875928879
0.15348640084266663;0.05654580518603325;0.12202856689691544;0.10602978616952896
0.1553977131843567;0.057934023439884186;0.12262094020843506;0.1042371317744255
0.15520989894866943;0.058340638875961304;0.12124130874872208;0.1031416654586792
0.153926819562912;0.057833101600408554;0.1227397471666336;0.10724140703678131
0.15314844250679016;0.05745222046971321;0.12261873483657837;0.10341458767652512
0.1529517024755478;0.05785645171999931;0.12361178547143936;0.10537492483854294
0.15355025231838226;0.05675600841641426;0.12297028303146362;0.10613439232110977
0.15448598563671112;0.05730758234858513;0.12203911691904068;0.10094153881072998
0.1550901085138321;0.05844484642148018;0.12133081257343292;0.10007604211568832
0.15372370183467865;0.057805705815553665;0.12154712527990341;0.10222426801919937
0.15379588305950165;0.05708463117480278;0.12073218822479248;0.10427321493625641
0.15388770401477814;0.056720953434705734;0.12107229232788086;0.10581028461456299
0.15540555119514465;0.05721926689147949;0.12079685181379318;0.10538911074399948
0.15550056099891663;0.0582047700881958;0.12129554897546768;0.10368003696203232
0.15616655349731445;0.05760616809129715;0.11976999044418335;0.10116678476333618
0.15391400456428528;0.05855070427060127;0.1216043159365654;0.10313387215137482
0.154565691947937;0.05838162824511528;0.12188469618558884;0.10480183362960815
0.15588627755641937;0.057031452655792236;0.12130127102136612;0.1056598573923111
0.1554010659456253;0.057962965220212936;0.12196921557188034;0.10519280284643173
0.15383963286876678;0.058541297912597656;0.12273049354553223;0.10496649891138077
0.1544722616672516;0.05975641682744026;0.1253623217344284;0.10321234911680222
0.15585258603096008;0.059695202857255936;0.12505006790161133;0.10119934380054474
0.15442731976509094;0.0583779476583004;0.12087056785821915;0.09943675994873047
0.15362684428691864;0.05775279551744461;0.12083075195550919;0.0988541767001152
0.15613515675067902;0.058019667863845825;0.12077637761831284;0.10122957080602646
0.15613412857055664;0.05929991230368614;0.12234129756689072;0.1012657880783081
0.15409506857395172;0.05850943922996521;0.12291448563337326;0.10452045500278473
0.15426503121852875;0.058166857808828354;0.12462649494409561;0.1050930768251419
0.15434245765209198;0.058628786355257034;0.12491395324468613;0.10560286045074463
0.15449035167694092;0.05805842950940132;0.12257827818393707;0.10378456115722656
0.15494365990161896;0.058759428560733795;0.12368208169937134;0.1033753901720047
0.1551160216331482;0.05836791917681694;0.12360087782144547;0.10366914421319962
0.15373317897319794;0.05831198766827583;0.12360783666372299;0.10298717021942139
0.15420694649219513;0.0586504302918911;0.12240751087665558;0.10443619638681412
0.15668879449367523;0.05762872099876404;0.12258107960224152;0.10545360296964645
0.15471279621124268;0.05817415937781334;0.12154493480920792;0.10718093067407608
0.15549524128437042;0.058323539793491364;0.12431522458791733;0.10409263521432877
0.15694351494312286;0.05798451229929924;0.12207932770252228;0.1051926389336586
0.15804889798164368;0.05728253349661827;0.11959266662597656;0.10311758518218994
0.15708628296852112;0.05879918485879898;0.12244527786970139;0.10556540638208389
0.15694493055343628;0.05905476212501526;0.12158343940973282;0.10244514793157578
0.15762363374233246;0.058018624782562256;0.12193544954061508;0.1022452637553215
0.1556357592344284;0.05769355222582817;0.12105493992567062;0.10133626312017441
0.15572278201580048;0.059406548738479614;0.12359163910150528;0.10233571380376816
0.1529306024312973;0.05763155221939087;0.12260156869888306;0.10596051067113876
0.15291762351989746;0.05764191225171089;0.12434089183807373;0.10870227962732315
0.15395303070545197;0.05681787058711052;0.12188208103179932;0.10213720798492432
0.1540970504283905;0.058067191392183304;0.12261813133955002;0.10284409672021866
0.15351107716560364;0.05802742764353752;0.12294752895832062;0.10361039638519287
0.15364353358745575;0.05928577110171318;0.12494605779647827;0.10380183905363083
0.15202710032463074;0.05868569761514664;0.12341383844614029;0.10736242681741714
0.15335963666439056;0.05874831601977348;0.124441958963871;0.10409381240606308
0.15384969115257263;0.058789338916540146;0.12280362099409103;0.10304256528615952
0.15512602031230927;0.05931656435132027;0.12272908538579941;0.10533794015645981
0.156416654586792;0.05717244744300842;0.12140750139951706;0.10334091633558273
0.15443797409534454;0.05824049934744835;0.12357135117053986;0.10542254894971848
0.154486283659935;0.05819389969110489;0.123415008187294;0.10514076054096222
0.1556076854467392;0.05925565958023071;0.12475746124982834;0.10297485440969467
0.15550017356872559;0.05789072439074516;0.11979327350854874;0.10035376995801926
0.15687857568264008;0.05851801112294197;0.12508951127529144;0.1056525856256485
0.15674486756324768;0.05927238613367081;0.12477264553308487;0.10182712227106094
0.1551177203655243;0.058862436562776566;0.12450561672449112;0.1042100116610527
0.15676359832286835;0.05935537442564964;0.12420354038476944;0.10128390789031982
0.15448231995105743;0.05959981307387352;0.12321501970291138;0.10165518522262573
0.15255935490131378;0.05885424092411995;0.12153565138578415;0.10433492809534073
0.15306971967220306;0.057964034378528595;0.11936593055725098;0.1047864705324173
0.15355248749256134;0.0582595057785511;0.11944033950567245;0.10558073967695236
0.15537360310554504;0.058094125241041183;0.12190667539834976;0.10747718065977097
0.15277962386608124;0.05811537057161331;0.1204601302742958;0.10538893938064575
0.15399809181690216;0.057144880294799805;0.12042584270238876;0.10534770786762238
0.15523386001586914;0.05849083885550499;0.1230250746011734;0.10386323183774948
0.15491841733455658;0.05742765590548515;0.12256895750761032;0.10387623310089111
0.15405865013599396;0.057464003562927246;0.12125289440155029;0.10295885056257248
0.15440276265144348;0.057876456528902054;0.12081196159124374;0.10037191212177277
0.15307673811912537;0.05709826573729515;0.1207801103591919;0.10033433884382248
0.1538289189338684;0.057275861501693726;0.11926736682653427;0.10088717937469482
0.15471933782100677;0.059549618512392044;0.12017744034528732;0.10029084980487823
0.1554720401763916;0.060720689594745636;0.1217494010925293;0.0999317616224289
0.15570519864559174;0.058959852904081345;0.12190818786621094;0.09955670684576035
0.155387744307518;0.058542151004076004;0.12172124534845352;0.10010483115911484
0.15289655327796936;0.05820052698254585;0.12326798588037491;0.10234536975622177
0.1525949239730835;0.0593111477792263;0.12453800439834595;0.10209210216999054
0.15105150640010834;0.06039170175790787;0.1259894222021103;0.10229642689228058
0.15247729420661926;0.05935310199856758;0.1234535202383995;0.10343624651432037
0.15400193631649017;0.058640360832214355;0.12359390407800674;0.10161235183477402
0.15324071049690247;0.05890822410583496;0.12339364737272263;0.10220556706190109
0.15241198241710663;0.05865166336297989;0.1236199140548706;0.10167808830738068
0.15386472642421722;0.059537388384342194;0.12321410328149796;0.10275452584028244
0.15358106791973114;0.0606568418443203;0.12313373386859894;0.10369672626256943
0.15260513126850128;0.05954107269644737;0.1240544319152832;0.1047048345208168
0.1540326625108719;0.05914367362856865;0.12569160759449005;0.10326018184423447
0.15256555378437042;0.05901072174310684;0.12382981926202774;0.10458967834711075
0.15477636456489563;0.05874431133270264;0.12199196964502335;0.10562677681446075
0.15463104844093323;0.05828733369708061;0.12010987848043442;0.10657785087823868
0.15519967675209045;0.05776022747159004;0.12072878330945969;0.10539648681879044
0.15466757118701935;0.05881983041763306;0.12040499597787857;0.1078774556517601
0.15481440722942352;0.058520473539829254;0.12087621539831161;0.10515045374631882
0.1531616896390915;0.05851055309176445;0.12087953090667725;0.10413254797458649
0.15403711795806885;0.05718402937054634;0.11700399219989777;0.10135767608880997
0.15485970675945282;0.05828512832522392;0.12153259664773941;0.10537989437580109
0.15479759871959686;0.058097150176763535;0.12193452566862106;0.10301214456558228
0.15515421330928802;0.05714109167456627;0.12060077488422394;0.10167675465345383
0.1533166468143463;0.05791057273745537;0.12149155139923096;0.10708598047494888
0.15342095494270325;0.05776415020227432;0.1215602308511734;0.10102086514234543
0.1558794230222702;0.05732542276382446;0.1216728463768959;0.10266381502151489
0.15605932474136353;0.058476436883211136;0.12372255325317383;0.10050173103809357
0.15531103312969208;0.058781947940588;0.12342395633459091;0.1039511114358902
0.15489661693572998;0.05867030844092369;0.12218505144119263;0.10612969845533371
0.15509895980358124;0.05647294595837593;0.11779139190912247;0.10390551388263702
0.15713654458522797;0.057773590087890625;0.11854338645935059;0.10042305290699005
0.15697604417800903;0.057428669184446335;0.11988659203052521;0.1026247888803482
0.15813247859477997;0.06012677028775215;0.12376027554273605;0.10325109958648682
0.15328733623027802;0.0581803098320961;0.12188970297574997;0.10154930502176285
0.15138237178325653;0.05880218371748924;0.12173514813184738;0.1021844670176506
0.15251679718494415;0.058280088007450104;0.11867169290781021;0.10004258155822754
0.15195226669311523;0.0587114654481411;0.12152474373579025;0.10156073421239853
0.15253205597400665;0.057793986052274704;0.12038542330265045;0.10168612003326416
0.1534871906042099;0.057676076889038086;0.12054171413183212;0.1004195362329483
0.15276746451854706;0.05820810794830322;0.12082061916589737;0.09870486706495285
0.15438692271709442;0.05758444219827652;0.12043213844299316;0.10173220932483673
0.1544487327337265;0.05630307272076607;0.11923245340585709;0.10381435602903366
0.15304501354694366;0.058276236057281494;0.11994069814682007;0.10281948000192642
0.15431776642799377;0.05903707817196846;0.12252912670373917;0.10022854059934616
0.1559779942035675;0.05870065838098526;0.1227341890335083;0.10430071502923965
0.1536659449338913;0.058837175369262695;0.12145572155714035;0.10295666754245758
0.15483534336090088;0.05853036791086197;0.12029879540205002;0.10212273895740509
0.15313661098480225;0.05879147723317146;0.12021040916442871;0.10110407322645187
0.15366505086421967;0.05816007778048515;0.11947740614414215;0.09834521263837814
0.15410248935222626;0.05844106897711754;0.12056614458560944;0.09773095697164536
0.1520700752735138;0.0578683577477932;0.12147307395935059;0.10120179504156113
0.15372303128242493;0.05852949619293213;0.12441902607679367;0.10434956848621368
0.15254716575145721;0.05795051530003548;0.12240518629550934;0.10342512279748917
0.1515624076128006;0.05848606303334236;0.12278077751398087;0.10419454425573349
0.15342187881469727;0.058710891753435135;0.12227044254541397;0.10499048233032227
0.15384699404239655;0.05825168639421463;0.11990680545568466;0.1032533273100853
0.15269894897937775;0.058365531265735626;0.12029647082090378;0.10764718055725098
0.1530592292547226;0.05871599540114403;0.12089671194553375;0.10493606328964233
0.15409256517887115;0.05909780412912369;0.11974962055683136;0.10344218462705612
0.15363039076328278;0.05869026109576225;0.12061040848493576;0.10815928131341934
0.15423065423965454;0.05859024077653885;0.12141474336385727;0.10187739133834839
0.15342973172664642;0.057783134281635284;0.1184612289071083;0.1031387597322464
0.15412591397762299;0.05933147668838501;0.1216711550951004;0.10382852703332901
0.15293346345424652;0.05832773447036743;0.12103448063135147;0.10473370552062988
0.15258094668388367;0.05759301409125328;0.12017934769392014;0.10533048957586288
0.1540524810552597;0.05886688455939293;0.1220455914735794;0.10478673130273819
0.15483717620372772;0.059023916721343994;0.12087589502334595;0.10285840183496475
0.15385980904102325;0.058276187628507614;0.12051882594823837;0.10222867876291275
0.15499603748321533;0.058730658143758774;0.11803819984197617;0.099000945687294
0.1564992368221283;0.059790145605802536;0.11953015625476837;0.09953024238348007
0.1550043374300003;0.05876193195581436;0.11915125697851181;0.10294448584318161
0.15393386781215668;0.05894976854324341;0.1217951774597168;0.10287325829267502
0.15405984222888947;0.05791344866156578;0.11996292322874069;0.1026545912027359
0.1539083868265152;0.05815904214978218;0.12240338325500488;0.10267605632543564
0.15317197144031525;0.05864984542131424;0.121492400765419;0.10277701914310455
0.1535199135541916;0.057682812213897705;0.11944530159235;0.101628877222538
0.15453772246837616;0.05680247023701668;0.11730598658323288;0.09939222782850266
0.15342088043689728;0.05699741840362549;0.12162699550390244;0.10424929112195969
0.15482233464717865;0.0585344135761261;0.12334153801202774;0.10515308380126953
0.15568959712982178;0.059234391897916794;0.12328586727380753;0.10284844785928726
0.1580403596162796;0.05865136533975601;0.12379516661167145;0.10310731083154678
0.15654559433460236;0.058631133288145065;0.12248058617115021;0.1012701615691185
0.15723001956939697;0.05827174708247185;0.12219502776861191;0.10430645197629929
0.15873335301876068;0.0570947527885437;0.11984564363956451;0.10375211387872696
0.15866507589817047;0.05712386593222618;0.11921720951795578;0.10185360163450241
0.1571592390537262;0.057125963270664215;0.12157700210809708;0.10700856894254684
0.15642304718494415;0.057192493230104446;0.12098566442728043;0.10344626754522324
0.15667276084423065;0.0572526641190052;0.12188571691513062;0.10144992172718048
0.15730337798595428;0.058580946177244186;0.12205889075994492;0.10280163586139679
0.1553177684545517;0.05745255947113037;0.1206216812133789;0.10490979999303818
0.15459349751472473;0.058257054537534714;0.12312992662191391;0.10584932565689087
0.15382210910320282;0.058933526277542114;0.125203475356102;0.10126548260450363
0.1540530025959015;0.058549072593450546;0.1236414834856987;0.1042545810341835
0.15556859970092773;0.057550009340047836;0.12024576961994171;0.10627327114343643
0.1551329493522644;0.057480890303850174;0.11922993510961533;0.10472158342599869
0.15238015353679657;0.056655336171388626;0.11989329010248184;0.10226986557245255
0.15513168275356293;0.05835367366671562;0.12114056199789047;0.10666227340698242
0.1551474779844284;0.05791069194674492;0.11923690885305405;0.10459782183170319
0.15395663678646088;0.05830978974699974;0.12163064628839493;0.1018228679895401
0.15564438700675964;0.058920808136463165;0.12135796993970871;0.10143387317657471
0.15625214576721191;0.0585005059838295;0.12146758288145065;0.10256891697645187
0.15594953298568726;0.05874546989798546;0.12459786981344223;0.1037449985742569
0.15404747426509857;0.05824990198016167;0.12381406128406525;0.10512077808380127
0.15434588491916656;0.05707446485757828;0.12200548499822617;0.10595832020044327
0.15273992717266083;0.056900329887866974;0.12035715579986572;0.10406185686588287
0.15301263332366943;0.05832263454794884;0.11994422972202301;0.1042264848947525
0.15526488423347473;0.057532455772161484;0.12103128433227539;0.10603206604719162
0.15473203361034393;0.05845999717712402;0.12013854831457138;0.10541074723005295
0.15522561967372894;0.059295084327459335;0.11944156140089035;0.10211175680160522
0.154094859957695;0.05939040333032608;0.12048637121915817;0.10450054705142975
0.15319018065929413;0.05877596139907837;0.12161450833082199;0.10622181743383408
0.1541319489479065;0.058853186666965485;0.12405085563659668;0.10574760288000107
0.15631765127182007;0.05793792009353638;0.12083671241998672;0.10263478755950928
0.15783841907978058;0.058619774878025055;0.1231398805975914;0.10491801798343658
0.15779590606689453;0.05918901786208153;0.12271640449762344;0.10494282096624374
0.15670107305049896;0.05945723131299019;0.1232568547129631;0.10687205940485
0.1574530005455017;0.05735161527991295;0.11960414797067642;0.10491766035556793
0.15647606551647186;0.057914625853300095;0.12264277040958405;0.10364947468042374
0.15542522072792053;0.05720123276114464;0.1214452013373375;0.1022154912352562
0.1553170084953308;0.05824575573205948;0.12207217514514923;0.10157895088195801
0.15525570511817932;0.05784566327929497;0.12231748551130295;0.10314712673425674
0.15439285337924957;0.060310620814561844;0.1256360411643982;0.09988364577293396
0.15479861199855804;0.05903973802924156;0.12471883744001389;0.1028890386223793
0.15524128079414368;0.05950036272406578;0.1254737377166748;0.10437317937612534
0.15444576740264893;0.05889558792114258;0.12192614376544952;0.10189829021692276
0.15535156428813934;0.057161081582307816;0.12018807232379913;0.10298307985067368
0.154885396361351;0.057781606912612915;0.1217302456498146;0.10326192528009415
0.15394842624664307;0.059819579124450684;0.12154068797826767;0.1056179404258728
0.15488319098949432;0.05964922904968262;0.12231793254613876;0.10671164840459824
0.15278658270835876;0.05966091901063919;0.12132859230041504;0.1067878007888794
0.1528974175453186;0.058184195309877396;0.11875100433826447;0.10126318782567978
0.15353505313396454;0.05751776322722435;0.11979397386312485;0.09984695166349411
0.1532626450061798;0.05787372589111328;0.12193746864795685;0.10041715204715729
0.15474043786525726;0.057768579572439194;0.12320704758167267;0.10534453392028809
0.154928520321846;0.059113990515470505;0.12427514046430588;0.0994696244597435
0.15383146703243256;0.05876467749476433;0.1254930943250656;0.1056257113814354
0.15447993576526642;0.05713948234915733;0.12050683796405792;0.10473883152008057
0.15594159066677094;0.05825143679976463;0.12219829857349396;0.10281658172607422
0.1550331562757492;0.05830688402056694;0.12029240280389786;0.10702238231897354
0.15434451401233673;0.05854241922497749;0.12267015129327774;0.10510764271020889
0.15481634438037872;0.05910588428378105;0.12437738478183746;0.10821763426065445
0.15516464412212372;0.05860447883605957;0.12176012247800827;0.10510945320129395
0.15589164197444916;0.058617860078811646;0.12138145416975021;0.10460638999938965
0.15618394315242767;0.05866258218884468;0.12043636292219162;0.10296257585287094
0.15495221316814423;0.05986514315009117;0.12433832138776779;0.10292798280715942
0.15452693402767181;0.05869508907198906;0.12369152158498764;0.10142302513122559
0.15584783256053925;0.05916717275977135;0.12244974821805954;0.09916004538536072
0.15474119782447815;0.0587758794426918;0.12300632148981094;0.10333806276321411
0.15433847904205322;0.05874679237604141;0.12152843922376633;0.10366316884756088
0.15380077064037323;0.05953322723507881;0.12475056946277618;0.10617759078741074
0.15457111597061157;0.06021880730986595;0.12644489109516144;0.10464668273925781
0.1537671536207199;0.059005796909332275;0.1230330690741539;0.10571658611297607
0.15429532527923584;0.06015968322753906;0.12324748188257217;0.10186957567930222
0.15375454723834991;0.06003634259104729;0.12414214760065079;0.10182428359985352
0.15305253863334656;0.05923005938529968;0.12143329530954361;0.09841693192720413
0.15336540341377258;0.058428455144166946;0.12118347734212875;0.10241740196943283
0.15426547825336456;0.058735646307468414;0.12022339552640915;0.10451722145080566
0.15350531041622162;0.0597122423350811;0.12326651811599731;0.10725020617246628
0.15197886526584625;0.0588500089943409;0.12306022644042969;0.10533767193555832
0.15192900598049164;0.0584552176296711;0.12074720859527588;0.10124588012695312
0.15229415893554688;0.058910347521305084;0.12135231494903564;0.10172513872385025
0.15173617005348206;0.058756496757268906;0.12175934761762619;0.1035115048289299
0.15305374562740326;0.05953489616513252;0.12442763149738312;0.1053759977221489
0.1547023504972458;0.05870858579874039;0.12306851148605347;0.10438477247953415
0.15345990657806396;0.058055926114320755;0.12053390592336655;0.10342314094305038
0.15415313839912415;0.05879516527056694;0.12164769321680069;0.10268115997314453
0.1554364114999771;0.059509921818971634;0.12372709810733795;0.10670435428619385
0.15475502610206604;0.05861574411392212;0.12470772117376328;0.10394307225942612
0.15525169670581818;0.059758711606264114;0.12484188377857208;0.10228299349546432
0.15532341599464417;0.05960242822766304;0.1237807497382164;0.1009705662727356
0.1559736728668213;0.05857232213020325;0.1207156702876091;0.10154756158590317
0.15752147138118744;0.05825969576835632;0.11989714950323105;0.10164046287536621
0.1568266898393631;0.058746337890625;0.12284111976623535;0.10371436923742294
0.15631632506847382;0.059137988835573196;0.1229090467095375;0.10158424824476242
0.15571890771389008;0.059537626802921295;0.12238018959760666;0.09991555660963058
0.15755978226661682;0.05909593775868416;0.12409719079732895;0.09951519221067429
0.15620040893554688;0.06019796058535576;0.12358405441045761;0.10312535613775253
0.15437743067741394;0.05882134661078453;0.12067363411188126;0.1026928648352623
0.15443721413612366;0.05806056782603264;0.11960969120264053;0.10290069878101349
0.15328776836395264;0.058397915214300156;0.12031739205121994;0.10282836109399796
0.1551586389541626;0.05866135284304619;0.12340271472930908;0.10283694416284561
0.15533940494060516;0.05895611271262169;0.12456845492124557;0.10554361343383789
0.15498188138008118;0.0576733723282814;0.12238837778568268;0.10594075173139572
0.15374545753002167;0.057465195655822754;0.12154176086187363;0.10394902527332306
0.15378886461257935;0.058097004890441895;0.1233135238289833;0.10544852167367935
0.15266267955303192;0.05833872780203819;0.12258489429950714;0.10585587471723557
0.15444955229759216;0.058260537683963776;0.12084932625293732;0.10452965646982193
0.15565161406993866;0.05732208490371704;0.11916186660528183;0.10214101523160934
0.15829049050807953;0.05834609270095825;0.12149055302143097;0.10289316624403
0.1562591791152954;0.05889182165265083;0.12253858894109726;0.10439999401569366
0.15630720555782318;0.058298636227846146;0.12251386791467667;0.10590877383947372
0.1557559072971344;0.0589115284383297;0.12417788803577423;0.10460716485977173
0.1555311232805252;0.05956263095140457;0.12312030792236328;0.10441026836633682
0.15721319615840912;0.05956386402249336;0.1242251917719841;0.10334084182977676
0.1560002565383911;0.058985162526369095;0.12343968451023102;0.10267546027898788
0.1554766446352005;0.05830574035644531;0.1232721209526062;0.1037261113524437
0.15475760400295258;0.05898457393050194;0.12392812967300415;0.10506149381399155
0.152763232588768;0.05877002701163292;0.12314961105585098;0.1049099788069725
0.1531635820865631;0.05885442718863487;0.12395651638507843;0.10585474222898483
0.1546064019203186;0.059052564203739166;0.12433773279190063;0.10148794949054718
0.15522001683712006;0.0592503547668457;0.12402410805225372;0.10342597961425781
0.1555747240781784;0.059894122183322906;0.12558968365192413;0.10641961544752121
0.15398314595222473;0.05878323316574097;0.12181563675403595;0.10150426626205444
0.1561078280210495;0.05860085412859917;0.1211012750864029;0.10229957103729248
0.15754158794879913;0.05883433297276497;0.11998359113931656;0.10123898833990097
0.1554570496082306;0.057454776018857956;0.12023971229791641;0.10222562402486801
0.15499572455883026;0.05772653967142105;0.12002404034137726;0.10273366421461105
0.1550040990114212;0.057894278317689896;0.11965186893939972;0.10224661976099014
0.15410299599170685;0.057585496455430984;0.12182395905256271;0.1056421548128128
0.15305519104003906;0.056412387639284134;0.1180981993675232;0.10023412853479385
0.15388323366641998;0.05752205476164818;0.12204122543334961;0.10656584799289703
0.1549142450094223;0.05848255380988121;0.12442293018102646;0.10339241474866867
0.15395024418830872;0.057547081261873245;0.12140972912311554;0.10555066913366318
0.15532660484313965;0.05797243118286133;0.12123849242925644;0.10654234141111374
0.1554417759180069;0.058058060705661774;0.11925601214170456;0.10258054733276367
0.15585055947303772;0.058841049671173096;0.12153911590576172;0.10071223229169846
0.15404760837554932;0.05811375379562378;0.12089035660028458;0.10029063373804092
0.15654246509075165;0.05822944641113281;0.11996288597583771;0.10132546722888947
0.15757864713668823;0.05931481346487999;0.12316282838582993;0.10423465073108673
0.15462930500507355;0.059652697294950485;0.12170238792896271;0.10652325302362442
0.1563546359539032;0.05904291942715645;0.12139894813299179;0.10513106733560562
0.15568141639232635;0.05733126401901245;0.11803325265645981;0.10267753899097443
0.1538792997598648;0.057158876210451126;0.11844382435083389;0.10439296811819077
0.1551944464445114;0.058929331600666046;0.12303435802459717;0.10395564883947372
0.15521875023841858;0.0596119649708271;0.12406144291162491;0.10474260151386261
0.1553431749343872;0.05874992534518242;0.12180375307798386;0.10152947902679443
0.153344988822937;0.0591924674808979;0.12307240813970566;0.10236503183841705
0.15175674855709076;0.05786758288741112;0.12155747413635254;0.1034923568367958
0.1555451601743698;0.05918840318918228;0.12510228157043457;0.10264106094837189
0.154457688331604;0.059607263654470444;0.1250137835741043;0.10277562588453293
0.1549338847398758;0.05897746607661247;0.1247376799583435;0.1038176566362381
0.15321475267410278;0.059392739087343216;0.12499481439590454;0.10678216069936752
0.1528230458498001;0.05934017896652222;0.12508344650268555;0.10801315307617188
0.15314574539661407;0.0594179593026638;0.12486250698566437;0.10359054058790207
0.1534164398908615;0.0585729256272316;0.1240224614739418;0.10425665229558945
0.15501336753368378;0.05867072567343712;0.1223706379532814;0.10393611341714859
0.15608716011047363;0.058418791741132736;0.1197737604379654;0.10362062603235245
0.15762053430080414;0.058873701840639114;0.12220289558172226;0.10395276546478271
0.15638457238674164;0.058713167905807495;0.1227308064699173;0.10569130629301071
0.1551164984703064;0.05755983665585518;0.1213541254401207;0.10597435384988785
0.1553255319595337;0.0578155517578125;0.12205415964126587;0.1058506965637207
0.15566718578338623;0.05739608034491539;0.12051539868116379;0.10496523231267929
0.15673406422138214;0.05851708725094795;0.12223882973194122;0.10528697073459625
0.15494303405284882;0.058431413024663925;0.12278465181589127;0.1036590114235878
0.15494190156459808;0.05866364762187004;0.12425165623426437;0.10286978632211685
0.15448395907878876;0.05837566778063774;0.1223301887512207;0.10412880033254623
0.15394456684589386;0.05823999270796776;0.12332995235919952;0.10254418104887009
0.15496034920215607;0.059036701917648315;0.12440941482782364;0.1051599532365799
0.15532498061656952;0.059390392154455185;0.12401988357305527;0.10481492429971695
0.15556001663208008;0.05839650705456734;0.12301100790500641;0.10039224475622177
0.15680381655693054;0.058835726231336594;0.12209346145391464;0.10227224975824356
0.15477223694324493;0.05813108757138252;0.12379965931177139;0.10550110787153244
0.15353037416934967;0.05839231237769127;0.12440285831689835;0.10393700748682022
0.15328235924243927;0.059007834643125534;0.12481861561536789;0.09947051852941513
0.15307164192199707;0.05743512138724327;0.12025716155767441;0.09965243935585022
0.1525653600692749;0.05748676136136055;0.12011667340993881;0.10214430093765259
0.1543981283903122;0.05833308771252632;0.12088152021169662;0.1002013087272644
0.15483184158802032;0.05854013189673424;0.1210615411400795;0.105870820581913
0.1555241197347641;0.05900880694389343;0.12248682230710983;0.10584380477666855
0.15445731580257416;0.05866692215204239;0.12258555740118027;0.10400722175836563
0.15393011271953583;0.05920005589723587;0.12217724323272705;0.1042230948805809
0.15567408502101898;0.05844968557357788;0.12156515568494797;0.10539503395557404
0.15328679978847504;0.058059919625520706;0.12152103334665298;0.10211700201034546
0.15309126675128937;0.057790376245975494;0.12182769924402237;0.10617893934249878
0.1523144394159317;0.05906473472714424;0.12246403843164444;0.10786346346139908
0.15127988159656525;0.05799774080514908;0.1201312318444252;0.10634682327508926
0.15304456651210785;0.05821797996759415;0.12017172574996948;0.10498650372028351
0.1536448746919632;0.05928989127278328;0.12206771224737167;0.10443325340747833
0.15264475345611572;0.05956938490271568;0.12058994919061661;0.1045931801199913
0.15569821000099182;0.05968206003308296;0.12061722576618195;0.10154315084218979
0.1549692004919052;0.059168633073568344;0.1224844679236412;0.10196644067764282
0.15475553274154663;0.059179116040468216;0.12428202480077744;0.09929265826940536
0.156353160738945;0.05947577580809593;0.12480204552412033;0.10314281284809113
0.1547008752822876;0.057770874351263046;0.12287302315235138;0.10187070816755295
0.15378892421722412;0.05827242136001587;0.1232949048280716;0.10312765091657639
0.15353594720363617;0.05914340168237686;0.12439880520105362;0.10164332389831543
0.15354321897029877;0.05858543515205383;0.12309060245752335;0.10327571630477905
0.15611925721168518;0.05934890732169151;0.12489445507526398;0.1061638817191124
0.15504090487957;0.059311725199222565;0.12378983944654465;0.1045711413025856
0.15318259596824646;0.05829918384552002;0.12368705123662949;0.10420205444097519
0.15429750084877014;0.05906558781862259;0.12368059158325195;0.10675118118524551
0.15508583188056946;0.058014120906591415;0.12338600307703018;0.10558420419692993
0.15384948253631592;0.058372702449560165;0.12191455811262131;0.10429447889328003
0.15401233732700348;0.05844351649284363;0.12164554744958878;0.10383015125989914
0.15369515120983124;0.05879313498735428;0.12129447609186172;0.10304560512304306
0.15430031716823578;0.05851137638092041;0.12205936759710312;0.10517682880163193
0.15469928085803986;0.05869266018271446;0.1219266876578331;0.10608198493719101
0.15234489738941193;0.058441877365112305;0.12272562086582184;0.10477602481842041
0.1550760716199875;0.05936053395271301;0.12451642006635666;0.10604720562696457
0.15539173781871796;0.058996886014938354;0.12590567767620087;0.10271525382995605
0.15340319275856018;0.05944123491644859;0.12451944500207901;0.10249209403991699
0.1535220593214035;0.05885988473892212;0.12220010906457901;0.10550902038812637
0.1525113433599472;0.05800358206033707;0.12160005420446396;0.10026108473539352
0.15376318991184235;0.05771791934967041;0.12196686118841171;0.10201907157897949
0.15477710962295532;0.05863073095679283;0.12239386141300201;0.1038949266076088
0.15505562722682953;0.05817057564854622;0.12421143054962158;0.10873104631900787
0.15321609377861023;0.05841149017214775;0.12432258576154709;0.10391123592853546
0.1531589776277542;0.05836090072989464;0.1233280822634697;0.10069148987531662
0.15446674823760986;0.058519043028354645;0.12085992097854614;0.10376442968845367
0.15327684581279755;0.05979137495160103;0.12132418155670166;0.10248314589262009
0.1548013687133789;0.059960491955280304;0.1252845972776413;0.10658963024616241
0.15389743447303772;0.05900285392999649;0.1231239065527916;0.10850226134061813
0.15396566689014435;0.058489032089710236;0.12158515304327011;0.10529513657093048
0.15314315259456635;0.05813990905880928;0.12175185978412628;0.10588239878416061
0.15417353808879852;0.05963459238409996;0.12250243872404099;0.10128279030323029
0.15457354485988617;0.05976659059524536;0.12361786514520645;0.10206373035907745
0.15450863540172577;0.058965981006622314;0.12272553890943527;0.10355011373758316
0.1528930962085724;0.05860936641693115;0.12182483822107315;0.10213305801153183
