err_mean;err_cos1;err_cos2;err_cos3
1.0370888710021973;0.32798144221305847;0.7457609176635742;1.1776008605957031
0.02450288087129593;0.022400563582777977;0.05326637253165245;0.07279028743505478
0.021560976281762123;0.017709827050566673;0.04048021510243416;0.04710308462381363
0.022120537236332893;0.016056228429079056;0.034117259085178375;0.040384937077760696
0.021603243425488472;0.014495640993118286;0.03465282544493675;0.037595320492982864
0.020964227616786957;0.013421519659459591;0.030328109860420227;0.036068614572286606
0.021149275824427605;0.014260157011449337;0.02845151536166668;0.03208882734179497
0.02090390771627426;0.013420593924820423;0.028414839878678322;0.026650864630937576
0.02207013964653015;0.01214404683560133;0.026730088517069817;0.026643985882401466
0.02128848247230053;0.012733987532556057;0.026845593005418777;0.02923649549484253
0.021556440740823746;0.010872527956962585;0.023519085720181465;0.02414381317794323
0.022814782336354256;0.010841548442840576;0.02225259318947792;0.02912953309714794
0.018844086676836014;0.01171845942735672;0.023053910583257675;0.02359393611550331
0.021147264167666435;0.010789090767502785;0.023816509172320366;0.021514728665351868
0.02105790190398693;0.011835293844342232;0.024266382679343224;0.02067411318421364
0.021827757358551025;0.011614332906901836;0.025840414687991142;0.023563338443636894
0.023227080702781677;0.011417376808822155;0.023384496569633484;0.02561955712735653
0.023306136950850487;0.011392639949917793;0.022633321583271027;0.021557440981268883
0.022967146709561348;0.011391140520572662;0.02117777429521084;0.021807152777910233
0.021436002105474472;0.010988838039338589;0.019973065704107285;0.020256275311112404
0.023353375494480133;0.011662663891911507;0.020745253190398216;0.02038673870265484
0.022404935210943222;0.010723563842475414;0.023191863670945168;0.02109701931476593
0.020625723525881767;0.010023288428783417;0.020089440047740936;0.018368497490882874
0.021672287955880165;0.009770678356289864;0.021425530314445496;0.02091938629746437
0.02265983819961548;0.01080248411744833;0.02149996906518936;0.023081516847014427
0.022215474396944046;0.011106488294899464;0.02161737158894539;0.02256867289543152
0.022392062470316887;0.01113739050924778;0.021113796159625053;0.023538220673799515
0.022546399384737015;0.011998146772384644;0.021421369165182114;0.021262962371110916
0.021267935633659363;0.010745653882622719;0.02167445234954357;0.020710235461592674
0.020498991012573242;0.01031783688813448;0.021096814423799515;0.018183309584856033
0.022154176607728004;0.010469570755958557;0.02021622844040394;0.019286710768938065
0.023320645093917847;0.010076619684696198;0.019899684935808182;0.017690597102046013
0.022783366963267326;0.0103745823726058;0.019691355526447296;0.017125992104411125
0.023076102137565613;0.010510210879147053;0.020435230806469917;0.017728149890899658
0.020989473909139633;0.009891717694699764;0.020127562806010246;0.015491852536797523
0.021582504734396935;0.01078477781265974;0.020614951848983765;0.016215795651078224
0.022405920550227165;0.011067050509154797;0.021505165845155716;0.019848449155688286
0.022594919428229332;0.0100707383826375;0.019781822338700294;0.019056253135204315
0.023285239934921265;0.01028094720095396;0.019774867221713066;0.018315229564905167
0.023356085643172264;0.010797659866511822;0.02030821703374386;0.016509899869561195
0.02175079472362995;0.010413490235805511;0.020068885758519173;0.017827436327934265
0.022522659972310066;0.010718049481511116;0.0216896440833807;0.014627823606133461
0.022659823298454285;0.010859725065529346;0.021634407341480255;0.016886627301573753
0.022370269522070885;0.011049381457269192;0.02127549797296524;0.01858048141002655
0.02325347438454628;0.01131062489002943;0.021669158712029457;0.016925273463129997
0.024351011961698532;0.011348092928528786;0.022181199863553047;0.018993033096194267
0.0233355313539505;0.010825705714523792;0.02177758514881134;0.01827487349510193
0.0231368038803339;0.010657073929905891;0.020802658051252365;0.01739957369863987
0.022689778357744217;0.010428047738969326;0.021727999672293663;0.01873830147087574
0.023664861917495728;0.010569489561021328;0.020634010434150696;0.017829615622758865
0.02356942556798458;0.010219019837677479;0.01894509606063366;0.016244037076830864
0.023277832195162773;0.009934283792972565;0.019575802609324455;0.01925916038453579
0.023612005636096;0.01069746632128954;0.01932666078209877;0.019626466557383537
0.02294766716659069;0.010440826416015625;0.01966729387640953;0.01797213964164257
0.025001347064971924;0.010635810904204845;0.019233841449022293;0.019677115604281425
0.024253621697425842;0.01079374086111784;0.018453314900398254;0.019330250099301338
0.022651484236121178;0.010550870560109615;0.019558129832148552;0.015149027109146118
0.021725550293922424;0.011178875342011452;0.019093740731477737;0.016961177811026573
0.021200554445385933;0.010767322964966297;0.018913043662905693;0.014989878050982952
0.020975187420845032;0.010267808102071285;0.018522456288337708;0.015041828155517578
0.020486338064074516;0.010057985782623291;0.01775287464261055;0.015373045578598976
0.021312523633241653;0.010299189947545528;0.016725413501262665;0.014207035303115845
0.021497657522559166;0.009490733034908772;0.01638505794107914;0.015142044983804226
0.021645981818437576;0.009881028905510902;0.017792247235774994;0.013905788771808147
0.02135634236037731;0.009421313181519508;0.016529619693756104;0.013986813835799694
0.022310741245746613;0.009625586681067944;0.01771809719502926;0.01621130108833313
0.02056555077433586;0.00906375516206026;0.018129801377654076;0.016968801617622375
0.022035127505660057;0.009221108630299568;0.01813551038503647;0.014970614574849606
0.02315780520439148;0.009331258945167065;0.018148979172110558;0.01596953347325325
0.02247239649295807;0.009916352108120918;0.018382465466856956;0.018791189417243004
0.0214158333837986;0.009687612764537334;0.0185683723539114;0.016985638067126274
0.02238345518708229;0.01027771271765232;0.019281266257166862;0.01993998885154724
0.021478839218616486;0.009907408617436886;0.018751630559563637;0.016981882974505424
0.020778095349669456;0.009563395753502846;0.01861783303320408;0.015937667340040207
0.020963778719305992;0.008833548985421658;0.01792985200881958;0.015623318031430244
0.02018907479941845;0.009011568501591682;0.016736673191189766;0.01603405736386776
0.019862093031406403;0.009113796055316925;0.017568564042448997;0.01483433973044157
0.01960296742618084;0.009276782162487507;0.01722971722483635;0.013205568306148052
0.019946929067373276;0.009947932325303555;0.018573133274912834;0.017404820770025253
0.02030712366104126;0.010298076085746288;0.01875244826078415;0.017236817628145218
0.020694667473435402;0.01002936065196991;0.018979324027895927;0.01470678485929966
0.019747629761695862;0.0090982960537076;0.017130596563220024;0.012901070527732372
0.021516146138310432;0.009940977208316326;0.018194586038589478;0.011258596554398537
0.020873844623565674;0.009600757621228695;0.019363490864634514;0.013246851973235607
0.02133886329829693;0.010776660405099392;0.019971618428826332;0.012457135133445263
0.020865803584456444;0.010262943804264069;0.01891617849469185;0.009850820526480675
0.02005132846534252;0.009287585504353046;0.016702452674508095;0.011168177239596844
0.020971758291125298;0.010317765176296234;0.01744251325726509;0.012501073069870472
0.02182769775390625;0.009643012657761574;0.017955780029296875;0.013081500306725502
0.021240441128611565;0.009459814988076687;0.01832996867597103;0.010851061902940273
0.022271696478128433;0.00972403772175312;0.01879284344613552;0.014196953736245632
0.022678658366203308;0.010062898509204388;0.017280003055930138;0.015499045141041279
0.02102201245725155;0.010152660310268402;0.016867810860276222;0.01294505875557661
0.02082345262169838;0.010131942108273506;0.01763896830379963;0.014927104115486145
0.02223099395632744;0.010591322556138039;0.01825588010251522;0.014580151997506618
0.021268371492624283;0.010621163062751293;0.01804877631366253;0.013598260469734669
0.02118273265659809;0.009751821868121624;0.01674482226371765;0.012698709964752197
0.021593326702713966;0.010187150910496712;0.01858331635594368;0.012756302021443844
0.020635144785046577;0.009801988489925861;0.01792321540415287;0.013026699423789978
0.021877381950616837;0.010164189152419567;0.017857832834124565;0.015025327913463116
0.021530376747250557;0.009559198282659054;0.01865273527801037;0.015054798685014248
0.02153857983648777;0.009854678995907307;0.018955959007143974;0.013017757795751095
0.02218153327703476;0.00950857438147068;0.01778416894376278;0.014831569977104664
0.024138985201716423;0.009118430316448212;0.016818616539239883;0.015010321512818336
0.02445491962134838;0.009684838354587555;0.01669866405427456;0.016599858179688454
0.02433067373931408;0.009285184554755688;0.01720622554421425;0.014452851377427578
0.023452920839190483;0.010067473165690899;0.01813955418765545;0.014698142185807228
0.022385669872164726;0.010147039778530598;0.018678288906812668;0.014343100599944592
0.022805217653512955;0.009869495406746864;0.01900431327521801;0.014787035994231701
0.022381840273737907;0.00961120892316103;0.018555454909801483;0.016574224457144737
0.022828955203294754;0.009763679467141628;0.0170514564961195;0.015326360240578651
0.02173018269240856;0.009972631931304932;0.016763104125857353;0.012001857161521912
0.023319317027926445;0.010338768362998962;0.01712070405483246;0.013432136736810207
0.024228228256106377;0.010360521264374256;0.017749177291989326;0.014535019174218178
0.023268451914191246;0.010728324763476849;0.018933245912194252;0.014218022115528584
0.022522447630763054;0.011120840907096863;0.020928168669342995;0.01567704789340496
0.023481570184230804;0.010427716188132763;0.01910027302801609;0.01630917191505432
0.021429868414998055;0.009439261630177498;0.017258986830711365;0.011394384317100048
0.022976983338594437;0.01006427314132452;0.017155857756733894;0.012143575586378574
0.02096710167825222;0.00931386649608612;0.016771240159869194;0.009492008946835995
0.02132917009294033;0.009544464759528637;0.01718350127339363;0.010866373777389526
0.02233186364173889;0.010438154451549053;0.01858973689377308;0.016013948246836662
0.022548936307430267;0.01067555695772171;0.01812976412475109;0.014967179857194424
0.021652815863490105;0.009868013672530651;0.017109431326389313;0.015945030376315117
0.02304874174296856;0.009815356694161892;0.01851727068424225;0.017797738313674927
0.023846019059419632;0.01040476281195879;0.02038775011897087;0.01734767109155655
0.023383457213640213;0.009313927963376045;0.017157098278403282;0.013266406022012234
0.02169400453567505;0.009957969188690186;0.01727771759033203;0.014277002774178982
0.021390587091445923;0.008318682201206684;0.014988216571509838;0.011247231625020504
0.02274228446185589;0.008501805365085602;0.015238109044730663;0.012133846059441566
0.021228916943073273;0.009725630283355713;0.01687646470963955;0.01325200218707323
0.020713485777378082;0.008868231438100338;0.01704525761306286;0.013940952718257904
0.021563885733485222;0.009594692848622799;0.017848899587988853;0.014043772593140602
0.022092947736382484;0.009797440841794014;0.016836702823638916;0.014393766410648823
0.02190297655761242;0.009668751619756222;0.015477403067052364;0.013996264897286892
0.022831792011857033;0.010005912743508816;0.01841309666633606;0.015330079011619091
0.024002762511372566;0.010378219187259674;0.018420401960611343;0.015923846513032913
0.02231314592063427;0.00928027369081974;0.018011275678873062;0.013978162780404091
0.023574505001306534;0.011551514267921448;0.021372336894273758;0.01855221949517727
0.023404648527503014;0.011200100183486938;0.02142503671348095;0.017705611884593964
0.021818317472934723;0.009767587296664715;0.017104391008615494;0.013877960853278637
0.022256601601839066;0.010592097416520119;0.01854085922241211;0.013583007268607616
0.022827712818980217;0.010141976177692413;0.017680896446108818;0.012062880210578442
0.021660882979631424;0.009416328743100166;0.0158165842294693;0.011064046993851662
0.020700568333268166;0.008611452765762806;0.01687697134912014;0.014080938883125782
0.022591030225157738;0.009299597702920437;0.016285046935081482;0.014895069412887096
0.021564211696386337;0.009225770831108093;0.01564682088792324;0.011975675821304321
0.02083156816661358;0.009295999072492123;0.015524918213486671;0.011796516366302967
0.020570507273077965;0.010699184611439705;0.017403727397322655;0.012659931555390358
0.02046099305152893;0.009543214924633503;0.016011163592338562;0.011969528160989285
0.021296322345733643;0.009299973025918007;0.01677042618393898;0.010671823285520077
0.022509995847940445;0.00907041598111391;0.01578184776008129;0.01260867714881897
0.021324334666132927;0.009525731205940247;0.01631939969956875;0.012324481271207333
0.021580848842859268;0.009545753709971905;0.015663793310523033;0.011418665759265423
0.02212178334593773;0.009735996834933758;0.015170538797974586;0.010039782151579857
0.020819514989852905;0.009298980236053467;0.01792721636593342;0.010739946737885475
0.021489378064870834;0.009726670570671558;0.01781819760799408;0.011334293521940708
0.020658865571022034;0.009135506115853786;0.016380684450268745;0.010827304795384407
0.02297469601035118;0.009399058297276497;0.016319645568728447;0.011379594914615154
0.023569749668240547;0.009809153154492378;0.015503409318625927;0.011830294504761696
0.021577613428235054;0.009214331395924091;0.01632915437221527;0.00889943540096283
0.021624580025672913;0.009595627896487713;0.015997646376490593;0.01253610011190176
0.022472470998764038;0.010686506517231464;0.01736277900636196;0.011945109814405441
0.023681936785578728;0.010560459457337856;0.015508043579757214;0.014608152210712433
0.024011580273509026;0.009523513726890087;0.015477909706532955;0.01128317415714264
0.02269599586725235;0.009328432381153107;0.01421216782182455;0.011193896643817425
0.021527191624045372;0.008037661202251911;0.012965976260602474;0.00945096742361784
0.022444307804107666;0.009554283693432808;0.01443704403936863;0.009859994985163212
0.021752988919615746;0.009174251928925514;0.015441454015672207;0.01027266401797533
0.021252112463116646;0.008205711841583252;0.013960674405097961;0.01154871191829443
0.022485850378870964;0.008466444909572601;0.013072657398879528;0.012049986980855465
0.02277871035039425;0.009241997264325619;0.014349299483001232;0.013707307167351246
0.022389592602849007;0.00887624453753233;0.014758999459445477;0.013577398844063282
0.021005496382713318;0.009465954266488552;0.01635797694325447;0.011641587130725384
0.022523611783981323;0.009767167270183563;0.01690034195780754;0.012014598585665226
0.02231677621603012;0.008925005793571472;0.016301875934004784;0.011692812666296959
0.021561115980148315;0.00813376810401678;0.016795191913843155;0.014398506842553616
0.021323837339878082;0.009104542434215546;0.015753163024783134;0.014740320853888988
0.021615466102957726;0.008548787795007229;0.014508234336972237;0.01249250303953886
0.021564435213804245;0.00950921792536974;0.015161760151386261;0.011412757448852062
0.02148529328405857;0.009276707656681538;0.01681281067430973;0.012102209031581879
0.022652124986052513;0.009165789000689983;0.015863893553614616;0.013575769029557705
0.021501755341887474;0.009907282888889313;0.016729898750782013;0.011422974057495594
0.021205393597483635;0.009833437390625477;0.015560275875031948;0.009982310235500336
0.02329150214791298;0.009385314770042896;0.014643303118646145;0.011339973658323288
0.022490255534648895;0.00878010131418705;0.014540552161633968;0.00730481231585145
0.023394199088215828;0.009740488603711128;0.015446335077285767;0.009907684288918972
0.022046217694878578;0.00935857743024826;0.014323882758617401;0.009761892259120941
0.021076664328575134;0.008742687292397022;0.01560945250093937;0.011355225928127766
0.022303804755210876;0.009814182296395302;0.017867308109998703;0.013429108075797558
0.021821310743689537;0.00998599361628294;0.01715684123337269;0.008611504919826984
0.022566882893443108;0.009373593144118786;0.016012849286198616;0.013564626686275005
0.02282467670738697;0.009270516224205494;0.01672336459159851;0.01143599208444357
0.021390747278928757;0.009164631366729736;0.016013434156775475;0.01151654776185751
0.023269178345799446;0.01015164703130722;0.015034401789307594;0.011806284077465534
0.0238001961261034;0.009105970151722431;0.016418615356087685;0.011958825401961803
0.023140253499150276;0.009737193584442139;0.01632826030254364;0.012688927352428436
0.02154829539358616;0.009931610897183418;0.017042985185980797;0.010446170344948769
0.02111724019050598;0.009673478081822395;0.01813567988574505;0.014127201400697231
0.022460442036390305;0.010315540246665478;0.017328739166259766;0.011091092601418495
0.022264454513788223;0.010390372946858406;0.01588706485927105;0.010291911661624908
0.021489454433321953;0.009557467885315418;0.015315632335841656;0.010073366574943066
0.02415965311229229;0.010239406488835812;0.01691232994198799;0.011831815354526043
0.023352159187197685;0.010445304214954376;0.018817715346813202;0.012953460216522217
0.023243265226483345;0.010666404850780964;0.01774352230131626;0.011751964688301086
0.02313733845949173;0.009161385707557201;0.016452787443995476;0.010932767763733864
0.0225602388381958;0.009495320729911327;0.018754735589027405;0.015215384773910046
0.02353449910879135;0.009575498290359974;0.017017457634210587;0.012166728265583515
0.021835247054696083;0.00888039916753769;0.01515914499759674;0.010259187780320644
0.02183208055794239;0.008652410469949245;0.015345284715294838;0.011571370996534824
0.02171449363231659;0.0093311732634902;0.0160204004496336;0.011560142040252686
0.020961672067642212;0.009300929494202137;0.014958659186959267;0.011335447430610657
0.020270107313990593;0.008757351897656918;0.014154068194329739;0.009335115551948547
0.020816411823034286;0.009507265873253345;0.017795545980334282;0.013860595412552357
0.02185640297830105;0.009582464583218098;0.014689303934574127;0.008250118233263493
0.020736081525683403;0.009750044904649258;0.016513150185346603;0.009408197365701199
0.022283349186182022;0.008717707358300686;0.01456964947283268;0.012402670457959175
0.020875107496976852;0.009866311214864254;0.015431875362992287;0.009116990491747856
0.020843200385570526;0.009753088466823101;0.016041995957493782;0.009562919847667217
0.02172207087278366;0.00934343971312046;0.016670554876327515;0.010578027926385403
0.020963728427886963;0.009263629093766212;0.0171219315379858;0.011029412038624287
0.022194674238562584;0.010250495746731758;0.018745845183730125;0.01046161912381649
0.022582296282052994;0.010176158510148525;0.016769709065556526;0.009367729537189007
0.022639287635684013;0.009965996257960796;0.01818324439227581;0.011026340536773205
0.02315506339073181;0.009260947816073895;0.0165622066706419;0.011781752109527588
0.022115934640169144;0.009401065297424793;0.017572997137904167;0.012892347760498524
0.021618550643324852;0.008439159952104092;0.014209638349711895;0.010655336081981659
0.022278016433119774;0.00888388603925705;0.013918064534664154;0.008056582883000374
0.021135039627552032;0.008982628583908081;0.015384507365524769;0.009807408787310123
0.020318826660513878;0.008657164871692657;0.014937358908355236;0.008950597606599331
0.02127452753484249;0.008990183472633362;0.01494869589805603;0.00914772879332304
0.020563960075378418;0.009166671894490719;0.01542659755796194;0.01014577504247427
0.0236520953476429;0.00985958706587553;0.016083305701613426;0.009581189602613449
0.021830447018146515;0.009520918130874634;0.016718696802854538;0.00898027140647173
0.021532608196139336;0.009548773057758808;0.015969960018992424;0.011557809077203274
0.020302515476942062;0.009670013561844826;0.016598815098404884;0.01297206711024046
0.020648570731282234;0.009917952120304108;0.01702381670475006;0.010659893043339252
0.021707292646169662;0.009751848876476288;0.016215791925787926;0.010506249964237213
0.02294546738266945;0.009828676469624043;0.0172710120677948;0.01276750024408102
0.022139597684144974;0.010225171223282814;0.017928985878825188;0.01229415275156498
0.022159678861498833;0.009163865819573402;0.014356645755469799;0.012110011652112007
0.022638438269495964;0.008970801718533039;0.014656188897788525;0.012704429216682911
0.022958382964134216;0.010335506871342659;0.01860036514699459;0.013719538226723671
0.023642523214221;0.009843875654041767;0.017114169895648956;0.00962818879634142
0.022653182968497276;0.009450924582779408;0.015117562375962734;0.009200431406497955
0.02243478037416935;0.008510305546224117;0.015102527104318142;0.009829833172261715
0.021199798211455345;0.009161919355392456;0.016039414331316948;0.00886990875005722
0.022785451263189316;0.009351964108645916;0.015564215369522572;0.009257294237613678
0.02301745116710663;0.009857323952019215;0.016559472307562828;0.013097411952912807
0.022356921806931496;0.008688035421073437;0.014372767880558968;0.011520053260028362
0.021832361817359924;0.010030633769929409;0.018952345475554466;0.014322745613753796
0.025511035695672035;0.011599333956837654;0.01975754089653492;0.01472738292068243
0.023533523082733154;0.01052852999418974;0.0176022257655859;0.012821191921830177
0.02168193832039833;0.00982910580933094;0.016812186688184738;0.011543631553649902
0.02361377142369747;0.011372161097824574;0.019266648218035698;0.011992260813713074
0.022559186443686485;0.010432248003780842;0.017705516889691353;0.008962598629295826
0.0212600976228714;0.010458831675350666;0.01762978546321392;0.007206742651760578
0.02261100709438324;0.011504697613418102;0.019086608663201332;0.009746154770255089
0.02485274150967598;0.011149177327752113;0.01834028959274292;0.010989806614816189
0.024665769189596176;0.010333376005291939;0.017307056114077568;0.013359637930989265
0.023996522650122643;0.010467556305229664;0.017611326649785042;0.013904350809752941
0.021589677780866623;0.009461672976613045;0.016483888030052185;0.014968881383538246
0.021319786086678505;0.009775223210453987;0.017879657447338104;0.014580393210053444
0.023229295387864113;0.009059256874024868;0.016524825245141983;0.013628266751766205
0.022330543026328087;0.009006115607917309;0.016310105100274086;0.012561554089188576
0.023992467671632767;0.010014883242547512;0.01772809959948063;0.012786241248250008
0.024369079619646072;0.00887868832796812;0.015120133757591248;0.012556827627122402
0.022532960399985313;0.00879704114049673;0.014178899116814137;0.01191023550927639
0.021732931956648827;0.008175710216164589;0.01331329345703125;0.01048839371651411
0.02186359092593193;0.0077055529691278934;0.013517937622964382;0.011995029635727406
0.020735247060656548;0.00843115895986557;0.014854423701763153;0.012843531556427479
0.020544884726405144;0.008263292722404003;0.014549781568348408;0.010120552033185959
0.02206258848309517;0.009145423769950867;0.017309600487351418;0.012679251842200756
0.021317003294825554;0.008911757729947567;0.01522512175142765;0.007432457059621811
0.021462511271238327;0.008835448883473873;0.013931418769061565;0.011333215981721878
0.02088143862783909;0.00926514994353056;0.014996183104813099;0.011661148630082607
0.020471757277846336;0.008605273440480232;0.015510049648582935;0.010056134313344955
0.020085537806153297;0.008962218649685383;0.015515998005867004;0.010875478386878967
0.01905968226492405;0.008477968163788319;0.015796128660440445;0.010940100066363811
0.01982586458325386;0.009281610138714314;0.015500483103096485;0.00705453148111701
0.01988898031413555;0.009173003025352955;0.015596258454024792;0.0071869827806949615
0.019754154607653618;0.008275940082967281;0.014651015400886536;0.01085236668586731
0.02060537599027157;0.00927039235830307;0.014827561564743519;0.011003420688211918
0.021148348227143288;0.008708137087523937;0.01602214202284813;0.010198252275586128
0.020860785618424416;0.009806573390960693;0.01773408055305481;0.013276933692395687
0.0213625468313694;0.009234145283699036;0.016123084351420403;0.012438519857823849
0.020691081881523132;0.009248706512153149;0.01595250889658928;0.012211772613227367
0.020079854875802994;0.009284615516662598;0.014373913407325745;0.007340028882026672
0.021142780780792236;0.009234325960278511;0.016330188140273094;0.01274186372756958
0.02208412066102028;0.00862389337271452;0.014785070903599262;0.01280297338962555
0.021306267008185387;0.009020321071147919;0.015955975279211998;0.009970380924642086
0.02116105705499649;0.00823443103581667;0.01532968319952488;0.012468524277210236
0.022039074450731277;0.008821681141853333;0.014579541981220245;0.006338524166494608
0.02178184501826763;0.009342111647129059;0.015799440443515778;0.008261241018772125
0.02237110398709774;0.010151723399758339;0.016995735466480255;0.010085784830152988
0.02130180597305298;0.010168767534196377;0.01719227433204651;0.009994504041969776
0.021672358736395836;0.009898249991238117;0.01641465164721012;0.0111231105402112
0.0231134332716465;0.00909881480038166;0.015343441627919674;0.010820591822266579
0.021919909864664078;0.009623723104596138;0.016224920749664307;0.009389722719788551
0.02117968164384365;0.009160543791949749;0.015648311004042625;0.01150253601372242
0.021101443096995354;0.00927632488310337;0.015093917027115822;0.009637427516281605
0.02161281742155552;0.009566977620124817;0.015179306268692017;0.0075891511514782906
0.022504562512040138;0.009130480699241161;0.014254234731197357;0.010298934765160084
0.02160361222922802;0.009309670887887478;0.016557881608605385;0.011880201287567616
0.022100044414401054;0.010303649120032787;0.01730453036725521;0.009599271230399609
0.021487275138497353;0.009216869249939919;0.01619410328567028;0.010013286024332047
0.02351987175643444;0.010125624015927315;0.016616953536868095;0.012950927019119263
0.021818965673446655;0.008929257281124592;0.015828803181648254;0.0121789975091815
0.02175777032971382;0.009351029060781002;0.016802016645669937;0.012164535000920296
0.021362315863370895;0.008807845413684845;0.014824449084699154;0.006872056517750025
0.022958429530262947;0.00992602575570345;0.017197847366333008;0.009988355450332165
0.020796915516257286;0.009351925924420357;0.01607166789472103;0.009502319619059563
0.021547827869653702;0.009913827292621136;0.017419693991541862;0.010412150993943214
0.022729435935616493;0.00924838986247778;0.016200384125113487;0.010496883653104305
0.022503508254885674;0.01019946951419115;0.01968412660062313;0.014009776525199413
0.02242717146873474;0.010005253367125988;0.01692785881459713;0.011219562962651253
0.022663870826363564;0.009976780973374844;0.01738319732248783;0.014451602473855019
0.023014789447188377;0.009857820346951485;0.016216684132814407;0.01340475119650364
0.02180316112935543;0.00954821240156889;0.01768982782959938;0.009338240139186382
0.023131025955080986;0.009946000762283802;0.016628816723823547;0.014192799106240273
0.022174403071403503;0.009157116524875164;0.016629928722977638;0.008608123287558556
0.023075135424733162;0.00994040071964264;0.01722286082804203;0.012459687888622284
0.0238153338432312;0.00984500627964735;0.015482896938920021;0.012955418787896633
0.021853823214769363;0.010702162981033325;0.017761236056685448;0.012045033276081085
0.022509166970849037;0.010668374598026276;0.018037501722574234;0.01309220027178526
0.02228221856057644;0.010185696184635162;0.017783118411898613;0.011274292133748531
0.022752221673727036;0.010166446678340435;0.01858740672469139;0.011400754563510418
0.022663649171590805;0.01000977586954832;0.01669815368950367;0.010610355995595455
0.021192636340856552;0.00874252151697874;0.015434801578521729;0.010889994911849499
0.02031840942800045;0.008827492594718933;0.01537317968904972;0.012006108649075031
0.020804492756724358;0.009694469161331654;0.017238151282072067;0.009124977514147758
0.020946834236383438;0.00893869437277317;0.015350433997809887;0.009642831981182098
0.021148113533854485;0.009000440128147602;0.014352777972817421;0.009552261792123318
0.02120608650147915;0.009764255955815315;0.014656740240752697;0.007738061249256134
0.021425355225801468;0.008827270939946175;0.015242913737893105;0.00967863667756319
0.02056168019771576;0.009386628866195679;0.016427723690867424;0.009997169487178326
0.021342484280467033;0.008995150215923786;0.01541102584451437;0.010252589359879494
0.021183600649237633;0.00902963150292635;0.014803123660385609;0.010583430528640747
0.021257175132632256;0.008934986777603626;0.014880174770951271;0.011804978363215923
0.02300986461341381;0.009182474575936794;0.017395837232470512;0.014951883815228939
0.02451138198375702;0.009433545172214508;0.01619529165327549;0.016187533736228943
0.022485679015517235;0.009124909527599812;0.015719924122095108;0.012544572353363037
0.02386428602039814;0.00978081114590168;0.01753898523747921;0.012252011336386204
0.023172294721007347;0.009561597369611263;0.017555657774209976;0.01265805121511221
0.022338103502988815;0.009171358309686184;0.017146741971373558;0.013381860218942165
0.022549716755747795;0.00918829720467329;0.01607332192361355;0.011681787669658661
0.02196730487048626;0.00950395967811346;0.016700509935617447;0.014219219796359539
0.02375735715031624;0.010116122663021088;0.018623394891619682;0.012346521019935608
0.023053398355841637;0.009163846261799335;0.01563241146504879;0.0121831139549613
0.02131004072725773;0.009423519484698772;0.015896650031208992;0.009489167481660843
0.023445261642336845;0.009152618236839771;0.0147698437795043;0.010600794106721878
0.022700240835547447;0.00880347192287445;0.014703270979225636;0.011446558870375156
0.022772446274757385;0.008307009935379028;0.016091719269752502;0.012471801601350307
0.02398950420320034;0.00875247921794653;0.014629577286541462;0.01109750010073185
0.02203221246600151;0.009409390389919281;0.015303668566048145;0.011606971733272076
0.02018631063401699;0.008307792246341705;0.015681402757763863;0.010405785404145718
0.021694371476769447;0.008340097963809967;0.012852814979851246;0.008969672955572605
0.02185681276023388;0.008014167658984661;0.014594110660254955;0.01110768411308527
0.02275906689465046;0.009086406789720058;0.014319456182420254;0.01023943442851305
0.022599760442972183;0.010217556729912758;0.015951190143823624;0.00762491999194026
0.021535849198698997;0.009760254994034767;0.01670202426612377;0.008679757826030254
0.021099573001265526;0.009777090512216091;0.014757247641682625;0.009149941615760326
0.02253827452659607;0.00940809678286314;0.014954849146306515;0.010156683623790741
0.020530765876173973;0.00972176343202591;0.016143864020705223;0.007575187366455793
0.023105520755052567;0.009295222349464893;0.015474374406039715;0.008228165097534657
0.022271547466516495;0.008899609558284283;0.013820496387779713;0.009157258085906506
0.022991536185145378;0.009444673545658588;0.014441265724599361;0.011335446499288082
0.02239586040377617;0.009709040634334087;0.015035641379654408;0.012454158626496792
0.02079376019537449;0.008161800913512707;0.013657604344189167;0.006916744168847799
0.02225353941321373;0.009225479327142239;0.015605205669999123;0.00952394213527441
0.023511817678809166;0.010014657862484455;0.016535792499780655;0.012249651364982128
0.022913632914423943;0.00958696287125349;0.016002973541617393;0.011646071448922157
0.02167794667184353;0.010713067837059498;0.01837976463139057;0.011165305972099304
0.024167802184820175;0.010273071937263012;0.01783779449760914;0.013106766156852245
0.022765332832932472;0.009174041450023651;0.016001848503947258;0.009829025715589523
0.02000388503074646;0.008211828768253326;0.013612547889351845;0.0075026764534413815
0.020672140643000603;0.009500634856522083;0.014413234777748585;0.007802476640790701
0.02169884368777275;0.009490745142102242;0.015366683714091778;0.008953508920967579
0.0217756275087595;0.010021671652793884;0.015802785754203796;0.01181335374712944
0.023691808804869652;0.009705143049359322;0.016157938167452812;0.013287949375808239
0.022600850090384483;0.00942143239080906;0.01646481826901436;0.012221860699355602
0.02205578051507473;0.009511097334325314;0.01607816480100155;0.010633386671543121
0.024019552394747734;0.008700120262801647;0.015602695755660534;0.013657152652740479
0.022771472111344337;0.009817184880375862;0.016997989267110825;0.011149180121719837
0.021102065220475197;0.00854666717350483;0.01444681640714407;0.008401918224990368
0.017449764534831047;0.00857526995241642;0.013901692815124989;0.009094360284507275
0.01959172450006008;0.007745435927063227;0.012774980627000332;0.009661179035902023
0.0201918575912714;0.009316486306488514;0.014563405886292458;0.011315516196191311
0.02166220359504223;0.00886813085526228;0.015520447865128517;0.009553289972245693
0.021865224465727806;0.009101683273911476;0.0164655689150095;0.011473776772618294
0.02260875329375267;0.009760511107742786;0.018069013953208923;0.01442007441073656
0.023595696315169334;0.009709864854812622;0.01698330044746399;0.015109277330338955
0.022726070135831833;0.009667965583503246;0.018159305676817894;0.01555462833493948
0.02394155226647854;0.010256784036755562;0.017053307965397835;0.013888606801629066
0.02249390445649624;0.009390185587108135;0.015666326507925987;0.012997955083847046
0.020500386133790016;0.00914146937429905;0.016520565375685692;0.009029584936797619
0.021562250331044197;0.00929261650890112;0.014752206392586231;0.011544468812644482
0.0220310240983963;0.009852118790149689;0.017141660675406456;0.013660875149071217
0.02159501053392887;0.009021486155688763;0.016466310247778893;0.0117258345708251
0.022179434075951576;0.008591780439019203;0.014708143658936024;0.009809806011617184
0.022636614739894867;0.0097526079043746;0.01519880909472704;0.01056372094899416
0.021293988451361656;0.009412715211510658;0.016947148367762566;0.009564939886331558
0.021274659782648087;0.010026437230408192;0.017313940450549126;0.010687007568776608
0.021424219012260437;0.009975939057767391;0.01694878377020359;0.011410176753997803
0.020689966157078743;0.009902812540531158;0.017023209482431412;0.009288797155022621
0.02087203972041607;0.010148954577744007;0.016545653343200684;0.010814937762916088
0.02014494687318802;0.008628475479781628;0.014141219668090343;0.01101191621273756
0.02201622538268566;0.00830154400318861;0.014083531685173512;0.013874813914299011
0.019677620381116867;0.008278093300759792;0.01380026526749134;0.009174925275146961
0.02014223113656044;0.008689114823937416;0.014297994785010815;0.009776600636541843
0.020997000858187675;0.008373716846108437;0.013458422385156155;0.010933815501630306
0.01981010101735592;0.009514831006526947;0.017421362921595573;0.013502577319741249
0.02038422040641308;0.00849092472344637;0.014643393456935883;0.010530701838433743
0.01982691138982773;0.009250588715076447;0.015064152888953686;0.010261028073728085
0.019141027703881264;0.008966405875980854;0.01641998440027237;0.012522724457085133
0.019929517060518265;0.00924326479434967;0.015606311149895191;0.008507397025823593
0.02077571488916874;0.00947669055312872;0.01575320214033127;0.010340802371501923
0.021983036771416664;0.009527173824608326;0.01682395488023758;0.011900399811565876
0.020244641229510307;0.009256902150809765;0.015383332967758179;0.01072482019662857
0.021356968209147453;0.009383589029312134;0.017639359459280968;0.01260805781930685
0.022009607404470444;0.010350952856242657;0.017645522952079773;0.012883809395134449
0.021949823945760727;0.009779867716133595;0.0169167872518301;0.013692430220544338
0.02336791530251503;0.008997747674584389;0.015837492421269417;0.0131488386541605
0.02111978270113468;0.008992177434265614;0.014395642094314098;0.01399095356464386
0.022197801619768143;0.008909742347896099;0.015552512370049953;0.012858745642006397
0.01927843503654003;0.009174888022243977;0.016077816486358643;0.007541373372077942
0.02072472684085369;0.00947571825236082;0.014880344271659851;0.007799775339663029
0.02139943651854992;0.009025496430695057;0.014113283716142178;0.007387351244688034
0.02185797318816185;0.00960069801658392;0.01611298695206642;0.011641310527920723
0.022939948365092278;0.008816528134047985;0.01509210653603077;0.011388839222490788
0.02160758338868618;0.008105595596134663;0.014614807441830635;0.00930119026452303
0.02135913074016571;0.008593057282269001;0.014649654738605022;0.010457188822329044
0.021982846781611443;0.00818149745464325;0.012580952607095242;0.00943599920719862
0.020258447155356407;0.008794385008513927;0.014323325827717781;0.009082219563424587
0.021977916359901428;0.00976309459656477;0.016989080235362053;0.008135712705552578
0.02340499870479107;0.009906134568154812;0.015733016654849052;0.009605476632714272
0.024698302149772644;0.009800920262932777;0.01589222252368927;0.012034974060952663
0.023723751306533813;0.009741549380123615;0.014691623859107494;0.011641367338597775
0.023165136575698853;0.009036916308104992;0.014759743586182594;0.01050557754933834
0.023837847635149956;0.009661189280450344;0.01531172450631857;0.00835487525910139
0.02262042462825775;0.010206639766693115;0.015338987112045288;0.01064214762300253
0.019327359274029732;0.00892884936183691;0.014768265187740326;0.011547082103788853
0.020734135061502457;0.008678044192492962;0.014993086457252502;0.010323988273739815
0.021512346342206;0.008609527722001076;0.014882511459290981;0.007700647693127394
0.02253551594913006;0.009349758736789227;0.014568177051842213;0.011044763028621674
0.02269594557583332;0.009051074273884296;0.016137300059199333;0.00999453105032444
0.023003384470939636;0.009324121288955212;0.01643657684326172;0.010984987020492554
0.022727984935045242;0.009325201623141766;0.017436081543564796;0.013391459360718727
0.02204141579568386;0.010191905312240124;0.016831068322062492;0.009041525423526764
0.023531466722488403;0.009607774205505848;0.01631271280348301;0.00822584517300129
0.023309778422117233;0.01000967063009739;0.015642596408724785;0.007113694678992033
0.021938370540738106;0.009482827968895435;0.015091359615325928;0.009484410285949707
0.023474572226405144;0.008700236678123474;0.014089393429458141;0.01096233632415533
0.022354286164045334;0.008585216477513313;0.015297356061637402;0.010807198472321033
0.02300718054175377;0.009011983871459961;0.015085066668689251;0.012704797089099884
0.022251630201935768;0.008890277706086636;0.014862551353871822;0.010683762840926647
0.020897874608635902;0.009285442531108856;0.01704804040491581;0.011055338196456432
0.021133897826075554;0.009292835369706154;0.01651032269001007;0.009928812272846699
0.02189703844487667;0.008366139605641365;0.014813716523349285;0.010779283940792084
0.021977607160806656;0.008534844033420086;0.014461489394307137;0.00941713061183691
0.02121880277991295;0.009630321525037289;0.016524484381079674;0.009860958904027939
0.020160118117928505;0.009263642132282257;0.015294710174202919;0.011166983284056187
0.021634692326188087;0.00961344875395298;0.015127229504287243;0.012068639509379864
0.02114049904048443;0.009263272397220135;0.016423145309090614;0.01063898392021656
0.02218836359679699;0.008825314231216908;0.015348670072853565;0.007781367748975754
0.02441321685910225;0.00927621778100729;0.015857651829719543;0.012709954753518105
0.024939073249697685;0.009784056805074215;0.014522862620651722;0.009700893424451351
0.023109732195734978;0.009446404874324799;0.01440856046974659;0.010000493377447128
0.0232862439006567;0.00906847883015871;0.014619535766541958;0.01166569720953703
0.0225417111068964;0.009013846516609192;0.015229307115077972;0.008643708191812038
0.02238449826836586;0.008739053271710873;0.015185171738266945;0.008252404630184174
0.023517007008194923;0.009696570225059986;0.014951650984585285;0.011577482335269451
0.023056108504533768;0.008838328532874584;0.01642989180982113;0.013095207512378693
0.02234574966132641;0.009094446897506714;0.014685625210404396;0.014739550650119781
0.022603368386626244;0.00949141290038824;0.016425037756562233;0.012405822053551674
0.02333121933043003;0.009350813925266266;0.01611308380961418;0.013835243880748749
0.02269451878964901;0.008898401632905006;0.015386956743896008;0.009970076382160187
0.023624753579497337;0.008273834362626076;0.014462380670011044;0.011913496069610119
0.02402317523956299;0.009692077524960041;0.017348933964967728;0.015343183651566505
0.022617563605308533;0.009485729038715363;0.015907760709524155;0.010299177840352058
0.022277681156992912;0.009260226972401142;0.014727416448295116;0.010902460664510727
0.0226617269217968;0.008958910591900349;0.014169573783874512;0.009050904773175716
0.021762466058135033;0.008240249939262867;0.014820346608757973;0.012059376575052738
0.022727161645889282;0.008105726912617683;0.01223702821880579;0.009760148823261261
0.022758707404136658;0.008082777261734009;0.012535760179162025;0.01055162027478218
0.021340392529964447;0.008930412121117115;0.01672995649278164;0.008749522268772125
0.022517487406730652;0.009533822536468506;0.01566108502447605;0.009366092272102833
0.022161195054650307;0.00966559536755085;0.017351729795336723;0.011524944566190243
0.021741623058915138;0.008980396203696728;0.016076920554041862;0.012077884748578072
0.02201784960925579;0.008998696692287922;0.01604047417640686;0.01252662856131792
0.023475855588912964;0.010487264953553677;0.018461469560861588;0.014521295204758644
0.023038387298583984;0.01013811957091093;0.017089849337935448;0.011717475019395351
0.021890534088015556;0.009222880005836487;0.01432704459875822;0.008741126395761967
0.022440513595938683;0.00926304142922163;0.01682799868285656;0.012460879981517792
0.0238016489893198;0.0092081343755126;0.015407741069793701;0.011972170323133469
0.022960802540183067;0.0093418899923563;0.016263535246253014;0.010516776703298092
0.022716302424669266;0.008934645913541317;0.01528184860944748;0.011085864156484604
0.022465137764811516;0.009355333633720875;0.01572776958346367;0.012485425919294357
0.022418249398469925;0.009208622388541698;0.0160074383020401;0.011600284837186337
0.02150907926261425;0.009444049559533596;0.016140734776854515;0.01041704323142767
0.023204883560538292;0.009483344852924347;0.015077021904289722;0.012138871476054192
0.023510606959462166;0.009367816150188446;0.016309117898344994;0.014530650340020657
0.02289438061416149;0.009653930552303791;0.016587046906352043;0.011446535587310791
0.022369587793946266;0.010432682000100613;0.017790745943784714;0.009942992590367794
0.023746279999613762;0.01016930490732193;0.017900658771395683;0.012746999971568584
0.02381032519042492;0.010593988001346588;0.018108204007148743;0.011733428575098515
0.022605864331126213;0.010423286817967892;0.018338283523917198;0.012242007069289684
0.023101789876818657;0.010171778500080109;0.018813757225871086;0.010113711468875408
0.024739611893892288;0.010425606742501259;0.01770705170929432;0.01042190846055746
0.023978153243660927;0.010216367430984974;0.017401807010173798;0.010223674587905407
0.025039881467819214;0.009716060943901539;0.015665024518966675;0.010964292101562023
0.024519426748156548;0.009505470283329487;0.015682218596339226;0.00997424777597189
0.02328363060951233;0.009377655573189259;0.01622868701815605;0.010391585528850555
0.020950382575392723;0.009122766554355621;0.015889322385191917;0.013449504040181637
0.022825928404927254;0.00947833713144064;0.017398113384842873;0.01254591066390276
0.02328486368060112;0.01010347343981266;0.017506754025816917;0.012742990627884865
0.021609127521514893;0.008773158304393291;0.015274119563400745;0.009470852091908455
0.0226118266582489;0.008649823255836964;0.014646941795945168;0.01126547809690237
0.021281370893120766;0.00935139786452055;0.015491885133087635;0.009673320688307285
0.023635342717170715;0.009475888684391975;0.015662599354982376;0.010079218074679375
0.022433413192629814;0.008844730444252491;0.014086720533668995;0.009931840002536774
0.02160073257982731;0.009337439201772213;0.01584015227854252;0.011352171190083027
0.022241270169615746;0.008605289272964;0.014405712485313416;0.009123037569224834
0.021914726123213768;0.009611817076802254;0.014278418384492397;0.006886838469654322
0.0213204063475132;0.008940580300986767;0.016413530334830284;0.010368782095611095
0.021757328882813454;0.008996005170047283;0.015404345467686653;0.008980502374470234
0.022731734439730644;0.00949485506862402;0.01589326001703739;0.01121231447905302
0.022191891446709633;0.009540525265038013;0.014627697877585888;0.01035674661397934
0.023273132741451263;0.009554006159305573;0.015121469274163246;0.010063736699521542
0.02214762754738331;0.009818104095757008;0.014884816482663155;0.008881986141204834
0.022117948159575462;0.009563463740050793;0.015780091285705566;0.011656452901661396
0.02175532467663288;0.00936140026897192;0.01572648249566555;0.010460873134434223
0.023238008841872215;0.009846885688602924;0.015392002649605274;0.008904213085770607
0.022505788132548332;0.00966569036245346;0.016955068334937096;0.012151896022260189
0.022290844470262527;0.010276819579303265;0.018202995881438255;0.010481053963303566
0.02214391529560089;0.010253322310745716;0.017051110044121742;0.008971107192337513
0.02186771295964718;0.010028915479779243;0.017650270834565163;0.011717697605490685
0.02249065600335598;0.010651807300746441;0.017834678292274475;0.012117058038711548
0.02200685814023018;0.00965331681072712;0.01621330715715885;0.010745654813945293
0.022333575412631035;0.008882391266524792;0.01642983965575695;0.01183127611875534
0.021385814994573593;0.008259515278041363;0.014058336615562439;0.010678757913410664
0.022220423445105553;0.009669169783592224;0.01596296951174736;0.010597550310194492
0.022679317742586136;0.008952214382588863;0.014692532829940319;0.013915824703872204
0.022173207253217697;0.010190014727413654;0.016441626474261284;0.012036236934363842
0.02350684069097042;0.010630470700562;0.01584322564303875;0.011078174225986004
0.02320350706577301;0.009157665073871613;0.014833986759185791;0.009058818221092224
0.022020602598786354;0.01018578838557005;0.017264196649193764;0.009138137102127075
0.021688135340809822;0.009404539130628109;0.017143489792943;0.010221936739981174
0.022747645154595375;0.010067245922982693;0.016739655286073685;0.01186281442642212
0.02268218994140625;0.010652976110577583;0.01587989740073681;0.009990011341869831
0.022886866703629494;0.009163585491478443;0.014226195402443409;0.008263434283435345
0.020266884937882423;0.008958344347774982;0.015358139760792255;0.011367780156433582
0.021749943494796753;0.00921171810477972;0.014796743169426918;0.0073245069943368435
0.022599637508392334;0.008907071314752102;0.013245097361505032;0.007658624555915594
0.022157534956932068;0.008972001262009144;0.0159729216247797;0.008559254929423332
0.02254127897322178;0.010149975307285786;0.01641811802983284;0.010086752474308014
0.02255726419389248;0.010464834049344063;0.018015850335359573;0.012067421339452267
0.023092156276106834;0.008993938565254211;0.015296915546059608;0.009133215062320232
0.022965893149375916;0.009405645541846752;0.015320262871682644;0.010533338412642479
0.022507380694150925;0.009469968266785145;0.01637321151793003;0.010248713195323944
0.02364719659090042;0.009140689857304096;0.013964413665235043;0.01145139615982771
0.022206289693713188;0.009733743965625763;0.015676382929086685;0.009331242181360722
0.021029071882367134;0.009820434264838696;0.01693272776901722;0.009904866106808186
0.02281314507126808;0.009418407455086708;0.014795655384659767;0.010749108158051968
0.022551992908120155;0.00870524626225233;0.013674083165824413;0.010962369851768017
0.02060728333890438;0.008487224578857422;0.014752686023712158;0.010763046331703663
0.021028079092502594;0.008978967554867268;0.01646345667541027;0.011206335388123989
0.022455904632806778;0.009794758632779121;0.015733134001493454;0.012316540814936161
0.022253740578889847;0.010121149010956287;0.016755668446421623;0.011366580612957478
0.02061583660542965;0.008495161309838295;0.014317752793431282;0.010267254896461964
0.019814904779195786;0.009099075570702553;0.014302036724984646;0.010837365873157978
0.021841734647750854;0.009682940319180489;0.016386857256293297;0.012680928222835064
0.02377799153327942;0.009764233604073524;0.014849625527858734;0.012162705883383751
0.021060848608613014;0.00931510329246521;0.016083404421806335;0.009248754940927029
0.022291533648967743;0.009781330823898315;0.01694519817829132;0.011811256408691406
0.023412158712744713;0.009366750717163086;0.014753341674804688;0.010230651125311852
0.023671014234423637;0.009527646005153656;0.014975524507462978;0.01182098314166069
0.024076392874121666;0.009289512410759926;0.015426689758896828;0.009958936832845211
0.023185839876532555;0.009779678657650948;0.016625499352812767;0.010420269332826138
0.02040938474237919;0.009321607649326324;0.016946246847510338;0.012142912484705448
0.021961664780974388;0.010306373238563538;0.01832253858447075;0.011807779781520367
0.022293752059340477;0.009931213222444057;0.016761044040322304;0.010866696946322918
0.020358210429549217;0.009810171090066433;0.016373109072446823;0.010256550274789333
0.021756211295723915;0.009572467766702175;0.015578038059175014;0.01087129395455122
0.0214528925716877;0.010167764499783516;0.016260087490081787;0.007273996714502573
0.023363610729575157;0.009686094708740711;0.015807325020432472;0.01002594456076622
0.0219800416380167;0.009748222306370735;0.016201069578528404;0.008358917199075222
0.022864636033773422;0.01054720114916563;0.01611163653433323;0.007358651142567396
0.025243325158953667;0.010682313703000546;0.016757164150476456;0.01261186134070158
0.02264871448278427;0.00953319389373064;0.01735212840139866;0.013321565464138985
0.02323552407324314;0.010242506861686707;0.01955202780663967;0.01569284312427044
0.022936752066016197;0.009949172846972942;0.016974402591586113;0.013187807984650135
0.021339567378163338;0.008785403333604336;0.015513116493821144;0.010848923586308956
0.022752759978175163;0.00873123575001955;0.015090695582330227;0.012452320195734501
0.022529279813170433;0.009592785499989986;0.015385915525257587;0.01158286165446043
0.02294410765171051;0.009916326962411404;0.015853101387619972;0.010889171622693539
0.020632127299904823;0.009112315252423286;0.015135198831558228;0.011359685100615025
0.02265959046781063;0.010228725150227547;0.017930416390299797;0.012610423378646374
0.02265232615172863;0.009307821281254292;0.015671763569116592;0.012545228004455566
0.022688183933496475;0.00900803692638874;0.014454317279160023;0.010182694531977177
0.02423848584294319;0.009938335977494717;0.018160244449973106;0.013404366560280323
0.022990314289927483;0.009674638509750366;0.017995264381170273;0.011155656538903713
0.023074692115187645;0.009954223409295082;0.016421154141426086;0.009300234727561474
0.024252576753497124;0.010245256125926971;0.01745624653995037;0.008010195568203926
0.023226667195558548;0.01076254528015852;0.01806948147714138;0.008429079316556454
0.022916415706276894;0.010161429643630981;0.017648998647928238;0.00985117256641388
0.022343887016177177;0.009310531429946423;0.017198601737618446;0.011549297720193863
0.0234781913459301;0.00929601676762104;0.014834406785666943;0.008897998370230198
0.025774983689188957;0.010835237801074982;0.018511472269892693;0.012012985534965992
0.02458672784268856;0.009779895655810833;0.01658223383128643;0.010812505148351192
0.023258909583091736;0.00920578557997942;0.017484402284026146;0.01235024631023407
0.022541256621479988;0.00931080337613821;0.017069540917873383;0.012073174118995667
0.023394836112856865;0.009927271865308285;0.015172049403190613;0.008847696706652641
0.023823870345950127;0.009458258748054504;0.015887519344687462;0.010371873155236244
0.025501077994704247;0.010234219022095203;0.015618729405105114;0.01224539801478386
0.022351065650582314;0.009948107413947582;0.016477985307574272;0.01007451768964529
0.02110203169286251;0.009946865029633045;0.01745021343231201;0.010714156553149223
0.021852323785424232;0.008526486344635487;0.013706445693969727;0.00979627575725317
0.021269766613841057;0.00898454524576664;0.01563391089439392;0.012060587294399738
0.02041792683303356;0.0097981421276927;0.018521282821893692;0.010382942855358124
0.02056850492954254;0.009719219990074635;0.017330480739474297;0.00799527671188116
0.023879652842879295;0.009529086761176586;0.017113065347075462;0.013510869815945625
0.02375457063317299;0.008977266028523445;0.016907311975955963;0.01446120161563158
0.023887213319540024;0.00936493743211031;0.014679706655442715;0.013906875625252724
0.024350440129637718;0.010190260596573353;0.016838466748595238;0.012335299514234066
0.023109769448637962;0.00856578815728426;0.013671721331775188;0.012272212654352188
0.02232864685356617;0.009413674473762512;0.01636730134487152;0.010959590785205364
0.02268470823764801;0.01035329233855009;0.017461640760302544;0.011062820442020893
0.02196960151195526;0.009953143075108528;0.015852613374590874;0.007544657681137323
0.022288022562861443;0.01024724543094635;0.01647884212434292;0.011922536417841911
0.023866428062319756;0.009822653606534004;0.01724550686776638;0.014224166050553322
0.02160186879336834;0.010210861451923847;0.017296351492404938;0.011928614228963852
0.022144904360175133;0.01029850821942091;0.01858593337237835;0.010747842490673065
0.02223162353038788;0.010412967763841152;0.01781613565981388;0.011822446249425411
0.021591005846858025;0.008947767317295074;0.01650031842291355;0.008369830437004566
0.022437449544668198;0.009561344981193542;0.016808871179819107;0.013160320930182934
0.020032849162817;0.009095916524529457;0.016869446262717247;0.01240976806730032
0.02179672196507454;0.008933774195611477;0.016905544325709343;0.012437558732926846
0.02152298390865326;0.009413872845470905;0.015147360973060131;0.00898281391710043
0.01992810331285;0.010078616440296173;0.016769399866461754;0.007320489268749952
0.021428218111395836;0.01034064032137394;0.018290480598807335;0.010934710502624512
0.021324986591935158;0.008706234395503998;0.016550889238715172;0.010209733620285988
0.023011263459920883;0.009596913121640682;0.017474304884672165;0.009948352351784706
0.024653667584061623;0.009888673201203346;0.01767558418214321;0.010230602696537971
0.023451492190361023;0.008446303196251392;0.013315105810761452;0.009048436768352985
0.023712465539574623;0.009259573183953762;0.01516386866569519;0.011240004561841488
0.022179095074534416;0.009581650607287884;0.016737883910536766;0.00862552784383297
0.02320075035095215;0.00945807434618473;0.015534740872681141;0.009228209033608437
0.02247229404747486;0.009096632711589336;0.014702591113746166;0.010618113912642002
0.02291240729391575;0.008823852054774761;0.015230660326778889;0.011292357929050922
0.022572914138436317;0.00854941364377737;0.016244376078248024;0.010715357027947903
0.021587973460555077;0.009176616556942463;0.017632192000746727;0.011562340892851353
0.023244066163897514;0.009701480157673359;0.01743963174521923;0.011016381904482841
0.02305578999221325;0.009627087973058224;0.01763327233493328;0.013049489818513393
0.022797763347625732;0.009036624804139137;0.014712542295455933;0.012138495221734047
0.022754231467843056;0.00889126118272543;0.01453921664506197;0.012696951627731323
0.02236381731927395;0.009406383149325848;0.015108517371118069;0.012411206029355526
0.02283998392522335;0.009141603484749794;0.014804402366280556;0.012534302659332752
0.023462841287255287;0.008575950749218464;0.014908465556800365;0.01173557061702013
0.023033760488033295;0.008456289768218994;0.015287801623344421;0.010156480595469475
0.021989261731505394;0.009249682538211346;0.01718016527593136;0.01004128810018301
0.022009477019309998;0.009883257560431957;0.017710210755467415;0.010883870534598827
0.02460428886115551;0.010260513983666897;0.018548933789134026;0.012963840737938881
0.02453119121491909;0.010287294164299965;0.01782708801329136;0.013187452219426632
0.023173246532678604;0.01033796090632677;0.017947465181350708;0.0131389694288373
0.023231782019138336;0.00961264967918396;0.01631459966301918;0.011108447797596455
0.02312176302075386;0.00927432905882597;0.014309159480035305;0.007387044373899698
0.02313946932554245;0.009013429284095764;0.014132576063275337;0.009154366329312325
0.023046156391501427;0.010076566599309444;0.016482751816511154;0.011253123171627522
0.02279588207602501;0.01024849247187376;0.01701020821928978;0.008851355873048306
0.021309493109583855;0.010340292938053608;0.016288936138153076;0.0090414984151721
0.022118840366601944;0.01042206771671772;0.017897918820381165;0.009437481872737408
0.023460041731595993;0.010564270429313183;0.0183669775724411;0.010566571727395058
0.02220214158296585;0.01044309139251709;0.019146008417010307;0.010707787238061428
0.022460823878645897;0.010776764713227749;0.01803862862288952;0.01154959574341774
0.024335777387022972;0.010020422749221325;0.015597804449498653;0.012458477169275284
0.021790066733956337;0.008754640817642212;0.013909478671848774;0.01043273787945509
0.020883869379758835;0.008178371004760265;0.014202231541275978;0.00896706897765398
0.022220397368073463;0.008926433511078358;0.016253164038062096;0.013038582168519497
0.021967239677906036;0.010263985954225063;0.01953054964542389;0.012283612973988056
0.021962199360132217;0.009897032752633095;0.019015144556760788;0.012418525293469429
0.021688302978873253;0.010168122127652168;0.01873774453997612;0.010536285117268562
0.02204461395740509;0.01002077478915453;0.016125518828630447;0.0078070699237287045
0.02060774527490139;0.010246138088405132;0.014939104206860065;0.00933860894292593
0.021402213722467422;0.008931370452046394;0.01408762950450182;0.011313012801110744
0.019837861880660057;0.009505996480584145;0.015659300610423088;0.009555978700518608
0.020694511011242867;0.009459376335144043;0.015156003646552563;0.010549752973020077
0.02189662493765354;0.009239817969501019;0.014616749249398708;0.011165758594870567
0.02219005860388279;0.009322124533355236;0.015613335184752941;0.009979666210711002
0.022942660376429558;0.00955416914075613;0.015425354242324829;0.011718768626451492
0.02181621827185154;0.010170980356633663;0.01642516441643238;0.009553513489663601
0.022416938096284866;0.008937654085457325;0.014811272732913494;0.008839760906994343
0.02370557188987732;0.00912518985569477;0.014471272006630898;0.008083767257630825
0.022805480286478996;0.008736023679375648;0.013446435332298279;0.007192289922386408
0.02325213886797428;0.009103788994252682;0.01599925383925438;0.00786654558032751
0.024108832702040672;0.009576273150742054;0.015230451710522175;0.00869293138384819
0.024152297526597977;0.009983213618397713;0.01677910052239895;0.010769245214760303
0.022386008873581886;0.009086946956813335;0.014959785155951977;0.009162390604615211
0.022277673706412315;0.009670852683484554;0.016431648284196854;0.012464113533496857
0.021607646718621254;0.009726181626319885;0.015636175870895386;0.008741563186049461
0.022031625732779503;0.009220140986144543;0.015467521734535694;0.012955553829669952
0.02199152484536171;0.009309137240052223;0.016353627666831017;0.01252435427159071
0.021897166967391968;0.009129422716796398;0.015177150256931782;0.011249280534684658
0.022023174911737442;0.009826883673667908;0.015676097944378853;0.010138094425201416
0.020948166027665138;0.010002453811466694;0.014757503755390644;0.011423121206462383
0.019476061686873436;0.009365643374621868;0.015613391995429993;0.009850027039647102
0.019761575385928154;0.009212351404130459;0.017009932547807693;0.008952440693974495
0.02078520692884922;0.00900223758071661;0.01576175168156624;0.010401797480881214
0.023486701771616936;0.00920849945396185;0.01404455304145813;0.009016639553010464
0.0222125593572855;0.008319246582686901;0.014477557502686977;0.009784961119294167
0.02155577391386032;0.009233653545379639;0.014955433085560799;0.009836926124989986
0.021848728880286217;0.008516314439475536;0.01530236005783081;0.009879606775939465
0.021914934739470482;0.009503478184342384;0.015133983455598354;0.010218464769423008
0.02104327082633972;0.009733587503433228;0.015813857316970825;0.010589324869215488
0.023427870124578476;0.010203513316810131;0.015932533890008926;0.008814748376607895
0.02245504781603813;0.009340526536107063;0.015382143668830395;0.012106812559068203
0.023786334320902824;0.010371091775596142;0.016616901382803917;0.012979254126548767
