err_mean;err_cos1;err_cos2;err_cos3
1.0370888710021973;0.32798144221305847;0.7457609176635742;1.1776008605957031
0.6856494545936584;0.3209633231163025;0.44727155566215515;0.337629497051239
0.6389806270599365;0.3366513252258301;0.44976311922073364;0.33893248438835144
0.6154813766479492;0.3480696380138397;0.45523834228515625;0.33646664023399353
0.6030423045158386;0.3623134195804596;0.46306124329566956;0.3418847620487213
0.5898146033287048;0.3707149624824524;0.46599245071411133;0.3440536558628082
0.5832149982452393;0.38078805804252625;0.4708934724330902;0.34537574648857117
0.5758488178253174;0.3907890021800995;0.47322168946266174;0.337517112493515
0.5699924230575562;0.40099307894706726;0.476520299911499;0.33863505721092224
0.5679449439048767;0.40927988290786743;0.4751209318637848;0.33728066086769104
0.5635163187980652;0.41732150316238403;0.4750135540962219;0.3385867774486542
0.5613260269165039;0.42639604210853577;0.4777168333530426;0.33830490708351135
0.5547524094581604;0.4331073760986328;0.48140937089920044;0.3394310176372528
0.5538698434829712;0.44057151675224304;0.4880083203315735;0.34100571274757385
0.5497166514396667;0.44590526819229126;0.48607513308525085;0.33904311060905457
0.54961758852005;0.4533252418041229;0.4883861541748047;0.34507450461387634
0.5446081161499023;0.45944929122924805;0.49377870559692383;0.3400319218635559
0.543864369392395;0.46889838576316833;0.49647799134254456;0.3383951187133789
0.5429847836494446;0.4767007827758789;0.49461373686790466;0.34291860461235046
0.5388143658638;0.48392483592033386;0.4937811493873596;0.3412545621395111
0.5380687713623047;0.4890315532684326;0.4958333671092987;0.33819881081581116
0.5378091931343079;0.49759361147880554;0.49709269404411316;0.3418372571468353
0.538432776927948;0.5005049109458923;0.4953007698059082;0.3434108793735504
0.5407765507698059;0.5074015855789185;0.49418434500694275;0.3408512473106384
0.5406121611595154;0.5115638971328735;0.49189192056655884;0.3372327983379364
0.5387270450592041;0.5163617134094238;0.4949720501899719;0.3314529061317444
0.5388715267181396;0.5208689570426941;0.4996432363986969;0.33335989713668823
0.5406739115715027;0.527282178401947;0.5021867156028748;0.3385959565639496
0.5384427905082703;0.5327553153038025;0.4993300139904022;0.3384692668914795
0.5391016006469727;0.5348267555236816;0.49696531891822815;0.3375261127948761
0.5374272465705872;0.53777676820755;0.4962710440158844;0.34026196599006653
0.5391749143600464;0.5416865348815918;0.49616795778274536;0.34258022904396057
0.5397753715515137;0.5464152693748474;0.496265709400177;0.3426187038421631
0.5406296253204346;0.5505448579788208;0.49595093727111816;0.343090683221817
0.5414426922798157;0.5549522042274475;0.49550390243530273;0.34028318524360657
0.5424973368644714;0.5602490901947021;0.49458685517311096;0.3371865451335907
0.5448082685470581;0.5642133951187134;0.4902704656124115;0.3383964002132416
0.542375385761261;0.5677472949028015;0.48799753189086914;0.33319929242134094
0.5394158959388733;0.5711632370948792;0.48679324984550476;0.33927100896835327
0.5422883629798889;0.5760931372642517;0.49145275354385376;0.33898302912712097
0.5422136187553406;0.5798071622848511;0.4908512234687805;0.3404809534549713
0.5434541702270508;0.5826341509819031;0.4916277825832367;0.33889251947402954
0.5429930090904236;0.5867986083030701;0.4926908612251282;0.339096337556839
0.5428506731987;0.5913113951683044;0.49494829773902893;0.3408608138561249
0.5431858897209167;0.5941283106803894;0.49452778697013855;0.3425416648387909
0.5440568327903748;0.5969882011413574;0.4924020767211914;0.3382720351219177
0.544883131980896;0.6002492308616638;0.49330464005470276;0.3375694453716278
0.5444798469543457;0.6039376854896545;0.4952305257320404;0.3393002450466156
0.5458540916442871;0.6065900921821594;0.4967041015625;0.3398617208003998
0.5474656224250793;0.6105210185050964;0.4988812506198883;0.34086042642593384
0.5484735369682312;0.6120347380638123;0.49515628814697266;0.3411698043346405
0.5495983362197876;0.6141437292098999;0.49591198563575745;0.342946857213974
0.5511829257011414;0.6162576079368591;0.4992271363735199;0.3451178967952728
0.5518705248832703;0.6206211447715759;0.4954357147216797;0.34099051356315613
0.5504045486450195;0.6229775547981262;0.496732234954834;0.3411039113998413
0.5508489608764648;0.624675452709198;0.4946165978908539;0.3386403024196625
0.5510352253913879;0.6267461180686951;0.49394121766090393;0.3388655483722687
0.5480449795722961;0.6271809935569763;0.4937352240085602;0.34292760491371155
0.5464636087417603;0.6280705332756042;0.4931128919124603;0.33995792269706726
0.5477690696716309;0.6302372813224792;0.49170365929603577;0.3413250148296356
0.5473335385322571;0.6335813999176025;0.4884207844734192;0.3437209725379944
0.5459082126617432;0.6360809206962585;0.49368104338645935;0.34282341599464417
0.5453831553459167;0.6384402513504028;0.4943849742412567;0.33770403265953064
0.5429674983024597;0.6389262080192566;0.49317702651023865;0.33854585886001587
0.543911874294281;0.640672504901886;0.49565115571022034;0.3434213697910309
0.5442919135093689;0.6423107385635376;0.4951045513153076;0.34881263971328735
0.5447461009025574;0.6430331468582153;0.4961298406124115;0.34776946902275085
0.5453175902366638;0.6437801718711853;0.49455100297927856;0.3441307246685028
0.5479544997215271;0.6462005376815796;0.4960762560367584;0.3446846604347229
0.5475864410400391;0.6471667289733887;0.4965696334838867;0.3420220911502838
0.5459397435188293;0.6499035358428955;0.49593615531921387;0.33884382247924805
0.5435816645622253;0.6516177654266357;0.4958922863006592;0.3390059471130371
0.5424640774726868;0.6503917574882507;0.49692097306251526;0.34142571687698364
0.5409243702888489;0.651809811592102;0.4967476427555084;0.33795902132987976
0.5433751344680786;0.6540048122406006;0.49355387687683105;0.3398338854312897
0.5436930656433105;0.6559337377548218;0.4953167140483856;0.33773547410964966
0.5426498055458069;0.655879020690918;0.4917673170566559;0.34370550513267517
0.5443461537361145;0.6541890501976013;0.4924995005130768;0.3417489230632782
0.5428077578544617;0.6562427878379822;0.49330639839172363;0.34352174401283264
0.5418912172317505;0.6566826701164246;0.4964716136455536;0.3420109450817108
0.5405219197273254;0.6581085324287415;0.49701032042503357;0.3445473611354828
0.5394484400749207;0.6588096022605896;0.4988558888435364;0.340957373380661
0.5379942655563354;0.6608096361160278;0.49991121888160706;0.3409341275691986
0.5406672358512878;0.6599765419960022;0.49757352471351624;0.33903852105140686
0.537057101726532;0.660073459148407;0.4983493983745575;0.3402895927429199
0.5384189486503601;0.6613088250160217;0.49809178709983826;0.3407258689403534
0.5367003679275513;0.6615723967552185;0.4956314265727997;0.3375087380409241
0.5379123091697693;0.6622927784919739;0.49562889337539673;0.3347833752632141
0.5356179475784302;0.6617506146430969;0.49766311049461365;0.337920218706131
0.537079930305481;0.6625440120697021;0.5006611943244934;0.34009963274002075
0.5369238257408142;0.6621372699737549;0.4977177083492279;0.3417348563671112
0.5374543070793152;0.6616142988204956;0.49503564834594727;0.34208089113235474
0.5370030403137207;0.6607677936553955;0.4938422739505768;0.34087708592414856
0.5393652319908142;0.6596235632896423;0.49575135111808777;0.33930504322052
0.5378705859184265;0.6601592898368835;0.49316176772117615;0.3389671742916107
0.5348615646362305;0.6618040800094604;0.4942537248134613;0.3400130271911621
0.5346037745475769;0.6628374457359314;0.4925837516784668;0.3407723605632782
0.5378334522247314;0.6645011305809021;0.4907418191432953;0.3389301300048828
0.5375159978866577;0.6656218767166138;0.49190813302993774;0.33834779262542725
0.5374671816825867;0.6676066517829895;0.4922753870487213;0.3414807915687561
0.5395252108573914;0.6683945059776306;0.48902320861816406;0.3429543077945709
0.5385724902153015;0.6672784686088562;0.49080798029899597;0.34212788939476013
0.5378662943840027;0.66842120885849;0.49350643157958984;0.34469226002693176
0.5390257239341736;0.6681296229362488;0.4923757016658783;0.3432769775390625
0.5378122329711914;0.6671553254127502;0.493826687335968;0.34314242005348206
0.5365859270095825;0.6688138246536255;0.49299001693725586;0.34426257014274597
0.5376201868057251;0.6683329939842224;0.4950645864009857;0.34022244811058044
0.5377465486526489;0.6688079833984375;0.4986651539802551;0.33698877692222595
0.5383203625679016;0.6685341000556946;0.49800196290016174;0.3349849283695221
0.5369873046875;0.6690179705619812;0.49758753180503845;0.3354642987251282
0.5382280349731445;0.6697371006011963;0.4951461851596832;0.3387869894504547
0.5372399091720581;0.6719797253608704;0.49234992265701294;0.3380570709705353
0.5357558131217957;0.6729910969734192;0.4933117926120758;0.3398950397968292
0.5340916514396667;0.6728254556655884;0.4942966401576996;0.3391151428222656
0.5317295789718628;0.6740619540214539;0.4951404631137848;0.340027391910553
0.5311666131019592;0.6736757159233093;0.49405762553215027;0.3408954441547394
0.5348047614097595;0.6742131114006042;0.49575987458229065;0.3376722037792206
0.5327500700950623;0.6738049387931824;0.49205151200294495;0.34100741147994995
0.53526371717453;0.6732954382896423;0.4913792610168457;0.3370751142501831
0.5374927520751953;0.6748518943786621;0.49628281593322754;0.3396759629249573
0.5394852757453918;0.6767748594284058;0.49330177903175354;0.33682331442832947
0.5408555865287781;0.6780101656913757;0.4957457482814789;0.3403611183166504
0.5387803912162781;0.6756125092506409;0.49425435066223145;0.34192582964897156
0.5375725626945496;0.6766437292098999;0.49706974625587463;0.34053197503089905
0.5376319289207458;0.6765252351760864;0.49580270051956177;0.3404659330844879
0.5348588228225708;0.6772491335868835;0.5002844333648682;0.3428710997104645
0.5369033813476562;0.6752268671989441;0.49999648332595825;0.337750107049942
0.5363831520080566;0.6751537322998047;0.49913549423217773;0.3408513367176056
0.536128044128418;0.6751300096511841;0.5002344250679016;0.34288379549980164
0.537233293056488;0.6741601228713989;0.5008098483085632;0.34507519006729126
0.5373740792274475;0.6725347638130188;0.49921876192092896;0.34328746795654297
0.5339757800102234;0.6697797179222107;0.4954195022583008;0.3389863669872284
0.5327233672142029;0.669497013092041;0.49067312479019165;0.33764418959617615
0.5323159098625183;0.6715836524963379;0.4923616945743561;0.34231507778167725
0.5295547842979431;0.6716398596763611;0.4924701750278473;0.3374716639518738
0.5319647192955017;0.6718682646751404;0.4937764108181;0.3352196216583252
0.5346357822418213;0.6713666319847107;0.4923650920391083;0.33834001421928406
0.5366429090499878;0.6726069450378418;0.4917396008968353;0.3373953402042389
0.5366252064704895;0.6715587973594666;0.49210596084594727;0.33753639459609985
0.5350674986839294;0.6734620928764343;0.4926774501800537;0.339419424533844
0.5335620641708374;0.6744925379753113;0.490478515625;0.3366425931453705
0.5329617857933044;0.6732005476951599;0.49159032106399536;0.3372320830821991
0.5278517603874207;0.6724949479103088;0.4899904429912567;0.3335631489753723
0.52779620885849;0.6720629930496216;0.4924253523349762;0.33273547887802124
0.5300458669662476;0.6722307205200195;0.4924395680427551;0.3339850902557373
0.5293839573860168;0.6742843985557556;0.49177080392837524;0.3332020342350006
0.531260073184967;0.6753069162368774;0.4897577464580536;0.33447590470314026
0.5296674370765686;0.6753355264663696;0.48949766159057617;0.3369602859020233
0.5298587083816528;0.6757857203483582;0.49201521277427673;0.3385612964630127
0.5294147729873657;0.6756207346916199;0.4913509488105774;0.34232890605926514
0.5304562449455261;0.6754226088523865;0.4933503568172455;0.33950480818748474
0.5286421775817871;0.674322783946991;0.4958507716655731;0.3396502435207367
0.5282284617424011;0.6742914319038391;0.49555087089538574;0.3388792872428894
0.5297357439994812;0.6734198927879333;0.4972648620605469;0.34124699234962463
0.5278387069702148;0.6728890538215637;0.49908319115638733;0.33835577964782715
0.5247835516929626;0.6705237627029419;0.4975230395793915;0.34250330924987793
0.5246085524559021;0.6721288561820984;0.49654847383499146;0.338200181722641
0.524495542049408;0.6722136735916138;0.4955897033214569;0.3392817974090576
0.5243565440177917;0.6718457341194153;0.4991653859615326;0.3381102979183197
0.5251497626304626;0.6724578142166138;0.49336519837379456;0.335417240858078
0.5225046277046204;0.6729893684387207;0.4939901530742645;0.33593350648880005
0.5219576358795166;0.6722961664199829;0.49174967408180237;0.33746227622032166
0.5216093063354492;0.6736471056938171;0.49077722430229187;0.3379700481891632
0.5224241018295288;0.6723141670227051;0.4915435314178467;0.33674725890159607
0.5228328108787537;0.6732256412506104;0.4929383397102356;0.340352326631546
0.5231967568397522;0.674586832523346;0.4920423626899719;0.3401886522769928
0.5223761200904846;0.6754787564277649;0.49274855852127075;0.33832764625549316
0.5239935517311096;0.6753789782524109;0.49212080240249634;0.3424126207828522
0.5257169008255005;0.6769461631774902;0.49134179949760437;0.3391149938106537
0.5253534317016602;0.6778163313865662;0.49009236693382263;0.3414767384529114
0.5270971655845642;0.6781998872756958;0.4889633357524872;0.34319064021110535
0.5269773602485657;0.6775315999984741;0.489134281873703;0.33700844645500183
0.5243725776672363;0.6758451461791992;0.49131813645362854;0.3445532023906708
0.5244044065475464;0.6761729121208191;0.48964664340019226;0.3393803834915161
0.5216559767723083;0.676517903804779;0.4923267364501953;0.34131717681884766
0.5226073861122131;0.6766096353530884;0.49093756079673767;0.3418215811252594
0.5225215554237366;0.6751671433448792;0.4893219470977783;0.3442665636539459
0.5205616354942322;0.6755062341690063;0.4924085736274719;0.34371939301490784
0.5188777446746826;0.6757794618606567;0.4953106939792633;0.34346938133239746
0.5196494460105896;0.6749204993247986;0.4947555661201477;0.3424215018749237
0.5200904011726379;0.6721181273460388;0.4954083561897278;0.34051641821861267
0.519400417804718;0.6714392900466919;0.49333205819129944;0.3386160135269165
0.5175142288208008;0.6716019511222839;0.4928518235683441;0.3403896987438202
0.5161767601966858;0.6707468032836914;0.4923523962497711;0.33790144324302673
0.5141783952713013;0.6716270446777344;0.4903565049171448;0.3371211290359497
0.5154703259468079;0.6697237491607666;0.4905504882335663;0.3364897668361664
0.5141400098800659;0.6711122393608093;0.49394604563713074;0.3327261507511139
0.5168525576591492;0.671933650970459;0.4941016137599945;0.3382689654827118
0.5168684124946594;0.6718941926956177;0.4944746494293213;0.33515453338623047
0.5171360969543457;0.6725687384605408;0.49379968643188477;0.3376971185207367
0.5162822604179382;0.6726239323616028;0.4932727813720703;0.33893367648124695
0.5140741467475891;0.6738595962524414;0.4913385808467865;0.33807986974716187
0.5131828784942627;0.6745168566703796;0.4881594777107239;0.34062033891677856
0.5136949419975281;0.6752597689628601;0.4921148419380188;0.33884939551353455
0.5147504210472107;0.6725207567214966;0.4924481511116028;0.33662891387939453
0.5162540674209595;0.6708232164382935;0.49100691080093384;0.3386988341808319
0.5191605687141418;0.6703459620475769;0.4910077154636383;0.3374852240085602
0.5188212990760803;0.6714479923248291;0.4909193217754364;0.34090033173561096
0.5193244814872742;0.6704997420310974;0.4912056028842926;0.3412822484970093
0.5205942988395691;0.6735400557518005;0.4944555461406708;0.3436613082885742
0.519092857837677;0.6742669343948364;0.49625688791275024;0.3411998450756073
0.5206205248832703;0.6735851168632507;0.4993978440761566;0.3389430046081543
0.5223669409751892;0.6740665435791016;0.4988582730293274;0.3404697775840759
0.5217346549034119;0.6735056042671204;0.5011875033378601;0.34190303087234497
0.5236221551895142;0.6732847094535828;0.49868032336235046;0.3414345383644104
0.5244943499565125;0.6719697117805481;0.49634963274002075;0.340525358915329
0.5237078666687012;0.6707815527915955;0.4970039427280426;0.3385615944862366
0.5215805172920227;0.6701520085334778;0.4977445602416992;0.33760377764701843
0.5211468935012817;0.670335590839386;0.4984990060329437;0.33825230598449707
0.521084725856781;0.670434296131134;0.4993602931499481;0.3417922556400299
0.520058810710907;0.6707698702812195;0.5003253817558289;0.33976349234580994
0.5213582515716553;0.6717161536216736;0.49935445189476013;0.3388509750366211
0.5242472887039185;0.6706399917602539;0.49501878023147583;0.3417833149433136
0.5228182673454285;0.6720855236053467;0.4949801564216614;0.34004655480384827
0.5228003859519958;0.672709584236145;0.4957205355167389;0.3404534161090851
0.5242069363594055;0.6732338070869446;0.4937094748020172;0.33816081285476685
0.5251688361167908;0.6737220287322998;0.4926837086677551;0.34312257170677185
0.5268247723579407;0.6746863722801208;0.4940359592437744;0.3399941623210907
0.526638925075531;0.6734644174575806;0.49143582582473755;0.33667945861816406
0.5237376093864441;0.674464225769043;0.49138179421424866;0.34267306327819824
0.5214428305625916;0.6739792227745056;0.4904729425907135;0.33721214532852173
0.5205518007278442;0.6745091676712036;0.48982784152030945;0.3337705135345459
0.5233415961265564;0.6743226647377014;0.4885530173778534;0.3406846225261688
0.5238113403320312;0.6725419163703918;0.48849329352378845;0.33806586265563965
0.5222713351249695;0.6715303659439087;0.49129518866539;0.3399971127510071
0.5240198373794556;0.6742118000984192;0.48925334215164185;0.34218814969062805
0.5258374214172363;0.6741740107536316;0.4881867468357086;0.3403708338737488
0.523716926574707;0.6740647554397583;0.4903871715068817;0.34238505363464355
0.5250062942504883;0.673214852809906;0.495221346616745;0.3420850932598114
0.523831307888031;0.6714457869529724;0.494870662689209;0.3425939977169037
0.5244016051292419;0.6707891821861267;0.4946401119232178;0.342141717672348
0.5264894366264343;0.6729463338851929;0.4911855161190033;0.3392716348171234
0.5270180106163025;0.6718736290931702;0.4953012466430664;0.3427024781703949
0.5261065363883972;0.6731257438659668;0.4967721104621887;0.3448767364025116
0.5246270298957825;0.6720725297927856;0.4935881197452545;0.34535518288612366
0.5254174470901489;0.6715077757835388;0.4958738386631012;0.3461381196975708
0.5256254076957703;0.6717709898948669;0.49642857909202576;0.33798158168792725
0.5242387652397156;0.6721926927566528;0.4944287836551666;0.33998170495033264
0.5262176990509033;0.6724262237548828;0.4916287362575531;0.33752119541168213
0.5275892615318298;0.6703605651855469;0.49040576815605164;0.33584529161453247
0.5263885855674744;0.6706147789955139;0.49466854333877563;0.3379238545894623
0.5294825434684753;0.6704049110412598;0.49380484223365784;0.33890342712402344
0.5310384631156921;0.6693172454833984;0.49565592408180237;0.33848142623901367
0.5322246551513672;0.6708051562309265;0.49337634444236755;0.341348260641098
0.5315486192703247;0.671061098575592;0.4941480755805969;0.3459335267543793
0.5314543843269348;0.6707693338394165;0.4932052791118622;0.34347447752952576
0.5355056524276733;0.6699854135513306;0.4922155439853668;0.3468449115753174
0.5334078669548035;0.6702407002449036;0.4961462616920471;0.34070083498954773
0.5334296226501465;0.669285237789154;0.4975617825984955;0.3444303572177887
0.5330874919891357;0.6697721481323242;0.49765849113464355;0.3450956642627716
0.5311833620071411;0.6714802980422974;0.49609285593032837;0.34018874168395996
0.5308606028556824;0.6719960570335388;0.49600696563720703;0.33581849932670593
0.5298269987106323;0.6709851622581482;0.4979671537876129;0.34237369894981384
0.5284721851348877;0.6703117489814758;0.5006754994392395;0.3398904502391815
0.5283380746841431;0.6698071360588074;0.49883994460105896;0.3350329101085663
0.5289703607559204;0.6704732775688171;0.4977177679538727;0.33813008666038513
0.52956223487854;0.6713336110115051;0.49631428718566895;0.3422369062900543
0.53086918592453;0.674415111541748;0.49448463320732117;0.3416849672794342
0.5290871858596802;0.6754599809646606;0.4965166747570038;0.33882877230644226
0.5286660194396973;0.6755113005638123;0.4980245530605316;0.3387928307056427
0.5306043028831482;0.6749505400657654;0.495066374540329;0.3386485278606415
0.5315802693367004;0.6736120581626892;0.4954373836517334;0.339507520198822
0.5310882329940796;0.6742783784866333;0.49825000762939453;0.3402322232723236
0.5317326188087463;0.6740335822105408;0.49960508942604065;0.3417193591594696
0.5298744440078735;0.6748075485229492;0.4986463487148285;0.34593403339385986
0.5272505879402161;0.674250066280365;0.49283209443092346;0.33839207887649536
0.5275571346282959;0.6726559996604919;0.4936085343360901;0.3389960527420044
0.5276952981948853;0.6737122535705566;0.494616836309433;0.3422655463218689
0.5256848931312561;0.6727718710899353;0.4978775680065155;0.34154874086380005
0.5256344676017761;0.6723689436912537;0.4944637715816498;0.34208205342292786
0.5264677405357361;0.672925591468811;0.49401018023490906;0.3402940332889557
0.5228304862976074;0.6732389330863953;0.49015361070632935;0.34036943316459656
0.522735595703125;0.6730558276176453;0.4934556484222412;0.34039053320884705
0.5229927897453308;0.6731541752815247;0.49295440316200256;0.3434816300868988
0.5232123732566833;0.6731627583503723;0.49854978919029236;0.3386700451374054
0.5258909463882446;0.6754812598228455;0.4987714886665344;0.3385748565196991
0.526939332485199;0.676104724407196;0.4956154525279999;0.3372502028942108
0.5273838043212891;0.6748137474060059;0.4964683949947357;0.3363880217075348
0.5260546803474426;0.6747998595237732;0.4968925416469574;0.3373419940471649
0.5289945006370544;0.6753641366958618;0.496427059173584;0.3414040207862854
0.529566764831543;0.6757166981697083;0.4973908066749573;0.3384266793727875
0.5325378179550171;0.6768277287483215;0.4963143467903137;0.34146222472190857
0.5312773585319519;0.6771988868713379;0.4980539381504059;0.33977100253105164
0.5321168899536133;0.6776179671287537;0.499565452337265;0.3412143886089325
0.5329030752182007;0.6786447763442993;0.4974823594093323;0.34094902873039246
0.5303714871406555;0.6780681014060974;0.49560919404029846;0.3409019112586975
0.5317375063896179;0.6789794564247131;0.4950037896633148;0.34288695454597473
0.5315863490104675;0.6775098443031311;0.49670296907424927;0.3390161097049713
0.5307536721229553;0.6781476736068726;0.4978972375392914;0.34639155864715576
0.5305350422859192;0.6774585843086243;0.4977681338787079;0.34026554226875305
0.5264312624931335;0.6767047643661499;0.4995097219944;0.3423084020614624
0.52739018201828;0.6761784553527832;0.49880144000053406;0.3419574201107025
0.5268189311027527;0.6757111549377441;0.49874505400657654;0.34145426750183105
0.5270048975944519;0.6766549944877625;0.499556303024292;0.34362784028053284
0.524526059627533;0.6773499846458435;0.5000382661819458;0.3502655029296875
0.5238038897514343;0.6763309240341187;0.4981288015842438;0.3453855514526367
0.521764874458313;0.6764311790466309;0.4990287721157074;0.3398352563381195
0.5228763818740845;0.6766782999038696;0.49599772691726685;0.33712655305862427
0.5234957933425903;0.6761990785598755;0.49489137530326843;0.3392888605594635
0.5223243236541748;0.6740161776542664;0.5007704496383667;0.3370737135410309
0.5229678153991699;0.6739709973335266;0.49894896149635315;0.3339713513851166
0.5208573341369629;0.6720278263092041;0.49896231293678284;0.33412328362464905
0.520241916179657;0.672618567943573;0.4997861385345459;0.33612343668937683
0.5208653807640076;0.6721462607383728;0.4986205995082855;0.339123010635376
0.5225072503089905;0.6707150340080261;0.4978812336921692;0.3443952798843384
0.5231687426567078;0.670315682888031;0.4972109794616699;0.338257372379303
0.5221490859985352;0.672183096408844;0.49893590807914734;0.34304773807525635
0.5228007435798645;0.6731764674186707;0.49577662348747253;0.34076163172721863
0.5236389636993408;0.6734455823898315;0.4960269033908844;0.33739396929740906
0.5245389342308044;0.673879086971283;0.4949564039707184;0.34074917435646057
0.5238281488418579;0.6740760207176208;0.4926316738128662;0.34170302748680115
0.5228363275527954;0.673145592212677;0.49463674426078796;0.3390446603298187
0.5233217477798462;0.673596978187561;0.4953993856906891;0.33865782618522644
0.5215321779251099;0.6742806434631348;0.4950117766857147;0.34016153216362
0.5200740694999695;0.6752662062644958;0.49535486102104187;0.34026843309402466
0.5222374796867371;0.6747452616691589;0.49509111046791077;0.3392670750617981
0.5218228697776794;0.6754781603813171;0.49768906831741333;0.3417763411998749
0.5210796594619751;0.6744841933250427;0.4965684115886688;0.3462122082710266
0.5221390724182129;0.6734877824783325;0.49485912919044495;0.343187540769577
0.523763120174408;0.6725579500198364;0.49647942185401917;0.3393937051296234
0.5227571129798889;0.6712212562561035;0.4972970485687256;0.33911028504371643
0.5207260847091675;0.671442985534668;0.4973970949649811;0.34159955382347107
0.5205122828483582;0.671264111995697;0.4983154237270355;0.3438955843448639
0.5216984152793884;0.6708083152770996;0.4955774247646332;0.34463030099868774
0.5237565040588379;0.6728982329368591;0.49495574831962585;0.34510770440101624
0.5248729586601257;0.6727051138877869;0.49678322672843933;0.3406171202659607
0.5240105986595154;0.6723607182502747;0.49630996584892273;0.341532438993454
0.5205223560333252;0.6705286502838135;0.4962625205516815;0.34245458245277405
0.5230423808097839;0.670978844165802;0.4963582456111908;0.3365343511104584
0.524669349193573;0.6707994341850281;0.4963841438293457;0.336871474981308
0.525850236415863;0.6708696484565735;0.4949476718902588;0.33544355630874634
0.5259389281272888;0.6706560850143433;0.49553290009498596;0.3370443880558014
0.5265576243400574;0.6713386178016663;0.49938926100730896;0.34127721190452576
0.5262011885643005;0.6713066101074219;0.4963463842868805;0.34291011095046997
0.5292396545410156;0.6733967661857605;0.4964114725589752;0.34264132380485535
0.5281124711036682;0.6746336817741394;0.49584946036338806;0.341669499874115
0.5278415679931641;0.6738950610160828;0.49507570266723633;0.3389626145362854
0.5285879969596863;0.6742690205574036;0.49717971682548523;0.3384949862957001
0.5262953042984009;0.6744698286056519;0.4945501983165741;0.3430813252925873
0.525154709815979;0.6746425032615662;0.4947948455810547;0.3430899679660797
0.5272237658500671;0.6718311309814453;0.49825286865234375;0.34538018703460693
0.5291003584861755;0.6716505885124207;0.4982743263244629;0.3428190350532532
0.5281466841697693;0.6711288690567017;0.49337586760520935;0.3411969244480133
0.5292726755142212;0.6704401969909668;0.49632158875465393;0.33676695823669434
0.5296357274055481;0.66960209608078;0.49561023712158203;0.3351527154445648
0.5295132994651794;0.6697598099708557;0.49790945649147034;0.3387642502784729
0.5305696725845337;0.6686902046203613;0.49432864785194397;0.33939415216445923
0.5302743911743164;0.6689214110374451;0.4942440986633301;0.33897480368614197
0.5290088653564453;0.6711379885673523;0.49254152178764343;0.34535297751426697
0.5305191874504089;0.6724787950515747;0.4933728873729706;0.343720406293869
0.5317363739013672;0.6739540696144104;0.4932846128940582;0.34319642186164856
0.5306124091148376;0.6770424842834473;0.49277955293655396;0.34052643179893494
0.5294202566146851;0.6786302924156189;0.49238377809524536;0.34112492203712463
0.5306857228279114;0.6793696284294128;0.4937814772129059;0.34548109769821167
0.5305339694023132;0.6790992021560669;0.4908146560192108;0.34841254353523254
0.5330101251602173;0.6795912981033325;0.4922817647457123;0.34553202986717224
0.5350100994110107;0.6789125800132751;0.4921281039714813;0.3441612422466278
0.533801257610321;0.6788231730461121;0.49231553077697754;0.3417903482913971
0.5336822867393494;0.6731439828872681;0.49187761545181274;0.34571632742881775
0.534439742565155;0.6743394732475281;0.48915424942970276;0.34279710054397583
0.5364024043083191;0.6749777793884277;0.489559143781662;0.3402702510356903
0.5354183912277222;0.6755890250205994;0.4921658933162689;0.3422805964946747
0.5330926179885864;0.675822913646698;0.492418110370636;0.34494706988334656
0.5348228812217712;0.6776904463768005;0.4976377487182617;0.34190964698791504
0.5365336537361145;0.6739737391471863;0.49889394640922546;0.3420562744140625
0.5361102223396301;0.6733696460723877;0.4987461566925049;0.3419545590877533
0.539233386516571;0.6730520725250244;0.49746376276016235;0.3413856625556946
0.5368544459342957;0.6730189323425293;0.5004245638847351;0.3397711217403412
0.533539891242981;0.6759054064750671;0.49576646089553833;0.33864447474479675
0.5333825945854187;0.6765435338020325;0.49561309814453125;0.3419378399848938
0.5351536870002747;0.6754934787750244;0.4940032958984375;0.33856457471847534
0.5337644219398499;0.6759125590324402;0.49088001251220703;0.33613476157188416
0.5333370566368103;0.6758204698562622;0.4907546937465668;0.336162805557251
0.5331591963768005;0.67536860704422;0.4909515976905823;0.3397338092327118
0.5327580571174622;0.6747903227806091;0.49383148550987244;0.34128013253211975
0.532322108745575;0.6761618852615356;0.49923068284988403;0.34370672702789307
0.5331586599349976;0.6793271899223328;0.49641209840774536;0.34678763151168823
0.5341637134552002;0.6782388687133789;0.4984826147556305;0.3448512852191925
0.5359698534011841;0.6773229837417603;0.49868544936180115;0.3444845378398895
0.5350865721702576;0.6762818694114685;0.49608537554740906;0.34229713678359985
0.5390574336051941;0.6769160628318787;0.49649176001548767;0.34074530005455017
0.5380691885948181;0.6759307980537415;0.4949285686016083;0.3382028043270111
0.5400111079216003;0.676866352558136;0.49315911531448364;0.3385593891143799
0.5414033532142639;0.6794314980506897;0.4937073886394501;0.33649227023124695
0.5385018587112427;0.6802809238433838;0.4953509271144867;0.3369885981082916
0.5398241877555847;0.6771925687789917;0.4948149621486664;0.34357497096061707
0.5435318350791931;0.6791597604751587;0.4955998957157135;0.34454673528671265
0.5459091067314148;0.6792519688606262;0.4972061812877655;0.34144327044487
0.5454177856445312;0.6806343197822571;0.4988275468349457;0.3421953320503235
0.5473877787590027;0.6794847846031189;0.5014029741287231;0.3440034091472626
0.548417866230011;0.6763163805007935;0.5002979636192322;0.3408738076686859
0.5488829016685486;0.6748976111412048;0.4979984760284424;0.3436121344566345
0.5490229725837708;0.6731712222099304;0.49905452132225037;0.3423841595649719
0.5503165125846863;0.6719567179679871;0.4979034960269928;0.34156885743141174
0.5520309805870056;0.6729079484939575;0.4987439215183258;0.3380593955516815
0.5517280697822571;0.6739940643310547;0.498386949300766;0.33672094345092773
0.5507836937904358;0.6747219562530518;0.49810048937797546;0.33825311064720154
0.5483260154724121;0.6751424670219421;0.5004225373268127;0.34280329942703247
0.5470555424690247;0.6740117073059082;0.49659743905067444;0.3435647487640381
0.545197069644928;0.671533465385437;0.49608442187309265;0.3405819535255432
0.5430372357368469;0.6704331636428833;0.4960487484931946;0.3411734998226166
0.5417160987854004;0.6692414283752441;0.49354568123817444;0.34082332253456116
0.5407118797302246;0.6712473034858704;0.49552997946739197;0.33940234780311584
0.544350802898407;0.6725433468818665;0.4944515824317932;0.3382267951965332
0.5427290797233582;0.6721546649932861;0.49199000000953674;0.33472537994384766
0.5434574484825134;0.6738277673721313;0.4931514859199524;0.3374082148075104
0.5452033281326294;0.6745118498802185;0.49516335129737854;0.3382423520088196
0.5459184050559998;0.6740050315856934;0.49414655566215515;0.3418169617652893
0.5439137816429138;0.6730102896690369;0.49600353837013245;0.3419561982154846
0.543648898601532;0.6712557673454285;0.4953390061855316;0.335578978061676
0.5403339266777039;0.6720207333564758;0.49503976106643677;0.33621999621391296
0.540227472782135;0.671207070350647;0.4936992824077606;0.3384816646575928
0.5401973724365234;0.670261561870575;0.4931640326976776;0.3348606526851654
0.5413058400154114;0.669975221157074;0.4929208755493164;0.34024447202682495
0.540643572807312;0.6692331433296204;0.49156609177589417;0.33717232942581177
0.5414756536483765;0.6672002673149109;0.4925088882446289;0.33607450127601624
0.5428902506828308;0.667357861995697;0.49362441897392273;0.33959656953811646
0.5434370040893555;0.6670185327529907;0.4962206780910492;0.3369816243648529
0.5415611267089844;0.6677546501159668;0.4945013225078583;0.34178659319877625
0.5411285758018494;0.6684338450431824;0.49596548080444336;0.3408580422401428
0.5412306785583496;0.6682751774787903;0.4965430200099945;0.3384096026420593
0.5417487025260925;0.6711403131484985;0.4969351291656494;0.3414306640625
0.5400359034538269;0.6733540296554565;0.4971702992916107;0.3403458595275879
0.5383407473564148;0.672012984752655;0.49077358841896057;0.33722272515296936
0.5406041145324707;0.6704102754592896;0.48950091004371643;0.3387450873851776
0.5425726771354675;0.6705233454704285;0.49369093775749207;0.33906230330467224
0.5436010360717773;0.6707042455673218;0.49311885237693787;0.33381110429763794
0.5449239015579224;0.6705496311187744;0.49540024995803833;0.3372449576854706
0.541769802570343;0.6700167059898376;0.49385109543800354;0.34060174226760864
0.5409239530563354;0.6689628958702087;0.49146032333374023;0.3370998203754425
0.540328323841095;0.6702792048454285;0.48940473794937134;0.33422431349754333
0.5394572615623474;0.6710295677185059;0.4855194687843323;0.3409305512905121
0.5412569642066956;0.6687147617340088;0.48466792702674866;0.34197208285331726
0.5431027412414551;0.6695030331611633;0.4856979548931122;0.34316134452819824
0.5430984497070312;0.6704498529434204;0.48727670311927795;0.3388460874557495
0.5428158044815063;0.6711432337760925;0.4898519515991211;0.3366259038448334
0.5438885688781738;0.6712093949317932;0.4890279769897461;0.33641549944877625
0.5455238223075867;0.6710559725761414;0.488316148519516;0.33821922540664673
0.5445466041564941;0.6717274785041809;0.4886421263217926;0.33887672424316406
0.5432946085929871;0.6709269881248474;0.49142035841941833;0.3382101058959961
0.542123019695282;0.6724971532821655;0.4914991557598114;0.34266209602355957
0.5401756763458252;0.6723054051399231;0.49512311816215515;0.3407462239265442
0.5400170683860779;0.6731283068656921;0.49401208758354187;0.3411875367164612
0.5399169921875;0.6732898950576782;0.49341651797294617;0.3410669267177582
0.5398176312446594;0.672231912612915;0.49181315302848816;0.3369726836681366
0.538921058177948;0.6714927554130554;0.49311694502830505;0.33663541078567505
0.5386157035827637;0.6731051802635193;0.4951736032962799;0.3368294835090637
0.5381936430931091;0.6732656955718994;0.4963071048259735;0.33571311831474304
0.5395662188529968;0.6715889573097229;0.49763375520706177;0.3351026475429535
0.536198616027832;0.6700431704521179;0.4959416091442108;0.3379891812801361
0.5344015955924988;0.6706826090812683;0.4965668320655823;0.3342251479625702
0.5348906517028809;0.6721304059028625;0.4982864558696747;0.33773073554039
0.5350198745727539;0.6714513301849365;0.49831610918045044;0.33702555298805237
0.5364671945571899;0.6705211997032166;0.49627265334129333;0.33420810103416443
0.537128210067749;0.6699379086494446;0.49605417251586914;0.3386155068874359
0.539099395275116;0.6705711483955383;0.4969487190246582;0.3416191637516022
0.5390796065330505;0.6718827486038208;0.49526405334472656;0.3402189314365387
0.5416423082351685;0.6715832948684692;0.495267391204834;0.3389297425746918
0.5416484475135803;0.671496570110321;0.49773988127708435;0.3397379517555237
0.5423898696899414;0.6718570590019226;0.4940488934516907;0.34071722626686096
0.546625554561615;0.6730579733848572;0.4917478561401367;0.3427670896053314
0.5470284819602966;0.6735386252403259;0.48973169922828674;0.34558868408203125
0.5490726828575134;0.6753477454185486;0.4904703199863434;0.34589314460754395
0.54800945520401;0.6758147478103638;0.4887460768222809;0.3400250971317291
0.5490946173667908;0.6756042838096619;0.49340152740478516;0.33894285559654236
0.5501701235771179;0.6738948225975037;0.49504461884498596;0.3399951457977295
0.5529465675354004;0.6733213663101196;0.49785882234573364;0.3364415168762207
0.5520873665809631;0.6724218726158142;0.4956149160861969;0.3373683989048004
0.5519327521324158;0.6724138855934143;0.4968996047973633;0.33654889464378357
0.5484650731086731;0.6730009913444519;0.49768027663230896;0.33811014890670776
0.5468029975891113;0.6751037836074829;0.49850770831108093;0.3384920656681061
0.5469186305999756;0.6746471524238586;0.4982627034187317;0.3365972638130188
0.5489832162857056;0.6753023266792297;0.4997149407863617;0.33903107047080994
0.551873505115509;0.6758963465690613;0.4964156746864319;0.34035933017730713
0.551798939704895;0.6754975914955139;0.49378538131713867;0.33484938740730286
0.5504822134971619;0.6751052737236023;0.4960457384586334;0.3386201560497284
0.5525569915771484;0.6759397387504578;0.4988621771335602;0.3406200706958771
0.5558380484580994;0.6743443012237549;0.49998947978019714;0.33781424164772034
0.5545606017112732;0.6723330616950989;0.49901720881462097;0.3363400995731354
0.5540966391563416;0.6728240251541138;0.49295875430107117;0.33810606598854065
0.5520772933959961;0.6737222075462341;0.49314022064208984;0.3390727937221527
0.5526923537254333;0.6732907891273499;0.495061457157135;0.34207090735435486
0.5484176874160767;0.6742784380912781;0.49186164140701294;0.3436654210090637
0.5494468808174133;0.6736019253730774;0.4920162260532379;0.33841803669929504
0.5494493246078491;0.67299884557724;0.4955120086669922;0.3358301818370819
0.5492690801620483;0.6716517210006714;0.4959913194179535;0.3387931287288666
0.5509430170059204;0.6706838011741638;0.49714192748069763;0.3423405587673187
0.549667239189148;0.6694403886795044;0.4950278699398041;0.3402411639690399
0.5495083332061768;0.6685473322868347;0.4958094656467438;0.33927828073501587
0.5510181188583374;0.6661433577537537;0.4963319003582001;0.34010064601898193
0.550578773021698;0.667518138885498;0.4970560669898987;0.3424374759197235
0.5469555258750916;0.6661009788513184;0.49999770522117615;0.3387227952480316
0.5506453514099121;0.6666961312294006;0.4959692060947418;0.3388080298900604
0.5537676811218262;0.6670339107513428;0.494638055562973;0.34294477105140686
0.5547545552253723;0.6683975458145142;0.49641314148902893;0.3388219475746155
0.5562030076980591;0.6692556142807007;0.49673768877983093;0.34086713194847107
0.5580148100852966;0.668097972869873;0.4979040324687958;0.3407520353794098
0.5579273104667664;0.6691451072692871;0.49723172187805176;0.3406805098056793
0.5579186677932739;0.6689816117286682;0.4966859817504883;0.33715537190437317
0.5603823065757751;0.6695236563682556;0.4961368143558502;0.3407861292362213
0.5615515112876892;0.6692756414413452;0.49472513794898987;0.3371112048625946
0.5624828338623047;0.6697791814804077;0.48980218172073364;0.34082871675491333
0.5627865195274353;0.6699960827827454;0.4936029613018036;0.33814746141433716
0.5614344477653503;0.6708176732063293;0.4941914677619934;0.33425387740135193
0.5610442161560059;0.6710972189903259;0.49289819598197937;0.33609136939048767
0.5625938773155212;0.6705107092857361;0.4964168071746826;0.33381199836730957
0.5625270009040833;0.669456958770752;0.4943877160549164;0.33642837405204773
0.5627993941307068;0.6702951192855835;0.49433252215385437;0.3344150483608246
0.5588384866714478;0.671150267124176;0.49484944343566895;0.3349052369594574
0.5565698742866516;0.6720232367515564;0.49781760573387146;0.3352222442626953
0.5539339184761047;0.6735804080963135;0.496922105550766;0.3401627540588379
0.5547701120376587;0.6738488078117371;0.4973416328430176;0.3426010310649872
0.5535465478897095;0.6745946407318115;0.4986568093299866;0.34011057019233704
0.5553531050682068;0.6740795969963074;0.49763765931129456;0.33986255526542664
0.5553476214408875;0.6743531823158264;0.49664756655693054;0.33737799525260925
0.5537459850311279;0.6732355952262878;0.49627572298049927;0.3432219922542572
0.5494334101676941;0.6721671223640442;0.4953063428401947;0.3385739028453827
0.5507120490074158;0.6724140048027039;0.492330938577652;0.3403458297252655
0.5516616702079773;0.6717462539672852;0.4926263988018036;0.3427625596523285
0.5511182546615601;0.671346127986908;0.49307018518447876;0.3406352698802948
0.5504165887832642;0.6715216636657715;0.4909481108188629;0.3426997661590576
0.550678014755249;0.6713939309120178;0.4880504608154297;0.3435722291469574
0.5513943433761597;0.6711485981941223;0.492916077375412;0.3381807506084442
0.5529705882072449;0.6697964668273926;0.49152860045433044;0.3377717435359955
0.5536255836486816;0.6710938811302185;0.4928528964519501;0.33540329337120056
0.552357017993927;0.6725869178771973;0.4918139576911926;0.3391277492046356
0.5518730878829956;0.6727367639541626;0.49306756258010864;0.34288954734802246
0.5472407937049866;0.6732749938964844;0.49002090096473694;0.3461320102214813
0.5451759696006775;0.6723358035087585;0.49039697647094727;0.3439895808696747
0.5472829937934875;0.6713824272155762;0.4903181195259094;0.34175464510917664
0.5468732118606567;0.6708149909973145;0.490462988615036;0.34452176094055176
0.5472955107688904;0.6709688901901245;0.4928145408630371;0.34031444787979126
0.5436171889305115;0.6713286638259888;0.48885226249694824;0.3414897322654724
0.5420418977737427;0.6708861589431763;0.4946826100349426;0.3430883586406708
0.5411691665649414;0.6724990606307983;0.49301090836524963;0.3411303162574768
0.541168212890625;0.6717150211334229;0.49368926882743835;0.3344101905822754
0.5428232550621033;0.6711460947990417;0.4956630766391754;0.33848434686660767
0.5432491898536682;0.6701120734214783;0.49456506967544556;0.3378748595714569
0.5417421460151672;0.6698516607284546;0.49451932311058044;0.3378576636314392
0.5411803126335144;0.6700398325920105;0.5005783438682556;0.3381066620349884
0.541756272315979;0.670231282711029;0.5032941699028015;0.34134969115257263
0.543513298034668;0.6708021759986877;0.4993631839752197;0.3435184061527252
0.5430479645729065;0.6692202687263489;0.4997464120388031;0.34452682733535767
0.5444554686546326;0.6686866879463196;0.49636584520339966;0.33828064799308777
0.5477275252342224;0.6697584390640259;0.4946010708808899;0.33577120304107666
0.5479090809822083;0.6693293452262878;0.49544569849967957;0.3426697552204132
0.546891987323761;0.6696015000343323;0.491344690322876;0.3344745337963104
0.5465654730796814;0.6694366335868835;0.49334365129470825;0.3372817039489746
0.5472142100334167;0.6706048846244812;0.4930853843688965;0.3420352041721344
0.5457438826560974;0.672637403011322;0.49342426657676697;0.340911865234375
0.5437465906143188;0.6732179522514343;0.4969918429851532;0.3449707627296448
0.5408130884170532;0.6738384962081909;0.49477124214172363;0.3437526226043701
0.5406026840209961;0.6729394197463989;0.49240055680274963;0.34141087532043457
0.5417379140853882;0.6724680662155151;0.4939577281475067;0.3421732485294342
0.5426029562950134;0.6720654368400574;0.49164319038391113;0.3453598916530609
0.5438826084136963;0.670599639415741;0.4913390278816223;0.34059572219848633
0.5454287528991699;0.6690309643745422;0.491647332906723;0.34128060936927795
0.5449496507644653;0.6694573760032654;0.494944304227829;0.3449208736419678
0.5456986427307129;0.6694514155387878;0.4959208071231842;0.3433903455734253
0.546852171421051;0.6705195903778076;0.4949095845222473;0.34429317712783813
0.5466113686561584;0.6707589030265808;0.4963819682598114;0.33963704109191895
0.5467268228530884;0.6717283129692078;0.49984678626060486;0.3426888585090637
0.5499000549316406;0.6715657711029053;0.4954664409160614;0.33745452761650085
0.5504607558250427;0.6730231642723083;0.49612268805503845;0.3434238135814667
0.5496975779533386;0.6720859408378601;0.492512047290802;0.3419175148010254
0.5490609407424927;0.6727713346481323;0.4985508918762207;0.344582736492157
0.5520240664482117;0.6741181015968323;0.49957790970802307;0.33985134959220886
0.5524467825889587;0.6738601922988892;0.496690571308136;0.3409777283668518
0.5496240854263306;0.6749352812767029;0.5000196695327759;0.33856210112571716
0.5499779582023621;0.6768926978111267;0.49794840812683105;0.3411104381084442
0.5486443638801575;0.6746360659599304;0.5006866455078125;0.3418445587158203
0.5490275621414185;0.6746065020561218;0.4979383945465088;0.3394763469696045
0.5516177415847778;0.6737899780273438;0.4975370466709137;0.3416582942008972
0.5515155792236328;0.6748540997505188;0.49498701095581055;0.33912214636802673
0.5490231513977051;0.6749741435050964;0.4966035783290863;0.3382560610771179
0.5462602972984314;0.6756104826927185;0.49536678194999695;0.3389013111591339
0.5462840795516968;0.6767057776451111;0.49677425622940063;0.3402366638183594
0.5493854880332947;0.6758813261985779;0.5032892227172852;0.33605679869651794
0.5510993003845215;0.6754666566848755;0.5023729205131531;0.3360554873943329
0.5529536604881287;0.6760565042495728;0.5012474656105042;0.33666807413101196
0.5552676916122437;0.6734075546264648;0.5005741119384766;0.3397282063961029
0.5554496645927429;0.673298716545105;0.49618417024612427;0.33239418268203735
0.5597395300865173;0.673647940158844;0.4970163404941559;0.33718788623809814
0.5628669261932373;0.672446072101593;0.5010460019111633;0.34001150727272034
0.5637626647949219;0.6735249757766724;0.49757876992225647;0.3447844088077545
0.5633581280708313;0.6729105114936829;0.4926585257053375;0.344865083694458
0.5639644861221313;0.6722094416618347;0.49354782700538635;0.34369778633117676
0.5640727877616882;0.6721622347831726;0.49459108710289;0.34067320823669434
0.5634507536888123;0.6727540493011475;0.4957236349582672;0.34567347168922424
0.5640535950660706;0.673803448677063;0.49310070276260376;0.33750319480895996
0.5636240243911743;0.6738240718841553;0.495176762342453;0.3357260227203369
0.5616579055786133;0.6731371283531189;0.4964739978313446;0.3364409804344177
0.5617984533309937;0.6732707023620605;0.4970460534095764;0.34018227458000183
0.5640088319778442;0.6742340922355652;0.4945220947265625;0.3411371409893036
0.563503086566925;0.6746969819068909;0.4948384761810303;0.3363502323627472
0.5614885687828064;0.6751314997673035;0.49692487716674805;0.33980634808540344
0.5607655048370361;0.6740473508834839;0.49670490622520447;0.3443816900253296
0.5591782927513123;0.6751881837844849;0.5015608668327332;0.3365819454193115
0.5618035197257996;0.673525333404541;0.5007188320159912;0.336777001619339
0.5624194145202637;0.6734474301338196;0.49574586749076843;0.33822476863861084
0.5632235407829285;0.6732710599899292;0.49413415789604187;0.33561813831329346
0.5609797835350037;0.6726712584495544;0.49274301528930664;0.3409355580806732
0.5608227849006653;0.6716763377189636;0.4903929829597473;0.3440360128879547
0.5604874491691589;0.6715754866600037;0.4906430244445801;0.3389465808868408
0.5596991777420044;0.6711465120315552;0.49188312888145447;0.34326085448265076
0.5593445897102356;0.6702773571014404;0.4910759925842285;0.3435620367527008
0.560621440410614;0.6701655387878418;0.4902394413948059;0.34268662333488464
0.5590457320213318;0.6714790463447571;0.49394509196281433;0.34432676434516907
0.5597531199455261;0.6715500950813293;0.4940885007381439;0.34001046419143677
0.5605975985527039;0.6695912480354309;0.4938552975654602;0.339623361825943
0.5616225600242615;0.6694738268852234;0.49791231751441956;0.33983904123306274
0.5622439384460449;0.6693841814994812;0.4954128861427307;0.33957597613334656
0.5591027736663818;0.6700765490531921;0.49554443359375;0.34361860156059265
0.5579915046691895;0.6696546673774719;0.4983614981174469;0.34336039423942566
0.55785071849823;0.6725292801856995;0.5010275840759277;0.3399876058101654
0.5578877329826355;0.6726843118667603;0.498970091342926;0.3413090407848358
0.5591093301773071;0.6731621623039246;0.5008458495140076;0.3373607099056244
0.5589815974235535;0.674210250377655;0.4979545772075653;0.34001851081848145
0.5586490035057068;0.672307014465332;0.5006680488586426;0.3435003459453583
0.5574371218681335;0.6725765466690063;0.4970291256904602;0.33825743198394775
0.558261513710022;0.6719740629196167;0.4959121644496918;0.33590760827064514
0.5583170652389526;0.6733150482177734;0.49687033891677856;0.33595600724220276
0.5591640472412109;0.6734228134155273;0.4955776333808899;0.33755481243133545
0.5559452176094055;0.6755627989768982;0.4934544265270233;0.336398184299469
0.5552178025245667;0.6733166575431824;0.4918850362300873;0.34017086029052734
0.5569067001342773;0.6726576685905457;0.49287739396095276;0.3387225270271301
0.5577903389930725;0.6722791194915771;0.4933878481388092;0.33820438385009766
0.5586003661155701;0.6722400784492493;0.4918834865093231;0.3423924446105957
0.559944748878479;0.6709253191947937;0.4918615520000458;0.3399099111557007
0.5593273043632507;0.6715368032455444;0.49624568223953247;0.3413630425930023
0.5598486661911011;0.6706200838088989;0.4973745048046112;0.3394186794757843
0.5603000521659851;0.67230224609375;0.4967641532421112;0.3409362733364105
0.560326099395752;0.6740492582321167;0.4961840808391571;0.34193575382232666
0.5591041445732117;0.6715680956840515;0.4979220926761627;0.33860018849372864
0.5592445731163025;0.6697570085525513;0.49626579880714417;0.33863693475723267
0.5609149932861328;0.6693834662437439;0.49756669998168945;0.34621408581733704
0.5589696764945984;0.6701066493988037;0.49667254090309143;0.3439386785030365
0.5614609718322754;0.6699365973472595;0.49786052107810974;0.34332045912742615
0.5610548257827759;0.672848641872406;0.4946900010108948;0.3391200006008148
0.5635704398155212;0.6720426082611084;0.49726057052612305;0.34122586250305176
0.5651485323905945;0.6727092862129211;0.4968337118625641;0.3401721119880676
0.5684199929237366;0.6712870001792908;0.49214181303977966;0.3376489579677582
0.5690584182739258;0.670158326625824;0.4935426414012909;0.3361700177192688
0.5680238604545593;0.6704503297805786;0.49300846457481384;0.33418765664100647
0.5656876564025879;0.6710736751556396;0.49061089754104614;0.3394693434238434
0.567065417766571;0.6713298559188843;0.4881868362426758;0.3426419794559479
0.5674626231193542;0.6723021268844604;0.49249863624572754;0.33740854263305664
0.5695585608482361;0.6737836003303528;0.49238497018814087;0.3388861119747162
0.5697419047355652;0.6723406910896301;0.4944634437561035;0.33980315923690796
0.5689929127693176;0.672442615032196;0.4927924573421478;0.3383300006389618
0.5650703310966492;0.6726855635643005;0.4926886558532715;0.34098193049430847
0.5661304593086243;0.6740080714225769;0.4906213879585266;0.34201058745384216
0.5658095479011536;0.6725522875785828;0.49014362692832947;0.33977019786834717
0.5656787753105164;0.6695886254310608;0.49086862802505493;0.3408737778663635
0.5659410357475281;0.6700590252876282;0.49128976464271545;0.341987669467926
0.5678374171257019;0.6710605025291443;0.4891839921474457;0.34010982513427734
0.5702528953552246;0.670732319355011;0.4939613342285156;0.3450365960597992
0.5693598985671997;0.6709601879119873;0.49325522780418396;0.33869215846061707
0.5661837458610535;0.670961856842041;0.4946545660495758;0.34208106994628906
0.5692574381828308;0.6727640628814697;0.49517756700515747;0.33822736144065857
0.5699090361595154;0.6713846921920776;0.49418559670448303;0.33725330233573914
0.5726138353347778;0.672062873840332;0.4972739815711975;0.3383523225784302
0.5735927224159241;0.6710276007652283;0.4963422417640686;0.34050118923187256
0.5729618072509766;0.6689950227737427;0.497559517621994;0.3399445712566376
0.5704061388969421;0.6676405072212219;0.5006601810455322;0.3410770297050476
0.571219265460968;0.6683717370033264;0.49782252311706543;0.3372747004032135
0.5736929774284363;0.6683474779129028;0.5000981688499451;0.3371630609035492
0.5769111514091492;0.6687422394752502;0.4950098693370819;0.3335079252719879
0.5773552060127258;0.6699274778366089;0.493548721075058;0.337909996509552
0.5771605372428894;0.671317994594574;0.49535712599754333;0.34023433923721313
0.577355682849884;0.6719913482666016;0.4954635798931122;0.337853342294693
0.5751054883003235;0.6716923713684082;0.49220067262649536;0.33308306336402893
0.5769521594047546;0.671158492565155;0.4927612841129303;0.33701345324516296
0.5753154158592224;0.6702919006347656;0.4917174279689789;0.3390009105205536
0.5767702460289001;0.6695577502250671;0.49366599321365356;0.34169483184814453
0.5777802467346191;0.6681352853775024;0.4946911334991455;0.3400133550167084
0.5782200694084167;0.6669792532920837;0.49193906784057617;0.34170764684677124
0.5767244100570679;0.6670351624488831;0.48907405138015747;0.3420451581478119
0.5790861248970032;0.6690574288368225;0.4880804121494293;0.3432217240333557
0.5777164101600647;0.6696993708610535;0.48938485980033875;0.34072622656822205
0.5781119465827942;0.6682882308959961;0.48795613646507263;0.3430924117565155
0.5773343443870544;0.6682297587394714;0.48955583572387695;0.3396431505680084
0.5792996287345886;0.6689683794975281;0.4898558557033539;0.3409764766693115
0.5813328623771667;0.6680739521980286;0.4907655715942383;0.34154853224754333
0.5841087102890015;0.6682206988334656;0.49230247735977173;0.3456120193004608
0.580510139465332;0.670252799987793;0.4906821846961975;0.34775418043136597
0.5840288996696472;0.668444812297821;0.4927184283733368;0.34866586327552795
0.5855280756950378;0.6703703999519348;0.4906020760536194;0.3458171784877777
0.5896450877189636;0.671614944934845;0.49047431349754333;0.3471369445323944
0.5900296568870544;0.6718595623970032;0.49074316024780273;0.3466049134731293
0.5885450839996338;0.6696451306343079;0.495076984167099;0.34936532378196716
0.5896070599555969;0.6687644124031067;0.49316659569740295;0.34526607394218445
0.5881165862083435;0.6686912775039673;0.49022895097732544;0.3447999656200409
0.5869389772415161;0.6693193316459656;0.49328991770744324;0.34554192423820496
0.5850473642349243;0.667528510093689;0.4952890872955322;0.3422393500804901
0.5810961723327637;0.6667485237121582;0.496328204870224;0.33971092104911804
0.5789403319358826;0.6664289832115173;0.4983355700969696;0.3399692177772522
0.5777379870414734;0.6669910550117493;0.4975055754184723;0.34085455536842346
0.5780510306358337;0.6665536761283875;0.4935770034790039;0.34112247824668884
0.5794429779052734;0.6675202250480652;0.49262601137161255;0.33886009454727173
0.5805439352989197;0.6676675081253052;0.49332401156425476;0.33901089429855347
0.5814694762229919;0.665827214717865;0.4918154180049896;0.3356116712093353
0.5810801386833191;0.6678005456924438;0.49498414993286133;0.3388262689113617
0.5792986154556274;0.666679859161377;0.49409219622612;0.34159550070762634
0.5775293707847595;0.6654765009880066;0.4917360842227936;0.33889269828796387
0.5759783387184143;0.6654828190803528;0.4943426251411438;0.3411269783973694
0.5756643414497375;0.6665194630622864;0.49592524766921997;0.3407822549343109
0.5763189792633057;0.6688663363456726;0.49683257937431335;0.3430764675140381
0.5763862729072571;0.6691368222236633;0.49595895409584045;0.342786580324173
0.5738011002540588;0.6676158905029297;0.4965718388557434;0.34045395255088806
0.571814775466919;0.6685285568237305;0.49793583154678345;0.33821412920951843
0.5720486044883728;0.6678827404975891;0.49864158034324646;0.33376994729042053
0.5716023445129395;0.6678492426872253;0.4976491630077362;0.33463284373283386
0.5708388090133667;0.6679471135139465;0.49716874957084656;0.33908793330192566
0.5712434649467468;0.6682153940200806;0.49668025970458984;0.3388281762599945
0.5702721476554871;0.6663630604743958;0.49397626519203186;0.3393264412879944
0.5693123936653137;0.6660202741622925;0.49362197518348694;0.33777832984924316
0.5686999559402466;0.6648010611534119;0.4972361624240875;0.34259462356567383
0.5670111179351807;0.6649753451347351;0.4912238121032715;0.3428853452205658
0.5677369832992554;0.6676849126815796;0.4937911629676819;0.34225398302078247
0.5672731399536133;0.6668233871459961;0.49642953276634216;0.3414430618286133
0.5690222382545471;0.6677712798118591;0.4938260018825531;0.3418119549751282
0.5686394572257996;0.6664294600486755;0.4947871267795563;0.33677563071250916
0.5686265230178833;0.6665729284286499;0.4947011172771454;0.33965933322906494
0.5686646699905396;0.6678240895271301;0.4950379431247711;0.338793009519577
0.5680378079414368;0.6678383350372314;0.4916548728942871;0.3366745412349701
0.5664736032485962;0.6690601706504822;0.4914711117744446;0.34302079677581787
0.5683534741401672;0.6706496477127075;0.4900202751159668;0.34584158658981323
0.564423680305481;0.6708550453186035;0.4901406466960907;0.34080034494400024
0.5629581809043884;0.6715931296348572;0.48818087577819824;0.3367724120616913
0.5639365315437317;0.6723610758781433;0.49103593826293945;0.3400792181491852
0.5639510750770569;0.6728901267051697;0.4907089173793793;0.3418266475200653
