err_mean;err_cos1;err_cos2;err_cos3
1.0370888710021973;0.32798144221305847;0.7457609176635742;1.1776008605957031
1.0366712808609009;0.327892541885376;0.7444356083869934;1.1716326475143433
1.03681218624115;0.3282231390476227;0.7439827919006348;1.1655365228652954
1.036685585975647;0.3283752501010895;0.74312824010849;1.159391164779663
1.0365310907363892;0.3284069001674652;0.7419643402099609;1.1527661085128784
1.0365711450576782;0.32856979966163635;0.7410454750061035;1.1462130546569824
1.036720871925354;0.32887348532676697;0.7404446005821228;1.1395814418792725
1.0365476608276367;0.3290390372276306;0.7394760251045227;1.1326019763946533
1.0365461111068726;0.32935819029808044;0.7387785315513611;1.1257833242416382
1.0365358591079712;0.329701691865921;0.7380277514457703;1.118564486503601
1.03671395778656;0.3300212323665619;0.7372544407844543;1.1115106344223022
1.0369218587875366;0.33038026094436646;0.7365671992301941;1.1037887334823608
1.036861777305603;0.33052191138267517;0.7352175116539001;1.095952033996582
1.0369161367416382;0.33080312609672546;0.7342544794082642;1.0878534317016602
1.0369585752487183;0.33115488290786743;0.7334028482437134;1.079514503479004
1.0372436046600342;0.3318440616130829;0.7330451607704163;1.0708155632019043
1.0372583866119385;0.33227798342704773;0.7322967648506165;1.062337875366211
1.037453532218933;0.3327511250972748;0.7317336201667786;1.0541706085205078
1.0373386144638062;0.3330124318599701;0.7304688692092896;1.0454243421554565
1.0372990369796753;0.33326786756515503;0.7291059494018555;1.0362929105758667
1.0375438928604126;0.3337630331516266;0.7281875610351562;1.0268856287002563
1.037641167640686;0.3340318500995636;0.726664662361145;1.0168049335479736
1.038164496421814;0.3349318206310272;0.7266117334365845;1.007826566696167
1.0382988452911377;0.33543699979782104;0.7256150841712952;0.9981304407119751
1.038614273071289;0.3362097442150116;0.7251188158988953;0.9875097274780273
1.0388821363449097;0.33679136633872986;0.7241787910461426;0.9777171015739441
1.038772702217102;0.3371463418006897;0.7226080298423767;0.9674663543701172
1.0385652780532837;0.3372204601764679;0.7205535769462585;0.9559046030044556
1.038844347000122;0.33802905678749084;0.7197060585021973;0.9446978569030762
1.0388399362564087;0.3386423587799072;0.7186571359634399;0.9339534640312195
1.038875937461853;0.33917349576950073;0.7167315483093262;0.9222130179405212
1.0392035245895386;0.3399917483329773;0.7154541611671448;0.9095074534416199
1.03922438621521;0.3406713902950287;0.7140660285949707;0.8978824019432068
1.0394964218139648;0.34149953722953796;0.7128301858901978;0.8860636949539185
1.0386492013931274;0.3414667248725891;0.7100908160209656;0.8725649118423462
1.0383442640304565;0.3418285846710205;0.7084106206893921;0.8611515164375305
1.0383248329162598;0.3425484001636505;0.706590473651886;0.8484310507774353
1.0381860733032227;0.3432124853134155;0.7047337889671326;0.836385190486908
1.0383038520812988;0.34387287497520447;0.70294189453125;0.8236933946609497
1.0380724668502808;0.3445589244365692;0.7011063098907471;0.810824990272522
1.038205862045288;0.3454025983810425;0.6995581984519958;0.7978655099868774
1.0380738973617554;0.34621429443359375;0.6974406838417053;0.784949004650116
1.0380885601043701;0.347172349691391;0.6951929330825806;0.771694004535675
1.0378841161727905;0.34796085953712463;0.6934613585472107;0.7588191032409668
1.0381277799606323;0.3489524722099304;0.6914047598838806;0.7457808256149292
1.038757562637329;0.35020628571510315;0.690280556678772;0.7333565950393677
1.0387518405914307;0.3509996831417084;0.6877487301826477;0.7192378640174866
1.0393649339675903;0.35238388180732727;0.6867051124572754;0.7058767080307007
1.0390657186508179;0.35301142930984497;0.6842846274375916;0.6931305527687073
1.039406180381775;0.35418757796287537;0.6827143430709839;0.6787893176078796
1.0396424531936646;0.355051189661026;0.6809081435203552;0.6654694676399231
1.0398175716400146;0.35584530234336853;0.6784394383430481;0.6520969271659851
1.0400854349136353;0.35695716738700867;0.6757810711860657;0.6381163001060486
1.0399274826049805;0.35778674483299255;0.6733614802360535;0.6254138350486755
1.039358139038086;0.35832592844963074;0.6703186631202698;0.6123942732810974
1.039660096168518;0.35953667759895325;0.6677498817443848;0.5980384945869446
1.0399370193481445;0.36107102036476135;0.6653835773468018;0.5844262838363647
1.039656162261963;0.3620634973049164;0.6620225310325623;0.5707334876060486
1.0401504039764404;0.3636908233165741;0.6598538756370544;0.5571955442428589
1.0400421619415283;0.36510559916496277;0.6571640372276306;0.5419119000434875
1.0410164594650269;0.3669012486934662;0.6548296809196472;0.5280892252922058
1.041582703590393;0.3684127628803253;0.6523256301879883;0.5148550868034363
1.0419623851776123;0.3702861964702606;0.6493417620658875;0.5022121667861938
1.042094111442566;0.3717045485973358;0.6463717222213745;0.4907488524913788
1.042383074760437;0.3730272054672241;0.6437469124794006;0.47977620363235474
1.0419002771377563;0.3738401532173157;0.6402086019515991;0.4700762927532196
1.0413036346435547;0.37483301758766174;0.636195182800293;0.4606996476650238
1.0408790111541748;0.3761892318725586;0.632253110408783;0.45016613602638245
1.0409857034683228;0.37750765681266785;0.628451406955719;0.44001466035842896
1.0412490367889404;0.37905630469322205;0.6255781054496765;0.429083913564682
1.04110586643219;0.3801329731941223;0.6217203140258789;0.4216555058956146
1.0406521558761597;0.3817547857761383;0.6174418330192566;0.412466436624527
1.0406067371368408;0.38395625352859497;0.6146256327629089;0.4032447338104248
1.0410937070846558;0.38603249192237854;0.6129010319709778;0.3959861993789673
1.040938138961792;0.38789674639701843;0.6101998686790466;0.38842472434043884
1.0409266948699951;0.38967233896255493;0.6070241332054138;0.38208651542663574
1.0410763025283813;0.3914961516857147;0.604427695274353;0.37751322984695435
1.0411056280136108;0.3936783969402313;0.6004925966262817;0.3718067705631256
1.041007161140442;0.3955281674861908;0.5972464680671692;0.36706820130348206
1.0414506196975708;0.39832553267478943;0.5952838063240051;0.36340054869651794
1.0408905744552612;0.3999389111995697;0.5913602113723755;0.3574192523956299
1.040801763534546;0.40136954188346863;0.5882154703140259;0.3575267493724823
1.0411709547042847;0.4034077823162079;0.5853952765464783;0.3562690317630768
1.0409824848175049;0.4049842059612274;0.5812960267066956;0.35632753372192383
1.041169285774231;0.4069368839263916;0.5784332156181335;0.35406938195228577
1.041113257408142;0.4094228744506836;0.5760664939880371;0.35347649455070496
1.0413810014724731;0.4114546775817871;0.5719513893127441;0.3527021110057831
1.0414602756500244;0.4136442244052887;0.567255973815918;0.3543558716773987
1.0410507917404175;0.4160841107368469;0.5653839111328125;0.35143765807151794
1.0411789417266846;0.41866713762283325;0.5640779733657837;0.3492850065231323
1.0414154529571533;0.42092329263687134;0.5609927177429199;0.3501095473766327
1.0421453714370728;0.42408403754234314;0.5591604113578796;0.34706225991249084
1.04195237159729;0.4260587692260742;0.5586785674095154;0.34733033180236816
1.0411708354949951;0.42812615633010864;0.5559260249137878;0.3459462523460388
1.0406782627105713;0.43035170435905457;0.5524610877037048;0.3452230393886566
1.0401411056518555;0.43152347207069397;0.5488671660423279;0.34389492869377136
1.040338397026062;0.434186190366745;0.5447236895561218;0.345121830701828
1.0411640405654907;0.43703871965408325;0.5425180792808533;0.3457441031932831
1.0410536527633667;0.4402775764465332;0.5415141582489014;0.34644052386283875
1.0404105186462402;0.44281917810440063;0.5387679934501648;0.34423694014549255
1.0408031940460205;0.4458382725715637;0.5358708500862122;0.3450077474117279
1.0422807931900024;0.449287086725235;0.5342907905578613;0.34338250756263733
1.0422090291976929;0.4521086812019348;0.5321598649024963;0.34455347061157227
1.0425084829330444;0.4545315206050873;0.5320667624473572;0.34253913164138794
1.0431269407272339;0.4581664204597473;0.5321123003959656;0.3426172733306885
1.0438623428344727;0.4617233872413635;0.5299386978149414;0.3418954312801361
1.0441960096359253;0.4648454785346985;0.5285943746566772;0.34203097224235535
1.0438514947891235;0.46799513697624207;0.5249471068382263;0.3412511944770813
1.0431147813796997;0.4702466130256653;0.5238335728645325;0.34111177921295166
1.0434197187423706;0.4735090434551239;0.523274838924408;0.3409028649330139
1.0445842742919922;0.47651585936546326;0.5237364172935486;0.34112629294395447
1.0445349216461182;0.47983455657958984;0.5216642618179321;0.34302854537963867
1.043713927268982;0.4833458960056305;0.5190914869308472;0.3443743884563446
1.043137550354004;0.4866600036621094;0.5160989165306091;0.3463855981826782
1.0434831380844116;0.49029508233070374;0.5152500867843628;0.3452468514442444
1.0426298379898071;0.4931960105895996;0.5143638849258423;0.34639787673950195
1.0422829389572144;0.4970552623271942;0.512107253074646;0.3439728915691376
1.0418421030044556;0.49921122193336487;0.5089887380599976;0.3419848382472992
1.0425561666488647;0.5028784871101379;0.5086586475372314;0.3420049846172333
1.0454952716827393;0.5064403414726257;0.507931113243103;0.3415355682373047
1.0464236736297607;0.510493814945221;0.5085851550102234;0.3408178389072418
1.0475786924362183;0.512850821018219;0.506924569606781;0.3428017199039459
1.0463119745254517;0.5163745880126953;0.5042859315872192;0.3389371335506439
1.0500842332839966;0.5209692716598511;0.5027386546134949;0.3386475145816803
1.0482839345932007;0.5231858491897583;0.5030022859573364;0.3391018509864807
1.0479613542556763;0.5267161726951599;0.5021526217460632;0.3372650742530823
1.0488847494125366;0.5303674340248108;0.5004045367240906;0.34481269121170044
1.0488888025283813;0.5338976979255676;0.503426730632782;0.3456014394760132
1.0489609241485596;0.5367900729179382;0.5024837255477905;0.34300848841667175
1.0488446950912476;0.5397034883499146;0.5019080638885498;0.3424488604068756
1.0482285022735596;0.542262077331543;0.5019307136535645;0.34300705790519714
1.0483630895614624;0.5458494424819946;0.5015122890472412;0.34599313139915466
1.0485458374023438;0.548273503780365;0.5009042620658875;0.34351029992103577
1.0484176874160767;0.5510014891624451;0.4991658329963684;0.34229880571365356
1.049162745475769;0.5541666150093079;0.49933990836143494;0.34064310789108276
1.0487089157104492;0.5563678741455078;0.4969913959503174;0.33865728974342346
1.048992395401001;0.5583323836326599;0.49833616614341736;0.3392110764980316
1.0479410886764526;0.5614871382713318;0.49996405839920044;0.3398062586784363
1.0470720529556274;0.5656611323356628;0.49877387285232544;0.3386469781398773
1.0464580059051514;0.5684006810188293;0.4990903437137604;0.33947452902793884
1.0461257696151733;0.5718124508857727;0.49863743782043457;0.3393450379371643
1.045759916305542;0.5746795535087585;0.49929505586624146;0.33614617586135864
1.0437140464782715;0.5756186842918396;0.49758195877075195;0.3416646420955658
1.0438413619995117;0.5787355303764343;0.49742743372917175;0.34132903814315796
1.0425747632980347;0.5828364491462708;0.49546512961387634;0.34150341153144836
1.0428191423416138;0.5865991711616516;0.4960942268371582;0.34287863969802856
1.0417574644088745;0.5899502635002136;0.4962155818939209;0.3428055942058563
1.0421470403671265;0.5954694151878357;0.49743157625198364;0.34401223063468933
1.0424559116363525;0.5987597703933716;0.49534931778907776;0.3446328341960907
1.0433104038238525;0.6026191711425781;0.49566370248794556;0.34463223814964294
1.0437840223312378;0.6054355502128601;0.49485069513320923;0.3469144403934479
1.0445302724838257;0.6078161597251892;0.49637317657470703;0.34385061264038086
1.0450799465179443;0.6102558374404907;0.49704670906066895;0.34881362318992615
1.0461064577102661;0.6128957867622375;0.4924151599407196;0.34938764572143555
1.0457504987716675;0.6160332560539246;0.49411287903785706;0.3502158522605896
1.0460985898971558;0.6178969144821167;0.4933570921421051;0.3469979763031006
1.0453647375106812;0.619929850101471;0.4926263391971588;0.3471446931362152
1.0465805530548096;0.6230534315109253;0.4934611916542053;0.34769341349601746
1.0459082126617432;0.6262389421463013;0.49409666657447815;0.3460312783718109
1.0471786260604858;0.627924919128418;0.49435120820999146;0.3470063805580139
1.045491337776184;0.6287408471107483;0.4923367500305176;0.34412822127342224
1.0472002029418945;0.6305135488510132;0.48957663774490356;0.3422715365886688
1.047838807106018;0.6307074427604675;0.4923218786716461;0.3390999734401703
1.0471104383468628;0.6331592202186584;0.4896819293498993;0.34003233909606934
1.048243761062622;0.6358828544616699;0.48947474360466003;0.3406723141670227
1.047132968902588;0.6369102001190186;0.492872953414917;0.3365297019481659
1.045491099357605;0.6383749842643738;0.49251213669776917;0.3387971520423889
1.0469626188278198;0.639549195766449;0.4942862093448639;0.3390239477157593
1.0476104021072388;0.6416884660720825;0.4946238696575165;0.3416193425655365
1.0470904111862183;0.6431522369384766;0.4926252067089081;0.34009215235710144
1.0473500490188599;0.6457263827323914;0.4921344220638275;0.3397286534309387
1.0469986200332642;0.646699070930481;0.4936958849430084;0.34388479590415955
1.0474377870559692;0.6478230357170105;0.49502506852149963;0.34183117747306824
1.0475653409957886;0.6477459073066711;0.4931910037994385;0.33938127756118774
1.0462158918380737;0.6490675210952759;0.49346327781677246;0.338287353515625
1.045467734336853;0.6487817168235779;0.4962075352668762;0.3413328230381012
1.0420236587524414;0.6502155661582947;0.4932192265987396;0.3359963595867157
1.0410159826278687;0.652204155921936;0.4939955770969391;0.3357519805431366
1.0412616729736328;0.6529494524002075;0.493789404630661;0.3362710475921631
1.040179967880249;0.6541163921356201;0.4940601885318756;0.33910471200942993
1.0403398275375366;0.6537365913391113;0.4955153465270996;0.3394053876399994
1.0409088134765625;0.6551279425621033;0.4945625364780426;0.33847948908805847
1.0403591394424438;0.6551982760429382;0.4926477074623108;0.3358813226222992
1.039936900138855;0.6569640040397644;0.4912196099758148;0.3382832705974579
1.038625955581665;0.6578953862190247;0.4929167330265045;0.3425007462501526
1.0400863885879517;0.6584967374801636;0.4945482313632965;0.34131747484207153
1.0421046018600464;0.6601163744926453;0.4925733506679535;0.34049662947654724
1.0395196676254272;0.6595410704612732;0.49253717064857483;0.3451100289821625
1.0389631986618042;0.6605884432792664;0.4921952784061432;0.339057058095932
1.036736249923706;0.6615389585494995;0.4880508482456207;0.34272775053977966
1.0364856719970703;0.6619542837142944;0.48798519372940063;0.3446069061756134
1.035810112953186;0.6609401702880859;0.4904085099697113;0.3455871343612671
1.0327295064926147;0.6616544127464294;0.4933374524116516;0.3436269462108612
1.0369738340377808;0.6633232235908508;0.4926624000072479;0.3447175920009613
1.0397520065307617;0.6647173762321472;0.4926295280456543;0.34031054377555847
1.0385394096374512;0.6645038723945618;0.49436601996421814;0.33792170882225037
1.0395201444625854;0.6648555994033813;0.4959584176540375;0.3392297923564911
1.0368703603744507;0.6654138565063477;0.49641600251197815;0.34284672141075134
1.0378155708312988;0.6651206016540527;0.49704867601394653;0.34421634674072266
1.0370985269546509;0.664395272731781;0.4937736988067627;0.33971720933914185
1.0367711782455444;0.6653380393981934;0.4949702322483063;0.3456358015537262
1.0369007587432861;0.6650359630584717;0.4952215850353241;0.34274089336395264
1.0386192798614502;0.6642422080039978;0.495877742767334;0.3418426513671875
1.0374748706817627;0.6634775996208191;0.49550411105155945;0.3438147008419037
1.0380792617797852;0.6639185547828674;0.4967743456363678;0.3443245589733124
1.0396499633789062;0.6635763049125671;0.49579668045043945;0.34214305877685547
1.0357009172439575;0.6642192006111145;0.4942482113838196;0.3381071388721466
1.0347540378570557;0.6639922261238098;0.49376317858695984;0.339966356754303
1.0335304737091064;0.6655796766281128;0.49021339416503906;0.3400961458683014
1.0362074375152588;0.666813313961029;0.49212750792503357;0.3421081006526947
1.0378118753433228;0.6689051985740662;0.49468159675598145;0.3413151502609253
1.037775993347168;0.6670646071434021;0.49538928270339966;0.3369973301887512
1.0357407331466675;0.669326901435852;0.4962277412414551;0.3373212516307831
1.0339233875274658;0.6680167317390442;0.4958997368812561;0.339248389005661
1.0331122875213623;0.6678763628005981;0.4938426911830902;0.3415294587612152
1.0337716341018677;0.6679350137710571;0.49459296464920044;0.34055423736572266
1.0332880020141602;0.6690222024917603;0.4996151030063629;0.3426084518432617
1.0334694385528564;0.6712774634361267;0.5016273856163025;0.3377842605113983
1.032914400100708;0.670790433883667;0.49947744607925415;0.34405356645584106
1.0327725410461426;0.6709360480308533;0.49844881892204285;0.3441697359085083
1.033280372619629;0.6704436540603638;0.49674081802368164;0.34420543909072876
1.037575602531433;0.6719145774841309;0.49407482147216797;0.34293073415756226
1.0369900465011597;0.6717819571495056;0.4969899356365204;0.3446667790412903
1.0376685857772827;0.6733589172363281;0.4975008964538574;0.3424650728702545
1.035915732383728;0.673342227935791;0.5005064010620117;0.33679839968681335
1.0354642868041992;0.6729926466941833;0.4965319335460663;0.3363937735557556
1.0346657037734985;0.6738849878311157;0.49787265062332153;0.33759474754333496
1.0346781015396118;0.6731584668159485;0.49858418107032776;0.33622512221336365
1.0378150939941406;0.6714674234390259;0.49800926446914673;0.34205162525177
1.0408345460891724;0.6715837717056274;0.496072918176651;0.3451210856437683
1.042367935180664;0.6723917722702026;0.4963441789150238;0.3408103585243225
1.0434657335281372;0.6715821623802185;0.4943459630012512;0.34061071276664734
1.0441850423812866;0.6727416515350342;0.494399756193161;0.34144341945648193
1.0427619218826294;0.6743841171264648;0.494058221578598;0.33998560905456543
1.0440778732299805;0.6761465072631836;0.491391658782959;0.34101057052612305
1.044039249420166;0.6752468347549438;0.49571630358695984;0.3356349468231201
1.0431156158447266;0.6720507740974426;0.49342775344848633;0.3378298282623291
1.0444376468658447;0.6736060380935669;0.49497175216674805;0.3422716557979584
1.0452731847763062;0.6717462539672852;0.49397435784339905;0.337921142578125
1.0477973222732544;0.6736645102500916;0.49533572793006897;0.3407432734966278
1.047489047050476;0.6712398529052734;0.49627456068992615;0.33959639072418213
1.0474499464035034;0.6686827540397644;0.49683913588523865;0.342986524105072
1.0480421781539917;0.6705049872398376;0.4969252645969391;0.3395802676677704
1.048923134803772;0.6692394614219666;0.49571284651756287;0.338060587644577
1.048704981803894;0.6678627729415894;0.4934936463832855;0.33750638365745544
1.0501152276992798;0.669059693813324;0.4951893985271454;0.3420564830303192
1.045778512954712;0.669601321220398;0.4966352581977844;0.3426208198070526
1.042771577835083;0.6689688563346863;0.49140891432762146;0.34210267663002014
1.0428699254989624;0.6681265234947205;0.4939621090888977;0.3460780084133148
1.0432034730911255;0.6687393188476562;0.4946344494819641;0.3442208766937256
1.041548490524292;0.6699680685997009;0.49878236651420593;0.3410148620605469
1.0413912534713745;0.670377254486084;0.5022279620170593;0.33923038840293884
1.0414894819259644;0.6695986390113831;0.4977860450744629;0.3371601700782776
1.0425766706466675;0.6710786819458008;0.4988599419593811;0.3412049412727356
1.04193913936615;0.6706151962280273;0.5003611445426941;0.3389883041381836
1.0447664260864258;0.6707755923271179;0.5012961030006409;0.3440109193325043
1.046195149421692;0.6718125343322754;0.49776649475097656;0.3438147008419037
1.0458701848983765;0.6721193194389343;0.49936744570732117;0.34632647037506104
1.0422203540802002;0.6741377711296082;0.5001031756401062;0.337783545255661
1.042962670326233;0.6744276881217957;0.49798211455345154;0.3420220911502838
1.0427201986312866;0.6751889586448669;0.49662795662879944;0.33967623114585876
1.0436042547225952;0.6764230132102966;0.49967160820961;0.34181758761405945
1.0436092615127563;0.6740177273750305;0.49788743257522583;0.3441075086593628
1.0432652235031128;0.6751327514648438;0.4995560646057129;0.3438626825809479
1.0418862104415894;0.6765608191490173;0.49849024415016174;0.34434419870376587
1.0407936573028564;0.6770065426826477;0.49693265557289124;0.34434959292411804
1.0382388830184937;0.6773085594177246;0.4966975748538971;0.3456804156303406
1.0382518768310547;0.6790764331817627;0.49646273255348206;0.3473713994026184
1.0358049869537354;0.6779600977897644;0.49553337693214417;0.3423302471637726
1.0368870496749878;0.6790854334831238;0.5031883716583252;0.3409036695957184
1.0374245643615723;0.6801503300666809;0.5034996271133423;0.3417629301548004
1.035495638847351;0.6823548674583435;0.5048984885215759;0.3398604989051819
1.036818265914917;0.6822459101676941;0.5045033097267151;0.33488067984580994
1.0355809926986694;0.6819577813148499;0.5051636695861816;0.3391569256782532
1.0358469486236572;0.6831979155540466;0.5021788477897644;0.337390273809433
1.0366524457931519;0.6811480522155762;0.5026009678840637;0.34185463190078735
1.0348432064056396;0.6801490783691406;0.4970478117465973;0.34212183952331543
1.0361136198043823;0.6779937148094177;0.4949191212654114;0.33663901686668396
1.036425232887268;0.6772739291191101;0.49326449632644653;0.33635783195495605
1.0360387563705444;0.6768594980239868;0.49642762541770935;0.3396642506122589
1.0353444814682007;0.6763626933097839;0.4935462176799774;0.33867311477661133
1.03584885597229;0.6759576201438904;0.49514040350914;0.3407735824584961
1.03666090965271;0.6752820014953613;0.4936296045780182;0.34096845984458923
1.0358424186706543;0.674248993396759;0.4962971806526184;0.3421936631202698
1.0337461233139038;0.6745375990867615;0.496680349111557;0.3398715853691101
1.0348923206329346;0.674200177192688;0.4940493702888489;0.3387449383735657
1.0376642942428589;0.6744587421417236;0.49286460876464844;0.3399592638015747
1.0382970571517944;0.6745351552963257;0.49425211548805237;0.3400411903858185
1.0374191999435425;0.674264669418335;0.4982644021511078;0.3408752381801605
1.0399250984191895;0.6747080683708191;0.4988205134868622;0.3449881970882416
1.043924331665039;0.6739291548728943;0.49669384956359863;0.3413207530975342
1.0421136617660522;0.6748571395874023;0.49625688791275024;0.3372831344604492
1.0420153141021729;0.6754339933395386;0.4968104958534241;0.33251792192459106
1.0413745641708374;0.6764701008796692;0.493534654378891;0.33699631690979004
1.0393041372299194;0.676101803779602;0.4926620125770569;0.33943939208984375
1.0395232439041138;0.6761647462844849;0.4946211874485016;0.3437817096710205
1.0403797626495361;0.6771897673606873;0.49565622210502625;0.3413189649581909
1.0416710376739502;0.6769425868988037;0.496568888425827;0.3386387825012207
1.0418349504470825;0.6759822368621826;0.49399811029434204;0.3332798182964325
1.0398491621017456;0.6748762726783752;0.495195597410202;0.3383726477622986
1.0407850742340088;0.676484227180481;0.49327555298805237;0.3408517837524414
1.0394595861434937;0.6759039759635925;0.49255165457725525;0.3389947712421417
1.0367478132247925;0.6769130825996399;0.490768164396286;0.33518436551094055
1.0351794958114624;0.6776215434074402;0.49319204688072205;0.3364453911781311
1.0355186462402344;0.6788899302482605;0.4943225383758545;0.3391337990760803
1.0332977771759033;0.6803615689277649;0.4954194724559784;0.3378150463104248
1.032875895500183;0.6814953088760376;0.49635249376296997;0.3361680805683136
1.0335363149642944;0.6825252771377563;0.4961552619934082;0.33591270446777344
1.0337038040161133;0.6847285628318787;0.4964528977870941;0.33771783113479614
1.0343517065048218;0.6860100030899048;0.4974997639656067;0.339041143655777
1.0336302518844604;0.6853338479995728;0.4996396005153656;0.3409281373023987
1.0336788892745972;0.684456467628479;0.4947337806224823;0.34212526679039
1.0319232940673828;0.6820328831672668;0.4943021833896637;0.3393172025680542
1.031602144241333;0.682223379611969;0.49274855852127075;0.33859312534332275
1.0285309553146362;0.6824232339859009;0.4950120151042938;0.3410663306713104
1.0292028188705444;0.6842427253723145;0.49396926164627075;0.33930349349975586
1.0298553705215454;0.6847697496414185;0.4949311912059784;0.3421797454357147
1.030747413635254;0.6836320161819458;0.4984614849090576;0.3387525975704193
1.0315552949905396;0.6841822862625122;0.49573206901550293;0.34493204951286316
1.0319838523864746;0.6829032897949219;0.4951082766056061;0.3432544767856598
1.0320663452148438;0.6833459138870239;0.4991317391395569;0.3418000042438507
1.0310556888580322;0.6819558143615723;0.4977145195007324;0.34249117970466614
1.0291424989700317;0.6809176802635193;0.49842318892478943;0.34015703201293945
1.0288944244384766;0.6816038489341736;0.4970104694366455;0.3417593538761139
1.0281319618225098;0.682141900062561;0.496718168258667;0.33954668045043945
1.026546597480774;0.6819016337394714;0.49572673439979553;0.3386894166469574
1.026889443397522;0.6809532642364502;0.49327731132507324;0.3420277535915375
1.0255146026611328;0.6797515749931335;0.4888482093811035;0.34314876794815063
1.025410532951355;0.6802440881729126;0.49035388231277466;0.3416862189769745
1.026581883430481;0.6814078688621521;0.49077048897743225;0.3467887043952942
1.0254127979278564;0.682263970375061;0.4921343922615051;0.3467582166194916
1.0245306491851807;0.6798076033592224;0.49072858691215515;0.34121838212013245
1.0240771770477295;0.6796237826347351;0.49211111664772034;0.3421718180179596
1.0259369611740112;0.6806541681289673;0.49259623885154724;0.3412647247314453
1.027655005455017;0.680141270160675;0.49100080132484436;0.34033656120300293
1.0259320735931396;0.6804448366165161;0.49311017990112305;0.339204877614975
1.0247591733932495;0.6800326704978943;0.4911818206310272;0.3389619290828705
1.0248916149139404;0.6779026389122009;0.49305567145347595;0.33747372031211853
1.0277893543243408;0.6789168119430542;0.49415403604507446;0.3424713611602783
1.0306988954544067;0.6798133254051208;0.49433669447898865;0.3403119742870331
1.031143069267273;0.6786546111106873;0.49607178568840027;0.33652979135513306
1.0306824445724487;0.6797864437103271;0.49713069200515747;0.33680346608161926
1.031295657157898;0.6803955435752869;0.4963391423225403;0.3338218331336975
1.0328845977783203;0.6786026954650879;0.4952879548072815;0.33800646662712097
1.0348871946334839;0.6785765886306763;0.4951464831829071;0.3356584310531616
1.0355244874954224;0.6793156862258911;0.49632665514945984;0.3348607122898102
1.0372509956359863;0.6783627271652222;0.49587032198905945;0.33744707703590393
1.0383762121200562;0.6776025891304016;0.49876222014427185;0.3390156328678131
1.0372544527053833;0.6760630011558533;0.4992341101169586;0.3419964909553528
1.0367525815963745;0.6776843070983887;0.4962582290172577;0.3379444479942322
1.0364112854003906;0.67911297082901;0.4958747923374176;0.3414599895477295
1.0372425317764282;0.678695023059845;0.5006588697433472;0.3421231210231781
1.0383083820343018;0.6784338355064392;0.500586211681366;0.3371860086917877
1.03775155544281;0.6775277256965637;0.49784842133522034;0.3393647372722626
1.039469599723816;0.6788927316665649;0.4962054193019867;0.33799073100090027
1.0406111478805542;0.6790148019790649;0.49274882674217224;0.3393150269985199
1.0384840965270996;0.6789352297782898;0.4940807819366455;0.34025511145591736
1.0399057865142822;0.678032636642456;0.49757298827171326;0.34325772523880005
1.037275791168213;0.6799476742744446;0.49764060974121094;0.3397114872932434
1.0390211343765259;0.6816307306289673;0.4982130229473114;0.3448048233985901
1.0364997386932373;0.6804839968681335;0.49559256434440613;0.34515509009361267
1.0355192422866821;0.6805524826049805;0.49148064851760864;0.3387094736099243
1.03543221950531;0.677497923374176;0.49345579743385315;0.3357779085636139
1.0361251831054688;0.6796842217445374;0.49118176102638245;0.3353225588798523
1.0347964763641357;0.6795994639396667;0.49008312821388245;0.3372857868671417
1.0319347381591797;0.6792193055152893;0.48811599612236023;0.3398345410823822
1.0326207876205444;0.6784946322441101;0.4876912236213684;0.3412354588508606
1.0354689359664917;0.6764878630638123;0.490403950214386;0.33586594462394714
1.033918023109436;0.6753449440002441;0.49372759461402893;0.33736491203308105
1.033838152885437;0.6764131188392639;0.4972499907016754;0.3335884213447571
1.0309617519378662;0.6759142279624939;0.4951121509075165;0.3321784436702728
1.0332187414169312;0.6775428056716919;0.49398157000541687;0.33831197023391724
1.036960244178772;0.6785309910774231;0.4960029721260071;0.33571386337280273
1.037760615348816;0.6787972450256348;0.4949699342250824;0.3381515443325043
1.0347002744674683;0.6799383163452148;0.49393948912620544;0.337367981672287
1.0337306261062622;0.6800312399864197;0.49557897448539734;0.3401796519756317
1.0362361669540405;0.68074631690979;0.49595823884010315;0.3416098654270172
1.0372079610824585;0.679431676864624;0.4964027404785156;0.3429282605648041
1.0361164808273315;0.6782342195510864;0.4912498891353607;0.34296566247940063
1.0332496166229248;0.6784274578094482;0.493110716342926;0.3379441797733307
1.0328832864761353;0.6777753233909607;0.4915558397769928;0.34282371401786804
1.0329411029815674;0.6792211532592773;0.49424248933792114;0.341024786233902
1.0317919254302979;0.6793445348739624;0.4942411482334137;0.3414795994758606
1.0345237255096436;0.6786525845527649;0.49352723360061646;0.33687862753868103
1.0325806140899658;0.6776711344718933;0.4983535408973694;0.3400309085845947
1.0353648662567139;0.6789676547050476;0.4973452687263489;0.33573850989341736
1.0361521244049072;0.6771241426467896;0.49665746092796326;0.3399887979030609
1.034244418144226;0.6778342723846436;0.49830862879753113;0.33600085973739624
1.030975341796875;0.6784412860870361;0.4960480332374573;0.33753806352615356
1.03034245967865;0.6810637712478638;0.5002655386924744;0.33673614263534546
1.0321658849716187;0.6810769438743591;0.5017051696777344;0.34085437655448914
1.0324678421020508;0.6818103790283203;0.5002812743186951;0.3451515734195709
1.0340605974197388;0.6818516850471497;0.4985738694667816;0.3445456922054291
1.035403847694397;0.6825480461120605;0.4999557435512543;0.3434106409549713
1.0350340604782104;0.6819608211517334;0.49899694323539734;0.3438740670681
1.0363765954971313;0.6823996901512146;0.4966331124305725;0.3400484025478363
1.0364278554916382;0.6846968531608582;0.49760207533836365;0.3401951491832733
1.0376670360565186;0.6834621429443359;0.5020195841789246;0.33574265241622925
1.0374623537063599;0.6826466917991638;0.501441478729248;0.3337031900882721
1.038900375366211;0.6819086074829102;0.5012090802192688;0.3409444987773895
1.040508508682251;0.6818453669548035;0.4998977780342102;0.3405320644378662
1.042489767074585;0.6801371574401855;0.4986785054206848;0.34244558215141296
1.04181706905365;0.6794022917747498;0.5009967684745789;0.33937397599220276
1.0401967763900757;0.6793392300605774;0.4987882673740387;0.3424081802368164
1.039951205253601;0.6791027784347534;0.4961338937282562;0.3407542407512665
1.0401188135147095;0.6791970133781433;0.4972386360168457;0.34319186210632324
1.0432549715042114;0.6800310611724854;0.4985008239746094;0.3411296010017395
1.0427669286727905;0.6804491877555847;0.49964627623558044;0.3435268998146057
1.0390046834945679;0.6814528107643127;0.5003098249435425;0.34188148379325867
1.0400526523590088;0.6818278431892395;0.5025660395622253;0.34310778975486755
1.041213035583496;0.6829037070274353;0.5027400851249695;0.3431207835674286
1.0412418842315674;0.6836406588554382;0.5033446550369263;0.34140101075172424
1.0413992404937744;0.6822522282600403;0.5015860199928284;0.3421449363231659
1.0395774841308594;0.6833404302597046;0.5027808547019958;0.3432396352291107
1.0407507419586182;0.6828988790512085;0.49902400374412537;0.34703710675239563
1.039943814277649;0.6853800415992737;0.496880441904068;0.3485662639141083
1.0420212745666504;0.6858487129211426;0.4964204728603363;0.3420092761516571
1.0441149473190308;0.6873921751976013;0.4989036023616791;0.3462827205657959
1.0427758693695068;0.6884124279022217;0.49889299273490906;0.3450947701931
1.0425704717636108;0.6883023381233215;0.4941065311431885;0.3434019684791565
1.043737769126892;0.686972975730896;0.4934891164302826;0.3404885232448578
1.042736291885376;0.6866649985313416;0.493931382894516;0.3401368260383606
1.0429983139038086;0.6865885853767395;0.49646416306495667;0.34067317843437195
1.043209433555603;0.6863245368003845;0.49620166420936584;0.342451810836792
1.0419998168945312;0.6854146718978882;0.4978959262371063;0.34155917167663574
1.0433343648910522;0.6847491264343262;0.4986432194709778;0.3421505391597748
1.0427608489990234;0.6866685748100281;0.49835482239723206;0.3379558026790619
1.0397652387619019;0.6858237385749817;0.4973246157169342;0.34211236238479614
1.0396811962127686;0.6873998641967773;0.4935404360294342;0.34406644105911255
1.0406858921051025;0.6868061423301697;0.4945518672466278;0.343660444021225
1.042033076286316;0.6845375895500183;0.49416667222976685;0.3463146388530731
1.041001796722412;0.6867510676383972;0.4938192367553711;0.33736273646354675
1.04170823097229;0.6856465339660645;0.4939393699169159;0.3383099138736725
1.0444964170455933;0.6848122477531433;0.49706363677978516;0.3336411416530609
1.0452299118041992;0.683649480342865;0.49769917130470276;0.3368794918060303
1.0440233945846558;0.6826834678649902;0.49453005194664;0.33673569560050964
1.045235276222229;0.682040810585022;0.49367251992225647;0.33906611800193787
1.0454081296920776;0.6828495264053345;0.4949718415737152;0.3383581340312958
1.0455588102340698;0.6814911365509033;0.49357613921165466;0.3393520414829254
1.0477403402328491;0.6812323927879333;0.490340918302536;0.3384748697280884
1.0475025177001953;0.6811373829841614;0.49223700165748596;0.342909574508667
1.0476019382476807;0.6827667355537415;0.4929884970188141;0.3378243148326874
1.047680377960205;0.6823759078979492;0.4914570450782776;0.3370281755924225
1.0501421689987183;0.6840740442276001;0.49195918440818787;0.33954542875289917
1.0500967502593994;0.6841871738433838;0.4956625998020172;0.33887165784835815
1.0516060590744019;0.6831339597702026;0.49810177087783813;0.34138229489326477
1.0531374216079712;0.684750497341156;0.49732908606529236;0.3408529460430145
1.049577236175537;0.6837795376777649;0.49784180521965027;0.3464951515197754
1.047634243965149;0.6835201382637024;0.4971732199192047;0.34092098474502563
1.0473408699035645;0.6849594116210938;0.49754419922828674;0.34013694524765015
1.0468746423721313;0.6847641468048096;0.4960750639438629;0.33966270089149475
1.046275019645691;0.6850037574768066;0.49411287903785706;0.3385290503501892
1.0460293292999268;0.6850162744522095;0.49390172958374023;0.3384571671485901
1.0464577674865723;0.68451327085495;0.4947112202644348;0.3400740325450897
1.0476208925247192;0.6856091618537903;0.4933280944824219;0.34172964096069336
1.045283555984497;0.685306191444397;0.49592313170433044;0.34844887256622314
1.0462712049484253;0.6851660013198853;0.49410897493362427;0.34486648440361023
1.0449388027191162;0.68657386302948;0.4925941526889801;0.34322381019592285
1.0446447134017944;0.6852733492851257;0.4954780638217926;0.3440234363079071
1.0425589084625244;0.685173511505127;0.5004364252090454;0.33833184838294983
1.0437558889389038;0.6863623857498169;0.49986696243286133;0.3408142030239105
1.0428487062454224;0.6838065385818481;0.5036139488220215;0.3397804796695709
1.0425065755844116;0.6828518509864807;0.4989595413208008;0.34022000432014465
1.044475793838501;0.6834879517555237;0.4962669312953949;0.33679714798927307
1.043081521987915;0.6826063990592957;0.49656054377555847;0.3394179940223694
1.0446445941925049;0.6819344162940979;0.49941930174827576;0.34318944811820984
1.0446662902832031;0.6815724968910217;0.4976416528224945;0.33885112404823303
1.0453146696090698;0.6813492774963379;0.49809178709983826;0.33468350768089294
1.0476282835006714;0.6802607774734497;0.5016685128211975;0.33946287631988525
1.048383355140686;0.6791787147521973;0.503264844417572;0.34152573347091675
1.0495041608810425;0.6789810061454773;0.5034481287002563;0.33930349349975586
1.0489156246185303;0.6783510446548462;0.5021511912345886;0.3392312824726105
1.0477207899093628;0.6793184280395508;0.5027286410331726;0.3424087166786194
1.0443840026855469;0.680558979511261;0.5035728812217712;0.34583744406700134
1.0430258512496948;0.6785266399383545;0.5015744566917419;0.34452304244041443
1.0411183834075928;0.6772258877754211;0.49554893374443054;0.3424697518348694
1.0402402877807617;0.6758085489273071;0.4994400143623352;0.3390665054321289
1.0404623746871948;0.6757445335388184;0.49636468291282654;0.3380180895328522
1.0403621196746826;0.6758549809455872;0.500125527381897;0.3398221433162689
1.0398708581924438;0.6749438643455505;0.4991016387939453;0.3339703679084778
1.042510986328125;0.675946056842804;0.49525243043899536;0.3419301509857178
1.0416665077209473;0.6750678420066833;0.49366602301597595;0.339885950088501
1.0435261726379395;0.6747716069221497;0.4947691857814789;0.3403439223766327
1.0441324710845947;0.6758775115013123;0.49902573227882385;0.340663343667984
1.0453258752822876;0.6752416491508484;0.49976539611816406;0.33871710300445557
1.0457748174667358;0.6757764220237732;0.5009816288948059;0.3344600200653076
1.0444567203521729;0.6755146384239197;0.49744516611099243;0.3345985412597656
1.0441640615463257;0.6744925379753113;0.5008181929588318;0.33521682024002075
1.0436482429504395;0.6740280985832214;0.4988478720188141;0.3362675607204437
1.0435689687728882;0.6764311194419861;0.4970077574253082;0.3430277407169342
1.0436748266220093;0.6765108704566956;0.49662065505981445;0.33423081040382385
1.0440908670425415;0.6754376292228699;0.4984438121318817;0.3352988064289093
1.0428804159164429;0.6768080592155457;0.4988039433956146;0.33933112025260925
1.0424575805664062;0.6762828826904297;0.49964481592178345;0.3416185975074768
1.0417605638504028;0.6777195334434509;0.4996264576911926;0.34121397137641907
1.0407905578613281;0.6788805723190308;0.4995805323123932;0.3362758755683899
1.0401418209075928;0.6795485019683838;0.4975212514400482;0.3366358280181885
1.0415430068969727;0.6824167966842651;0.4946242868900299;0.3416292369365692
1.0441049337387085;0.6826140880584717;0.4980728328227997;0.34246158599853516
1.0445564985275269;0.6818424463272095;0.5003678202629089;0.34360557794570923
1.0413848161697388;0.6791389584541321;0.4983740448951721;0.3411669433116913
1.0416620969772339;0.6799850463867188;0.49978795647621155;0.34332385659217834
1.0441278219223022;0.6785818338394165;0.49888134002685547;0.34270668029785156
1.0426818132400513;0.6807106137275696;0.49704208970069885;0.3415532112121582
1.0445289611816406;0.6808700561523438;0.49843642115592957;0.33979326486587524
1.0445445775985718;0.6806733012199402;0.49978360533714294;0.3417757451534271
1.044975996017456;0.6805667281150818;0.49956613779067993;0.34158381819725037
1.0448846817016602;0.6782170534133911;0.5005514025688171;0.336561918258667
1.0453137159347534;0.6759052276611328;0.49732574820518494;0.3380901515483856
1.0438438653945923;0.6758619546890259;0.49684104323387146;0.34027934074401855
1.0442373752593994;0.6758171319961548;0.5008787512779236;0.3393973708152771
1.043628215789795;0.6742815375328064;0.4970352351665497;0.3357727527618408
1.0442163944244385;0.6749273538589478;0.4979046881198883;0.3392307460308075
1.0452377796173096;0.6761458516120911;0.4944920539855957;0.33662429451942444
1.0441049337387085;0.6758123636245728;0.4939795136451721;0.3384539783000946
1.0430688858032227;0.6776449680328369;0.494605153799057;0.34164950251579285
1.0434523820877075;0.6763487458229065;0.4940803050994873;0.3397079408168793
1.0425117015838623;0.6749963164329529;0.4957880973815918;0.34152132272720337
1.046446681022644;0.6736164093017578;0.4961319863796234;0.3390052914619446
1.0451977252960205;0.6729223132133484;0.5004845857620239;0.3385404944419861
1.047171711921692;0.6730616688728333;0.4996778964996338;0.34189367294311523
1.0464237928390503;0.673862099647522;0.49770650267601013;0.34149906039237976
1.0430207252502441;0.6743818521499634;0.4967675805091858;0.3396446406841278
1.0412567853927612;0.6746055483818054;0.4959426820278168;0.3440280258655548
1.0393459796905518;0.6758290529251099;0.49383506178855896;0.3387906551361084
1.0362247228622437;0.6752257347106934;0.49684855341911316;0.34360232949256897
1.031628131866455;0.6764224767684937;0.49960801005363464;0.34342652559280396
1.0323234796524048;0.6778200268745422;0.5000682473182678;0.33894726634025574
1.0329952239990234;0.6781170964241028;0.49851512908935547;0.34009477496147156
1.036668300628662;0.6795632243156433;0.4984562397003174;0.3363454341888428
1.0346205234527588;0.6797081828117371;0.4980040490627289;0.33994659781455994
1.0337063074111938;0.6809957027435303;0.4956028461456299;0.34436312317848206
1.0317713022232056;0.680563747882843;0.4939180016517639;0.34308868646621704
1.0311187505722046;0.6798041462898254;0.49228134751319885;0.3383084535598755
1.0333040952682495;0.6791248321533203;0.49471864104270935;0.337677925825119
1.0347219705581665;0.6794978380203247;0.493517130613327;0.3352351784706116
1.0327714681625366;0.6788566708564758;0.49534207582473755;0.3379734456539154
1.0344730615615845;0.6793501377105713;0.49306780099868774;0.33907604217529297
1.0352426767349243;0.6782457232475281;0.4939446449279785;0.34052774310112
1.034549593925476;0.6772279143333435;0.4968622624874115;0.3404674530029297
1.0345982313156128;0.6779040694236755;0.49652376770973206;0.33805137872695923
1.0350421667099;0.6794284582138062;0.4976617991924286;0.33895260095596313
1.0330890417099;0.6803144812583923;0.49600717425346375;0.34356221556663513
1.029701590538025;0.6807171106338501;0.4966926574707031;0.34127411246299744
1.0301238298416138;0.6782762408256531;0.4968317449092865;0.344686359167099
1.030955195426941;0.6786395907402039;0.49638983607292175;0.34514909982681274
1.029788851737976;0.6806192398071289;0.4944843351840973;0.3395129144191742
1.028602957725525;0.6800238490104675;0.4958045184612274;0.34133854508399963
1.0277975797653198;0.6824142336845398;0.4966273307800293;0.3420138359069824
1.0245697498321533;0.6809374690055847;0.5008111596107483;0.3409370481967926
1.024768352508545;0.6799671053886414;0.4991341531276703;0.33988043665885925
1.0273298025131226;0.6804209351539612;0.5010971426963806;0.33669498562812805
1.0222383737564087;0.6792553663253784;0.49466952681541443;0.3370042145252228
1.0230056047439575;0.6780527234077454;0.49562525749206543;0.3360089957714081
1.0225671529769897;0.6761919856071472;0.496140718460083;0.33804890513420105
1.0236443281173706;0.6762415766716003;0.49539509415626526;0.3384225368499756
1.021777868270874;0.6774083971977234;0.4953025281429291;0.34004074335098267
1.0224390029907227;0.6773006319999695;0.4975612759590149;0.34258508682250977
1.022870421409607;0.6777763366699219;0.5009662508964539;0.340189129114151
1.0249935388565063;0.6781763434410095;0.499747097492218;0.34271934628486633
1.0223649740219116;0.6801241040229797;0.4964071214199066;0.3420994281768799
1.0206791162490845;0.6799238324165344;0.49544501304626465;0.3397926390171051
1.022150993347168;0.6813021898269653;0.49388638138771057;0.33756524324417114
1.0197023153305054;0.6814129948616028;0.49304628372192383;0.3366534411907196
1.0183683633804321;0.6814342141151428;0.4920504689216614;0.33288654685020447
1.0201566219329834;0.6826653480529785;0.4950072765350342;0.33731284737586975
1.0188950300216675;0.681086003780365;0.4957098066806793;0.33609509468078613
1.020355224609375;0.6815678477287292;0.49707815051078796;0.338492751121521
1.0203261375427246;0.6813254356384277;0.49856892228126526;0.3412393629550934
1.020369529724121;0.6818963885307312;0.4948875904083252;0.34055525064468384
1.0202934741973877;0.6809017062187195;0.49826303124427795;0.3362719714641571
1.0182465314865112;0.6802523732185364;0.4991760849952698;0.33629801869392395
1.0180182456970215;0.6802580952644348;0.5004213452339172;0.33866509795188904
1.018945336341858;0.6791583895683289;0.4980590045452118;0.34017831087112427
1.0231891870498657;0.6796168684959412;0.4996177852153778;0.3385930061340332
1.0226831436157227;0.6804335713386536;0.49999624490737915;0.33557751774787903
1.0218753814697266;0.6786818504333496;0.49889570474624634;0.33638423681259155
1.02286958694458;0.6774739027023315;0.5002610683441162;0.335753858089447
1.023768663406372;0.6784152984619141;0.4984568655490875;0.34072405099868774
1.024520754814148;0.6769993901252747;0.4950772821903229;0.3379765450954437
1.02591073513031;0.6780409216880798;0.49881717562675476;0.33697283267974854
1.026485800743103;0.6772071719169617;0.5012101531028748;0.33666977286338806
1.0240036249160767;0.6784781813621521;0.4971308708190918;0.3391846716403961
1.0246000289916992;0.6775369644165039;0.4998295307159424;0.34247344732284546
1.027086615562439;0.6782777905464172;0.4987545907497406;0.3443603217601776
1.0278067588806152;0.6786364912986755;0.4993925988674164;0.3401843011379242
1.0261706113815308;0.6785033345222473;0.5008100867271423;0.33821040391921997
1.0239477157592773;0.6764100790023804;0.5020756721496582;0.3381897509098053
1.0229965448379517;0.6752904057502747;0.49920693039894104;0.3352140784263611
1.0224661827087402;0.6754898428916931;0.5031388998031616;0.3375256657600403
1.0238538980484009;0.674834668636322;0.5005782246589661;0.33968088030815125
1.0235567092895508;0.6745697855949402;0.49824100732803345;0.3383226990699768
1.0254276990890503;0.6742697358131409;0.4986693859100342;0.33777570724487305
1.0245046615600586;0.6761326789855957;0.49833497405052185;0.33893394470214844
1.023406744003296;0.6774708032608032;0.4994111955165863;0.3370496928691864
1.0225223302841187;0.6781805157661438;0.49823352694511414;0.33490046858787537
1.0260199308395386;0.6782462000846863;0.49577999114990234;0.3405643403530121
1.0307585000991821;0.67873215675354;0.49830079078674316;0.3365700840950012
1.0296320915222168;0.6821984052658081;0.4984332025051117;0.3394908905029297
1.0279757976531982;0.6842324733734131;0.4986788332462311;0.3428856432437897
1.0266287326812744;0.6827967762947083;0.4983091950416565;0.3399277329444885
1.0264018774032593;0.68194979429245;0.4988740086555481;0.34164175391197205
1.0256365537643433;0.6824167370796204;0.49759823083877563;0.34304460883140564
1.0228744745254517;0.6799668669700623;0.49402642250061035;0.3433710038661957
1.0231374502182007;0.6810672879219055;0.4960012137889862;0.3407231867313385
1.0211325883865356;0.681451678276062;0.49723950028419495;0.33582982420921326
1.0202722549438477;0.6815150380134583;0.49327975511550903;0.3389602303504944
1.0206714868545532;0.6801872253417969;0.49244824051856995;0.3404897153377533
1.020645022392273;0.6801109910011292;0.4934602677822113;0.3434358239173889
1.021768569946289;0.6787967085838318;0.4955185353755951;0.3404776453971863
1.0203402042388916;0.680066704750061;0.49443674087524414;0.3419015109539032
1.0193017721176147;0.6810542345046997;0.4946010708808899;0.34243202209472656
1.0185883045196533;0.6799970865249634;0.4970382750034332;0.34530922770500183
1.019177794456482;0.6799818873405457;0.4984916150569916;0.34521350264549255
1.0191712379455566;0.6774353981018066;0.4949216842651367;0.33804017305374146
1.0206568241119385;0.6786131262779236;0.492788702249527;0.3396872282028198
1.0214627981185913;0.6787946820259094;0.494924932718277;0.3402934968471527
1.0183988809585571;0.678826630115509;0.49823591113090515;0.3364853262901306
1.0181258916854858;0.6775985360145569;0.49496108293533325;0.3368279039859772
1.0189576148986816;0.6773158311843872;0.49619290232658386;0.3413986563682556
1.0177351236343384;0.6747814416885376;0.49202466011047363;0.3418214023113251
1.0214885473251343;0.6742333769798279;0.49004927277565;0.33774206042289734
1.0227954387664795;0.6762314438819885;0.4904484748840332;0.3415321409702301
1.0237845182418823;0.6746140718460083;0.4908551275730133;0.33774375915527344
1.0221534967422485;0.6736311912536621;0.49039846658706665;0.3330232501029968
1.0228818655014038;0.6753236055374146;0.48699069023132324;0.3341898024082184
1.0187996625900269;0.6778212785720825;0.4865778982639313;0.3406049907207489
1.0192817449569702;0.6778067946434021;0.4883894622325897;0.33926185965538025
1.0211540460586548;0.6776658296585083;0.49282094836235046;0.3402320146560669
1.0218682289123535;0.67714923620224;0.4920046925544739;0.3401513397693634
1.023194670677185;0.6783775091171265;0.49166470766067505;0.3425874710083008
1.021471381187439;0.6791952252388;0.49223384261131287;0.34445488452911377
1.0233278274536133;0.6776772737503052;0.49072638154029846;0.3390704095363617
1.0228540897369385;0.6776720881462097;0.48961517214775085;0.3419501781463623
1.0251874923706055;0.6792227625846863;0.4930669963359833;0.3451743721961975
1.0245554447174072;0.6793314814567566;0.49755507707595825;0.34400877356529236
1.0239578485488892;0.679335355758667;0.495234876871109;0.3439456820487976
1.02333402633667;0.6773144006729126;0.4959021508693695;0.34084993600845337
1.022796392440796;0.6779599785804749;0.4944855868816376;0.3422691524028778
1.0235999822616577;0.6790286302566528;0.4931189715862274;0.34107255935668945
1.0239044427871704;0.675542414188385;0.49169960618019104;0.3424747884273529
1.0277007818222046;0.675972580909729;0.49105167388916016;0.3398228585720062
1.0263196229934692;0.674587070941925;0.4931970536708832;0.3404858112335205
1.0282610654830933;0.6753532290458679;0.4900720715522766;0.3393040895462036
1.026667833328247;0.671909511089325;0.4925869405269623;0.33907848596572876
1.0272091627120972;0.6706449389457703;0.4923399090766907;0.34520623087882996
1.0267624855041504;0.6698589324951172;0.4947538375854492;0.33769306540489197
1.0280399322509766;0.6707447171211243;0.4951556324958801;0.3463388979434967
1.0276764631271362;0.6717591285705566;0.49579858779907227;0.33983397483825684
1.0289357900619507;0.6725136637687683;0.49718818068504333;0.33843478560447693
1.028928518295288;0.6728492975234985;0.49712952971458435;0.3403603732585907
1.0286017656326294;0.6754452586174011;0.4961370527744293;0.33948707580566406
1.030413031578064;0.6756325960159302;0.49487438797950745;0.34030407667160034
1.0325361490249634;0.6751107573509216;0.4927792549133301;0.33974331617355347
1.0294567346572876;0.6754536032676697;0.49137455224990845;0.3406105935573578
1.0319887399673462;0.6761617064476013;0.49308010935783386;0.3391924202442169
1.0333163738250732;0.6787233352661133;0.49293550848960876;0.3386351764202118
1.0360559225082397;0.6774336099624634;0.4957089126110077;0.34008845686912537
1.0356003046035767;0.6803842782974243;0.49841514229774475;0.3374556005001068
1.0357229709625244;0.6783990263938904;0.4974076449871063;0.33484819531440735
1.0358713865280151;0.6773070693016052;0.4972447454929352;0.33811506628990173
1.0356457233428955;0.6774021983146667;0.4956238865852356;0.3369677662849426
1.0359610319137573;0.677250325679779;0.49352937936782837;0.33776795864105225
1.0356769561767578;0.6764253973960876;0.4956795871257782;0.3404482305049896
1.0372822284698486;0.6766762733459473;0.49522659182548523;0.34278711676597595
1.0385435819625854;0.6758894920349121;0.49624013900756836;0.34475892782211304
1.0375890731811523;0.6756073236465454;0.4957483410835266;0.33828988671302795
1.0384857654571533;0.6763419508934021;0.4999757707118988;0.33607202768325806
1.0389658212661743;0.6755156517028809;0.49816545844078064;0.3371145725250244
1.0393770933151245;0.6754172444343567;0.5001243948936462;0.3387126624584198
1.0404932498931885;0.6748584508895874;0.4987827241420746;0.3422327935695648
1.0421080589294434;0.6731022596359253;0.4981379210948944;0.3420138955116272
1.0427323579788208;0.6714772582054138;0.49496498703956604;0.34594687819480896
1.0406839847564697;0.6730871200561523;0.49583694338798523;0.34229815006256104
1.0394104719161987;0.6735591888427734;0.496483713388443;0.340984970331192
1.0402878522872925;0.6744555830955505;0.49594593048095703;0.33985117077827454
1.0421688556671143;0.6744228005409241;0.4953150451183319;0.33732447028160095
1.0418686866760254;0.6732346415519714;0.495324045419693;0.34139639139175415
1.0412391424179077;0.6726938486099243;0.49735817313194275;0.3377158045768738
1.040587306022644;0.6731338500976562;0.49524804949760437;0.3409201204776764
1.0402443408966064;0.6726170182228088;0.49718838930130005;0.3413713872432709
1.042006254196167;0.6751600503921509;0.49774470925331116;0.3405514657497406
1.0391651391983032;0.6744536757469177;0.4964831471443176;0.3422373831272125
1.0389739274978638;0.6743311285972595;0.4986182153224945;0.3377882242202759
1.0396754741668701;0.6753070950508118;0.49826160073280334;0.34022170305252075
1.0375062227249146;0.6762614250183105;0.49749985337257385;0.33851343393325806
1.0398191213607788;0.6762751340866089;0.4942186772823334;0.33864566683769226
1.0409526824951172;0.6779476404190063;0.4955095946788788;0.34166157245635986
1.0384833812713623;0.681301474571228;0.4953885078430176;0.3403119742870331
1.0367282629013062;0.6809633374214172;0.4936186969280243;0.33779749274253845
1.0353760719299316;0.6810504198074341;0.4931453764438629;0.34056228399276733
1.034314751625061;0.6791221499443054;0.49442726373672485;0.3411666452884674
1.0335348844528198;0.677544891834259;0.4956487715244293;0.3417530953884125
1.035959005355835;0.6771641969680786;0.49628740549087524;0.34501489996910095
1.0370851755142212;0.6778066158294678;0.49726200103759766;0.34130731225013733
1.037436604499817;0.6771124005317688;0.4936843812465668;0.34216269850730896
1.0359805822372437;0.677811324596405;0.4966847002506256;0.3400643467903137
1.036358118057251;0.6782283782958984;0.5003913044929504;0.34460386633872986
1.0342985391616821;0.6781824827194214;0.4972601532936096;0.34248271584510803
1.0335931777954102;0.6782042384147644;0.49911385774612427;0.34126728773117065
1.0320205688476562;0.6794466972351074;0.49556466937065125;0.3378249704837799
1.0308252573013306;0.677788257598877;0.4945373237133026;0.33951160311698914
1.0315064191818237;0.678860604763031;0.494098961353302;0.3378385007381439
1.0321152210235596;0.6795980930328369;0.4953511357307434;0.3443394601345062
1.0326504707336426;0.6799041628837585;0.4944252073764801;0.3378576934337616
1.0335400104522705;0.6791661381721497;0.4955747723579407;0.3369830548763275
1.0319886207580566;0.6785723567008972;0.4953306317329407;0.33440396189689636
1.0344250202178955;0.6760370135307312;0.49622899293899536;0.3376307487487793
1.0342035293579102;0.6757754683494568;0.49864646792411804;0.3430768549442291
1.0356796979904175;0.6765581965446472;0.4968460202217102;0.3361518085002899
1.0360773801803589;0.6781051754951477;0.4985373616218567;0.3389616906642914
1.0356498956680298;0.6767722368240356;0.49594712257385254;0.34273678064346313
1.0356338024139404;0.6765631437301636;0.4936654269695282;0.3416810929775238
1.0364058017730713;0.6780439019203186;0.49485835433006287;0.34251347184181213
1.036563515663147;0.677862823009491;0.4934215247631073;0.33675214648246765
1.037430763244629;0.6780328750610352;0.4949488639831543;0.34348925948143005
1.038209080696106;0.6791278719902039;0.49515876173973083;0.34172186255455017
1.041101098060608;0.6792752146720886;0.49767228960990906;0.34237560629844666
1.0394266843795776;0.6803944110870361;0.4990980327129364;0.34143513441085815
1.0387786626815796;0.6811351776123047;0.4974132478237152;0.3382176458835602
1.0375235080718994;0.6818794012069702;0.49918481707572937;0.33739951252937317
1.036812424659729;0.6810164451599121;0.4960267245769501;0.34180527925491333
1.0369800329208374;0.6801375150680542;0.49546384811401367;0.33705559372901917
1.0394089221954346;0.6821435689926147;0.49429425597190857;0.33524999022483826
1.0384165048599243;0.6831355094909668;0.4930877387523651;0.33890900015830994
1.038366675376892;0.6836257576942444;0.4951462745666504;0.342025488615036
1.0357049703598022;0.6838523745536804;0.4943614900112152;0.34136176109313965
1.0375984907150269;0.6856508851051331;0.49272480607032776;0.3398490250110626
1.039077639579773;0.684938371181488;0.4941082000732422;0.3386695086956024
1.0411386489868164;0.6843169927597046;0.492934912443161;0.3405846655368805
1.042876124382019;0.6839583516120911;0.49403664469718933;0.3408227860927582
1.0439666509628296;0.6802865266799927;0.49428653717041016;0.3381257653236389
1.043082594871521;0.6779291033744812;0.4912782609462738;0.3414478898048401
1.0408998727798462;0.6787809729576111;0.493328332901001;0.34160521626472473
1.038945198059082;0.678845226764679;0.49353867769241333;0.3380194306373596
1.0398802757263184;0.6793040633201599;0.48959609866142273;0.3370961844921112
1.0400103330612183;0.6813852190971375;0.4899190068244934;0.33721697330474854
1.0427179336547852;0.6802123188972473;0.4895162582397461;0.33664974570274353
1.040517807006836;0.6794152855873108;0.4897706210613251;0.34376490116119385
1.0417606830596924;0.6779350638389587;0.4904022216796875;0.3414081335067749
1.0409908294677734;0.6779454350471497;0.4887591302394867;0.34002885222435
1.0425951480865479;0.6775399446487427;0.4883899390697479;0.3389279544353485
1.0444891452789307;0.6781806349754333;0.48814699053764343;0.343999981880188
1.0456898212432861;0.6790227293968201;0.48760709166526794;0.34427785873413086
1.0482885837554932;0.6764966249465942;0.4907711148262024;0.34597665071487427
1.0470856428146362;0.675571858882904;0.4911997318267822;0.3467104434967041
1.0443871021270752;0.675642192363739;0.49111777544021606;0.3451673090457916
1.0428999662399292;0.6746302843093872;0.49321672320365906;0.34266600012779236
1.0458418130874634;0.6763408184051514;0.4928727149963379;0.3430725038051605
1.0464458465576172;0.6748529672622681;0.4889225959777832;0.3413402736186981
1.0446572303771973;0.6755701899528503;0.486910343170166;0.3374561667442322
1.0457621812820435;0.677954375743866;0.49228593707084656;0.3373487591743469
1.0452646017074585;0.6780115962028503;0.49135756492614746;0.34078189730644226
1.0433542728424072;0.6775787472724915;0.4915024936199188;0.34014108777046204
1.042399287223816;0.6773706078529358;0.49477121233940125;0.3439967930316925
1.0423930883407593;0.6777406334877014;0.4932927191257477;0.34312698245048523
1.044960856437683;0.679851770401001;0.4941440522670746;0.34235769510269165
1.0429385900497437;0.677829921245575;0.49509191513061523;0.3408489525318146
1.0408920049667358;0.6770352721214294;0.49280062317848206;0.3407077491283417
1.0375852584838867;0.6772562265396118;0.49162766337394714;0.34410977363586426
1.0371577739715576;0.6784582138061523;0.4945673942565918;0.3438843786716461
1.0394700765609741;0.6784259676933289;0.4929802119731903;0.34294578433036804
1.039080262184143;0.681686520576477;0.4922381341457367;0.34046849608421326
1.0417534112930298;0.6813294291496277;0.49343785643577576;0.337551087141037
1.0427703857421875;0.6845124363899231;0.49510693550109863;0.33612188696861267
1.0446592569351196;0.6841681003570557;0.4987911880016327;0.34017816185951233
1.0414336919784546;0.6818796992301941;0.5001949667930603;0.34246358275413513
1.040137529373169;0.6808019876480103;0.5028607845306396;0.34442955255508423
1.0422979593276978;0.6792958378791809;0.5028797388076782;0.3438021242618561
1.0431816577911377;0.6806411147117615;0.5055493712425232;0.343318372964859
1.04230535030365;0.6797403693199158;0.5053800940513611;0.338625967502594
1.0415140390396118;0.6788177490234375;0.5053051114082336;0.33361342549324036
1.0410345792770386;0.6788406372070312;0.5021158456802368;0.3348809778690338
1.043033480644226;0.680213451385498;0.5002343654632568;0.3409824073314667
1.0425752401351929;0.6778297424316406;0.4949817359447479;0.3405364155769348
1.0433464050292969;0.6779398918151855;0.493124395608902;0.34330111742019653
1.044407844543457;0.6776720285415649;0.49238505959510803;0.340964674949646
1.0441197156906128;0.6786770224571228;0.4930098056793213;0.33940014243125916
1.043926477432251;0.6792239546775818;0.49283477663993835;0.3386094272136688
1.0437535047531128;0.680860698223114;0.4972204267978668;0.33963996171951294
1.0453017950057983;0.6801572442054749;0.4957871437072754;0.33809134364128113
1.0489628314971924;0.6785972714424133;0.498746395111084;0.33668985962867737
1.0506919622421265;0.677107036113739;0.4974316656589508;0.3376316726207733
1.0491474866867065;0.6771888732910156;0.49502992630004883;0.3397645056247711
1.048128366470337;0.6770084500312805;0.4926702082157135;0.3445080816745758
1.0497550964355469;0.6773829460144043;0.4894322454929352;0.34016942977905273
1.0463800430297852;0.6767033934593201;0.48929277062416077;0.3370116949081421
1.0480358600616455;0.6770637631416321;0.49008798599243164;0.3381563723087311
1.0478781461715698;0.6766493916511536;0.4905836582183838;0.3374101519584656
1.047369360923767;0.6797520518302917;0.4923984706401825;0.34346678853034973
1.0465819835662842;0.6790522933006287;0.49334245920181274;0.33911263942718506
1.0449261665344238;0.6786115765571594;0.4958263337612152;0.33302220702171326
1.046667456626892;0.6797439455986023;0.49374493956565857;0.33382028341293335
1.046406626701355;0.679118275642395;0.49563780426979065;0.3392592966556549
1.0467239618301392;0.6786245703697205;0.493851900100708;0.34675484895706177
1.0482958555221558;0.678149402141571;0.49637672305107117;0.3401065468788147
1.049164891242981;0.6778959631919861;0.4962905943393707;0.34124478697776794
1.0514014959335327;0.6784378290176392;0.49854955077171326;0.3432942032814026
1.0505527257919312;0.6778797507286072;0.4960462749004364;0.3407614231109619
1.0484449863433838;0.6790766716003418;0.4951781928539276;0.344647616147995
1.0487229824066162;0.6799092888832092;0.4927268922328949;0.3456628918647766
1.0462385416030884;0.6794948577880859;0.4911561608314514;0.34412866830825806
1.0464273691177368;0.6808080673217773;0.49059176445007324;0.34340545535087585
1.0484589338302612;0.6814199090003967;0.49594926834106445;0.346904456615448
1.0477629899978638;0.6821257472038269;0.49331942200660706;0.34109756350517273
1.0476819276809692;0.6819292902946472;0.49157658219337463;0.34101685881614685
1.0482295751571655;0.6831561923027039;0.4942501485347748;0.3452746570110321
1.0496271848678589;0.6833852529525757;0.4970220625400543;0.3386297821998596
1.0516867637634277;0.6829419136047363;0.49509096145629883;0.33893224596977234
1.0520555973052979;0.6837103962898254;0.494966983795166;0.3422881066799164
1.0533933639526367;0.6840502619743347;0.49756476283073425;0.344226211309433
1.0523815155029297;0.6834487318992615;0.49638891220092773;0.340911865234375
1.0528279542922974;0.6834888458251953;0.4993273913860321;0.3368483781814575
1.0540924072265625;0.6826257109642029;0.4997576177120209;0.3391891419887543
1.0517492294311523;0.6817561388015747;0.49523136019706726;0.3379022181034088
1.0513156652450562;0.681796133518219;0.4942755401134491;0.3358130156993866
1.0529388189315796;0.6811001896858215;0.494807630777359;0.33711162209510803
1.0523370504379272;0.6821162104606628;0.4919097125530243;0.3382966220378876
1.051195740699768;0.6801314353942871;0.49196287989616394;0.3413965404033661
1.0532469749450684;0.6800744533538818;0.48865318298339844;0.33978983759880066
1.0533628463745117;0.6794775128364563;0.4904673099517822;0.34022220969200134
1.0526714324951172;0.6794353127479553;0.49105167388916016;0.341975599527359
1.0533802509307861;0.6807229518890381;0.49276527762413025;0.3428637683391571
1.0563875436782837;0.6800529360771179;0.4970032274723053;0.34164324402809143
1.0541642904281616;0.6789043545722961;0.4959867000579834;0.3391211926937103
1.0552107095718384;0.6805335283279419;0.493955135345459;0.3371114730834961
1.0547877550125122;0.6798633337020874;0.49704161286354065;0.34076976776123047
1.0547075271606445;0.6804735064506531;0.4971098005771637;0.34392672777175903
1.0578116178512573;0.6803566217422485;0.4960053563117981;0.3470078110694885
1.059592843055725;0.6820065379142761;0.494545042514801;0.3436451852321625
1.060863733291626;0.6835002303123474;0.4969976544380188;0.34709402918815613
1.0633608102798462;0.6839055418968201;0.49741706252098083;0.3440714478492737
1.0652371644973755;0.6837625503540039;0.49376222491264343;0.3430189788341522
1.0641200542449951;0.6849517822265625;0.49439430236816406;0.34126341342926025
1.0633774995803833;0.6843715310096741;0.4960019588470459;0.3461795449256897
1.061049461364746;0.6844322085380554;0.4987497329711914;0.34480515122413635
1.0616127252578735;0.6835047006607056;0.4971596896648407;0.341020792722702
1.0621761083602905;0.6814790368080139;0.49676036834716797;0.34174108505249023
1.0626355409622192;0.6820114254951477;0.4963539242744446;0.33753904700279236
1.0608526468276978;0.6828024983406067;0.4958527982234955;0.3363325297832489
1.0605915784835815;0.6848023533821106;0.4978466033935547;0.3417133390903473
1.0620263814926147;0.6828061938285828;0.4963855445384979;0.34346017241477966
1.0660958290100098;0.6818146705627441;0.49353423714637756;0.34294459223747253
1.0636770725250244;0.6829885840415955;0.49355313181877136;0.34783437848091125
1.061273217201233;0.6819106936454773;0.49778538942337036;0.3427360951900482
1.061236023902893;0.680851399898529;0.49637770652770996;0.341187447309494
1.0604168176651;0.6798762083053589;0.4989846646785736;0.34251418709754944
1.05960214138031;0.6795205473899841;0.4994129240512848;0.3420782685279846
1.0589042901992798;0.677064836025238;0.501327633857727;0.3441912829875946
1.0578283071517944;0.6771050691604614;0.500167727470398;0.34009218215942383
1.0568255186080933;0.6788036823272705;0.49746885895729065;0.33748283982276917
1.0584989786148071;0.6787315607070923;0.4985092580318451;0.33753079175949097
1.0608748197555542;0.6771392226219177;0.4969019889831543;0.3351946771144867
1.0620291233062744;0.6785584688186646;0.4974502623081207;0.3417317867279053
1.0627342462539673;0.678395688533783;0.4966110289096832;0.3429032266139984
1.0624568462371826;0.677375078201294;0.49854961037635803;0.34461379051208496
1.0622692108154297;0.6764532923698425;0.49525880813598633;0.34070640802383423
1.063775658607483;0.6772729754447937;0.4959816038608551;0.3383947014808655
1.0626516342163086;0.6783829927444458;0.4974914491176605;0.3381703197956085
1.061660885810852;0.6791057586669922;0.4994044303894043;0.34140118956565857
1.0622503757476807;0.6796609163284302;0.4966394603252411;0.34336838126182556
1.061807632446289;0.6787948608398438;0.4986177086830139;0.34442225098609924
1.0604991912841797;0.6784317493438721;0.496941477060318;0.33997517824172974
1.0606626272201538;0.678337037563324;0.49713897705078125;0.3432617783546448
1.0610923767089844;0.6783955693244934;0.4989631772041321;0.33646318316459656
1.0580500364303589;0.6778673529624939;0.49754229187965393;0.33996066451072693
1.0548503398895264;0.6766247749328613;0.4987642467021942;0.34097084403038025
1.0532244443893433;0.6765939593315125;0.49495944380760193;0.3394109904766083
1.053558349609375;0.6768175959587097;0.49711179733276367;0.3414827287197113
1.0522195100784302;0.6768466830253601;0.4955172538757324;0.33485063910484314
1.0535297393798828;0.6760348677635193;0.49404177069664;0.33642274141311646
1.0543020963668823;0.6768012046813965;0.4945124685764313;0.33863648772239685
1.0566524267196655;0.6783663034439087;0.49194055795669556;0.33910784125328064
1.0557745695114136;0.6789577603340149;0.4925081729888916;0.3417688310146332
1.0553988218307495;0.6779576539993286;0.4951007068157196;0.3409123122692108
1.059500813484192;0.678509533405304;0.4958759844303131;0.3407817780971527
1.0597184896469116;0.6772467494010925;0.49284860491752625;0.33756184577941895
1.0618590116500854;0.6757569313049316;0.4945355951786041;0.342740923166275
1.0609266757965088;0.6759435534477234;0.49317827820777893;0.3407747149467468
1.059863567352295;0.6761180758476257;0.4934425354003906;0.3401465117931366
1.0603715181350708;0.6754961609840393;0.491293728351593;0.33525118231773376
1.0590643882751465;0.6766549944877625;0.49565109610557556;0.33197417855262756
1.060408115386963;0.6771518588066101;0.49790117144584656;0.3399437963962555
1.0601189136505127;0.6782457232475281;0.49262523651123047;0.3356000483036041
1.059790849685669;0.6760703921318054;0.4942499101161957;0.34401997923851013
1.0600138902664185;0.6761873960494995;0.49449166655540466;0.34646153450012207
1.059051513671875;0.6757875680923462;0.4966822564601898;0.34379324316978455
1.0592286586761475;0.6755684018135071;0.5005969405174255;0.34512796998023987
1.0579118728637695;0.6758791208267212;0.497493714094162;0.3397049009799957
1.0580456256866455;0.6751373410224915;0.49633103609085083;0.3425081968307495
1.0585176944732666;0.6743297576904297;0.4941878914833069;0.3426985740661621
1.0591248273849487;0.6735453009605408;0.49635323882102966;0.3437393307685852
1.0597496032714844;0.6747882962226868;0.498039573431015;0.35033369064331055
1.0606812238693237;0.6747961044311523;0.4979865550994873;0.3485090732574463
1.0591821670532227;0.6757248044013977;0.49529457092285156;0.34242331981658936
1.0622462034225464;0.6754889488220215;0.4937833249568939;0.33918580412864685
1.061551809310913;0.6761575937271118;0.492612361907959;0.33732348680496216
1.0610049962997437;0.6754094362258911;0.4926089346408844;0.3423873484134674
1.0609458684921265;0.6753625273704529;0.49309369921684265;0.33857572078704834
1.057857871055603;0.673555850982666;0.49379777908325195;0.3388075530529022
1.0584791898727417;0.6775926351547241;0.4944801330566406;0.34129267930984497
1.059023380279541;0.6760106086730957;0.4964766204357147;0.3408184051513672
1.0599740743637085;0.6763290762901306;0.4959099292755127;0.3373487889766693
1.0588749647140503;0.6771482825279236;0.4968731105327606;0.340073823928833
1.0624819993972778;0.6771664619445801;0.49443385004997253;0.34277138113975525
1.063546895980835;0.6764655113220215;0.492861807346344;0.3394186198711395
1.0640850067138672;0.6763414740562439;0.4931258261203766;0.33909499645233154
