err_mean;err_cos1;err_cos2;err_cos3
1.3193202018737793;0.5414454340934753;0.4112919867038727;0.9872787594795227
0.23302674293518066;0.5866380929946899;0.38192039728164673;0.2588122487068176
0.23470239341259003;0.590321958065033;0.38755273818969727;0.2682441174983978
0.2311926931142807;0.5886731147766113;0.38705289363861084;0.26442384719848633
0.23527006804943085;0.5920088887214661;0.39002305269241333;0.2708183825016022
0.2365165799856186;0.5923716425895691;0.3925449550151825;0.2764892876148224
0.23455558717250824;0.5924739241600037;0.39102068543434143;0.2770287096500397
0.23588943481445312;0.5932154655456543;0.3914484977722168;0.2768467366695404
0.23376572132110596;0.5925852656364441;0.3947426974773407;0.27671048045158386
0.23503389954566956;0.5938578248023987;0.39561644196510315;0.2772095799446106
0.2341616004705429;0.5939710140228271;0.3978259563446045;0.27826178073883057
0.23350393772125244;0.5940307974815369;0.3963678777217865;0.2771998941898346
0.23676978051662445;0.5948871970176697;0.3947581946849823;0.27889275550842285
0.23804569244384766;0.5960407257080078;0.3957570195198059;0.2801370620727539
0.23690219223499298;0.5958337783813477;0.3951253294944763;0.27793747186660767
0.23726336658000946;0.5967403650283813;0.39744246006011963;0.27778664231300354
0.2378295212984085;0.5967544913291931;0.3972190320491791;0.27928993105888367
0.2374730110168457;0.5961163640022278;0.39632806181907654;0.27973172068595886
0.2363770306110382;0.5951017737388611;0.3967272639274597;0.2827549874782562
0.2371581643819809;0.5959453582763672;0.39554738998413086;0.28207799792289734
0.23803162574768066;0.5964905619621277;0.39580827951431274;0.28229978680610657
0.2378363460302353;0.5965325236320496;0.3957035541534424;0.28319916129112244
0.23779144883155823;0.5966876745223999;0.3950328230857849;0.27874788641929626
0.23700876533985138;0.5957437753677368;0.3996748924255371;0.28359028697013855
0.23903436958789825;0.5962148904800415;0.39864611625671387;0.2851947247982025
0.2387954294681549;0.5962435603141785;0.3984541893005371;0.2862466275691986
0.23858384788036346;0.59544438123703;0.39930960536003113;0.2857968807220459
0.23829279839992523;0.5953084826469421;0.40057164430618286;0.2865883409976959
0.23697510361671448;0.5951575636863708;0.3988734781742096;0.28509965538978577
0.23787669837474823;0.5952965021133423;0.3994288444519043;0.28623417019844055
0.23721180856227875;0.5950425267219543;0.3984422981739044;0.285632461309433
0.23733706772327423;0.595134437084198;0.3971514403820038;0.2864559590816498
0.23801155388355255;0.5952937602996826;0.39739853143692017;0.28585299849510193
0.2377907782793045;0.5962632298469543;0.39765164256095886;0.2868973910808563
0.23834501206874847;0.5970141291618347;0.39861413836479187;0.2885734736919403
0.23736396431922913;0.5963366627693176;0.3974815011024475;0.28535276651382446
0.2362602800130844;0.5955364108085632;0.39728420972824097;0.28529101610183716
0.235314279794693;0.5951673984527588;0.3967702090740204;0.28767237067222595
0.23604349792003632;0.5954236388206482;0.39741453528404236;0.28746411204338074
0.23584766685962677;0.5950601696968079;0.39642801880836487;0.2870978116989136
0.23651206493377686;0.5947074294090271;0.39607030153274536;0.2865486145019531
0.23698878288269043;0.5943557620048523;0.3976539075374603;0.28706488013267517
0.23812846839427948;0.5962110757827759;0.3974818289279938;0.28663909435272217
0.23751488327980042;0.595637857913971;0.3962107002735138;0.2843967080116272
0.23811347782611847;0.5961092114448547;0.396817684173584;0.2851507365703583
0.2365797609090805;0.5958903431892395;0.3959643542766571;0.28521618247032166
0.23701493442058563;0.5958029627799988;0.3966147303581238;0.28896161913871765
0.2370799034833908;0.5961304306983948;0.398430734872818;0.28802546858787537
0.2365589588880539;0.5965022444725037;0.39859676361083984;0.28605324029922485
0.23729471862316132;0.5964273810386658;0.3966185748577118;0.28536438941955566
0.23753702640533447;0.5963060259819031;0.3976728618144989;0.28622564673423767
0.23803210258483887;0.5951805114746094;0.39773449301719666;0.2882991135120392
0.23870685696601868;0.5956992506980896;0.3988591730594635;0.28892338275909424
0.2374253123998642;0.5968977212905884;0.3990209102630615;0.2875278890132904
0.23607435822486877;0.5963508486747742;0.39667952060699463;0.2843599021434784
0.2382725328207016;0.5967873930931091;0.39702320098876953;0.28531011939048767
0.23732209205627441;0.5961360931396484;0.3988509476184845;0.2859661281108856
0.23693528771400452;0.596603512763977;0.3968604803085327;0.28344443440437317
0.23852716386318207;0.5962070822715759;0.3988412916660309;0.2845233082771301
0.23822832107543945;0.597012460231781;0.39714691042900085;0.28738245368003845
0.2380766123533249;0.596806526184082;0.39827960729599;0.2873058617115021
0.23913338780403137;0.5976848006248474;0.3972667157649994;0.2877141535282135
0.23742608726024628;0.5976157784461975;0.39570334553718567;0.2852282226085663
0.2385934442281723;0.597305953502655;0.39599356055259705;0.2858699858188629
0.237715482711792;0.5964142680168152;0.399046927690506;0.29039907455444336
0.23731295764446259;0.5962037444114685;0.40012311935424805;0.29276448488235474
0.23688781261444092;0.5961268544197083;0.398546427488327;0.29043513536453247
0.23712049424648285;0.5953028798103333;0.3984244763851166;0.28962570428848267
0.23812365531921387;0.5962549448013306;0.3986337184906006;0.2900848090648651
0.2364119589328766;0.5961665511131287;0.3962666392326355;0.2859250009059906
0.23591147363185883;0.5956072807312012;0.39878103137016296;0.2889253795146942
0.2365252822637558;0.5958804488182068;0.3983001410961151;0.2888810634613037
0.23642878234386444;0.5958575010299683;0.39847245812416077;0.28735166788101196
0.23682938516139984;0.5958213210105896;0.40049979090690613;0.2890675961971283
0.2364039421081543;0.5952402949333191;0.39774736762046814;0.28568658232688904
0.2364494651556015;0.595589280128479;0.3982902467250824;0.28788262605667114
0.23690076172351837;0.5955575108528137;0.40101203322410583;0.29172417521476746
0.23791396617889404;0.5956130027770996;0.3999190926551819;0.28844183683395386
0.23627789318561554;0.5955905318260193;0.40192604064941406;0.28808823227882385
0.23862624168395996;0.5962782502174377;0.40232107043266296;0.28969606757164
0.24006615579128265;0.5962499976158142;0.40407514572143555;0.2940475046634674
0.23945403099060059;0.5969694256782532;0.4011264443397522;0.28954607248306274
0.23901605606079102;0.5971922874450684;0.40192270278930664;0.28993526101112366
0.23742914199829102;0.596989631652832;0.40263673663139343;0.2903134226799011
0.2390473335981369;0.5977767109870911;0.40229883790016174;0.29435697197914124
0.23932266235351562;0.5967215895652771;0.40149879455566406;0.29242420196533203
0.23708052933216095;0.595733106136322;0.40197134017944336;0.2925853431224823
0.2363293170928955;0.5951817631721497;0.3998250365257263;0.2876652479171753
0.23617307841777802;0.5959250330924988;0.4013284742832184;0.2911238372325897
0.23594646155834198;0.5956529378890991;0.39933186769485474;0.2899625897407532
0.23644661903381348;0.5950586795806885;0.40232211351394653;0.2917023003101349
0.2379770129919052;0.5955592393875122;0.39988628029823303;0.28971511125564575
0.23856674134731293;0.5954985022544861;0.40109768509864807;0.29067012667655945
0.23811982572078705;0.5945426821708679;0.4006114900112152;0.2872216999530792
0.23764920234680176;0.5947686433792114;0.400881290435791;0.2908751666545868
0.23852577805519104;0.5951436758041382;0.4008578360080719;0.2911452353000641
0.2381085604429245;0.5952274799346924;0.3992428481578827;0.2884354293346405
0.23910517990589142;0.5954245328903198;0.4001241624355316;0.28876298666000366
0.24124465882778168;0.596659779548645;0.4025990068912506;0.2923452854156494
0.23862802982330322;0.5958688855171204;0.401346892118454;0.2909049689769745
0.23853234946727753;0.5958981513977051;0.4008018672466278;0.2881225049495697
0.23885250091552734;0.5953168869018555;0.40142545104026794;0.28804588317871094
0.23769870400428772;0.5955862402915955;0.4009173512458801;0.2906530797481537
0.23805613815784454;0.5956186652183533;0.4014454782009125;0.2893172800540924
0.2379569560289383;0.5966483354568481;0.4022897183895111;0.2927321493625641
0.23823146522045135;0.5956541895866394;0.40413162112236023;0.29353219270706177
0.23905538022518158;0.5949508547782898;0.4044133722782135;0.2936021387577057
0.23810994625091553;0.5948643088340759;0.40256640315055847;0.2880554795265198
0.23985929787158966;0.5958988070487976;0.40090885758399963;0.28878360986709595
0.23916177451610565;0.5968889594078064;0.40028873085975647;0.29028093814849854
0.23984861373901367;0.5950769782066345;0.40023937821388245;0.28890618681907654
0.23984690010547638;0.5966105461120605;0.40060463547706604;0.291403204202652
0.23766770958900452;0.5963193774223328;0.4012947082519531;0.28933092951774597
0.24051915109157562;0.5976161360740662;0.4032471179962158;0.2931801974773407
0.2408137172460556;0.5972148776054382;0.404015451669693;0.2905910909175873
0.2392902374267578;0.5974017381668091;0.40075966715812683;0.29120656847953796
0.23978491127490997;0.5964191555976868;0.4014480710029602;0.28587985038757324
0.24020718038082123;0.5974317789077759;0.4020322859287262;0.2910010516643524
0.23970894515514374;0.5972603559494019;0.4008677005767822;0.29190149903297424
0.239532470703125;0.5962220430374146;0.4007434546947479;0.2912750244140625
0.2402762919664383;0.5967504382133484;0.40169212222099304;0.29229736328125
0.23994961380958557;0.595657467842102;0.4004136025905609;0.28721025586128235
0.23855121433734894;0.5949961543083191;0.4006662368774414;0.2900243401527405
0.2383103370666504;0.5952164530754089;0.40106678009033203;0.28576144576072693
0.2376081794500351;0.5949788093566895;0.4033038318157196;0.28934165835380554
0.23931479454040527;0.5952871441841125;0.40232640504837036;0.2913937270641327
0.23861479759216309;0.5962131023406982;0.40139302611351013;0.2912921607494354
0.23933444917201996;0.59686678647995;0.40248289704322815;0.28866156935691833
0.2375801056623459;0.5958139300346375;0.40022364258766174;0.290761798620224
0.23583219945430756;0.5952461361885071;0.4013425409793854;0.2903831899166107
0.2366551011800766;0.5955120921134949;0.4026603698730469;0.2880926728248596
0.23740430176258087;0.5974157452583313;0.4061492085456848;0.291071355342865
0.23650489747524261;0.5966121554374695;0.4043157696723938;0.2904226779937744
0.23868189752101898;0.5967515110969543;0.40139275789260864;0.29094672203063965
0.2375287562608719;0.5962030291557312;0.39870309829711914;0.28961023688316345
0.23901550471782684;0.5960637927055359;0.3964730501174927;0.286815881729126
0.23857958614826202;0.5957328081130981;0.3985876142978668;0.2910963296890259
0.2405412644147873;0.5971431136131287;0.40190812945365906;0.29319292306900024
0.24177776277065277;0.5972407460212708;0.399183988571167;0.2892284691333771
0.24051399528980255;0.5980637073516846;0.3983616828918457;0.29160061478614807
0.23885731399059296;0.5971361398696899;0.3995615839958191;0.2898295819759369
0.23786430060863495;0.597122848033905;0.40137019753456116;0.2914787232875824
0.239375039935112;0.5975642204284668;0.40238839387893677;0.2908029556274414
0.23902849853038788;0.5980591773986816;0.40450507402420044;0.2924308776855469
0.23925697803497314;0.5966984629631042;0.40169277787208557;0.2917341887950897
0.24016891419887543;0.5977038741111755;0.40044161677360535;0.2927107810974121
0.23845024406909943;0.5963478088378906;0.40190258622169495;0.29209062457084656
0.23665986955165863;0.5966752171516418;0.40353327989578247;0.2921130359172821
0.23666031658649445;0.5956081748008728;0.4041872024536133;0.29236429929733276
0.23813915252685547;0.5955220460891724;0.4012049734592438;0.28862348198890686
0.23755128681659698;0.5967200994491577;0.40123939514160156;0.2890280783176422
0.23676259815692902;0.5957226157188416;0.40241509675979614;0.2882450222969055
0.2367364913225174;0.5958601236343384;0.40055200457572937;0.28833848237991333
0.23956194519996643;0.5955106616020203;0.40031424164772034;0.2876829206943512
0.24068215489387512;0.597525954246521;0.3985709846019745;0.29077544808387756
0.2406943291425705;0.5972103476524353;0.3993922173976898;0.29038292169570923
0.23908603191375732;0.597021758556366;0.4007430672645569;0.2910206913948059
0.23980680108070374;0.5967108011245728;0.4037434756755829;0.29125306010246277
0.24019701778888702;0.5959941148757935;0.4002443850040436;0.28890934586524963
0.239675834774971;0.5954523086547852;0.39976102113723755;0.28976961970329285
0.2389618456363678;0.5961396098136902;0.3991505205631256;0.2880243957042694
0.23807361721992493;0.5952672362327576;0.40150997042655945;0.28822657465934753
0.2384306937456131;0.5948485732078552;0.40271803736686707;0.29157230257987976
0.23892097175121307;0.5958768129348755;0.40272894501686096;0.2946314811706543
0.23759965598583221;0.5959562659263611;0.40308162569999695;0.29222986102104187
0.23686400055885315;0.5958023071289062;0.4025736451148987;0.28929653763771057
0.2373090237379074;0.5961970686912537;0.40244626998901367;0.29168805480003357
0.2406424582004547;0.5977947115898132;0.401663213968277;0.29362139105796814
0.23977188766002655;0.5971407294273376;0.4000839293003082;0.29219499230384827
0.2409139722585678;0.5973294377326965;0.4004336893558502;0.29060429334640503
0.23889689147472382;0.596691906452179;0.40256795287132263;0.29159054160118103
0.2398199886083603;0.5961858630180359;0.40014705061912537;0.28898361325263977
0.24048753082752228;0.5955267548561096;0.40067267417907715;0.28854939341545105
0.24007081985473633;0.596269965171814;0.4002136290073395;0.291485071182251
0.23955897986888885;0.5957318544387817;0.400444895029068;0.2875731885433197
0.2379332035779953;0.5967293381690979;0.40094900131225586;0.29224249720573425
0.2376721352338791;0.5962427258491516;0.40212488174438477;0.29271483421325684
0.23905034363269806;0.5960678458213806;0.40157681703567505;0.29266688227653503
0.2386242002248764;0.5949708819389343;0.4022488594055176;0.29145920276641846
0.23929162323474884;0.5952376127243042;0.40056806802749634;0.28789106011390686
0.24036036431789398;0.5966300368309021;0.40012216567993164;0.2919675409793854
0.24041147530078888;0.5970573425292969;0.40082889795303345;0.2915484607219696
0.24175329506397247;0.5958438515663147;0.4002932012081146;0.2914646565914154
0.23937273025512695;0.5967048406600952;0.39980486035346985;0.28723880648612976
0.23818357288837433;0.5951362252235413;0.4009445607662201;0.28817957639694214
0.23802872002124786;0.5956201553344727;0.4022599160671234;0.28957468271255493
0.23713146150112152;0.5957475900650024;0.4050198495388031;0.2917521893978119
0.23942439258098602;0.5968671441078186;0.40490269660949707;0.29306134581565857
0.24099993705749512;0.5966601371765137;0.4045940935611725;0.29161348938941956
0.2428443729877472;0.5963573455810547;0.40164318680763245;0.29087790846824646
0.2387019842863083;0.5954440236091614;0.4005647599697113;0.2923556864261627
0.23957876861095428;0.596837043762207;0.3987250030040741;0.2865447998046875
0.2399909496307373;0.5954753160476685;0.39875611662864685;0.28958627581596375
0.24027954041957855;0.5969376564025879;0.3989284634590149;0.2886801064014435
0.23971667885780334;0.5962772965431213;0.40206876397132874;0.28835204243659973
0.24029557406902313;0.5961772203445435;0.40287190675735474;0.29067155718803406
0.2407994270324707;0.5971654057502747;0.40113407373428345;0.290704607963562
0.23901227116584778;0.5968766808509827;0.39957356452941895;0.28839969635009766
0.23809750378131866;0.5966206789016724;0.4011247158050537;0.2901811897754669
0.23584745824337006;0.5945518612861633;0.4002136290073395;0.2853352129459381
0.237755686044693;0.5957006216049194;0.4008505344390869;0.2893393933773041
0.23828457295894623;0.595859169960022;0.40164914727211;0.2907618582248688
0.23889055848121643;0.5958854556083679;0.4009890556335449;0.29105696082115173
0.23876383900642395;0.5960464477539062;0.3996337056159973;0.2886916697025299
0.23965874314308167;0.5961018800735474;0.4007556140422821;0.2882154881954193
0.2388319969177246;0.5958835482597351;0.40181636810302734;0.2918197512626648
0.23844361305236816;0.5963744521141052;0.4008750021457672;0.28733572363853455
0.23831899464130402;0.5963267683982849;0.4002628028392792;0.29117056727409363
0.23776982724666595;0.5945583581924438;0.3994857668876648;0.2884422838687897
0.23811379075050354;0.5960256457328796;0.4036712348461151;0.29563838243484497
0.238254114985466;0.5969359278678894;0.40129414200782776;0.2958429157733917
0.23827210068702698;0.5965355634689331;0.3996279835700989;0.2900324761867523
0.23873133957386017;0.5949795246124268;0.4025722146034241;0.2925627827644348
0.23828454315662384;0.5961770415306091;0.4023343026638031;0.29118192195892334
0.2383069545030594;0.594488799571991;0.40250110626220703;0.2948771119117737
0.24055948853492737;0.5955924987792969;0.40406766533851624;0.29431599378585815
0.24187178909778595;0.5956869125366211;0.40346747636795044;0.29405343532562256
0.24234060943126678;0.5956478714942932;0.4047938883304596;0.2947375178337097
0.24133792519569397;0.5968012809753418;0.40269970893859863;0.2914610207080841
0.2386593073606491;0.5960140228271484;0.40312036871910095;0.28887730836868286
0.23989716172218323;0.5960578322410583;0.4014046788215637;0.28975018858909607
0.2421252727508545;0.5972914099693298;0.4000883102416992;0.2928612232208252
0.2417287826538086;0.5965049862861633;0.4017868638038635;0.2923679053783417
0.2403319627046585;0.597366988658905;0.4022737443447113;0.29054465889930725
0.24013912677764893;0.5977708697319031;0.40164995193481445;0.29234129190444946
0.23958449065685272;0.5972248315811157;0.3994978368282318;0.28867265582084656
0.24074755609035492;0.5966987609863281;0.39697515964508057;0.28731656074523926
0.2424805611371994;0.5970055460929871;0.4003470540046692;0.2916540801525116
0.239214226603508;0.5968388915061951;0.4000665843486786;0.2885380685329437
0.23966431617736816;0.5975035429000854;0.39815834164619446;0.28912776708602905
0.24137596786022186;0.5983636975288391;0.40182384848594666;0.29057303071022034
0.24045300483703613;0.5976334810256958;0.4023037850856781;0.29200372099876404
0.2407730370759964;0.5976629853248596;0.40054646134376526;0.29350897669792175
0.2402292788028717;0.5968602299690247;0.4011973440647125;0.29370611906051636
0.24029837548732758;0.5965003371238708;0.40077367424964905;0.29275885224342346
0.23789428174495697;0.5958483815193176;0.39950069785118103;0.2915076017379761
0.23910866677761078;0.5974344611167908;0.40041232109069824;0.2935790717601776
0.23813457787036896;0.5964961051940918;0.4013993442058563;0.292220801115036
0.2380053550004959;0.5954564213752747;0.4023147225379944;0.2885427474975586
0.24206171929836273;0.59665447473526;0.4007960259914398;0.2916470170021057
0.24104981124401093;0.5964674949645996;0.39944419264793396;0.2919393479824066
0.24173720180988312;0.5968928337097168;0.4020586907863617;0.29488393664360046
0.23880250751972198;0.5955681204795837;0.403978556394577;0.2943645715713501
0.2401597499847412;0.5968193411827087;0.4025909900665283;0.2947279214859009
0.24107836186885834;0.5968338847160339;0.40221238136291504;0.29219675064086914
0.24079759418964386;0.5957947969436646;0.4041077196598053;0.29284408688545227
0.2425069361925125;0.5973005890846252;0.40196457505226135;0.29510265588760376
0.2410949319601059;0.5978931188583374;0.4012823700904846;0.29013800621032715
0.23965726792812347;0.5967616438865662;0.4031960666179657;0.2901191711425781
0.24067960679531097;0.5967674851417542;0.40334102511405945;0.2914416790008545
0.23957347869873047;0.5973871350288391;0.4026612341403961;0.2916625142097473
0.2394319623708725;0.5968289375305176;0.4000674784183502;0.2872292697429657
0.2402821034193039;0.596610963344574;0.39940547943115234;0.2871268689632416
0.24005351960659027;0.5948039889335632;0.4008544087409973;0.2893332540988922
0.23849092423915863;0.5962185859680176;0.4011264741420746;0.2885756492614746
0.2393159419298172;0.5958728194236755;0.40049657225608826;0.288985013961792
0.24025431275367737;0.5962675213813782;0.4006584584712982;0.28700175881385803
0.24019598960876465;0.5963081121444702;0.4017702043056488;0.29008784890174866
0.24127764999866486;0.5972977876663208;0.4048396050930023;0.29467910528182983
0.24264751374721527;0.5967311263084412;0.4028962254524231;0.29195576906204224
0.24053488671779633;0.5962956547737122;0.4049406945705414;0.2960985600948334
0.24028240144252777;0.5964938998222351;0.40425243973731995;0.29329022765159607
0.23876690864562988;0.5958508849143982;0.4013687074184418;0.2890872061252594
0.2391650229692459;0.5966708064079285;0.4009884297847748;0.28952038288116455
0.23940706253051758;0.5966698527336121;0.40041056275367737;0.28901931643486023
0.23869073390960693;0.5965325236320496;0.4016750454902649;0.29185405373573303
0.23698930442333221;0.5960160493850708;0.40189868211746216;0.2924048602581024
0.2376418113708496;0.595497727394104;0.4033340513706207;0.2908918857574463
0.23901139199733734;0.5963456034660339;0.4017970561981201;0.2906372547149658
0.24129681289196014;0.5974285006523132;0.40258127450942993;0.29392939805984497
0.23902277648448944;0.5955967307090759;0.4026963710784912;0.29296401143074036
0.23798827826976776;0.5941247940063477;0.40187785029411316;0.28850141167640686
0.23667442798614502;0.5947636961936951;0.401400089263916;0.2915257513523102
0.23747359216213226;0.594942033290863;0.40091386437416077;0.2894434630870819
0.23943543434143066;0.5949320197105408;0.3992956578731537;0.2853206694126129
0.23804020881652832;0.594664454460144;0.3982456624507904;0.2909097373485565
0.23785029351711273;0.594316303730011;0.4013512134552002;0.2895103394985199
0.23873472213745117;0.5951708555221558;0.40265774726867676;0.28839316964149475
0.24022804200649261;0.5970692038536072;0.39952290058135986;0.2867670953273773
0.24013452231884003;0.5959793329238892;0.40125375986099243;0.28890037536621094
0.23901580274105072;0.5968532562255859;0.4026392996311188;0.2900097370147705
0.23737697303295135;0.5954424142837524;0.4002094268798828;0.2889726459980011
0.24024204909801483;0.5963343977928162;0.40078917145729065;0.28981849551200867
0.2418750375509262;0.5965377688407898;0.400942325592041;0.29022055864334106
0.2426702231168747;0.5970680117607117;0.40078163146972656;0.29294726252555847
0.24171434342861176;0.5964462161064148;0.4004622995853424;0.2942149043083191
0.23983076214790344;0.5950519442558289;0.4024510085582733;0.292086660861969
0.2411823272705078;0.5957583785057068;0.40344151854515076;0.29263216257095337
0.23887638747692108;0.5966252684593201;0.3997703194618225;0.29156970977783203
0.23937883973121643;0.5972189903259277;0.40105363726615906;0.2919480800628662
0.2381695806980133;0.5964021682739258;0.40124306082725525;0.29123497009277344
0.24058346450328827;0.5974551439285278;0.4017661511898041;0.29181233048439026
0.2391122430562973;0.5967356562614441;0.4007972776889801;0.29180750250816345
0.23949141800403595;0.5966688990592957;0.3983231484889984;0.29045870900154114
0.24034221470355988;0.5975285768508911;0.39773818850517273;0.2924151122570038
0.23880453407764435;0.5963972210884094;0.40071025490760803;0.29123979806900024
0.24043527245521545;0.5971428751945496;0.3993336856365204;0.2897840142250061
0.2411026507616043;0.5970485806465149;0.3993227183818817;0.2892528772354126
0.24266357719898224;0.5965518951416016;0.40039587020874023;0.2928024232387543
0.2403792440891266;0.5973324179649353;0.400811105966568;0.29226064682006836
0.2380572408437729;0.5950692296028137;0.3992222845554352;0.2877914607524872
0.23848234117031097;0.5953425765037537;0.40252408385276794;0.29132604598999023
0.23881712555885315;0.5949503183364868;0.4022994041442871;0.28560206294059753
0.24038758873939514;0.5953306555747986;0.40041452646255493;0.2906801700592041
0.24049071967601776;0.5957230925559998;0.4005168378353119;0.2907741069793701
0.23989276587963104;0.5954190492630005;0.39958319067955017;0.2889391779899597
0.24047021567821503;0.5986299514770508;0.40216612815856934;0.29323023557662964
0.23935337364673615;0.5979936122894287;0.4027734696865082;0.2913088798522949
0.24091152846813202;0.5982498526573181;0.40295305848121643;0.29234787821769714
0.238775834441185;0.5972784161567688;0.4020025432109833;0.2893824577331543
0.23943185806274414;0.597694456577301;0.4050845205783844;0.2937850058078766
0.23745253682136536;0.5959569811820984;0.403317928314209;0.2881987988948822
0.23837804794311523;0.5962256789207458;0.40146884322166443;0.2866268754005432
0.238128662109375;0.5965243577957153;0.3993581235408783;0.28869184851646423
0.23690544068813324;0.5960884690284729;0.4003458023071289;0.289476603269577
0.23814716935157776;0.5955653190612793;0.4018290638923645;0.2909795045852661
0.23834116756916046;0.5952402949333191;0.40076008439064026;0.28684309124946594
0.23831406235694885;0.5957273244857788;0.399461954832077;0.28864574432373047
0.2388506978750229;0.5955271124839783;0.4009028971195221;0.290534645318985
0.24092049896717072;0.5967893004417419;0.39892664551734924;0.2914772927761078
0.24055175483226776;0.5972332954406738;0.4011457860469818;0.2917063534259796
0.23960910737514496;0.598331093788147;0.40150758624076843;0.2960245609283447
0.2385358065366745;0.5969517827033997;0.40059900283813477;0.2916578948497772
0.23801879584789276;0.5957091450691223;0.3983904719352722;0.28938207030296326
0.23840653896331787;0.5956854820251465;0.39820775389671326;0.2866557836532593
0.23899808526039124;0.5963203310966492;0.40079793334007263;0.28983134031295776
0.2407885044813156;0.5968391299247742;0.39855512976646423;0.28972142934799194
0.24048255383968353;0.5966998934745789;0.39780354499816895;0.286943644285202
0.23872165381908417;0.5954498648643494;0.3981313407421112;0.28690844774246216
0.23874898254871368;0.5962238311767578;0.3978632390499115;0.2865804135799408
0.23747551441192627;0.5957285761833191;0.39982709288597107;0.2865619957447052
0.235648974776268;0.594292163848877;0.3985214829444885;0.28936299681663513
0.23645822703838348;0.5953302383422852;0.39748772978782654;0.29105129837989807
0.23736818134784698;0.5967511534690857;0.3983573019504547;0.2934769093990326
0.23811213672161102;0.5964314341545105;0.39799371361732483;0.28952017426490784
0.2362738847732544;0.5957967042922974;0.4014620780944824;0.289999395608902
0.2362751066684723;0.5955561995506287;0.39788809418678284;0.28745850920677185
0.23799405992031097;0.594578206539154;0.39807945489883423;0.28739723563194275
0.2376723736524582;0.5949306488037109;0.3987582325935364;0.2889378070831299
0.23714976012706757;0.5947325825691223;0.4020085036754608;0.29200905561447144
0.23750995099544525;0.5956918597221375;0.4019804894924164;0.29202404618263245
0.23809313774108887;0.5957717299461365;0.39921650290489197;0.2903004586696625
0.23946881294250488;0.5955619215965271;0.3985200524330139;0.287561297416687
0.23919613659381866;0.5965496897697449;0.4009725749492645;0.28845107555389404
0.23894570767879486;0.5964138507843018;0.40231043100357056;0.28939852118492126
0.23679517209529877;0.5962404012680054;0.40002575516700745;0.290015310049057
0.23840878903865814;0.5965213179588318;0.40212878584861755;0.29309555888175964
0.23781223595142365;0.5968273282051086;0.3999868333339691;0.28798773884773254
0.23937688767910004;0.5958280563354492;0.3987656831741333;0.2895162105560303
0.23777265846729279;0.5957417488098145;0.39881956577301025;0.2877400517463684
0.23567858338356018;0.5955243110656738;0.4008873999118805;0.2916007936000824
0.23713083565235138;0.5955796241760254;0.3992474675178528;0.2885342240333557
0.23775868117809296;0.5960245132446289;0.4022630751132965;0.29343053698539734
0.23867209255695343;0.5959734916687012;0.4015326499938965;0.29150256514549255
0.24063172936439514;0.5964338183403015;0.4008803963661194;0.2944198250770569
0.2398107498884201;0.5959447026252747;0.40168794989585876;0.291647344827652
0.2397114336490631;0.5962689518928528;0.3995153605937958;0.28824087977409363
0.24017612636089325;0.5957985520362854;0.3999488055706024;0.29061275720596313
0.23809455335140228;0.5957719683647156;0.4023469090461731;0.28805240988731384
0.2395131140947342;0.5964849591255188;0.40178194642066956;0.29449185729026794
0.23782692849636078;0.5942217707633972;0.40087828040122986;0.29050835967063904
0.23577724397182465;0.5932797789573669;0.400564581155777;0.28755828738212585
0.23684468865394592;0.5943202376365662;0.4004707932472229;0.29180511832237244
0.23828983306884766;0.5936025381088257;0.39969849586486816;0.2900168001651764
0.2374347299337387;0.5948120951652527;0.40031346678733826;0.28971248865127563
0.23802737891674042;0.5952500700950623;0.39850279688835144;0.2876337468624115
0.23693056404590607;0.5941327810287476;0.402432918548584;0.28857097029685974
0.23682498931884766;0.5951445698738098;0.4014948904514313;0.291593074798584
0.23714278638362885;0.595096230506897;0.39980489015579224;0.29053378105163574
0.23593592643737793;0.5950355529785156;0.4015527665615082;0.2903154194355011
0.2365410327911377;0.594057559967041;0.4014856517314911;0.29040777683258057
0.23719589412212372;0.5946677327156067;0.40155839920043945;0.2927955090999603
0.23613277077674866;0.594657301902771;0.4033389985561371;0.2925278842449188
0.2353438436985016;0.5940303206443787;0.40046772360801697;0.2872806191444397
0.2370445281267166;0.5954552888870239;0.39917680621147156;0.2885796129703522
0.23921190202236176;0.597068190574646;0.40104958415031433;0.2924930155277252
0.23852479457855225;0.5975638628005981;0.40281543135643005;0.2933773100376129
0.2354630082845688;0.5961188673973083;0.40313616394996643;0.2899678349494934
0.23657293617725372;0.5963616371154785;0.40193256735801697;0.29123950004577637
0.23835094273090363;0.5967872738838196;0.3988417983055115;0.28724437952041626
0.2385924607515335;0.597597062587738;0.40228530764579773;0.2897404730319977
0.2376249134540558;0.5967389941215515;0.4012061059474945;0.2904433310031891
0.23884502053260803;0.5967909693717957;0.40203332901000977;0.2929553687572479
0.23854045569896698;0.5965902209281921;0.40157780051231384;0.2901568114757538
0.2387300580739975;0.5970290899276733;0.4027496874332428;0.292076975107193
0.2384498566389084;0.5955570936203003;0.40175220370292664;0.2910219132900238
0.23673105239868164;0.5958282351493835;0.39893510937690735;0.287357896566391
0.23720405995845795;0.5967302918434143;0.39880192279815674;0.28966981172561646
0.2365054190158844;0.5951739549636841;0.3991459310054779;0.2876659631729126
0.23808060586452484;0.5951358675956726;0.4016094207763672;0.2931806147098541
0.23864737153053284;0.5960119366645813;0.4050741195678711;0.29902777075767517
0.23749056458473206;0.594746470451355;0.40359869599342346;0.2979002296924591
0.23688001930713654;0.594515860080719;0.4005134701728821;0.29236507415771484
0.23680821061134338;0.5950364470481873;0.39980348944664;0.2878947854042053
0.2354712337255478;0.5941916704177856;0.3993016183376312;0.28625765442848206
0.23504190146923065;0.5942449569702148;0.399451345205307;0.2842324376106262
0.23663106560707092;0.5949909090995789;0.3999145030975342;0.2870236337184906
0.23811884224414825;0.594828724861145;0.4008776843547821;0.29195353388786316
0.23838086426258087;0.5958616137504578;0.40143442153930664;0.29220351576805115
0.23711445927619934;0.5940950512886047;0.40071484446525574;0.2887779772281647
0.2370225042104721;0.5945131778717041;0.3991617262363434;0.288386732339859
0.23716206848621368;0.5947656035423279;0.4006902873516083;0.2938556969165802
0.23717336356639862;0.5949603915214539;0.4011269211769104;0.29291829466819763
0.23913903534412384;0.5956448912620544;0.40232354402542114;0.29425764083862305
0.2374933958053589;0.5958876609802246;0.4016956388950348;0.29155752062797546
0.23802438378334045;0.5962023138999939;0.40229877829551697;0.28988558053970337
0.23798833787441254;0.5953855514526367;0.4018532335758209;0.2877865433692932
0.23876705765724182;0.5956737399101257;0.4035654664039612;0.29215261340141296
0.2391604483127594;0.5965360403060913;0.4004407823085785;0.2900734543800354
0.23957262933254242;0.5963318943977356;0.3999744653701782;0.28873834013938904
0.2396680861711502;0.5961138606071472;0.4026451110839844;0.2911657392978668
0.2396925985813141;0.5967411398887634;0.3994195759296417;0.2886830270290375
0.24018552899360657;0.5971931219100952;0.3990457057952881;0.29167991876602173
0.24009430408477783;0.5967098474502563;0.40069952607154846;0.2905709743499756
0.23988068103790283;0.5973781943321228;0.4025765061378479;0.2906053364276886
0.23884625732898712;0.5963864326477051;0.40152865648269653;0.2884174585342407
0.23762130737304688;0.5958470702171326;0.40242281556129456;0.2914908826351166
0.23837952315807343;0.5958457589149475;0.4002950191497803;0.28881534934043884
0.2404731810092926;0.5971962809562683;0.40274810791015625;0.2930404841899872
0.23926810920238495;0.596814751625061;0.4010394215583801;0.2929109036922455
0.23802028596401215;0.5964455008506775;0.3985549509525299;0.28864404559135437
0.2379675954580307;0.5966135859489441;0.40065160393714905;0.2879634499549866
0.2379661649465561;0.5971245169639587;0.3988873064517975;0.2890539765357971
0.23823252320289612;0.5966191291809082;0.4032577574253082;0.2929552495479584
0.23832838237285614;0.5952226519584656;0.40262842178344727;0.2925761938095093
0.23652701079845428;0.5952511429786682;0.4041486382484436;0.29350826144218445
0.23712049424648285;0.5953652858734131;0.40048837661743164;0.2875266671180725
0.23822800815105438;0.5946176648139954;0.4025655686855316;0.29120931029319763
0.23803138732910156;0.5954581499099731;0.40311199426651;0.2942289412021637
0.23779821395874023;0.5968344211578369;0.39970895648002625;0.28973811864852905
0.23817454278469086;0.5961699485778809;0.40033259987831116;0.2899126708507538
0.23780463635921478;0.595836341381073;0.40048274397850037;0.29130661487579346
0.23853902518749237;0.5952003598213196;0.3986607789993286;0.2877146303653717
0.23731200397014618;0.5960106253623962;0.40100333094596863;0.28890570998191833
0.23605485260486603;0.594979465007782;0.4005679190158844;0.29064685106277466
0.23738692700862885;0.5954188704490662;0.40224695205688477;0.2882383465766907
0.2377425730228424;0.5949387550354004;0.4004327952861786;0.28910747170448303
0.23893950879573822;0.5958904027938843;0.40136995911598206;0.2904861867427826
0.23940160870552063;0.595564067363739;0.4008823037147522;0.29107266664505005
0.2386535406112671;0.5959196090698242;0.39950069785118103;0.29082122445106506
0.2372269183397293;0.5959681272506714;0.3994576930999756;0.2915273606777191
0.23898820579051971;0.5956296324729919;0.3979005515575409;0.29286709427833557
0.2365376204252243;0.5955927968025208;0.3988097608089447;0.28964170813560486
0.2381998598575592;0.5954467058181763;0.3987933099269867;0.29178133606910706
0.23735156655311584;0.5963488817214966;0.40087127685546875;0.2918928563594818
0.2369452565908432;0.595863401889801;0.39997443556785583;0.2932897210121155
0.23780392110347748;0.5962572693824768;0.4007018506526947;0.2910986840724945
0.2379487007856369;0.5954140424728394;0.40204834938049316;0.29247674345970154
0.23833337426185608;0.5959792137145996;0.39891040325164795;0.29049190878868103
0.23785260319709778;0.5956701636314392;0.39851605892181396;0.288908451795578
0.2368200272321701;0.5946981310844421;0.3993184268474579;0.28594788908958435
0.2366410791873932;0.5955964922904968;0.39975330233573914;0.28772273659706116
0.23683011531829834;0.5951347351074219;0.40230536460876465;0.2935471534729004
0.23663511872291565;0.5951470732688904;0.39871945977211;0.2872207760810852
0.2371053695678711;0.5956563949584961;0.40051862597465515;0.28804323077201843
0.23878951370716095;0.5964792966842651;0.4002295434474945;0.28884586691856384
0.23723070323467255;0.5951520204544067;0.39901503920555115;0.2878752052783966
0.23915758728981018;0.5957661271095276;0.4014549255371094;0.2929111421108246
0.23939715325832367;0.5963841676712036;0.39792218804359436;0.2883280813694
0.24090133607387543;0.5971637964248657;0.3986894488334656;0.2866513431072235
0.23956452310085297;0.5974840521812439;0.39958372712135315;0.29148098826408386
0.23821106553077698;0.5967891216278076;0.39828094840049744;0.2913902699947357
0.23665618896484375;0.5966852903366089;0.40177175402641296;0.29252490401268005
0.24010911583900452;0.5972939133644104;0.4001152217388153;0.29105591773986816
0.2395002841949463;0.5963048934936523;0.40216436982154846;0.29162946343421936
0.23811422288417816;0.5950061082839966;0.4009020924568176;0.29183512926101685
0.23747944831848145;0.5943560004234314;0.4012015461921692;0.2881008982658386
0.23922152817249298;0.5962957143783569;0.3989078998565674;0.28821781277656555
0.23914599418640137;0.596300482749939;0.3985767960548401;0.2906007766723633
0.23908741772174835;0.5957968831062317;0.39875683188438416;0.2881900668144226
0.23758788406848907;0.5954217910766602;0.40152493119239807;0.2905016541481018
0.23781028389930725;0.5957185626029968;0.40200287103652954;0.29089388251304626
0.2368648499250412;0.5951269268989563;0.4011605381965637;0.2906208038330078
0.23715391755104065;0.5955936908721924;0.4011867046356201;0.2911548316478729
0.23683524131774902;0.5946839451789856;0.39839115738868713;0.28848883509635925
0.23604881763458252;0.5940491557121277;0.3983423709869385;0.28687357902526855
0.23768173158168793;0.5955638885498047;0.39742928743362427;0.2864939570426941
0.23651714622974396;0.5961923003196716;0.4017471373081207;0.29317858815193176
0.2361418753862381;0.5951023101806641;0.39943623542785645;0.2909679114818573
0.23643460869789124;0.5950486063957214;0.4008522629737854;0.2938918471336365
0.23747789859771729;0.59565669298172;0.4023939073085785;0.2927510738372803
0.23627296090126038;0.5953651666641235;0.4033171832561493;0.2958082854747772
0.23721826076507568;0.5962159037590027;0.4020139276981354;0.29357537627220154
0.2358345091342926;0.5959455966949463;0.4001549780368805;0.2863224744796753
0.23609666526317596;0.5956798791885376;0.4011757969856262;0.2895582616329193
0.23822541534900665;0.5959343314170837;0.40053683519363403;0.2920564115047455
0.23623676598072052;0.595960795879364;0.40022012591362;0.291032999753952
0.23447123169898987;0.5952825546264648;0.39963003993034363;0.2903086543083191
0.23460674285888672;0.5948131084442139;0.40037471055984497;0.28875550627708435
0.2368328869342804;0.595038890838623;0.39943334460258484;0.292160302400589
0.2362137883901596;0.5953146815299988;0.4042085111141205;0.2954733967781067
0.23363439738750458;0.5932881236076355;0.402367502450943;0.28997355699539185
0.2348991483449936;0.5951598882675171;0.40337300300598145;0.2950266897678375
0.23554639518260956;0.5956606268882751;0.4019198417663574;0.2945379912853241
0.23436887562274933;0.5947863459587097;0.40061312913894653;0.2927759289741516
0.2362825870513916;0.5944430828094482;0.40025684237480164;0.291913241147995
0.2367831915616989;0.5951582789421082;0.4013608396053314;0.2900388240814209
0.23458638787269592;0.5935620665550232;0.39739173650741577;0.2890048921108246
0.2347247451543808;0.5934718251228333;0.40046653151512146;0.28792744874954224
0.2370767593383789;0.5952057242393494;0.3995864689350128;0.2894352376461029
0.23808367550373077;0.5942716002464294;0.3988164961338043;0.28744107484817505
0.2358519583940506;0.5940367579460144;0.39962583780288696;0.2885356545448303
0.2358885109424591;0.5947624444961548;0.39986181259155273;0.2877635061740875
0.23684974014759064;0.5959507822990417;0.3990304172039032;0.28860875964164734
0.2362595647573471;0.5960888862609863;0.4024951159954071;0.2888220250606537
0.2362031191587448;0.5945764780044556;0.4019317626953125;0.2878054678440094
0.23948244750499725;0.5971148014068604;0.4012491703033447;0.2896972596645355
0.23896174132823944;0.5971373319625854;0.40138664841651917;0.28879156708717346
0.23797769844532013;0.5970442295074463;0.4012072682380676;0.29177021980285645
0.23777270317077637;0.5963989496231079;0.40171828866004944;0.2903640866279602
0.23533311486244202;0.5951467752456665;0.401792973279953;0.28930434584617615
0.2344578057527542;0.5952571034431458;0.3973252475261688;0.28446099162101746
0.23486243188381195;0.5955151915550232;0.3967169225215912;0.284870445728302
0.2369123250246048;0.595842719078064;0.3983200192451477;0.28772613406181335
0.23598508536815643;0.5957633852958679;0.39901408553123474;0.2896246910095215
0.23545017838478088;0.5944895148277283;0.3991522490978241;0.2889257073402405
0.23636047542095184;0.5948081016540527;0.401190847158432;0.2916072905063629
0.23559486865997314;0.594860851764679;0.40093564987182617;0.29196837544441223
0.23732642829418182;0.5954731106758118;0.4020492136478424;0.2914614677429199
0.23569035530090332;0.5951041579246521;0.3999572694301605;0.2926720380783081
0.23575203120708466;0.5951818227767944;0.3997342586517334;0.29353246092796326
0.2345573902130127;0.5952049493789673;0.40123340487480164;0.2895648181438446
0.2347986251115799;0.5957958698272705;0.39961010217666626;0.289115846157074
0.23553180694580078;0.5955149531364441;0.40148359537124634;0.2909850776195526
0.23419490456581116;0.5957593321800232;0.400449275970459;0.2886727750301361
0.2354632467031479;0.5950671434402466;0.4022994041442871;0.29334384202957153
0.23660360276699066;0.5975303053855896;0.40254804491996765;0.2953811585903168
0.23684804141521454;0.5972245335578918;0.40143996477127075;0.29147279262542725
0.23492832481861115;0.5964194536209106;0.402605265378952;0.29203134775161743
0.2327130287885666;0.5950836539268494;0.40031108260154724;0.28960657119750977
0.23351287841796875;0.5952305793762207;0.39968153834342957;0.2867843806743622
0.2354850322008133;0.596474289894104;0.39823848009109497;0.2880025804042816
0.23347175121307373;0.5955536961555481;0.39789077639579773;0.2898915708065033
0.23451586067676544;0.5956741571426392;0.39900660514831543;0.288131445646286
0.23448701202869415;0.5965009927749634;0.3979817032814026;0.2862277626991272
0.23477593064308167;0.596432626247406;0.3983442187309265;0.29046785831451416
0.2346774786710739;0.5969735980033875;0.39867982268333435;0.29134470224380493
0.23374095559120178;0.5962973833084106;0.3997538983821869;0.2907111346721649
0.2349534034729004;0.5964419841766357;0.39883488416671753;0.28959086537361145
0.23468561470508575;0.5959862470626831;0.3979308307170868;0.28975966572761536
0.23520319163799286;0.5957805514335632;0.4012642502784729;0.2929357588291168
0.23791585862636566;0.5968651175498962;0.4005252420902252;0.2924216687679291
0.23775100708007812;0.5956982970237732;0.3991190493106842;0.29010090231895447
0.2365536242723465;0.5967232584953308;0.39836034178733826;0.28906700015068054
0.2357880175113678;0.595766544342041;0.3994564116001129;0.28649768233299255
0.23686356842517853;0.595512866973877;0.39973217248916626;0.28982385993003845
0.2363574057817459;0.5960819125175476;0.4027694761753082;0.2906379699707031
0.2386370152235031;0.5975184440612793;0.40146875381469727;0.29233911633491516
0.239047572016716;0.5969489216804504;0.39977899193763733;0.2908284664154053
0.23811832070350647;0.5958465933799744;0.4000246226787567;0.2890194356441498
0.23413948714733124;0.5933597683906555;0.3994927406311035;0.2851208746433258
0.23467321693897247;0.5941593647003174;0.40105047821998596;0.29089686274528503
0.2338104099035263;0.5955825448036194;0.4020197093486786;0.29253336787223816
0.23626933991909027;0.5963594913482666;0.40224575996398926;0.2922213077545166
0.23712551593780518;0.5967113375663757;0.40427494049072266;0.2960720658302307
0.23607151210308075;0.595554530620575;0.40273651480674744;0.29143252968788147
0.23591764271259308;0.5964297652244568;0.40182405710220337;0.29135754704475403
0.23456673324108124;0.5961742401123047;0.4040853679180145;0.2944238781929016
0.2342735379934311;0.5951084494590759;0.40202799439430237;0.29085612297058105
0.2343006134033203;0.5947937965393066;0.4005127549171448;0.2915501594543457
0.23310045897960663;0.5939595103263855;0.4014917314052582;0.29249879717826843
0.23353877663612366;0.5950151681900024;0.4010034501552582;0.2917027175426483
0.23469753563404083;0.5949172377586365;0.4004829525947571;0.290645033121109
0.233662948012352;0.5953704118728638;0.40020713210105896;0.2879614531993866
0.23538599908351898;0.596956729888916;0.40330639481544495;0.292530357837677
0.23428665101528168;0.5964018702507019;0.39948758482933044;0.29005107283592224
0.2354814112186432;0.5958476662635803;0.40230828523635864;0.29251572489738464
0.2359260618686676;0.5963760614395142;0.40105506777763367;0.2901747226715088
0.2371453493833542;0.5958081483840942;0.40265151858329773;0.2929111421108246
0.23572635650634766;0.5959832072257996;0.399806946516037;0.28974446654319763
0.23609142005443573;0.5965307354927063;0.4022475779056549;0.29156601428985596
0.2373093217611313;0.5963701605796814;0.3986349105834961;0.2870059907436371
0.23640072345733643;0.595659077167511;0.40020352602005005;0.2922337055206299
0.23486943542957306;0.5953398942947388;0.4012880027294159;0.2919170558452606
0.2345411777496338;0.5956200361251831;0.4000326097011566;0.2905164062976837
0.2354610413312912;0.595646321773529;0.40006428956985474;0.29175692796707153
0.23490329086780548;0.5956961512565613;0.39861223101615906;0.2888607680797577
0.23589852452278137;0.5975466370582581;0.39933452010154724;0.2897506654262543
0.23417620360851288;0.5968061089515686;0.39854368567466736;0.29035884141921997
0.2366417497396469;0.5960092544555664;0.39643749594688416;0.286631315946579
0.23692499101161957;0.5967633128166199;0.39686909317970276;0.28958606719970703
0.23577022552490234;0.5963253378868103;0.39639991521835327;0.28944170475006104
0.23602239787578583;0.5961356163024902;0.39816543459892273;0.2885528802871704
0.2351049929857254;0.5949563384056091;0.3992369771003723;0.28802290558815
0.2356940507888794;0.5960307121276855;0.39920780062675476;0.28859081864356995
0.23670148849487305;0.5962819457054138;0.4000391662120819;0.288410484790802
0.23795051872730255;0.5965651869773865;0.4005838930606842;0.2915252447128296
0.23534098267555237;0.5958316326141357;0.4017968773841858;0.2912222445011139
0.23370352387428284;0.5959437489509583;0.4016530215740204;0.2912530303001404
0.23246219754219055;0.5945884585380554;0.3983669877052307;0.2860923707485199
0.23125183582305908;0.5948525071144104;0.39867115020751953;0.2875109314918518
0.23196958005428314;0.5948331952095032;0.3992069959640503;0.2896731495857239
0.23341324925422668;0.5956283211708069;0.4004238247871399;0.29143571853637695
0.23594723641872406;0.5967195630073547;0.3993607461452484;0.2927570343017578
0.23671956360340118;0.5968300700187683;0.39704641699790955;0.2889479100704193
0.23510602116584778;0.5962584614753723;0.3976317048072815;0.2856626510620117
0.23467011749744415;0.5957313776016235;0.3982234001159668;0.2870469093322754
0.2366781234741211;0.5958392024040222;0.3987385928630829;0.2867111265659332
0.23744897544384003;0.5966836214065552;0.3966589570045471;0.2849596440792084
0.23765452206134796;0.5986583828926086;0.398630291223526;0.28890272974967957
0.23667947947978973;0.5970022082328796;0.4025519788265228;0.2903834283351898
0.23525427281856537;0.5957351326942444;0.4015866816043854;0.2913146913051605
0.23437689244747162;0.5965117812156677;0.40031108260154724;0.29117974638938904
0.23698849976062775;0.5977022647857666;0.40055495500564575;0.29304760694503784
0.2378317415714264;0.5975053906440735;0.3995940387248993;0.2904854416847229
0.23862309753894806;0.598392128944397;0.4005436897277832;0.2940143644809723
0.23617243766784668;0.5965012907981873;0.3992406129837036;0.29170262813568115
0.2378321886062622;0.596688449382782;0.3995843231678009;0.2922237813472748
0.2349858582019806;0.596013069152832;0.3981858193874359;0.29040902853012085
0.23515430092811584;0.5965582728385925;0.3991318643093109;0.29063183069229126
0.23532652854919434;0.5961101055145264;0.40147730708122253;0.29547756910324097
0.23656773567199707;0.5954265594482422;0.3986784517765045;0.29013726115226746
0.23688440024852753;0.595317542552948;0.3979721665382385;0.28859004378318787
0.23633287847042084;0.5955623984336853;0.39619824290275574;0.2881297469139099
0.23559236526489258;0.5961412787437439;0.4005526602268219;0.29388245940208435
0.23419152200222015;0.5951231122016907;0.40089231729507446;0.2918775677680969
0.23369990289211273;0.5945754647254944;0.4013218879699707;0.29074785113334656
0.2338290512561798;0.5946995615959167;0.4002748429775238;0.29095274209976196
0.23334451019763947;0.5948095917701721;0.3987981975078583;0.28706294298171997
0.2336844950914383;0.5958771109580994;0.40056076645851135;0.28818389773368835
0.2330353707075119;0.5951878428459167;0.4012208580970764;0.28811344504356384
0.23427271842956543;0.5952854156494141;0.4008549153804779;0.28866928815841675
0.2342100590467453;0.5962137579917908;0.3994247615337372;0.2878023684024811
0.23463201522827148;0.5966338515281677;0.40176868438720703;0.29140424728393555
0.2349797785282135;0.5957584381103516;0.4020019471645355;0.2902151942253113
0.23321938514709473;0.59365314245224;0.40326347947120667;0.2888619601726532
0.23388881981372833;0.594946563243866;0.40438103675842285;0.2895524203777313
0.23220157623291016;0.5945283770561218;0.4024944305419922;0.2883254587650299
0.23233652114868164;0.5937889218330383;0.4022331237792969;0.29220595955848694
0.23397159576416016;0.5944936871528625;0.4013361930847168;0.29103991389274597
0.2335064858198166;0.594802975654602;0.4020628035068512;0.2887227535247803
0.23522420227527618;0.5952601432800293;0.40119725465774536;0.2913367450237274
0.23775987327098846;0.5962963700294495;0.39978358149528503;0.2871250510215759
0.2378445714712143;0.5964345335960388;0.3981345295906067;0.2857099175453186
0.23669420182704926;0.5968225598335266;0.39981481432914734;0.290446013212204
0.2348879873752594;0.5958850979804993;0.3992946743965149;0.29101383686065674
0.2353954166173935;0.596708357334137;0.3993919789791107;0.28987833857536316
0.2356775850057602;0.5963423848152161;0.3996935188770294;0.2891356647014618
0.23618672788143158;0.5961150527000427;0.3990109860897064;0.28939491510391235
0.23474550247192383;0.594842791557312;0.39860421419143677;0.2902791500091553
0.23468618094921112;0.5933313369750977;0.4007495045661926;0.29136547446250916
0.23328955471515656;0.593600869178772;0.4012512266635895;0.2913152873516083
0.2340608835220337;0.5930905342102051;0.40142685174942017;0.29102823138237
0.2345852106809616;0.5939851999282837;0.3996891677379608;0.2900950610637665
0.2336450070142746;0.5936212539672852;0.3981671631336212;0.28611189126968384
0.2324921190738678;0.5932533144950867;0.39674803614616394;0.28466281294822693
0.23314499855041504;0.5943000912666321;0.3985750377178192;0.2851627767086029
0.23544526100158691;0.5962292551994324;0.39668402075767517;0.2883770167827606
0.235590860247612;0.596089780330658;0.39642855525016785;0.2870504558086395
0.23543862998485565;0.5957033038139343;0.3996361494064331;0.2896316945552826
0.23589543998241425;0.595730721950531;0.39845868945121765;0.2899930477142334
0.23672305047512054;0.5958698391914368;0.3977932929992676;0.2881806492805481
0.23640350997447968;0.5963568091392517;0.39924106001853943;0.29044681787490845
0.234328031539917;0.5948144197463989;0.398200124502182;0.29140934348106384
0.23484933376312256;0.5949057936668396;0.39922866225242615;0.2898378074169159
0.23529775440692902;0.595198392868042;0.3978935182094574;0.28720417618751526
0.23644669353961945;0.5964577794075012;0.4000251889228821;0.29060259461402893
0.2361479252576828;0.5957945585250854;0.40184083580970764;0.2910628020763397
0.23632507026195526;0.5940126180648804;0.40089359879493713;0.29132387042045593
0.23668764531612396;0.5939049124717712;0.39893245697021484;0.28714290261268616
0.2369730919599533;0.5939046144485474;0.40050745010375977;0.287352055311203
0.23673836886882782;0.5943102836608887;0.4008864462375641;0.29094430804252625
0.23771916329860687;0.5940119624137878;0.39893317222595215;0.2911270558834076
0.23718224465847015;0.5942316055297852;0.3991008698940277;0.2913323938846588
0.23771487176418304;0.5940665602684021;0.40149274468421936;0.29438087344169617
0.23630082607269287;0.5947641134262085;0.40077200531959534;0.2925946116447449
0.2377479076385498;0.5949054956436157;0.39895930886268616;0.2900248169898987
0.2399599552154541;0.5961153507232666;0.39999112486839294;0.2900887429714203
0.2383565902709961;0.595462441444397;0.40054962038993835;0.2915426790714264
0.23771321773529053;0.5952275395393372;0.40115872025489807;0.2914507985115051
0.23725660145282745;0.5951947569847107;0.40180739760398865;0.2914721965789795
0.23825526237487793;0.5957077741622925;0.39899009466171265;0.2897692620754242
0.23699727654457092;0.596165657043457;0.399992972612381;0.29084524512290955
0.2366725206375122;0.5955767035484314;0.400477796792984;0.29210907220840454
0.2346331626176834;0.5942123532295227;0.3985206186771393;0.28876200318336487
0.23790879547595978;0.5967154502868652;0.39916133880615234;0.2877601087093353
0.23746609687805176;0.5961183905601501;0.39670345187187195;0.2868933379650116
0.23781071603298187;0.5957219004631042;0.3992317318916321;0.28804197907447815
0.2376570999622345;0.5960113406181335;0.3983047902584076;0.2889440655708313
0.23869653046131134;0.5963042378425598;0.39938226342201233;0.2930995225906372
0.236084446310997;0.5948325395584106;0.40029364824295044;0.28923559188842773
0.23528452217578888;0.593970537185669;0.4003818929195404;0.28910723328590393
0.23917074501514435;0.5956636667251587;0.4020652770996094;0.2902784049510956
0.2394763082265854;0.5946764349937439;0.4001908302307129;0.29045698046684265
0.2385324090719223;0.5956172347068787;0.4019204080104828;0.2923080325126648
0.23667438328266144;0.5937780737876892;0.39861783385276794;0.28763219714164734
0.23546552658081055;0.5928951501846313;0.40090176463127136;0.2878882586956024
0.23674526810646057;0.5947650074958801;0.40215349197387695;0.29189783334732056
0.23542289435863495;0.5947250723838806;0.3991338908672333;0.29254159331321716
0.2365497648715973;0.595737636089325;0.39709028601646423;0.29055482149124146
0.23739103972911835;0.5952929854393005;0.39616820216178894;0.2882258892059326
0.23673181235790253;0.5960356593132019;0.3975925147533417;0.2902545928955078
0.23572662472724915;0.5956265330314636;0.40116339921951294;0.2912469804286957
0.23521657288074493;0.5955389142036438;0.4011155068874359;0.2902190685272217
0.23426418006420135;0.5946688652038574;0.40173789858818054;0.2878323495388031
0.23499469459056854;0.5942522287368774;0.40221449732780457;0.28873953223228455
0.2364778071641922;0.5938186049461365;0.39861688017845154;0.2833351790904999
0.23659484088420868;0.5941166281700134;0.3986274302005768;0.28465673327445984
0.2360033094882965;0.5946149230003357;0.4009992778301239;0.28748902678489685
0.2366146594285965;0.5955265164375305;0.39926695823669434;0.2899494767189026
0.23468652367591858;0.5950732231140137;0.4006164073944092;0.28870072960853577
0.23317790031433105;0.5943062901496887;0.40107956528663635;0.28946468234062195
0.23233330249786377;0.5940557718276978;0.3997805714607239;0.28812935948371887
0.23371469974517822;0.5939570665359497;0.4001101553440094;0.28856751322746277
0.23338139057159424;0.5945644378662109;0.40316659212112427;0.2935292720794678
0.2344118356704712;0.59393709897995;0.4021401107311249;0.2920844256877899
0.23489241302013397;0.5943011045455933;0.40129661560058594;0.2903953194618225
0.2349073886871338;0.5937054753303528;0.3995174467563629;0.28908178210258484
0.23628154397010803;0.5944399237632751;0.39955833554267883;0.2911514937877655
0.23777227103710175;0.5957527160644531;0.3983318507671356;0.2875838577747345
0.23603124916553497;0.5942884683609009;0.3978070914745331;0.285496324300766
0.2349107265472412;0.5937854647636414;0.396840900182724;0.28511372208595276
0.23703883588314056;0.5947917103767395;0.39721402525901794;0.2874327600002289
0.23675380647182465;0.593300998210907;0.3990805447101593;0.288211464881897
0.23705430328845978;0.5945502519607544;0.3992830216884613;0.2887841761112213
0.23772941529750824;0.5954779982566833;0.39924365282058716;0.2923457622528076
0.23527629673480988;0.5948824882507324;0.39808419346809387;0.2889518737792969
0.23376445472240448;0.5929349064826965;0.3976317346096039;0.2884328365325928
0.2337728589773178;0.59372478723526;0.3970089256763458;0.2892342507839203
0.2341630905866623;0.5938940048217773;0.39900025725364685;0.28940072655677795
0.23698298633098602;0.5954017043113708;0.3998308777809143;0.2931884825229645
0.23467646539211273;0.5950917601585388;0.3996097147464752;0.28835728764533997
0.23540785908699036;0.595340371131897;0.4006198048591614;0.29330387711524963
0.23502925038337708;0.5945189595222473;0.4007819592952728;0.2886008620262146
0.23449170589447021;0.5952811241149902;0.3996043801307678;0.28702256083488464
0.23515558242797852;0.594014048576355;0.40067464113235474;0.29101094603538513
0.23761844635009766;0.5954105257987976;0.4001223146915436;0.2909620404243469
0.23624888062477112;0.594732403755188;0.4014641344547272;0.2926749289035797
0.23540249466896057;0.5936180353164673;0.40112319588661194;0.29060134291648865
0.2370004653930664;0.5952919721603394;0.3984169661998749;0.2896285057067871
0.23676276206970215;0.5950562357902527;0.4013521373271942;0.2905905246734619
