TV;KL
1.999972939491272;13.928953170776367
1.4004411697387695;1.255743384361267
1.4005942344665527;1.209776759147644
1.4005372524261475;1.208104133605957
1.4006543159484863;1.2079473733901978
1.4006147384643555;1.2073559761047363
1.400714635848999;1.209850788116455
1.4007139205932617;1.2088977098464966
1.4005582332611084;1.208358883857727
1.400787115097046;1.2105458974838257
1.400740385055542;1.2088936567306519
1.4005438089370728;1.2103447914123535
1.4012298583984375;1.2108361721038818
1.4005731344223022;1.2084577083587646
1.4010262489318848;1.2081210613250732
1.400618314743042;1.207801342010498
1.4006538391113281;1.2076780796051025
1.4008674621582031;1.2083237171173096
1.4004957675933838;1.208372950553894
1.4005345106124878;1.2100733518600464
1.4006540775299072;1.2104724645614624
1.4004954099655151;1.2084426879882812
1.4007142782211304;1.2073674201965332
1.4005874395370483;1.2073729038238525
1.4005224704742432;1.207233190536499
1.4008125066757202;1.208216905593872
1.4004594087600708;1.2087351083755493
1.4008795022964478;1.209124207496643
1.4006543159484863;1.208746314048767
1.4005558490753174;1.207547664642334
1.4006928205490112;1.2093656063079834
1.400483250617981;1.2075588703155518
1.4005943536758423;1.2074410915374756
1.4005941152572632;1.2085758447647095
1.4006186723709106;1.2095764875411987
1.4005193710327148;1.2064061164855957
1.4007139205932617;1.208130955696106
1.4004597663879395;1.2074776887893677
1.4009405374526978;1.2087924480438232
1.4004745483398438;1.208085060119629
1.4006325006484985;1.2078135013580322
1.4005939960479736;1.2078827619552612
1.4006062746047974;1.2100824117660522
1.4005556106567383;1.2078608274459839
1.4006547927856445;1.2094465494155884
1.400776982307434;1.2087349891662598
1.4005815982818604;1.2071510553359985
1.4007526636123657;1.2079575061798096
1.4005337953567505;1.2080556154251099
1.4004387855529785;1.2088671922683716
1.4010621309280396;1.2093746662139893
1.4006335735321045;1.2089160680770874
1.4004595279693604;1.2074499130249023
1.400723934173584;1.2105543613433838
1.4009190797805786;1.2083324193954468
1.4006545543670654;1.2084448337554932
1.4005560874938965;1.2075800895690918
1.4008344411849976;1.20887291431427
1.4006540775299072;1.2083739042282104
1.4004831314086914;1.2076096534729004
1.4004957675933838;1.207513451576233
1.4008352756500244;1.2091840505599976
1.4007443189620972;1.2086033821105957
1.400555968284607;1.207651138305664
1.4006767272949219;1.2084431648254395
1.4006539583206177;1.2092559337615967
1.4004955291748047;1.209077000617981
1.4008047580718994;1.208382248878479
1.4005558490753174;1.2094948291778564
1.400654673576355;1.207973599433899
1.4004950523376465;1.2085005044937134
1.400554895401001;1.2105214595794678
1.4006417989730835;1.2074254751205444
1.4005439281463623;1.209041953086853
1.400593876838684;1.2072709798812866
1.4006540775299072;1.2088786363601685
1.400678277015686;1.2079707384109497
1.400903344154358;1.210582971572876
1.4004919528961182;1.2079988718032837
1.400647759437561;1.2077053785324097
1.4007389545440674;1.2091057300567627
1.400498390197754;1.2085683345794678
1.400776982307434;1.2103928327560425
1.4007142782211304;1.2090110778808594
1.4005553722381592;1.2074928283691406
1.40055513381958;1.2078492641448975
1.4008128643035889;1.2082576751708984
1.4006540775299072;1.20712149143219
1.4008033275604248;1.2107149362564087
1.4005227088928223;1.209566354751587
1.4005582332611084;1.2090003490447998
1.4007768630981445;1.208686351776123
1.4006543159484863;1.208742380142212
1.4005582332611084;1.2088271379470825
1.4008222818374634;1.2085849046707153
1.4007762670516968;1.208435297012329
1.40045964717865;1.2104014158248901
1.4007641077041626;1.2089873552322388
1.4005200862884521;1.2096606492996216
1.4004744291305542;1.211459755897522
1.4005972146987915;1.2103538513183594
1.4007073640823364;1.208785891532898
1.4006339311599731;1.209061622619629
1.4005556106567383;1.2092673778533936
1.401188850402832;1.2086254358291626
1.400597333908081;1.2084193229675293
1.4004957675933838;1.2073780298233032
1.4004863500595093;1.2098665237426758
1.4005484580993652;1.2100825309753418
1.4004687070846558;1.2092605829238892
1.40045964717865;1.2109589576721191
1.4008746147155762;1.2114157676696777
1.4004955291748047;1.2088596820831299
1.4016636610031128;1.211072325706482
1.4006544351577759;1.2070772647857666
1.4004597663879395;1.2082785367965698
1.4007619619369507;1.2081845998764038
1.4004889726638794;1.2073715925216675
1.4005558490753174;1.2092609405517578
1.4005939960479736;1.2091550827026367
1.400555968284607;1.2082123756408691
1.4007762670516968;1.2089805603027344
1.4015593528747559;1.2093452215194702
1.400654673576355;1.2073619365692139
1.4005732536315918;1.2099238634109497
1.4007536172866821;1.2103747129440308
1.4005557298660278;1.2078516483306885
1.4005558490753174;1.2082782983779907
1.4006786346435547;1.2091468572616577
1.400556206703186;1.2071977853775024
1.4004956483840942;1.2080775499343872
1.4004472494125366;1.209078311920166
1.4005194902420044;1.209098219871521
1.4005200862884521;1.2072958946228027
1.4006544351577759;1.2074452638626099
1.4006534814834595;1.20879328250885
1.400752305984497;1.2089357376098633
1.4007766246795654;1.209005355834961
1.400618553161621;1.2087438106536865
1.4005197286605835;1.208526372909546
1.4007139205932617;1.207640290260315
1.4006541967391968;1.208493947982788
1.400633454322815;1.2083542346954346
1.400963544845581;1.2088295221328735
1.4007917642593384;1.2075679302215576
1.401336431503296;1.2122818231582642
1.4005557298660278;1.20895254611969
1.4004594087600708;1.2104812860488892
1.4008612632751465;1.2114758491516113
1.4006638526916504;1.2132903337478638
1.4004743099212646;1.207884669303894
1.4004952907562256;1.2077651023864746
1.4005193710327148;1.2100813388824463
1.4005941152572632;1.2087960243225098
1.4005939960479736;1.2084449529647827
1.4005582332611084;1.2066706418991089
1.4008429050445557;1.2107160091400146
1.4005560874938965;1.2069607973098755
1.4005587100982666;1.2083677053451538
1.4004956483840942;1.2082102298736572
1.4005553722381592;1.2090632915496826
1.4004746675491333;1.209886074066162
1.4007689952850342;1.2097443342208862
1.4006544351577759;1.2084358930587769
1.4005941152572632;1.209857702255249
1.4007525444030762;1.2086713314056396
1.4007792472839355;1.2089343070983887
1.4004594087600708;1.2108101844787598
1.4005489349365234;1.2107802629470825
1.4004600048065186;1.2080663442611694
1.4005553722381592;1.2081794738769531
1.4006191492080688;1.2103427648544312
1.4005939960479736;1.2089085578918457
1.4004955291748047;1.2075921297073364
1.4006181955337524;1.2087839841842651
1.4006353616714478;1.2106553316116333
1.4004950523376465;1.2088820934295654
1.400618314743042;1.2107373476028442
1.400512933731079;1.2091137170791626
1.4010764360427856;1.2093250751495361
1.4005553722381592;1.2097235918045044
1.4006540775299072;1.2095906734466553
1.4004744291305542;1.208517074584961
1.4006141424179077;1.209597110748291
1.4009729623794556;1.209089756011963
1.40065336227417;1.2112641334533691
1.4005850553512573;1.2080327272415161
1.4005533456802368;1.2086681127548218
1.4007103443145752;1.2098097801208496
1.4008183479309082;1.2096831798553467
1.4005919694900513;1.209932804107666
1.4005941152572632;1.2088518142700195
1.4009753465652466;1.2096015214920044
1.4007139205932617;1.2095577716827393
1.4005554914474487;1.2083338499069214
1.400582194328308;1.2104692459106445
1.4004961252212524;1.2082945108413696
1.4004957675933838;1.2089718580245972
1.4006292819976807;1.2096071243286133
1.40096116065979;1.2101534605026245
1.4005558490753174;1.2070599794387817
1.4005439281463623;1.209356665611267
1.4006539583206177;1.2079023122787476
1.4007760286331177;1.2088720798492432
1.400679111480713;1.2087801694869995
1.4008607864379883;1.2088392972946167
1.4005873203277588;1.2086337804794312
1.400936484336853;1.209148645401001
1.400903582572937;1.2098828554153442
1.400483250617981;1.208020806312561
1.4005945920944214;1.2076013088226318
1.4006175994873047;1.2102564573287964
1.4005193710327148;1.208626389503479
1.4007145166397095;1.2079168558120728
1.40055513381958;1.2082977294921875
1.4010382890701294;1.210144281387329
1.4005553722381592;1.208614468574524
1.4006179571151733;1.2069861888885498
1.400835394859314;1.209025502204895
1.4005928039550781;1.2104098796844482
1.4004597663879395;1.2091591358184814
1.4005438089370728;1.2090280055999756
1.4012731313705444;1.2104219198226929
1.4007141590118408;1.2085858583450317
1.4006158113479614;1.2084674835205078
1.4004626274108887;1.2086292505264282
1.4006538391113281;1.2084238529205322
1.4005438089370728;1.208756685256958
1.4007139205932617;1.2081810235977173
1.4006779193878174;1.2092219591140747
1.4006330966949463;1.2086776494979858
1.4006474018096924;1.2104392051696777
1.4008128643035889;1.208038091659546
1.4006290435791016;1.2101250886917114
1.4006338119506836;1.2091370820999146
1.4006543159484863;1.208268404006958
1.4004892110824585;1.2091785669326782
1.4006538391113281;1.208219289779663
1.4006422758102417;1.208228588104248
1.4004747867584229;1.2093242406845093
1.4006539583206177;1.209068775177002
1.400483250617981;1.2089709043502808
1.4007525444030762;1.2095049619674683
1.4006539583206177;1.2086422443389893
1.4007638692855835;1.2088351249694824
1.4009945392608643;1.2100669145584106
1.4011296033859253;1.2099593877792358
1.4007128477096558;1.2092341184616089
1.4006909132003784;1.2100393772125244
1.4005345106124878;1.2087665796279907
1.400654673576355;1.206699252128601
1.4006414413452148;1.208642601966858
1.4008004665374756;1.2077080011367798
1.4007045030593872;1.211305022239685
1.4006540775299072;1.209480881690979
1.4005944728851318;1.2085143327713013
1.4009265899658203;1.2087942361831665
1.4004955291748047;1.2094731330871582
1.4006330966949463;1.2097786664962769
1.4005346298217773;1.2080384492874146
1.4004956483840942;1.207343578338623
1.4004956483840942;1.20742666721344
1.4005730152130127;1.2096197605133057
1.4008049964904785;1.2082912921905518
1.4004743099212646;1.2087410688400269
1.400586724281311;1.2085626125335693
1.4006333351135254;1.2099775075912476
1.4005517959594727;1.2070361375808716
1.4006927013397217;1.2078994512557983
1.4008126258850098;1.209651231765747
1.4007140398025513;1.207744836807251
1.4005557298660278;1.2082949876785278
1.400783896446228;1.2095434665679932
1.4006539583206177;1.2096258401870728
1.4005192518234253;1.2096861600875854
1.40055513381958;1.2088282108306885
1.4007140398025513;1.2093392610549927
1.4004955291748047;1.2072399854660034
1.4007177352905273;1.208112120628357
1.4007073640823364;1.210442304611206
1.4004958868026733;1.2074120044708252
1.4006540775299072;1.2070505619049072
1.4005556106567383;1.207977294921875
1.4006184339523315;1.2087078094482422
1.4005342721939087;1.2108960151672363
1.4005560874938965;1.2078745365142822
1.4005553722381592;1.2075858116149902
1.4006422758102417;1.2082358598709106
1.4006417989730835;1.2094086408615112
1.4004950523376465;1.2074006795883179
1.400678277015686;1.2092792987823486
1.400894045829773;1.2091373205184937
1.4006539583206177;1.2102077007293701
1.400654673576355;1.2088162899017334
1.4010728597640991;1.2109733819961548
1.4005553722381592;1.2078784704208374
1.4005486965179443;1.2086399793624878
1.400626301765442;1.2077094316482544
1.4006543159484863;1.207666039466858
1.4008125066757202;1.2079129219055176
1.400618314743042;1.2084094285964966
1.4005556106567383;1.2084972858428955
1.4004954099655151;1.2063542604446411
1.4004837274551392;1.2090435028076172
1.400654673576355;1.2083462476730347
1.400837779045105;1.2085274457931519
1.4005557298660278;1.2090063095092773
1.400618553161621;1.2092390060424805
1.4004955291748047;1.2077475786209106
1.4007139205932617;1.2101600170135498
1.4006541967391968;1.2075191736221313
1.4006779193878174;1.2077410221099854
1.4007915258407593;1.2082239389419556
1.4006540775299072;1.2088863849639893
1.4004747867584229;1.206886887550354
1.4010987281799316;1.2109071016311646
1.400557518005371;1.2081001996994019
1.400633454322815;1.2082949876785278
1.4005192518234253;1.2101647853851318
1.4006534814834595;1.2108573913574219
1.4004557132720947;1.209412932395935
1.4006179571151733;1.2092312574386597
1.4012172222137451;1.2109719514846802
1.4006781578063965;1.209926962852478
1.400686502456665;1.2076727151870728
1.4005939960479736;1.2083816528320312
1.4004888534545898;1.208592176437378
1.4004956483840942;1.2083890438079834
1.4004956483840942;1.209784746170044
1.4004833698272705;1.209532380104065
1.400963306427002;1.2083483934402466
1.4008123874664307;1.2087996006011963
1.4005202054977417;1.2090797424316406
1.4004954099655151;1.2102583646774292
1.4007450342178345;1.2093398571014404
1.4006781578063965;1.2084124088287354
1.4004597663879395;1.2094167470932007
1.4006545543670654;1.2066762447357178
1.4007524251937866;1.2106026411056519
1.4008046388626099;1.2090452909469604
1.400940179824829;1.2084825038909912
1.4006187915802002;1.2087618112564087
1.4005942344665527;1.2077279090881348
1.4004952907562256;1.2101811170578003
1.40097177028656;1.209346055984497
1.4006645679473877;1.2106220722198486
1.4008049964904785;1.2078485488891602
1.4009928703308105;1.2082880735397339
1.400611400604248;1.2080705165863037
1.400678038597107;1.2087912559509277
1.4011139869689941;1.2092839479446411
1.4005436897277832;1.2110021114349365
1.4007526636123657;1.2089872360229492
1.400498390197754;1.2084516286849976
1.4005553722381592;1.209371566772461
1.400495171546936;1.2083094120025635
1.4004836082458496;1.2078499794006348
1.4005346298217773;1.2086471319198608
1.4005345106124878;1.2087875604629517
1.400534749031067;1.2091939449310303
1.4009402990341187;1.2084546089172363
1.4005508422851562;1.2088497877120972
1.4006526470184326;1.2090703248977661
1.4004954099655151;1.2077184915542603
1.4005587100982666;1.2081975936889648
1.4005558490753174;1.2082768678665161
1.4006184339523315;1.2095980644226074
1.4005460739135742;1.2084192037582397
1.4007524251937866;1.2083967924118042
1.4008126258850098;1.2090084552764893
1.400715708732605;1.2097793817520142
1.4005558490753174;1.208575963973999
1.400618553161621;1.2095664739608765
1.4006476402282715;1.2088392972946167
1.4006060361862183;1.2101770639419556
1.400755763053894;1.2095307111740112
1.4005460739135742;1.2088470458984375
1.4008431434631348;1.2092629671096802
1.4006767272949219;1.2090044021606445
1.4004735946655273;1.2090009450912476
1.400498628616333;1.2070564031600952
1.400549054145813;1.2094249725341797
1.4006544351577759;1.2070568799972534
1.4005491733551025;1.2088013887405396
1.4005558490753174;1.2088351249694824
1.4007165431976318;1.2095619440078735
1.4005197286605835;1.2091397047042847
1.4007140398025513;1.2103099822998047
1.4006541967391968;1.2080233097076416
1.4006543159484863;1.210586428642273
1.4005941152572632;1.209629774093628
1.4006414413452148;1.2084729671478271
1.4005348682403564;1.208516001701355
1.4005557298660278;1.2097762823104858
1.400752305984497;1.20834219455719
1.4009376764297485;1.2110505104064941
1.400572657585144;1.2082821130752563
1.400813102722168;1.209048867225647
1.4005577564239502;1.2097734212875366
1.4006545543670654;1.2102341651916504
1.4004957675933838;1.2091478109359741
1.4006545543670654;1.2076750993728638
1.4007413387298584;1.209228277206421
1.400482416152954;1.2104449272155762
1.4007139205932617;1.2086187601089478
1.4005342721939087;1.2076170444488525
1.4006186723709106;1.2096459865570068
1.400555968284607;1.2069004774093628
1.4007441997528076;1.2085446119308472
1.4005939960479736;1.2084285020828247
1.4006505012512207;1.210130214691162
1.400656819343567;1.2104274034500122
1.400735855102539;1.2084953784942627
1.4004950523376465;1.208356261253357
1.4005943536758423;1.2077736854553223
1.4005072116851807;1.2084795236587524
1.4008055925369263;1.2090109586715698
1.4006544351577759;1.2098866701126099
1.4004957675933838;1.2093998193740845
1.4006541967391968;1.2102057933807373
1.40071439743042;1.2063392400741577
1.4007141590118408;1.2087222337722778
1.400527834892273;1.2103493213653564
1.400519609451294;1.2065831422805786
1.4005943536758423;1.2096492052078247
1.4005341529846191;1.20718514919281
1.4005939960479736;1.2078754901885986
1.4005370140075684;1.2081869840621948
1.4006539583206177;1.206822156906128
1.40048348903656;1.2081248760223389
1.4006211757659912;1.2084821462631226
1.4008071422576904;1.2082465887069702
1.40073561668396;1.2120190858840942
1.4007444381713867;1.2105292081832886
1.4004954099655151;1.2071423530578613
1.400556206703186;1.2079293727874756
1.400903344154358;1.2087249755859375
1.4005941152572632;1.2082927227020264
1.4005560874938965;1.2089484930038452
1.4007487297058105;1.2116671800613403
1.4006537199020386;1.2083197832107544
1.4006322622299194;1.2086281776428223
1.4004385471343994;1.2095867395401
1.4007236957550049;1.2100536823272705
1.4004955291748047;1.2071614265441895
1.4005944728851318;1.2084462642669678
1.400962471961975;1.2111010551452637
1.400632619857788;1.2082663774490356
1.4006540775299072;1.208587408065796
1.400755763053894;1.2096351385116577
1.400618553161621;1.2083218097686768
1.400495171546936;1.2086464166641235
1.4005944728851318;1.2110204696655273
1.4005556106567383;1.2086421251296997
1.4008073806762695;1.207802653312683
1.400519609451294;1.2079192399978638
1.4009029865264893;1.2098877429962158
1.4007524251937866;1.2086032629013062
1.4004747867584229;1.2086005210876465
1.4004918336868286;1.209380030632019
1.4007408618927002;1.208918571472168
1.4005941152572632;1.210780382156372
1.4005182981491089;1.2085007429122925
1.4004740715026855;1.2073965072631836
1.4005730152130127;1.2076011896133423
1.4008129835128784;1.2089104652404785
1.4005557298660278;1.2076834440231323
1.4006543159484863;1.2096365690231323
1.4004833698272705;1.2076258659362793
1.4008127450942993;1.2068755626678467
1.4008009433746338;1.2077687978744507
1.4007502794265747;1.2094987630844116
1.4005948305130005;1.2087258100509644
1.4007139205932617;1.2077648639678955
1.4005732536315918;1.2074573040008545
1.4011905193328857;1.2086849212646484
1.4006328582763672;1.2097113132476807
1.4005489349365234;1.2084366083145142
1.400581955909729;1.2092422246932983
1.4006541967391968;1.208280324935913
1.4005560874938965;1.2084438800811768
1.4005556106567383;1.2074320316314697
1.4004958868026733;1.207899808883667
1.4007233381271362;1.2086610794067383
1.4004952907562256;1.2081844806671143
1.4005601406097412;1.208426833152771
1.400752305984497;1.2099707126617432
1.4008352756500244;1.2078179121017456
1.4005520343780518;1.2084119319915771
1.4007079601287842;1.2108253240585327
1.401026725769043;1.2101112604141235
1.4011263847351074;1.2089065313339233
1.4006425142288208;1.2082985639572144
1.400534749031067;1.2095484733581543
1.4004621505737305;1.2080241441726685
1.400446891784668;1.2094595432281494
1.4005993604660034;1.2102224826812744
1.4006541967391968;1.208838939666748
1.4006543159484863;1.2078903913497925
1.4007140398025513;1.2089699506759644
1.4008967876434326;1.2085360288619995
1.4008128643035889;1.2091553211212158
1.4004526138305664;1.2086094617843628
1.4006658792495728;1.209281325340271
1.4004590511322021;1.207546353340149
1.400965690612793;1.2075179815292358
1.4005939960479736;1.208200216293335
1.4007141590118408;1.2104169130325317
1.4006563425064087;1.2095731496810913
1.400652289390564;1.2079627513885498
1.4006543159484863;1.2088167667388916
1.4007136821746826;1.2072378396987915
1.4008088111877441;1.2092676162719727
1.4005557298660278;1.2102450132369995
1.4006543159484863;1.2103209495544434
1.4005939960479736;1.2100828886032104
1.400555968284607;1.210025429725647
1.4006491899490356;1.2088251113891602
1.4004595279693604;1.2082539796829224
1.4007762670516968;1.208781123161316
1.4005556106567383;1.208173155784607
1.4005558490753174;1.210137963294983
1.4008756875991821;1.208677887916565
1.400542974472046;1.2128578424453735
1.4007320404052734;1.2102450132369995
1.4008127450942993;1.2082923650741577
1.4008309841156006;1.2091221809387207
1.4007446765899658;1.208666443824768
1.4006545543670654;1.2089649438858032
1.400555968284607;1.209387183189392
1.4007446765899658;1.2087125778198242
1.4004955291748047;1.208776593208313
1.4005560874938965;1.2067502737045288
1.4004957675933838;1.208005666732788
1.400519847869873;1.2091867923736572
1.4004956483840942;1.2095263004302979
1.4006543159484863;1.2094675302505493
1.400473952293396;1.208717703819275
1.4006421566009521;1.2082865238189697
1.4005488157272339;1.208330512046814
1.4008129835128784;1.2106971740722656
1.400555968284607;1.2098349332809448
1.4006949663162231;1.2095446586608887
1.4004952907562256;1.2080121040344238
1.4008156061172485;1.2098703384399414
1.4005553722381592;1.2072216272354126
1.4006743431091309;1.2075841426849365
1.400555968284607;1.208828330039978
1.400709629058838;1.2092559337615967
1.4005345106124878;1.207808017730713
1.400555968284607;1.20890474319458
1.4007298946380615;1.2086153030395508
1.4005873203277588;1.2089779376983643
1.400783658027649;1.2107497453689575
1.4007575511932373;1.2090122699737549
1.4007140398025513;1.207827091217041
1.400496244430542;1.2085649967193604
1.4004957675933838;1.208104133605957
1.4007320404052734;1.2073370218276978
1.4005560874938965;1.2084167003631592
1.4008123874664307;1.206992506980896
1.4006545543670654;1.2079308032989502
1.4008679389953613;1.208524227142334
1.4007090330123901;1.2096033096313477
1.4005730152130127;1.2081202268600464
1.4007325172424316;1.2099623680114746
1.400807499885559;1.208647608757019
1.4004950523376465;1.2098184823989868
1.400593876838684;1.2089461088180542
1.4006333351135254;1.2082569599151611
1.400458812713623;1.208926796913147
1.4006537199020386;1.2087697982788086
1.4007450342178345;1.2090984582901
1.4005558490753174;1.2080129384994507
1.400555968284607;1.2073218822479248
1.4004522562026978;1.2089675664901733
1.400864839553833;1.2095868587493896
1.40080726146698;1.2083148956298828
1.4005556106567383;1.2078777551651
1.400740385055542;1.2107900381088257
1.4005345106124878;1.2080078125
1.4006541967391968;1.209948182106018
1.4008671045303345;1.2086373567581177
1.400519609451294;1.2090826034545898
1.4005730152130127;1.2096872329711914
1.400618314743042;1.2089258432388306
1.4007138013839722;1.2089509963989258
1.4006547927856445;1.2106382846832275
1.4009233713150024;1.2096329927444458
1.4006160497665405;1.211006999015808
1.4009404182434082;1.2086621522903442
1.400593876838684;1.2089500427246094
1.4007254838943481;1.2088176012039185
1.4006537199020386;1.2073595523834229
1.4006967544555664;1.2100510597229004
1.400618076324463;1.210763931274414
1.400543212890625;1.2084689140319824
1.4007352590560913;1.208646535873413
1.4004383087158203;1.207615613937378
1.4005517959594727;1.2076915502548218
1.4008128643035889;1.2093347311019897
1.4005345106124878;1.2098277807235718
1.40071439743042;1.2094918489456177
1.400618314743042;1.2092053890228271
1.4006472826004028;1.2086427211761475
1.400533676147461;1.2094801664352417
1.4007136821746826;1.2077215909957886
1.4004888534545898;1.2077088356018066
1.4006332159042358;1.2074999809265137
1.4006538391113281;1.2092902660369873
1.4005964994430542;1.208254098892212
1.4009536504745483;1.209851861000061
1.4004955291748047;1.2062894105911255
1.4008007049560547;1.2106860876083374
1.40071439743042;1.2088992595672607
1.4005194902420044;1.2078378200531006
1.4005556106567383;1.2076950073242188
1.4005560874938965;1.2086292505264282
1.4005807638168335;1.2089534997940063
1.4006541967391968;1.2095460891723633
1.4005558490753174;1.2075084447860718
1.4005554914474487;1.208219289779663
1.400534749031067;1.2091364860534668
1.4005556106567383;1.2090579271316528
1.4006540775299072;1.2089786529541016
1.400479793548584;1.2082505226135254
1.400654673576355;1.2080258131027222
1.400618076324463;1.2084016799926758
1.40071439743042;1.2088830471038818
1.4004957675933838;1.2116453647613525
1.400671362876892;1.2086726427078247
1.4004594087600708;1.2074503898620605
1.40071702003479;1.2090846300125122
1.4008007049560547;1.2094087600708008
1.4005556106567383;1.209685206413269
1.4005944728851318;1.208111047744751
1.4006836414337158;1.2091805934906006
1.4006930589675903;1.2097735404968262
1.4004956483840942;1.2083051204681396
1.4008046388626099;1.2081433534622192
1.4004524946212769;1.2095365524291992
1.4008128643035889;1.2077052593231201
1.4009398221969604;1.2101854085922241
1.400521993637085;1.2086819410324097
1.4006186723709106;1.208383560180664
1.40071439743042;1.2080389261245728
1.4005199670791626;1.2085312604904175
1.400641679763794;1.209066390991211
1.4005346298217773;1.2071778774261475
1.4007505178451538;1.210170865058899
1.4012831449508667;1.2081965208053589
1.4006421566009521;1.2081233263015747
1.4004888534545898;1.209035038948059
1.4005935192108154;1.2078255414962769
1.400656819343567;1.2084479331970215
1.4005944728851318;1.2076200246810913
1.400822639465332;1.2088899612426758
1.4005603790283203;1.2086883783340454
1.4006779193878174;1.2082041501998901
1.4006779193878174;1.2096611261367798
1.4012616872787476;1.2102199792861938
1.4006779193878174;1.2075856924057007
1.4006544351577759;1.207397699356079
1.4011014699935913;1.2100576162338257
1.4006178379058838;1.2076892852783203
1.400653600692749;1.2088176012039185
1.4004743099212646;1.2073867321014404
1.400618553161621;1.2075022459030151
1.4008049964904785;1.2080495357513428
1.4006410837173462;1.2092455625534058
1.4005944728851318;1.2072389125823975
1.4004955291748047;1.2088825702667236
1.4009037017822266;1.2095319032669067
1.4006544351577759;1.207345724105835
1.4006328582763672;1.2088555097579956
1.400537371635437;1.20765221118927
1.4008033275604248;1.20906662940979
1.4005943536758423;1.2094155550003052
1.4005556106567383;1.208611249923706
1.4006541967391968;1.2083710432052612
1.4005556106567383;1.210654377937317
1.4008222818374634;1.2081444263458252
1.4010765552520752;1.2087961435317993
1.400807499885559;1.2098708152770996
1.400707483291626;1.2085899114608765
1.4005942344665527;1.207751989364624
1.4008677005767822;1.2099953889846802
1.4005556106567383;1.2081533670425415
1.400836706161499;1.2104357481002808
1.4005941152572632;1.2099953889846802
1.4008123874664307;1.2086281776428223
1.4007017612457275;1.2089132070541382
1.4008963108062744;1.2078487873077393
1.4004956483840942;1.2075270414352417
1.4008042812347412;1.2085241079330444
1.401041030883789;1.2096706628799438
1.4005975723266602;1.2087242603302002
1.4005552530288696;1.208407998085022
1.4005577564239502;1.2113460302352905
1.4008123874664307;1.2081046104431152
1.4005342721939087;1.2094908952713013
1.4004982709884644;1.2078028917312622
1.4005557298660278;1.206301212310791
1.400498390197754;1.2099758386611938
1.4007691144943237;1.210357427597046
1.400708794593811;1.2089122533798218
1.400708794593811;1.2083944082260132
1.400740146636963;1.2088443040847778
1.4004595279693604;1.2082464694976807
1.4005130529403687;1.2084417343139648
1.4004957675933838;1.2094063758850098
1.4004720449447632;1.209423542022705
1.4004888534545898;1.2074830532073975
1.400810956954956;1.2099257707595825
1.4006541967391968;1.209218978881836
1.4006547927856445;1.2080509662628174
1.4005948305130005;1.2085562944412231
1.4008045196533203;1.209183692932129
1.4005558490753174;1.2085261344909668
1.4006545543670654;1.2095423936843872
1.4009819030761719;1.2089548110961914
1.400783658027649;1.2086528539657593
1.4006646871566772;1.2085248231887817
1.4004958868026733;1.208315372467041
1.4004703760147095;1.2081528902053833
1.4007325172424316;1.2102391719818115
1.4005436897277832;1.208754062652588
1.4005194902420044;1.2074085474014282
1.4011286497116089;1.2091877460479736
1.4008127450942993;1.209766149520874
1.400813102722168;1.209613561630249
1.4007080793380737;1.2083178758621216
1.4007856845855713;1.210627794265747
1.4006425142288208;1.2079817056655884
1.4005558490753174;1.2077573537826538
1.400582194328308;1.2076741456985474
1.4004955291748047;1.2073858976364136
1.4007235765457153;1.2088375091552734
1.4008125066757202;1.2071865797042847
1.4005942344665527;1.2077478170394897
1.4005202054977417;1.2085065841674805
1.4006474018096924;1.2097804546356201
1.4008119106292725;1.2089176177978516
1.4005560874938965;1.2084540128707886
1.4006417989730835;1.2100913524627686
1.4007354974746704;1.211021900177002
1.4005556106567383;1.2090325355529785
1.4005558490753174;1.2078659534454346
1.4010437726974487;1.2100765705108643
1.400804877281189;1.2072839736938477
1.4005560874938965;1.2091383934020996
1.4006177186965942;1.2079960107803345
1.4006174802780151;1.2088216543197632
1.4005197286605835;1.2082839012145996
1.400927186012268;1.2089427709579468
1.400654911994934;1.2100882530212402
1.4005192518234253;1.2076548337936401
1.4006181955337524;1.2090920209884644
1.4005552530288696;1.2098854780197144
1.4007447957992554;1.2110419273376465
1.4004570245742798;1.2097545862197876
1.4008047580718994;1.2089447975158691
1.4008046388626099;1.2081226110458374
1.4009400606155396;1.208060622215271
1.4007930755615234;1.2090826034545898
1.4005345106124878;1.2083262205123901
1.4007161855697632;1.2083461284637451
1.4007558822631836;1.2097769975662231
1.4005582332611084;1.2091615200042725
1.4005552530288696;1.2078379392623901
1.400594711303711;1.2084921598434448
1.4004989862442017;1.2095184326171875
1.400653600692749;1.2084163427352905
1.4006950855255127;1.210282325744629
1.400537371635437;1.2104114294052124
1.4007524251937866;1.2079190015792847
1.400452971458435;1.2092549800872803
1.4005553722381592;1.208852767944336
1.4004956483840942;1.2088426351547241
1.4006927013397217;1.2081503868103027
1.4007165431976318;1.2084592580795288
1.4007081985473633;1.2088700532913208
1.4006860256195068;1.207444190979004
1.4011540412902832;1.210305094718933
1.4006187915802002;1.2103825807571411
1.4007362127304077;1.2091506719589233
1.400438666343689;1.2082656621932983
1.400446891784668;1.2080320119857788
1.4005558490753174;1.2073348760604858
1.4006547927856445;1.208492636680603
1.4005558490753174;1.209881067276001
1.4005553722381592;1.2094157934188843
1.4008797407150269;1.2089898586273193
1.400688886642456;1.2099425792694092
1.4010623693466187;1.2095896005630493
1.4004956483840942;1.2085407972335815
1.4008008241653442;1.207349181175232
1.4007043838500977;1.2087892293930054
1.4005554914474487;1.2090269327163696
1.4005345106124878;1.209363579750061
1.4009562730789185;1.2101775407791138
1.4007142782211304;1.2085105180740356
1.4008218050003052;1.2080899477005005
1.4005937576293945;1.2090505361557007
1.4007139205932617;1.209000825881958
1.4004745483398438;1.2084780931472778
1.4004590511322021;1.2074651718139648
1.400473952293396;1.2091104984283447
1.400543212890625;1.2084641456604004
1.4006295204162598;1.2107493877410889
1.40097975730896;1.2105108499526978
1.4004950523376465;1.2097573280334473
1.4006321430206299;1.207257866859436
1.4009804725646973;1.208255648612976
1.400826096534729;1.2091448307037354
1.4007914066314697;1.2107144594192505
1.4006297588348389;1.2092698812484741
1.4005342721939087;1.209936261177063
1.4005727767944336;1.2072854042053223
1.400654673576355;1.2091279029846191
1.4005815982818604;1.2072994709014893
1.400556206703186;1.2078466415405273
1.400519847869873;1.2073123455047607
1.400618314743042;1.209544062614441
1.4005582332611084;1.2071417570114136
1.400519847869873;1.2077127695083618
1.400536298751831;1.209225058555603
1.4006505012512207;1.2093801498413086
1.4005438089370728;1.2094122171401978
1.4007139205932617;1.2071533203125
1.400813102722168;1.2087539434432983
1.4012844562530518;1.2093896865844727
1.4006332159042358;1.2094001770019531
1.4006540775299072;1.2090388536453247
1.4007316827774048;1.2077395915985107
1.4007928371429443;1.2115048170089722
1.4006531238555908;1.207409143447876
1.4008047580718994;1.207763910293579
1.4006145000457764;1.2093043327331543
1.4010579586029053;1.2089983224868774
1.4004955291748047;1.2073637247085571
1.4007142782211304;1.208028793334961
1.400519847869873;1.2090585231781006
1.4007313251495361;1.208900809288025
1.4005345106124878;1.2092394828796387
1.4006396532058716;1.2097787857055664
1.4007445573806763;1.20991849899292
1.400752067565918;1.2074698209762573
1.400489091873169;1.2092713117599487
1.4004956483840942;1.208556056022644
1.4005197286605835;1.2079858779907227
1.4006534814834595;1.2086671590805054
1.400654673576355;1.207809329032898
1.4006181955337524;1.2100822925567627
1.4005944728851318;1.2092787027359009
1.4015800952911377;1.2135339975357056
1.4007138013839722;1.2096906900405884
1.4004950523376465;1.2078893184661865
1.4005309343338013;1.2086831331253052
1.4007138013839722;1.2096792459487915
1.4005582332611084;1.2081658840179443
1.4008142948150635;1.2086902856826782
1.4006266593933105;1.207938551902771
1.4007529020309448;1.2101348638534546
1.4005944728851318;1.208193063735962
1.4005194902420044;1.2094917297363281
1.4005197286605835;1.2079569101333618
1.4005131721496582;1.2096632719039917
1.4007354974746704;1.2093358039855957
1.4007357358932495;1.2084524631500244
1.4007524251937866;1.209376573562622
1.4004952907562256;1.2084606885910034
1.4011002779006958;1.2094252109527588
1.4005197286605835;1.2106252908706665
1.4008126258850098;1.2087488174438477
1.4004954099655151;1.2079017162322998
1.4006537199020386;1.2081379890441895
1.4006412029266357;1.2086721658706665
1.4005943536758423;1.2073380947113037
1.400519609451294;1.2078200578689575
1.4005557298660278;1.209562063217163
1.4005553722381592;1.2080575227737427
1.4004950523376465;1.2073639631271362
1.4007381200790405;1.209713101387024
1.4008126258850098;1.208371639251709
1.4008047580718994;1.2067723274230957
1.4005489349365234;1.208961009979248
1.4008347988128662;1.2089176177978516
1.4007446765899658;1.208395004272461
1.400555968284607;1.2079894542694092
1.4008963108062744;1.2118148803710938
1.4005552530288696;1.2089605331420898
1.40060555934906;1.2085646390914917
1.4008368253707886;1.2089452743530273
1.4008004665374756;1.208639144897461
1.4004955291748047;1.2106351852416992
1.4006544351577759;1.208928108215332
1.400495171546936;1.2078131437301636
1.4004387855529785;1.2078989744186401
1.4005553722381592;1.2064510583877563
1.400716781616211;1.2099412679672241
1.4005199670791626;1.207602858543396
1.4004594087600708;1.2072079181671143
1.4006266593933105;1.208946704864502
1.4004952907562256;1.2079920768737793
1.400495171546936;1.2080622911453247
1.4008151292800903;1.2082853317260742
1.4006543159484863;1.2086209058761597
1.4006205797195435;1.2087441682815552
1.4007138013839722;1.2084875106811523
1.4004590511322021;1.207573652267456
1.4005558490753174;1.2071915864944458
1.4004597663879395;1.2096158266067505
1.4005579948425293;1.208950161933899
1.4006541967391968;1.2092132568359375
1.400572657585144;1.2108434438705444
1.4007768630981445;1.20744788646698
1.401033878326416;1.209632396697998
1.4004955291748047;1.2089868783950806
1.4004474878311157;1.2099993228912354
1.4005439281463623;1.208901286125183
1.4010688066482544;1.209969401359558
1.4005546569824219;1.2094297409057617
1.4006781578063965;1.2075345516204834
1.4006543159484863;1.2089868783950806
1.4004383087158203;1.2086055278778076
1.4007139205932617;1.2097355127334595
1.4008046388626099;1.2083913087844849
1.40055513381958;1.2072662115097046
1.4006541967391968;1.2087111473083496
1.4009519815444946;1.2100400924682617
1.4004743099212646;1.2083419561386108
1.4004955291748047;1.2071664333343506
1.400512933731079;1.208980679512024
1.4010018110275269;1.211194396018982
1.4007407426834106;1.2102857828140259
1.4005556106567383;1.2078226804733276
1.4007768630981445;1.2093803882598877
1.400618314743042;1.2102280855178833
1.400738000869751;1.2082431316375732
1.400519609451294;1.209864616394043
1.4005457162857056;1.209855556488037
1.4005560874938965;1.2082726955413818
1.400618314743042;1.2088876962661743
1.4007164239883423;1.2079159021377563
1.4013872146606445;1.208917260169983
1.4008431434631348;1.209694504737854
1.4004740715026855;1.2089656591415405
1.4004946947097778;1.2090390920639038
1.400815725326538;1.207665205001831
1.4005532264709473;1.2087302207946777
1.400519847869873;1.2088727951049805
1.4004592895507812;1.2083064317703247
1.4005576372146606;1.2086976766586304
1.4005197286605835;1.2082406282424927
1.400876760482788;1.2082576751708984
1.4006211757659912;1.2085063457489014
1.4005367755889893;1.2085652351379395
1.400537133216858;1.2085559368133545
1.4005556106567383;1.2077170610427856
1.40071439743042;1.2094073295593262
1.4005550146102905;1.2068543434143066
1.4004957675933838;1.2068252563476562
1.4006932973861694;1.2084139585494995
1.4004956483840942;1.2083780765533447
1.4005557298660278;1.2079159021377563
1.400714635848999;1.209133267402649
1.4008126258850098;1.2078543901443481
1.4006539583206177;1.2097854614257812
1.400680422782898;1.2111150026321411
1.4005581140518188;1.2085126638412476
1.4009037017822266;1.209195613861084
1.400768756866455;1.2085736989974976
1.4007142782211304;1.2086244821548462
1.4005346298217773;1.208449363708496
1.4005558490753174;1.2088183164596558
1.400618553161621;1.2098380327224731
1.4006543159484863;1.208742618560791
1.4006328582763672;1.2087794542312622
1.4008004665374756;1.2092549800872803
1.4004381895065308;1.2080645561218262
1.400678038597107;1.2092393636703491
1.4009270668029785;1.2081071138381958
1.400572657585144;1.2084674835205078
1.4005727767944336;1.2079792022705078
1.4007768630981445;1.208431601524353
1.4005556106567383;1.208254337310791
1.4006184339523315;1.2076568603515625
1.4005553722381592;1.2081432342529297
1.4005199670791626;1.2077350616455078
1.4007525444030762;1.2083450555801392
1.4005550146102905;1.209591269493103
1.4004957675933838;1.2078511714935303
1.4006751775741577;1.2101072072982788
1.4006657600402832;1.2100887298583984
1.400519847869873;1.207871675491333
1.4008004665374756;1.2087541818618774
1.4008604288101196;1.208409309387207
1.4006811380386353;1.2095541954040527
1.400633454322815;1.2075828313827515
1.4008044004440308;1.2091025114059448
1.4004836082458496;1.2090038061141968
1.4004597663879395;1.2094303369522095
1.4005941152572632;1.2072346210479736
1.4006544351577759;1.2081477642059326
1.4006329774856567;1.2090052366256714
1.4007062911987305;1.2100107669830322
1.4005554914474487;1.2082430124282837
1.4005942344665527;1.2072309255599976
1.4008219242095947;1.2097764015197754
1.4005558490753174;1.209289789199829
1.4004961252212524;1.209700584411621
1.4004342555999756;1.2076562643051147
1.4006860256195068;1.2105796337127686
1.4005966186523438;1.2099186182022095
1.4007552862167358;1.21022367477417
1.4005556106567383;1.2103339433670044
1.4006541967391968;1.2074861526489258
1.4006540775299072;1.2086490392684937
1.4005579948425293;1.2110267877578735
1.4006538391113281;1.2081176042556763
1.4007138013839722;1.2097387313842773
1.400654673576355;1.208414077758789
1.4008126258850098;1.2092337608337402
1.4005558490753174;1.2095670700073242
1.4005558490753174;1.208909034729004
1.40045964717865;1.2074147462844849
1.4008311033248901;1.2083466053009033
1.4006541967391968;1.2096455097198486
1.4004952907562256;1.2090706825256348
1.4007794857025146;1.2095853090286255
1.4004619121551514;1.2083433866500854
1.4006330966949463;1.2105515003204346
1.4008049964904785;1.2084465026855469
1.4006061553955078;1.2091212272644043
1.4008758068084717;1.2103441953659058
1.4005194902420044;1.2082880735397339
1.4006541967391968;1.2078800201416016
1.4004955291748047;1.2092273235321045
1.4006543159484863;1.2083563804626465
1.4004982709884644;1.2098077535629272
1.4006335735321045;1.2083511352539062
1.4007185697555542;1.2087059020996094
1.400810718536377;1.2103394269943237
1.400618314743042;1.2091774940490723
1.400678038597107;1.209337830543518
1.4005343914031982;1.208140254020691
1.4004956483840942;1.2104305028915405
1.4005577564239502;1.2078899145126343
1.4004958868026733;1.2087849378585815
1.4006543159484863;1.208237886428833
1.4005341529846191;1.2080062627792358
1.401261329650879;1.2104554176330566
1.400813102722168;1.208020567893982
1.4005558490753174;1.208588719367981
1.4006927013397217;1.2078841924667358
1.4004559516906738;1.2102560997009277
1.401279091835022;1.2094541788101196
1.4004594087600708;1.2070131301879883
1.4004745483398438;1.208853840827942
1.4008127450942993;1.2086108922958374
1.400494933128357;1.208709955215454
1.4005558490753174;1.2076563835144043
1.4004557132720947;1.2078661918640137
1.4005486965179443;1.2086864709854126
1.4007912874221802;1.2098098993301392
1.4007329940795898;1.2080469131469727
1.4008127450942993;1.2077895402908325
1.4007527828216553;1.2074449062347412
1.4017212390899658;1.2120054960250854
1.400534749031067;1.2087810039520264
1.4004381895065308;1.2109508514404297
1.4004952907562256;1.206493854522705
1.400756597518921;1.210038661956787
1.4006401300430298;1.2100543975830078
1.4006540775299072;1.2105505466461182
1.4004884958267212;1.2119747400283813
1.4006335735321045;1.2088415622711182
1.400447130203247;1.2080175876617432
1.4008132219314575;1.2095834016799927
1.400755524635315;1.2099483013153076
1.400942325592041;1.2091673612594604
1.4005396366119385;1.2083985805511475
1.4005374908447266;1.2090471982955933
1.4004592895507812;1.2073721885681152
1.4010382890701294;1.2100927829742432
1.400519609451294;1.208730697631836
1.4004745483398438;1.2102149724960327
1.4005943536758423;1.2080110311508179
1.4006541967391968;1.2085760831832886
1.4006329774856567;1.209971308708191
1.4004955291748047;1.2084711790084839
1.4006540775299072;1.2095047235488892
1.401077151298523;1.209844708442688
1.4009398221969604;1.2086799144744873
1.400927186012268;1.209666132926941
1.400632619857788;1.210062861442566
1.4009032249450684;1.2093840837478638
1.4005522727966309;1.2086772918701172
1.4005584716796875;1.2071027755737305
1.40059232711792;1.2109670639038086
1.400768756866455;1.20880925655365
1.4007089138031006;1.2090736627578735
1.4004957675933838;1.2074575424194336
1.400551438331604;1.2110939025878906
1.400813102722168;1.209142804145813
1.4005558490753174;1.2074931859970093
1.4004595279693604;1.2072124481201172
1.4010627269744873;1.2085767984390259
1.4006335735321045;1.2087352275848389
1.4006422758102417;1.208467960357666
1.4007140398025513;1.2081851959228516
1.4005560874938965;1.20784592628479
1.4009125232696533;1.2094460725784302
1.4008963108062744;1.20863676071167
1.4005943536758423;1.2088299989700317
1.400801420211792;1.2097760438919067
1.400519847869873;1.2069519758224487
1.4004862308502197;1.211024522781372
1.4008142948150635;1.2092363834381104
1.4006539583206177;1.209417700767517
1.4009038209915161;1.2074857950210571
1.400776743888855;1.2084800004959106
1.4006547927856445;1.2096737623214722
1.4007771015167236;1.2094624042510986
1.4005557298660278;1.2078328132629395
1.4007525444030762;1.2086657285690308
1.400543212890625;1.2088611125946045
1.400537133216858;1.2078880071640015
1.4004955291748047;1.2079156637191772
1.4008917808532715;1.208223581314087
1.4006544351577759;1.2088526487350464
1.4006541967391968;1.2088218927383423
1.4005939960479736;1.208343505859375
1.4008045196533203;1.2107741832733154
1.4004955291748047;1.2070856094360352
1.4005557298660278;1.2088662385940552
1.4007761478424072;1.2096941471099854
1.4006762504577637;1.208595633506775
1.4006779193878174;1.2077064514160156
1.4005546569824219;1.2092268466949463
1.4005074501037598;1.2080668210983276
1.400956153869629;1.2113264799118042
1.400543212890625;1.208868384361267
1.4005345106124878;1.2093526124954224
1.4004833698272705;1.2079304456710815
1.4008047580718994;1.2091730833053589
1.4004747867584229;1.2076395750045776
1.4004957675933838;1.2083580493927002
1.4005193710327148;1.2081104516983032
1.4005939960479736;1.2091034650802612
1.4005558490753174;1.2072947025299072
1.4005558490753174;1.208592414855957
1.400752067565918;1.2094080448150635
1.400593876838684;1.2076482772827148
1.400519847869873;1.208648443222046
1.400617241859436;1.2093820571899414
1.4005557298660278;1.2082854509353638
1.4006555080413818;1.212244987487793
1.4006925821304321;1.2077345848083496
1.4005346298217773;1.208611249923706
1.4008152484893799;1.207484245300293
1.4009032249450684;1.2093007564544678
1.40055513381958;1.207611322402954
1.4004745483398438;1.2095986604690552
1.4007549285888672;1.2085115909576416
1.4006061553955078;1.2083735466003418
1.4007315635681152;1.2086915969848633
1.400846242904663;1.2114615440368652
1.4004597663879395;1.2095228433609009
1.4009132385253906;1.2100704908370972
1.4004470109939575;1.208819031715393
1.4004956483840942;1.208925724029541
1.4004384279251099;1.2078404426574707
1.4005388021469116;1.2089866399765015
1.4004946947097778;1.2072700262069702
1.4006181955337524;1.2085374593734741
1.4005348682403564;1.2092121839523315
1.400555968284607;1.2072672843933105
1.4006537199020386;1.2104321718215942
1.4007006883621216;1.208253026008606
1.4005558490753174;1.2089906930923462
1.4008793830871582;1.2080029249191284
1.4007456302642822;1.2089093923568726
1.4004473686218262;1.2099850177764893
1.4009628295898438;1.208846092224121
1.4009028673171997;1.2080351114273071
1.4011214971542358;1.2100882530212402
1.4005612134933472;1.2095531225204468
1.4009664058685303;1.210829496383667
1.4005820751190186;1.2093327045440674
1.4008123874664307;1.2080626487731934
1.4006545543670654;1.209855318069458
1.4008073806762695;1.2075161933898926
1.4007525444030762;1.2089864015579224
1.40045964717865;1.2084753513336182
1.4004954099655151;1.2093226909637451
1.4004830121994019;1.2077778577804565
1.4005552530288696;1.2088422775268555
1.4007129669189453;1.2098524570465088
1.4009636640548706;1.2087218761444092
1.4007656574249268;1.20858895778656
1.4006545543670654;1.2093448638916016
1.4007139205932617;1.2077429294586182
1.400876760482788;1.2092455625534058
1.4007083177566528;1.2115581035614014
1.400555968284607;1.2080918550491333
1.4008437395095825;1.2075403928756714
1.4005552530288696;1.2082383632659912
1.400555968284607;1.2084360122680664
1.4005563259124756;1.2066458463668823
1.4004954099655151;1.2088291645050049
1.4004592895507812;1.2075451612472534
1.4006659984588623;1.2088651657104492
1.4007245302200317;1.2083762884140015
1.4006179571151733;1.209365963935852
1.4005941152572632;1.2069988250732422
1.4008828401565552;1.2091323137283325
1.4009631872177124;1.2096647024154663
1.4007141590118408;1.2086478471755981
1.4004830121994019;1.2077240943908691
1.401103138923645;1.2093839645385742
1.4004591703414917;1.2088751792907715
1.4005200862884521;1.2082809209823608
1.4007930755615234;1.209274411201477
1.4005488157272339;1.20870840549469
1.400719165802002;1.2094719409942627
1.400618076324463;1.2083899974822998
1.4006543159484863;1.208246111869812
1.4006547927856445;1.2071934938430786
1.4005436897277832;1.2092621326446533
1.4006539583206177;1.2113103866577148
1.4006537199020386;1.2102864980697632
1.4006544351577759;1.2077842950820923
1.400534749031067;1.2094682455062866
1.400543212890625;1.2084448337554932
1.400744915008545;1.208297610282898
1.400687575340271;1.209960699081421
1.400498867034912;1.208376169204712
1.4005932807922363;1.2100863456726074
1.4006528854370117;1.2079343795776367
1.4004958868026733;1.207121729850769
1.4009636640548706;1.2101709842681885
1.4006329774856567;1.209360957145691
1.400534987449646;1.2086504697799683
1.400496244430542;1.2075014114379883
1.4005550146102905;1.2078237533569336
1.4007670879364014;1.210423469543457
1.4007364511489868;1.2087081670761108
1.400535225868225;1.2085527181625366
1.4006474018096924;1.2083125114440918
1.4005584716796875;1.2101833820343018
1.4005342721939087;1.2079224586486816
1.4005203247070312;1.2081718444824219
1.4009398221969604;1.2113054990768433
1.4006421566009521;1.2086261510849
1.4005558490753174;1.2074130773544312
1.4011739492416382;1.208467960357666
1.4006532430648804;1.2091121673583984
1.4007141590118408;1.2099766731262207
1.4008126258850098;1.2076363563537598
1.4005491733551025;1.2094651460647583
1.4005967378616333;1.2091104984283447
1.4005557298660278;1.2086111307144165
1.400745153427124;1.2083756923675537
1.4006545543670654;1.2093955278396606
1.400714635848999;1.209311842918396
1.400519609451294;1.2103534936904907
1.400593876838684;1.209302306175232
1.400593638420105;1.2105540037155151
1.4004956483840942;1.2088373899459839
1.4008071422576904;1.2083966732025146
1.4004943370819092;1.2097469568252563
1.4005942344665527;1.206884741783142
1.400534987449646;1.2073003053665161
1.401002049446106;1.2095565795898438
1.4005557298660278;1.2084609270095825
1.4006173610687256;1.208701252937317
1.4007083177566528;1.209660291671753
1.4008127450942993;1.2087115049362183
1.400755524635315;1.207971453666687
1.400555968284607;1.208227276802063
1.4006544351577759;1.209307312965393
1.4005341529846191;1.2087281942367554
1.400903344154358;1.2097495794296265
1.400519609451294;1.2100800275802612
1.4007142782211304;1.2067406177520752
1.400495171546936;1.2079644203186035
1.4012880325317383;1.2086639404296875
1.4004954099655151;1.2078540325164795
1.4005731344223022;1.2092456817626953
1.4008984565734863;1.2093909978866577
1.4005553722381592;1.2071359157562256
1.4006928205490112;1.2096058130264282
1.401140570640564;1.2091763019561768
1.4005941152572632;1.2094128131866455
1.4008800983428955;1.2087987661361694
1.40109384059906;1.2095129489898682
1.4007134437561035;1.2084438800811768
1.4007915258407593;1.2082526683807373
1.4005460739135742;1.2098355293273926
1.400674819946289;1.2100770473480225
1.4007147550582886;1.2087726593017578
1.400665283203125;1.2081574201583862
1.4005436897277832;1.2084922790527344
1.4004956483840942;1.2079436779022217
1.4007444381713867;1.2083758115768433
1.400776743888855;1.2075344324111938
1.4005824327468872;1.2091153860092163
1.4005820751190186;1.2090426683425903
1.400593876838684;1.2088805437088013
1.4006872177124023;1.208266258239746
1.4007164239883423;1.2083090543746948
1.4006177186965942;1.2092863321304321
1.400963306427002;1.209110975265503
1.4004952907562256;1.2085331678390503
1.4005730152130127;1.210037112236023
1.4006537199020386;1.2094604969024658
1.4005966186523438;1.2086809873580933
1.4005554914474487;1.2093479633331299
1.4008673429489136;1.2078958749771118
1.4005558490753174;1.2095873355865479
1.4005942344665527;1.2095600366592407
1.4006786346435547;1.2093586921691895
1.4010725021362305;1.2097508907318115
1.4005553722381592;1.2066296339035034
1.4007843732833862;1.2089953422546387
1.4007127285003662;1.209592580795288
1.400804877281189;1.2083284854888916
1.4005582332611084;1.2086901664733887
1.4008005857467651;1.208977460861206
1.4008769989013672;1.2109370231628418
1.4006214141845703;1.2080425024032593
1.4004979133605957;1.2081162929534912
1.4011286497116089;1.2094591856002808
1.400653600692749;1.2085483074188232
1.4005558490753174;1.2081570625305176
1.4004956483840942;1.2078245878219604
1.4007104635238647;1.208539605140686
1.4008442163467407;1.2082825899124146
1.4005300998687744;1.2086305618286133
1.4005944728851318;1.2088127136230469
1.4004595279693604;1.2091846466064453
1.400496006011963;1.2091012001037598
1.4005823135375977;1.2089606523513794
1.4006541967391968;1.2089729309082031
1.4006266593933105;1.2105897665023804
1.4006679058074951;1.208112120628357
1.4008394479751587;1.209474802017212
1.4004958868026733;1.20839524269104
