TV;KL
1.9999850988388062;14.577054977416992
1.7110722064971924;8.557394981384277
1.5087554454803467;6.554509162902832
1.4175057411193848;5.808574199676514
1.3914813995361328;5.64125919342041
1.3530757427215576;5.620710372924805
1.3556748628616333;5.863097667694092
1.3442267179489136;6.164182186126709
1.3433141708374023;6.302871227264404
1.3633933067321777;6.710806846618652
1.40651535987854;7.018531322479248
1.4122675657272339;7.395718574523926
1.428360104560852;7.468639373779297
1.4325956106185913;7.5834174156188965
1.443327784538269;7.692450046539307
1.4489171504974365;7.735503673553467
1.4619932174682617;7.831050872802734
1.4603166580200195;7.678130626678467
1.4765228033065796;7.716084003448486
1.4962528944015503;7.712064743041992
1.5064432621002197;7.667062759399414
1.497860312461853;7.502753734588623
1.5040922164916992;7.453709125518799
1.5255852937698364;7.410078525543213
1.5233440399169922;7.321097373962402
1.5332551002502441;7.156324863433838
1.523289442062378;6.977926254272461
1.5306274890899658;6.8577880859375
1.523746371269226;6.711166858673096
1.526247262954712;6.553873538970947
1.5177524089813232;6.239174842834473
1.5243383646011353;6.228912353515625
1.5245927572250366;6.151580810546875
1.5245423316955566;6.0682759284973145
1.5208464860916138;5.919919490814209
1.516628384590149;5.826444625854492
1.5124104022979736;5.672161102294922
1.507007360458374;5.496748447418213
1.4910626411437988;5.383337497711182
1.4862289428710938;5.153867721557617
1.4826037883758545;4.9889936447143555
1.4831725358963013;4.93142032623291
1.4698163270950317;4.781381607055664
1.4688817262649536;4.667749881744385
1.4499077796936035;4.541985988616943
1.4472267627716064;4.419622898101807
1.4382808208465576;4.343461036682129
1.4405438899993896;4.194245338439941
1.4383751153945923;4.136443138122559
1.4226619005203247;4.039461135864258
1.4198434352874756;3.9023547172546387
1.4162174463272095;3.7403564453125
1.4055590629577637;3.696573495864868
1.4089100360870361;3.663177013397217
1.3939610719680786;3.451098918914795
1.3786460161209106;3.4149417877197266
1.376115083694458;3.3673417568206787
1.3699133396148682;3.268312692642212
1.356454610824585;3.162705421447754
1.3614227771759033;3.1625213623046875
1.3503665924072266;3.0680084228515625
1.3374216556549072;2.971182346343994
1.331761121749878;2.8786587715148926
1.3121914863586426;2.7844154834747314
1.3301091194152832;2.82202410697937
1.3110978603363037;2.711564540863037
1.3175437450408936;2.6387150287628174
1.298915147781372;2.563931941986084
1.2836681604385376;2.5344817638397217
1.2886552810668945;2.4384701251983643
1.275925874710083;2.4083032608032227
1.2601923942565918;2.3204405307769775
1.2491213083267212;2.25115966796875
1.2461988925933838;2.1965203285217285
1.2346889972686768;2.1525795459747314
1.23280930519104;2.122727870941162
1.223012924194336;2.0783233642578125
1.1941609382629395;2.0074777603149414
1.1962755918502808;1.9697628021240234
1.186019778251648;1.8769054412841797
1.185717225074768;1.8721281290054321
1.1767828464508057;1.8630521297454834
1.1795247793197632;1.833472490310669
1.169630527496338;1.830801248550415
1.1602375507354736;1.7355151176452637
1.151046872138977;1.6963366270065308
1.144599437713623;1.6508671045303345
1.1341608762741089;1.5978913307189941
1.1293596029281616;1.55770742893219
1.1139284372329712;1.5345590114593506
1.121431589126587;1.5205541849136353
1.0994278192520142;1.458517074584961
1.0869389772415161;1.4510586261749268
1.09864342212677;1.4335668087005615
1.0782407522201538;1.3999137878417969
1.0661170482635498;1.36279296875
1.06394624710083;1.30485999584198
1.0536260604858398;1.2752985954284668
1.0635881423950195;1.281058669090271
1.0487101078033447;1.2284817695617676
1.0285598039627075;1.1954487562179565
1.0311732292175293;1.1995443105697632
1.013983130455017;1.174090027809143
0.9995914697647095;1.1132748126983643
1.0113269090652466;1.1304377317428589
0.9914668798446655;1.1032830476760864
1.0049093961715698;1.0927001237869263
0.9940792918205261;1.0674951076507568
0.9833019971847534;1.0531421899795532
0.9739366769790649;1.0063565969467163
0.9758632779121399;0.9879553914070129
0.9534977674484253;0.9558589458465576
0.9466671347618103;0.9479669332504272
0.9420576095581055;0.908860445022583
0.9236522912979126;0.8770833015441895
0.9254471063613892;0.8877019882202148
0.9092708230018616;0.8499649167060852
0.9091958999633789;0.8439967632293701
0.9170752167701721;0.841986358165741
0.896296501159668;0.8084217309951782
0.8868617415428162;0.802436888217926
0.8878427743911743;0.7777630686759949
0.8899595737457275;0.7692838907241821
0.880648136138916;0.7486826181411743
0.8693349361419678;0.7445826530456543
0.8636356592178345;0.7146143317222595
0.8488129377365112;0.7065635323524475
0.8386865854263306;0.6936155557632446
0.8400852680206299;0.6951887011528015
0.8685603141784668;0.6981829404830933
0.8348919749259949;0.6607309579849243
0.8297693729400635;0.657782793045044
0.8371188640594482;0.6562485098838806
0.8035675883293152;0.6078143119812012
0.8414880037307739;0.649613618850708
0.7992261648178101;0.6128723621368408
0.8314106464385986;0.6223427057266235
0.8212429285049438;0.5934879779815674
0.7951448559761047;0.5914587378501892
0.7886208295822144;0.559816300868988
0.7567079663276672;0.5439163446426392
0.7706335783004761;0.5500448346138
0.7625545263290405;0.5358127355575562
0.7599321603775024;0.5402623414993286
0.779302179813385;0.5456697940826416
0.7607167959213257;0.5188652873039246
0.7308868169784546;0.4869396686553955
0.7376590967178345;0.47874316573143005
0.7389945983886719;0.4721277356147766
0.7398010492324829;0.482371985912323
0.7316243648529053;0.47440773248672485
0.7309796810150146;0.47661077976226807
0.7314669489860535;0.47269517183303833
0.7326646447181702;0.4673616588115692
0.7133899927139282;0.4462180435657501
0.7022837400436401;0.42080703377723694
0.7180241942405701;0.4254905581474304
0.7112149596214294;0.4494262933731079
0.708663284778595;0.4309857189655304
0.7110042572021484;0.4431723356246948
0.7010040283203125;0.4292986989021301
0.6965844631195068;0.4210057258605957
0.6806116700172424;0.3994324803352356
0.6853411197662354;0.40863049030303955
0.6803105473518372;0.3970215916633606
0.690849781036377;0.4108435809612274
0.6779699325561523;0.3893129229545593
0.6795006990432739;0.3660625219345093
0.6564944386482239;0.3713352084159851
0.6735380291938782;0.36961519718170166
0.6706128120422363;0.35799112915992737
0.6613237261772156;0.3662841320037842
0.6607065200805664;0.36590853333473206
0.6640397310256958;0.3759201765060425
0.6663665771484375;0.3598859906196594
0.6424490809440613;0.34236347675323486
0.6334130764007568;0.338205486536026
0.6268131732940674;0.32932227849960327
0.6429246664047241;0.34439095854759216
0.6552283763885498;0.34068936109542847
0.6482417583465576;0.33626115322113037
0.6244198083877563;0.32167789340019226
0.6148986220359802;0.3176876902580261
0.6428307890892029;0.3302326202392578
0.6082948446273804;0.3025996685028076
0.6313768625259399;0.31852832436561584
0.6157903671264648;0.3087153732776642
0.5993335247039795;0.2891969084739685
0.6150277853012085;0.2941385507583618
0.6002324819564819;0.2948451042175293
0.6053072214126587;0.2985096275806427
0.600074052810669;0.28842729330062866
0.6183851957321167;0.2895592153072357
0.6030108332633972;0.28716713190078735
0.592921793460846;0.2836610674858093
0.5903658866882324;0.2886021137237549
0.5813594460487366;0.2690238058567047
0.5775296688079834;0.26072800159454346
0.5996366143226624;0.28417858481407166
0.5801292657852173;0.26772424578666687
0.5721539258956909;0.25292378664016724
0.5819330215454102;0.2693668603897095
0.5759496688842773;0.2549874186515808
0.585368275642395;0.26228833198547363
0.5601618885993958;0.2525011897087097
0.5923899412155151;0.27065685391426086
0.5743590593338013;0.25767838954925537
0.5604928731918335;0.24982765316963196
0.5717257261276245;0.24366959929466248
0.5590263605117798;0.24116702377796173
0.5663599967956543;0.25504574179649353
0.5530582666397095;0.24522671103477478
0.5588141083717346;0.24622252583503723
0.5598514080047607;0.23966622352600098
0.558402419090271;0.2363964319229126
0.5505415201187134;0.2369736284017563
0.5438318252563477;0.23429661989212036
0.5540909767150879;0.22885897755622864
0.5482891798019409;0.23120735585689545
0.5523999929428101;0.2355271279811859
0.5374139547348022;0.22497518360614777
0.549845278263092;0.23172466456890106
0.5514788627624512;0.23140819370746613
0.5665165185928345;0.2329121083021164
0.5475078821182251;0.2290196418762207
0.5585652589797974;0.23111259937286377
0.5542884469032288;0.2283705770969391
0.5533999800682068;0.23308639228343964
0.5417845845222473;0.22371293604373932
0.562370240688324;0.2304559051990509
0.5408627986907959;0.21589060127735138
0.5569928884506226;0.2205071747303009
0.5305842757225037;0.21869999170303345
0.5338044166564941;0.21086886525154114
0.5319173336029053;0.21095487475395203
0.5473544597625732;0.21930086612701416
0.5413151383399963;0.214046448469162
0.5352926254272461;0.20740437507629395
0.5349624156951904;0.21284864842891693
0.5372260808944702;0.21436217427253723
0.5240731239318848;0.20517852902412415
0.5249674320220947;0.2010314017534256
0.532708466053009;0.20748907327651978
0.5456448197364807;0.21117085218429565
0.5428568720817566;0.20473450422286987
0.5269657373428345;0.2067030668258667
0.5206672549247742;0.20190811157226562
0.5259593725204468;0.2019936591386795
0.5228474736213684;0.19596542418003082
0.5221036672592163;0.20355458557605743
0.5193768739700317;0.19780227541923523
0.5186493396759033;0.20188559591770172
0.5253555774688721;0.20160573720932007
0.5312426090240479;0.20208010077476501
0.5313009023666382;0.19783756136894226
0.5285723209381104;0.1984480768442154
0.5271037220954895;0.19609859585762024
0.5240331888198853;0.203005850315094
0.5208724737167358;0.19343045353889465
0.5126689672470093;0.19049611687660217
0.5170627236366272;0.19082656502723694
0.5192554593086243;0.19833213090896606
0.5218490362167358;0.19518110156059265
0.5128642320632935;0.19039283692836761
0.5207439064979553;0.18832670152187347
0.5185386538505554;0.18965613842010498
0.5332000255584717;0.19486305117607117
0.5155259370803833;0.18825478851795197
0.5129308104515076;0.18815463781356812
0.5062662959098816;0.18532997369766235
0.5208086371421814;0.19396577775478363
0.5195029973983765;0.19161111116409302
0.513685405254364;0.1841161698102951
0.5022351741790771;0.18742993474006653
0.5141462683677673;0.18848153948783875
0.5104665756225586;0.18289263546466827
0.5250963568687439;0.18892306089401245
0.5041273236274719;0.18076035380363464
0.5203914642333984;0.18791675567626953
0.5168020129203796;0.19232143461704254
0.5153917074203491;0.18468640744686127
0.5085887908935547;0.1818835437297821
0.5051398873329163;0.17871494591236115
0.5118918418884277;0.18531829118728638
0.5136657953262329;0.18109126389026642
0.5198206305503845;0.1908595860004425
0.5099673867225647;0.18832986056804657
0.5128479599952698;0.1821032613515854
0.5164819955825806;0.18289095163345337
0.5114011764526367;0.1808493584394455
0.5007689595222473;0.18022750318050385
0.5109124183654785;0.18666599690914154
0.5057406425476074;0.1791139394044876
0.5209645628929138;0.18493695557117462
0.5134063959121704;0.17901559174060822
0.5132983326911926;0.18577080965042114
0.5154487490653992;0.1799483746290207
0.5132290124893188;0.18282480537891388
0.5131449103355408;0.1789988875389099
0.5092514157295227;0.18450862169265747
0.511438250541687;0.18388472497463226
0.5183284282684326;0.17864835262298584
0.5210927724838257;0.1849246621131897
0.5040408372879028;0.17525748908519745
0.5022216439247131;0.17893138527870178
0.505800724029541;0.176417276263237
0.5041401386260986;0.1780318170785904
0.5102335214614868;0.17994914948940277
0.5038211345672607;0.1754685640335083
0.510121762752533;0.17806433141231537
0.5075627565383911;0.17731381952762604
0.5109241604804993;0.18044108152389526
0.5149896740913391;0.18021290004253387
0.5062111616134644;0.17557217180728912
0.5158044695854187;0.17925631999969482
0.5144179463386536;0.17953208088874817
0.5079771280288696;0.17461834847927094
0.5134398341178894;0.18159903585910797
0.505691409111023;0.17454245686531067
0.4942305088043213;0.17268885672092438
0.5122314691543579;0.17969289422035217
0.5118389129638672;0.17973469197750092
0.5044621825218201;0.17616158723831177
0.5140207409858704;0.18183490633964539
0.49722886085510254;0.1708367019891739
0.5034246444702148;0.17603930830955505
0.5003267526626587;0.1741621196269989
0.5127134323120117;0.1745934933423996
0.5160563588142395;0.17874914407730103
0.509024977684021;0.17643038928508759
0.5068053007125854;0.17737868428230286
0.5025467872619629;0.17402952909469604
0.5145409107208252;0.17902114987373352
0.5137341618537903;0.17403355240821838
0.5159777402877808;0.17571842670440674
0.5053677558898926;0.17189531028270721
0.5118497014045715;0.17637132108211517
0.5077080726623535;0.17493052780628204
0.5026975870132446;0.17451241612434387
0.508521318435669;0.17157210409641266
0.5051679015159607;0.1757839322090149
0.5116438269615173;0.17723359167575836
0.5052490234375;0.17510510981082916
0.5025815963745117;0.17559486627578735
0.5092991590499878;0.179422065615654
0.5032159686088562;0.17305931448936462
0.5077788829803467;0.1733819544315338
0.5032758712768555;0.17372922599315643
0.5050307512283325;0.17227581143379211
0.5034869313240051;0.17480815947055817
0.4995386302471161;0.17129230499267578
0.49827077984809875;0.17488785088062286
0.503445565700531;0.17534565925598145
0.5091835260391235;0.17217138409614563
0.5107973217964172;0.17493195831775665
0.5047003030776978;0.1715804785490036
0.5079911947250366;0.17983786761760712
0.5073188543319702;0.17323057353496552
0.5018993020057678;0.17447888851165771
0.5099538564682007;0.17369283735752106
0.5020219683647156;0.17199331521987915
0.501376211643219;0.1752294898033142
0.5022067427635193;0.17551809549331665
0.5006468296051025;0.17247404158115387
0.5080803632736206;0.17497320473194122
0.5093387365341187;0.1737767457962036
0.49838787317276;0.1723349392414093
0.5159821510314941;0.1739940196275711
0.5106418132781982;0.17645308375358582
0.5042520761489868;0.17172598838806152
0.49514955282211304;0.17153145372867584
0.5042821764945984;0.17118628323078156
0.5016457438468933;0.16978693008422852
0.511968731880188;0.174562469124794
0.5040434002876282;0.1752484142780304
0.5038670301437378;0.17394807934761047
0.500586986541748;0.17400287091732025
0.5048664808273315;0.1727234423160553
0.5037740468978882;0.1716393530368805
0.5080043077468872;0.17308062314987183
0.5107331871986389;0.17321671545505524
0.5053460597991943;0.17253458499908447
0.5083135366439819;0.171798437833786
0.5060607194900513;0.17607486248016357
0.4981204569339752;0.1711888313293457
0.5036659240722656;0.1718764752149582
0.5018425583839417;0.1709369570016861
0.5118535161018372;0.17362847924232483
0.5047036409378052;0.17312483489513397
0.5002326369285583;0.17058983445167542
0.5073716640472412;0.17224274575710297
0.5078903436660767;0.17141984403133392
0.5005295872688293;0.17255830764770508
0.5022203326225281;0.1732194572687149
0.5065717101097107;0.17271384596824646
0.5056192874908447;0.1722651571035385
0.5107907056808472;0.17478761076927185
0.5082857012748718;0.17255358397960663
0.504732608795166;0.17106477916240692
0.5117327570915222;0.17470449209213257
0.5056359767913818;0.17254768311977386
0.5054097175598145;0.1704343557357788
0.5078729391098022;0.17305319011211395
0.5057234764099121;0.17115157842636108
0.5015662908554077;0.1722564995288849
0.5031710863113403;0.17101337015628815
0.5002087354660034;0.1713867485523224
0.4971872568130493;0.1703965961933136
0.5055792927742004;0.17362922430038452
0.5039314031600952;0.17145822942256927
0.5083299875259399;0.1713493913412094
0.49698302149772644;0.16893357038497925
0.5035731196403503;0.17305535078048706
0.5045400857925415;0.17574846744537354
0.5062771439552307;0.17092517018318176
0.5102484226226807;0.1740257441997528
0.5101103186607361;0.17038722336292267
0.5042283535003662;0.17031113803386688
0.5105602741241455;0.1710284948348999
0.4988660216331482;0.17050985991954803
0.5053107142448425;0.17042452096939087
0.5156015753746033;0.1754683256149292
0.5096166133880615;0.17386992275714874
0.5046020150184631;0.17567308247089386
0.5033891201019287;0.17105542123317719
0.5037182569503784;0.17057155072689056
0.5072649717330933;0.17075873911380768
0.5103632211685181;0.17012283205986023
0.5018624663352966;0.17114132642745972
0.49873048067092896;0.16705723106861115
0.5052464008331299;0.17113755643367767
0.5103736519813538;0.172582745552063
0.5088294744491577;0.17242003977298737
0.5095653533935547;0.17445701360702515
0.505123496055603;0.17373014986515045
0.501562774181366;0.17321103811264038
0.5027273893356323;0.16981074213981628
0.5009705424308777;0.16802266240119934
0.502623438835144;0.17186176776885986
0.4984055757522583;0.16996343433856964
0.5005704164505005;0.1722823530435562
0.5025343894958496;0.17258793115615845
0.5053951144218445;0.1731785535812378
0.5022492408752441;0.17156696319580078
0.5051421523094177;0.17234516143798828
0.5045625567436218;0.1694858968257904
0.5035891532897949;0.17325864732265472
0.5010025501251221;0.17149503529071808
0.5040073394775391;0.16983681917190552
0.5015727281570435;0.17175669968128204
0.5040683746337891;0.16815656423568726
0.5024811029434204;0.17162412405014038
0.5094670057296753;0.17103490233421326
0.5133815407752991;0.17630420625209808
0.5003740787506104;0.17020389437675476
0.5007007122039795;0.1686669886112213
0.5123932361602783;0.17407484352588654
0.5028725862503052;0.17052112519741058
0.5066455602645874;0.17349183559417725
0.5048590898513794;0.17161138355731964
0.49831825494766235;0.17178715765476227
0.5056929588317871;0.1706278920173645
0.5094290375709534;0.1739550530910492
0.49288785457611084;0.17038899660110474
0.5168291926383972;0.17200621962547302
0.5082509517669678;0.17354723811149597
0.5014970898628235;0.1718205064535141
0.5044018030166626;0.17113354802131653
0.5025876760482788;0.17031230032444
0.497406542301178;0.17121683061122894
0.5027015209197998;0.1693248599767685
0.49967727065086365;0.17002618312835693
0.5028982162475586;0.16938406229019165
0.5093176960945129;0.1715671420097351
0.5013271570205688;0.1705721914768219
0.49509933590888977;0.1712406575679779
0.5051032900810242;0.17204999923706055
0.5065551996231079;0.17358744144439697
0.5033875703811646;0.1714438945055008
0.5063426494598389;0.17332875728607178
0.5109617114067078;0.17554430663585663
0.5006808042526245;0.1702522486448288
0.5135339498519897;0.1725405752658844
0.5068444013595581;0.17167842388153076
0.50384920835495;0.17056015133857727
0.49704086780548096;0.16767656803131104
0.5146945118904114;0.17552903294563293
0.5126768946647644;0.17260734736919403
0.5011061429977417;0.17135508358478546
0.5079950094223022;0.17388567328453064
0.5034191608428955;0.1702764630317688
0.49807828664779663;0.17084261775016785
0.509567379951477;0.17285406589508057
0.5096758604049683;0.17354214191436768
0.5068621039390564;0.1715954840183258
0.5035238862037659;0.16993404924869537
0.5038173198699951;0.17094449698925018
0.506818950176239;0.17404845356941223
0.5039354562759399;0.17018143832683563
0.5085712671279907;0.17373163998126984
0.5076505541801453;0.1710929125547409
0.49816441535949707;0.16865187883377075
0.5033983588218689;0.16993071138858795
0.5046879053115845;0.1732114851474762
0.497808039188385;0.17059311270713806
0.5051584839820862;0.17286662757396698
0.510363757610321;0.17338420450687408
0.5039968490600586;0.17016173899173737
0.5043746829032898;0.1737697869539261
0.5142395496368408;0.1745421439409256
0.5097324252128601;0.17218662798404694
0.5142035484313965;0.17296332120895386
0.5018124580383301;0.17180055379867554
0.5038651823997498;0.17224538326263428
0.5007705688476562;0.17052295804023743
0.501305341720581;0.168752983212471
0.5060340166091919;0.16990511119365692
0.5183380842208862;0.1727176159620285
0.5074682235717773;0.17214365303516388
0.5051078796386719;0.17164556682109833
0.5076697468757629;0.1699744611978531
0.49937015771865845;0.1699780821800232
0.49926671385765076;0.16943982243537903
0.5069490671157837;0.1711006611585617
0.5009142160415649;0.1727106273174286
0.5130457282066345;0.17474380135536194
0.5070009827613831;0.1701948046684265
0.5076861381530762;0.17076458036899567
0.5087324380874634;0.17193113267421722
0.5011892914772034;0.17091219127178192
0.49697625637054443;0.16949576139450073
0.5013936758041382;0.17029619216918945
0.5042979717254639;0.16889174282550812
0.5069165229797363;0.17250825464725494
0.4959888756275177;0.16806988418102264
0.5165373682975769;0.17562463879585266
0.5104198455810547;0.17195729911327362
0.501537024974823;0.17000144720077515
0.5032273530960083;0.17166563868522644
0.5037580728530884;0.1726894974708557
0.5100067853927612;0.17319129407405853
0.5062547922134399;0.17213839292526245
0.5060725212097168;0.1715312898159027
0.5041083097457886;0.17325858771800995
0.5063084363937378;0.1686195433139801
0.4976193904876709;0.1709219366312027
0.5138517618179321;0.17203770577907562
0.5041319131851196;0.1720419079065323
0.50151127576828;0.1689995974302292
0.5043636560440063;0.1694796085357666
0.5039808750152588;0.1690112054347992
0.4996291399002075;0.16943684220314026
0.5054416060447693;0.17189177870750427
0.5069093108177185;0.17115911841392517
0.5048458576202393;0.1697651594877243
0.5068365335464478;0.16983303427696228
0.5045183897018433;0.17246155440807343
0.5040701627731323;0.17038923501968384
0.5056171417236328;0.1722736954689026
0.5037442445755005;0.1706082969903946
0.5044167637825012;0.1731070578098297
0.4999275207519531;0.1685502976179123
0.5036793351173401;0.17154893279075623
0.49611014127731323;0.1709955334663391
0.5070993900299072;0.17226997017860413
0.5044965744018555;0.17143768072128296
0.49215254187583923;0.16860294342041016
0.508513331413269;0.1709812432527542
0.5141451358795166;0.1745070368051529
0.5062664747238159;0.17309516668319702
0.5059664845466614;0.1721867173910141
0.5058853626251221;0.1728692650794983
0.5120668411254883;0.1750681847333908
0.5149138569831848;0.17419612407684326
0.5081682205200195;0.17288514971733093
0.5045668482780457;0.17249731719493866
0.5001227259635925;0.1696251928806305
0.5108137726783752;0.17299394309520721
0.5055298209190369;0.17218442261219025
0.5035475492477417;0.17451053857803345
0.5079784989356995;0.17186510562896729
0.5014241933822632;0.16894954442977905
0.508679211139679;0.17500203847885132
0.5077096223831177;0.17319640517234802
0.5016489028930664;0.17144358158111572
0.5079576969146729;0.17269422113895416
0.5007194876670837;0.17110522091388702
0.5126205086708069;0.17129535973072052
0.503739058971405;0.1717444807291031
0.4976676106452942;0.17287687957286835
0.49959897994995117;0.17188546061515808
0.5050547122955322;0.1707049161195755
0.5034995079040527;0.16952979564666748
0.5027735233306885;0.1692986786365509
0.5072758793830872;0.17192555963993073
0.4976534843444824;0.17062075436115265
0.5027633309364319;0.17018133401870728
0.5037155151367188;0.17115309834480286
0.5013343691825867;0.169659823179245
0.5117150545120239;0.17233556509017944
0.5060505270957947;0.17315322160720825
0.5090712904930115;0.17284584045410156
0.5058335661888123;0.17365840077400208
0.502984344959259;0.17179854214191437
0.4983740448951721;0.17055144906044006
0.49815523624420166;0.17024770379066467
0.5043268203735352;0.17106790840625763
0.50428307056427;0.1723492443561554
0.5001127123832703;0.17095457017421722
0.4995408058166504;0.17237786948680878
0.505359947681427;0.17096808552742004
0.4964354634284973;0.1687808334827423
0.5069993734359741;0.17191022634506226
0.5006557703018188;0.17253540456295013
0.5033589005470276;0.17317263782024384
0.508985161781311;0.16964872181415558
0.512144148349762;0.17314602434635162
0.5032691955566406;0.1700747311115265
0.49959591031074524;0.16979050636291504
0.5066463351249695;0.1720772385597229
0.516247034072876;0.1775180548429489
0.5122337341308594;0.17254050076007843
0.4982091784477234;0.1717369109392166
0.4956892132759094;0.1732868105173111
0.504417359828949;0.16966280341148376
0.5110030174255371;0.1727115660905838
0.5012022852897644;0.17319226264953613
0.5013439059257507;0.17100735008716583
0.4994939863681793;0.1691589206457138
0.5032949447631836;0.17074275016784668
0.5060931444168091;0.17013439536094666
0.5020742416381836;0.1737198829650879
0.5092026591300964;0.17638179659843445
0.5122010707855225;0.1722661703824997
0.51993328332901;0.17545899748802185
0.5079171061515808;0.17264577746391296
0.5003054738044739;0.17131982743740082
0.5007107257843018;0.16957969963550568
0.49900996685028076;0.16938751935958862
0.5124353766441345;0.1739184856414795
0.506747841835022;0.17410825192928314
0.5137155652046204;0.17461740970611572
0.4983694851398468;0.17028090357780457
0.5014101266860962;0.17059986293315887
0.5067434310913086;0.17263010144233704
0.5046249032020569;0.1713816225528717
0.5018543601036072;0.17172104120254517
0.5197707414627075;0.17623008787631989
0.4952118992805481;0.16791127622127533
0.5052269101142883;0.17219801247119904
0.5084678530693054;0.17230944335460663
0.5020294189453125;0.17054201662540436
0.5031179189682007;0.1725732833147049
0.5003926753997803;0.17297863960266113
0.5051782727241516;0.17308516800403595
0.511489987373352;0.17308741807937622
0.5025858879089355;0.17191018164157867
0.5093837380409241;0.17333577573299408
0.5084825754165649;0.17451077699661255
0.5120086073875427;0.17291557788848877
0.5015228986740112;0.16960132122039795
0.5090270638465881;0.17420075833797455
0.5052468776702881;0.17041894793510437
0.5014146566390991;0.1700311005115509
0.5033238530158997;0.17388330399990082
0.5053085684776306;0.17054061591625214
0.5088698863983154;0.1714438498020172
0.5070485472679138;0.17245818674564362
0.5140807628631592;0.1714823693037033
0.5054008960723877;0.17075297236442566
0.5112988948822021;0.17427746951580048
0.5092337131500244;0.17211082577705383
0.5042083263397217;0.17133459448814392
0.5010808110237122;0.17045627534389496
0.5099500417709351;0.1723678708076477
0.49789929389953613;0.17173083126544952
0.5123113393783569;0.17631852626800537
0.5025289058685303;0.170439213514328
0.5154819488525391;0.17281930148601532
0.5083338022232056;0.17219403386116028
0.5108739733695984;0.17318010330200195
0.5101820230484009;0.17229320108890533
0.5172964334487915;0.17573443055152893
0.5111621022224426;0.17140525579452515
0.5054851174354553;0.1718430519104004
0.5113440155982971;0.1720225214958191
0.5018999576568604;0.17452363669872284
0.5089190006256104;0.17129436135292053
0.5176901817321777;0.17437301576137543
0.5085760951042175;0.1727258861064911
0.509656548500061;0.17362236976623535
0.5038812160491943;0.17134155333042145
0.5076308846473694;0.17163655161857605
0.5067448019981384;0.17027495801448822
0.5127518773078918;0.17322367429733276
0.507698655128479;0.17409785091876984
0.5056816339492798;0.17186911404132843
0.5000829100608826;0.1715010702610016
0.5023386478424072;0.1714756190776825
0.5150054693222046;0.17386680841445923
0.5051590204238892;0.16977179050445557
0.49910151958465576;0.16769656538963318
0.5078593492507935;0.17285344004631042
0.5034619569778442;0.17056220769882202
0.5032819509506226;0.16988302767276764
0.5079910755157471;0.17112216353416443
0.5146417021751404;0.17345914244651794
0.5068191289901733;0.17065642774105072
0.5036038756370544;0.17110665142536163
0.5045892596244812;0.1740555763244629
0.5085212588310242;0.17709732055664062
0.49942755699157715;0.17244823276996613
0.5086368322372437;0.17329789698123932
0.5098274350166321;0.1752196103334427
0.5010666847229004;0.17220145463943481
0.5063709020614624;0.17274144291877747
0.5086890459060669;0.17331713438034058
0.49687108397483826;0.16998514533042908
0.511978268623352;0.17278267443180084
0.5039088726043701;0.17196060717105865
0.5172657370567322;0.1737785041332245
0.5017640590667725;0.17029736936092377
0.4970155358314514;0.16837048530578613
0.5037528872489929;0.16942931711673737
0.5030178427696228;0.17012308537960052
0.49963006377220154;0.17259721457958221
0.5002632141113281;0.17018961906433105
0.5032939910888672;0.17264865338802338
0.5074652433395386;0.16995598375797272
0.49957382678985596;0.16998805105686188
0.5134352445602417;0.1731175184249878
0.505333662033081;0.16983218491077423
0.5013833045959473;0.16999739408493042
0.5085759162902832;0.17228543758392334
0.4981062412261963;0.16913574934005737
0.5026189684867859;0.1711891144514084
0.4972972273826599;0.17006778717041016
0.5015777945518494;0.17414435744285583
0.504264235496521;0.170876607298851
0.5023553371429443;0.17193321883678436
0.4998456835746765;0.17163731157779694
0.5148447155952454;0.17542676627635956
0.5113692283630371;0.17195239663124084
0.5053887367248535;0.17001038789749146
0.509480357170105;0.1712571680545807
0.5064460039138794;0.17288251221179962
0.5120592713356018;0.17380768060684204
0.5064195394515991;0.1711364984512329
0.4978853166103363;0.16926124691963196
0.5112570524215698;0.17102563381195068
0.5138766169548035;0.17369921505451202
0.5011398792266846;0.17137527465820312
0.5100525617599487;0.17416861653327942
0.5015045404434204;0.16961687803268433
0.5005457401275635;0.17209689319133759
0.5175915360450745;0.1741911917924881
0.5064677596092224;0.17314520478248596
0.5054602026939392;0.1727907955646515
0.5033611059188843;0.1729833036661148
0.503604531288147;0.17175602912902832
0.4960169792175293;0.16797353327274323
0.5040157437324524;0.17349691689014435
0.5072669386863708;0.17134270071983337
0.5084662437438965;0.17028187215328217
0.5034734606742859;0.1738332062959671
0.5058385729789734;0.17359201610088348
0.4972352981567383;0.1720321774482727
0.49962878227233887;0.169804647564888
0.5090976357460022;0.17194029688835144
0.5102699995040894;0.17228123545646667
0.5128377676010132;0.1756495088338852
0.5093263387680054;0.1722051054239273
0.5012397766113281;0.17050015926361084
0.4948160648345947;0.1678536981344223
0.5179687738418579;0.17425264418125153
0.501144528388977;0.17168903350830078
0.4991905689239502;0.16950131952762604
0.5043125152587891;0.17027780413627625
0.5054917335510254;0.17112591862678528
0.5003724694252014;0.17100463807582855
0.5052910447120667;0.17283666133880615
0.5074788331985474;0.17119765281677246
0.4968906044960022;0.17006298899650574
0.49965211749076843;0.17169518768787384
0.5024859309196472;0.1715925633907318
0.5074490904808044;0.17264702916145325
0.5125648975372314;0.1762429028749466
0.5058976411819458;0.17201106250286102
0.512778103351593;0.1738346815109253
0.5041689872741699;0.17041714489459991
0.5117040872573853;0.17147982120513916
0.49240028858184814;0.17097917199134827
0.5086326599121094;0.17262548208236694
0.5108517408370972;0.172029048204422
0.5010545253753662;0.16949337720870972
0.5030704736709595;0.17073757946491241
0.503394603729248;0.17209097743034363
0.5100009441375732;0.17319746315479279
0.5061817765235901;0.17108869552612305
0.5239241123199463;0.17640291154384613
0.5071223378181458;0.1732366383075714
0.5096755623817444;0.1768171191215515
0.5060571432113647;0.16997121274471283
0.5104219913482666;0.17221534252166748
0.5036420822143555;0.17287541925907135
0.4994250237941742;0.1689806580543518
0.5068861246109009;0.17396008968353271
0.5080835819244385;0.17293210327625275
0.5032134652137756;0.1722332090139389
0.5051050782203674;0.17017307877540588
0.5072633624076843;0.17144775390625
0.5075660943984985;0.17407731711864471
0.5074238777160645;0.17151661217212677
0.507600724697113;0.17196890711784363
0.507262647151947;0.17141848802566528
0.5059649348258972;0.1710241138935089
0.506730318069458;0.172096848487854
0.504341721534729;0.17310194671154022
0.5056030750274658;0.17168372869491577
0.5074204802513123;0.172032430768013
0.5177962779998779;0.17559310793876648
0.4988161623477936;0.16902343928813934
0.5031472444534302;0.17007173597812653
0.5079296231269836;0.1710302084684372
0.5066995024681091;0.17197363078594208
0.5101437568664551;0.1715002804994583
0.510216474533081;0.17185735702514648
0.5071011781692505;0.17026609182357788
0.5066928863525391;0.17072410881519318
0.5117040872573853;0.17473483085632324
0.5123080611228943;0.17295552790164948
0.5080966949462891;0.17139765620231628
0.5027486085891724;0.17087243497371674
0.5124185085296631;0.17544405162334442
0.5010231733322144;0.17022602260112762
0.506928563117981;0.17128382623195648
0.5096448063850403;0.16962051391601562
0.5053197741508484;0.1717178225517273
0.5016584396362305;0.17216476798057556
0.5033077597618103;0.1723993569612503
0.5077081918716431;0.1746186465024948
0.510985255241394;0.17059963941574097
0.5091960430145264;0.17444279789924622
0.5111125707626343;0.1737646609544754
0.5074878334999084;0.17200174927711487
0.49832165241241455;0.16870519518852234
0.5002754926681519;0.1715475469827652
0.5070034861564636;0.17363914847373962
0.5035289525985718;0.1695944368839264
0.5069226026535034;0.1729806810617447
0.5106493830680847;0.17506006360054016
0.5086103081703186;0.1699886918067932
0.5048751831054688;0.17075689136981964
0.5014196634292603;0.17117920517921448
0.5015600919723511;0.17120221257209778
0.5089808702468872;0.1739048957824707
0.5136381387710571;0.17481578886508942
0.5068042278289795;0.16906557977199554
0.5098428726196289;0.17451082170009613
0.5102108120918274;0.17129160463809967
0.5033889412879944;0.17194266617298126
0.49390310049057007;0.16893735527992249
0.5051751136779785;0.17060990631580353
0.5026794672012329;0.1711864471435547
0.49968385696411133;0.17051173746585846
0.5100719928741455;0.1722111999988556
0.5019659996032715;0.1727152168750763
0.5055314302444458;0.17342214286327362
0.505003809928894;0.17010480165481567
0.4981762766838074;0.17036329209804535
0.5062006115913391;0.17318934202194214
0.5073018074035645;0.17514654994010925
0.501434326171875;0.1713746041059494
0.5155351161956787;0.1735803335905075
0.5099149346351624;0.1735028624534607
0.5071883201599121;0.17281533777713776
0.5049362778663635;0.1730189323425293
0.5049184560775757;0.1694447100162506
0.5062687397003174;0.17211079597473145
0.5169212222099304;0.1757851541042328
0.5079249739646912;0.17390964925289154
0.5104758739471436;0.1718202382326126
0.5094595551490784;0.1728402078151703
0.5077284574508667;0.17439144849777222
0.5017818212509155;0.16855578124523163
0.5061466097831726;0.17464983463287354
0.5055086612701416;0.17178846895694733
0.5062505602836609;0.17111916840076447
0.5082125067710876;0.1725037842988968
0.49791282415390015;0.1720888912677765
0.5044849514961243;0.1711386889219284
0.5125696063041687;0.17421871423721313
0.5022990703582764;0.1739489883184433
0.5088603496551514;0.17016121745109558
0.5192111134529114;0.17594970762729645
0.5054601430892944;0.17214158177375793
0.5101923942565918;0.17040900886058807
0.5141381025314331;0.17506420612335205
0.5062661170959473;0.17507053911685944
0.5108181834220886;0.17358416318893433
0.5061604380607605;0.17224256694316864
0.5155827403068542;0.1747531294822693
0.5028144121170044;0.17132043838500977
0.5036237239837646;0.17139239609241486
0.5025560855865479;0.17183396220207214
0.5093015432357788;0.17114804685115814
0.5141931176185608;0.17533539235591888
0.509255588054657;0.17474113404750824
0.5100626349449158;0.17423997819423676
0.5061911940574646;0.17388346791267395
0.4976438879966736;0.1692599207162857
0.5046098232269287;0.17150849103927612
0.5051411390304565;0.17146818339824677
0.5016115307807922;0.17318356037139893
0.5078037977218628;0.17397215962409973
0.5090897679328918;0.1761215329170227
0.504332423210144;0.17358139157295227
0.5056052207946777;0.1722291111946106
0.5040373802185059;0.17542968690395355
0.5097124576568604;0.17220629751682281
0.5061619877815247;0.17625337839126587
0.4972386956214905;0.1698090136051178
0.5071049332618713;0.17245645821094513
0.5106528401374817;0.17636628448963165
0.5061027407646179;0.1727614402770996
0.5009896755218506;0.1719580888748169
0.5049241781234741;0.1734408438205719
0.504557728767395;0.1760697066783905
0.5084428191184998;0.1729172170162201
0.5092777609825134;0.174868643283844
0.5084044933319092;0.1737648993730545
0.5047440528869629;0.17215858399868011
0.5114819407463074;0.17387895286083221
0.5044162273406982;0.17461326718330383
0.5055794715881348;0.17391616106033325
0.5106062293052673;0.1727565973997116
0.5054357647895813;0.17155179381370544
0.5020515322685242;0.17701801657676697
0.5094150304794312;0.17469295859336853
0.512104868888855;0.1724168211221695
0.5049594044685364;0.17358288168907166
0.503150463104248;0.17425605654716492
0.5084823369979858;0.1729304939508438
0.5148536562919617;0.17273277044296265
0.5090678930282593;0.17436560988426208
0.5139246582984924;0.17449812591075897
0.5082544684410095;0.17383095622062683
0.5034734606742859;0.17250773310661316
0.5140951871871948;0.17277191579341888
0.5047420859336853;0.17243915796279907
0.5082587599754333;0.1718658208847046
0.5067213177680969;0.17141318321228027
0.5019904375076294;0.17167338728904724
0.5042455196380615;0.17134584486484528
0.5115476250648499;0.17439356446266174
0.5097335577011108;0.17583836615085602
0.5217572450637817;0.17545652389526367
0.5072430372238159;0.17300397157669067
0.510052502155304;0.1740024983882904
0.506092369556427;0.17413048446178436
0.5111294388771057;0.17381107807159424
0.512087345123291;0.17451317608356476
0.5091471672058105;0.1740250438451767
0.5028607845306396;0.1718563735485077
0.5071160793304443;0.17474083602428436
0.5118916034698486;0.17669689655303955
0.5045251846313477;0.17442327737808228
0.5031119585037231;0.17232070863246918
0.5113686323165894;0.17509616911411285
0.5106927156448364;0.17739804089069366
0.5060858726501465;0.17151929438114166
0.514682412147522;0.17463842034339905
0.5065821409225464;0.17377927899360657
0.4997408390045166;0.17109954357147217
0.5032167434692383;0.17308728396892548
0.5090439319610596;0.1733899861574173
0.5139257907867432;0.17396041750907898
0.5075724720954895;0.1713891327381134
0.5042526721954346;0.1711961179971695
0.5175540447235107;0.17709265649318695
0.49984657764434814;0.17077332735061646
0.5093754529953003;0.17096200585365295
0.5055444240570068;0.17540135979652405
0.508449912071228;0.17341651022434235
0.49846750497817993;0.16917291283607483
0.5057412385940552;0.1712314784526825
0.5038274526596069;0.17094962298870087
0.515605628490448;0.17483200132846832
0.511403501033783;0.17446303367614746
0.5053118467330933;0.17348136007785797
0.5106101036071777;0.1730237454175949
0.5073109269142151;0.17458954453468323
0.5076326131820679;0.17132431268692017
0.5046694874763489;0.1734520047903061
0.5114449262619019;0.17204970121383667
0.5092353224754333;0.17403565347194672
0.5072066783905029;0.1719977706670761
0.5065480470657349;0.17206010222434998
0.509563148021698;0.17209675908088684
0.5118252038955688;0.17522472143173218
0.5042420625686646;0.17027336359024048
0.5060734748840332;0.1747986227273941
0.5150100588798523;0.17336148023605347
0.5096333622932434;0.1719052493572235
0.5103120803833008;0.17307926714420319
0.5076907873153687;0.17359492182731628
0.5086470246315002;0.17806661128997803
0.5097694396972656;0.1714421808719635
0.5071457624435425;0.1729433238506317
0.5181149840354919;0.17348536849021912
0.5084294080734253;0.17425112426280975
0.5026577711105347;0.17121124267578125
0.5138898491859436;0.17316590249538422
0.5022522211074829;0.17156200110912323
0.5067386627197266;0.17117971181869507
0.5065962076187134;0.17141927778720856
0.5028034448623657;0.17103023827075958
0.5119657516479492;0.17561927437782288
0.5114014148712158;0.17221558094024658
0.5073791146278381;0.17081494629383087
0.5076841115951538;0.17316123843193054
0.5027461647987366;0.1730135977268219
0.5051479339599609;0.1708877980709076
0.5068405866622925;0.17351804673671722
0.5105615854263306;0.17381691932678223
0.5033617615699768;0.17026112973690033
0.5044016242027283;0.1722099781036377
0.5009602308273315;0.1711200475692749
0.5147890448570251;0.17629876732826233
0.505703330039978;0.1744306981563568
0.5074244737625122;0.17332378029823303
0.5102959871292114;0.17202065885066986
0.507252037525177;0.17263008654117584
0.5053335428237915;0.17170146107673645
0.5142054557800293;0.17291224002838135
0.5156750679016113;0.1746712327003479
0.500697135925293;0.16952300071716309
0.5158286094665527;0.17475050687789917
0.5070649981498718;0.1731315702199936
0.5035699605941772;0.17140786349773407
0.5112349987030029;0.17100094258785248
0.507914125919342;0.17244204878807068
0.4986330270767212;0.17192155122756958
0.5036895275115967;0.17252923548221588
0.5092931389808655;0.1715993583202362
0.5105417370796204;0.17264552414417267
0.5161479115486145;0.17412853240966797
0.5106799006462097;0.17333988845348358
0.5029129981994629;0.17357566952705383
0.5072988867759705;0.17052549123764038
0.512019693851471;0.17411217093467712
0.5032107830047607;0.17213651537895203
0.5076366662979126;0.17330406606197357
0.510302722454071;0.1721997708082199
0.5053589940071106;0.17297010123729706
0.5070571899414062;0.17355667054653168
0.5058724880218506;0.17076997458934784
0.5080251693725586;0.1741182804107666
0.5108985900878906;0.17173847556114197
0.503962516784668;0.1705610454082489
0.5034982562065125;0.1730540543794632
0.509343147277832;0.1740594357252121
0.5100651979446411;0.1751285046339035
0.5150434970855713;0.17921267449855804
0.5138453841209412;0.17431329190731049
0.5042117834091187;0.17361602187156677
0.5165464282035828;0.1756216287612915
0.5121346712112427;0.1721002161502838
0.5042288303375244;0.1739593893289566
0.5022636651992798;0.17199602723121643
0.5094196200370789;0.17525511980056763
0.5124941468238831;0.1756146103143692
0.5054185390472412;0.1712167114019394
0.5020852088928223;0.17380347847938538
0.49818822741508484;0.17131216824054718
0.5112506747245789;0.17474113404750824
0.5020767450332642;0.171173557639122
0.5097019076347351;0.17281533777713776
0.5032258629798889;0.17244191467761993
0.5020227432250977;0.17013686895370483
0.5132631063461304;0.17219248414039612
0.5014235973358154;0.1718006134033203
0.5070406794548035;0.1714993715286255
0.512866735458374;0.17363326251506805
0.5039287805557251;0.17240533232688904
0.5055010318756104;0.17186349630355835
0.5104933977127075;0.1746481955051422
0.5136996507644653;0.17400026321411133
0.509885311126709;0.1736881285905838
0.5045640468597412;0.17255939543247223
0.5092039108276367;0.17344480752944946
0.5033127665519714;0.17138387262821198
0.508425772190094;0.17481569945812225
0.5080690383911133;0.17142647504806519
0.5005077123641968;0.1704699546098709
0.5133257508277893;0.17538982629776
0.49851053953170776;0.17064356803894043
0.5087836980819702;0.17234361171722412
0.5142892003059387;0.17407402396202087
0.5027865767478943;0.17257298529148102
0.5182849168777466;0.17712737619876862
0.5095208883285522;0.17455029487609863
0.5066910982131958;0.17200472950935364
0.5082793235778809;0.1717686802148819
0.507987380027771;0.17553496360778809
0.5070362687110901;0.1740914136171341
0.5080175399780273;0.17221644520759583
0.501812219619751;0.17150188982486725
0.5143814086914062;0.17483417689800262
0.5087260007858276;0.17464900016784668
0.5041980147361755;0.17185133695602417
0.5110186338424683;0.17354878783226013
0.5129436254501343;0.1754409670829773
0.5047512054443359;0.170775905251503
0.5076280236244202;0.1722617894411087
0.500569760799408;0.17074720561504364
0.512133002281189;0.1736810803413391
0.5097213983535767;0.17306315898895264
0.5129135251045227;0.17309784889221191
0.5181025266647339;0.1767527461051941
0.5072160363197327;0.17202389240264893
0.4983149766921997;0.174776092171669
0.5057340860366821;0.17430461943149567
0.5026891827583313;0.17177936434745789
0.5135871767997742;0.17633585631847382
0.512760579586029;0.17474886775016785
0.511164665222168;0.17467640340328217
0.5083185434341431;0.17492477595806122
0.5028989315032959;0.17171737551689148
0.5067005753517151;0.17156249284744263
0.5052806735038757;0.17253738641738892
0.5046045780181885;0.1731126755475998
0.5168961882591248;0.1731230914592743
0.5054717659950256;0.17485955357551575
0.5100375413894653;0.17311233282089233
0.5057324171066284;0.1724301427602768
0.5048836469650269;0.17234165966510773
0.507197380065918;0.1711796522140503
0.5004355907440186;0.17254258692264557
0.5006105899810791;0.17431853711605072
0.5119239091873169;0.17415545880794525
0.506432831287384;0.1755022555589676
0.5163151621818542;0.17819704115390778
0.5043758153915405;0.17726385593414307
0.5160497426986694;0.17466619610786438
0.5069879293441772;0.1715744435787201
0.5026437044143677;0.17272475361824036
0.5096723437309265;0.17416033148765564
0.5076355338096619;0.1729394495487213
0.5028335452079773;0.17312410473823547
0.5114967226982117;0.17354869842529297
0.5069779753684998;0.17471833527088165
0.5035120844841003;0.17070361971855164
0.5072542428970337;0.17556573450565338
0.5089781880378723;0.173794686794281
0.4982539713382721;0.17282643914222717
0.5081691741943359;0.17217224836349487
0.5035593509674072;0.17111492156982422
0.5094441175460815;0.17671260237693787
0.5046783685684204;0.17515555024147034
0.510277509689331;0.17398366332054138
0.5066578984260559;0.17201735079288483
0.513009786605835;0.17429158091545105
0.49953722953796387;0.17103073000907898
0.5112544298171997;0.1733611524105072
0.5195935964584351;0.17482036352157593
0.5057135224342346;0.17249485850334167
0.5043639540672302;0.170437753200531
0.5025810599327087;0.17046287655830383
0.5114632844924927;0.17629194259643555
0.5055800080299377;0.17113570868968964
0.511741042137146;0.1748429387807846
0.5127150416374207;0.1771089881658554
0.5181474685668945;0.17786069214344025
0.5107396245002747;0.1722683310508728
0.510290265083313;0.1747334748506546
0.5071942806243896;0.17117412388324738
0.5107681751251221;0.17255127429962158
0.5054177641868591;0.17325271666049957
0.5010749101638794;0.17251358926296234
0.5075617432594299;0.1754096895456314
0.5008810758590698;0.17462988197803497
0.5127009749412537;0.17419208586215973
0.5088341236114502;0.17236770689487457
0.5074431300163269;0.1746240109205246
0.5080852508544922;0.17197540402412415
0.509022057056427;0.1748260110616684
0.49843886494636536;0.17051616311073303
0.5073826909065247;0.1704900562763214
0.5121071934700012;0.17539145052433014
0.5089570879936218;0.17252330482006073
0.5049704313278198;0.17312097549438477
0.5104477405548096;0.17202910780906677
0.5114398002624512;0.17461003363132477
0.510017991065979;0.17316493391990662
0.5091512799263;0.17297327518463135
0.5025713443756104;0.17414160072803497
0.5065513849258423;0.17325319349765778
0.5086103081703186;0.17569996416568756
0.5036474466323853;0.17264948785305023
0.5083111524581909;0.17238470911979675
0.508991539478302;0.172694131731987
0.5110622644424438;0.174190953373909
0.510782778263092;0.17411866784095764
0.502515435218811;0.17203187942504883
0.5057675838470459;0.17275337874889374
0.5138589143753052;0.17639443278312683
0.5084903836250305;0.17517679929733276
0.5127972364425659;0.1724839210510254
0.5113525390625;0.1753486543893814
0.5105850696563721;0.17394620180130005
0.5069030523300171;0.1728610396385193
0.5117582082748413;0.17288529872894287
0.502798318862915;0.17245548963546753
0.5073336362838745;0.17211110889911652
0.5061425566673279;0.17465141415596008
0.5112855434417725;0.17507044970989227
0.5029374957084656;0.1741582602262497
0.5110652446746826;0.17545759677886963
0.5113471746444702;0.17490461468696594
0.5125415325164795;0.1736028641462326
0.5085408687591553;0.17225006222724915
0.5029493570327759;0.17242830991744995
0.520781934261322;0.1748126745223999
0.5079321265220642;0.1735113114118576
0.5063533782958984;0.17230848968029022
0.5080918073654175;0.17330814898014069
0.5109941959381104;0.17416152358055115
0.5062956809997559;0.17356504499912262
0.5082539916038513;0.17267882823944092
0.5092318058013916;0.1763572245836258
0.5145857930183411;0.1783187836408615
0.5129850506782532;0.17656651139259338
0.4989871382713318;0.17313788831233978
0.5127080678939819;0.1754610240459442
0.5190972685813904;0.17665956914424896
0.5060586333274841;0.17339560389518738
0.5015674829483032;0.17336156964302063
0.5111851692199707;0.17357352375984192
0.5070264339447021;0.1738121509552002
0.5053502321243286;0.1729739010334015
0.5155402421951294;0.17586417496204376
0.5161851644515991;0.17531602084636688
0.5161462426185608;0.17603278160095215
0.5087337493896484;0.1737900674343109
0.5171510577201843;0.17695826292037964
0.5156161785125732;0.1760849803686142
0.5034608840942383;0.16950781643390656
0.4983624219894409;0.17181022465229034
0.505430281162262;0.17318975925445557
0.5119296908378601;0.17545032501220703
0.5118879079818726;0.17468960583209991
0.5024822950363159;0.1733197420835495
0.5131566524505615;0.1770266592502594
0.5096963047981262;0.17169679701328278
0.5094013214111328;0.17497199773788452
0.5121351480484009;0.17726825177669525
0.5058161616325378;0.17393019795417786
0.5113649368286133;0.1756899207830429
0.5161787271499634;0.17619508504867554
0.5092587471008301;0.17512555420398712
0.5103555917739868;0.17658847570419312
0.5050704479217529;0.17392760515213013
0.514644205570221;0.1724551022052765
0.5084403157234192;0.17420633137226105
0.5043308138847351;0.1764208972454071
0.5134595632553101;0.17517952620983124
0.5097109079360962;0.17255276441574097
0.5024952292442322;0.17511220276355743
0.5158480405807495;0.1760382354259491
0.5117541551589966;0.17688773572444916
0.5122650265693665;0.17286106944084167
0.5052499771118164;0.17468956112861633
0.506237804889679;0.17308542132377625
0.5145946741104126;0.17455914616584778
0.5150610208511353;0.1728120744228363
0.5063048005104065;0.1728513240814209
0.50595623254776;0.17372505366802216
0.5101461410522461;0.17482765018939972
0.5162674784660339;0.17826226353645325
0.5127502083778381;0.17418721318244934
0.5114836692810059;0.1768072247505188
0.509687602519989;0.173383429646492
0.502357006072998;0.17182667553424835
0.5011667609214783;0.1711069941520691
0.505507230758667;0.17182576656341553
0.5075400471687317;0.1743878275156021
0.5082017183303833;0.17263028025627136
0.498080313205719;0.1709771603345871
0.510437548160553;0.17193961143493652
0.5113263726234436;0.17622655630111694
0.5058778524398804;0.17373187839984894
0.5140892267227173;0.17430713772773743
0.5141642093658447;0.17746329307556152
0.5148712396621704;0.17658884823322296
0.5095821619033813;0.17575441300868988
0.5039077997207642;0.1734021008014679
0.5121616125106812;0.1768348664045334
0.505394697189331;0.17456017434597015
0.5083959102630615;0.1741722822189331
0.5141714215278625;0.17556330561637878
0.5091707706451416;0.17224353551864624
0.5083143711090088;0.17391778528690338
0.5112168788909912;0.17345978319644928
0.5087476372718811;0.17311210930347443
0.5107654333114624;0.17368410527706146
0.5170894265174866;0.177750825881958
0.5085597634315491;0.17391633987426758
0.5070975422859192;0.17496821284294128
0.5085140466690063;0.17593881487846375
0.5026551485061646;0.17526288330554962
0.5122078657150269;0.17318323254585266
0.5093867778778076;0.17507615685462952
0.5043506026268005;0.17100021243095398
0.5136126279830933;0.17344190180301666
0.5069827437400818;0.17306482791900635
0.5103123188018799;0.1744985282421112
0.5043597221374512;0.17209114134311676
0.5083417892456055;0.17367228865623474
0.5075822472572327;0.1743253618478775
0.49922260642051697;0.17187441885471344
0.51253741979599;0.17509512603282928
0.5073503255844116;0.17234374582767487
0.5078737139701843;0.1747661828994751
0.5078177452087402;0.17392247915267944
0.5033153295516968;0.1703403741121292
0.5055216550827026;0.17176920175552368
0.5137409567832947;0.17733323574066162
0.506007969379425;0.17416682839393616
0.5051270127296448;0.17268040776252747
0.5094506740570068;0.17209699749946594
0.5134584903717041;0.17576299607753754
0.5130572319030762;0.1738608330488205
0.5201499462127686;0.17489635944366455
0.5065852999687195;0.17232906818389893
0.5137146711349487;0.17861080169677734
0.5029048919677734;0.1732761412858963
0.5116890668869019;0.174590602517128
0.4972665309906006;0.17261648178100586
0.5135549306869507;0.17471745610237122
0.5025985240936279;0.17262481153011322
0.5079621076583862;0.17180871963500977
0.5086647272109985;0.1724984049797058
0.5028893351554871;0.17272287607192993
0.5097406506538391;0.17241665720939636
0.5117393136024475;0.17265939712524414
0.5068455338478088;0.17609328031539917
0.5103745460510254;0.1748015284538269
0.5154919624328613;0.17364753782749176
0.5137650966644287;0.17676696181297302
