TV;KL
1.9999560117721558;14.604586601257324
1.7627702951431274;9.678842544555664
1.5765321254730225;7.643219470977783
1.5207037925720215;6.968587398529053
1.4750360250473022;6.558795928955078
1.4447627067565918;6.323591232299805
1.407928228378296;6.14582633972168
1.4270403385162354;6.373847961425781
1.423470377922058;6.196235656738281
1.4001493453979492;6.236185550689697
1.408742904663086;6.430652141571045
1.4214367866516113;6.519440650939941
1.4203810691833496;6.554782867431641
1.4198988676071167;6.610637664794922
1.4211409091949463;6.54354190826416
1.4168660640716553;6.492447853088379
1.4266916513442993;6.603619575500488
1.424190640449524;6.528904914855957
1.4345659017562866;6.621971130371094
1.417502760887146;6.460809707641602
1.4011332988739014;6.474434852600098
1.4117707014083862;6.43993616104126
1.424641728401184;6.358551025390625
1.4287776947021484;6.37032413482666
1.3984488248825073;6.2040863037109375
1.402890920639038;6.188236713409424
1.4108164310455322;6.060179233551025
1.4030072689056396;5.914091110229492
1.404849886894226;5.880881309509277
1.4060442447662354;5.796499252319336
1.4074887037277222;5.675625801086426
1.405497431755066;5.668406009674072
1.3858623504638672;5.39129638671875
1.3570939302444458;5.280791282653809
1.361844539642334;5.191832542419434
1.3773069381713867;5.120461463928223
1.3487389087677002;4.974967002868652
1.347621202468872;4.882068634033203
1.3511968851089478;4.81270694732666
1.3026978969573975;4.535128116607666
1.2886854410171509;4.470821380615234
1.306593656539917;4.3603668212890625
1.2856827974319458;4.264074802398682
1.2882254123687744;4.156173229217529
1.2718760967254639;4.000575542449951
1.276134967803955;4.009044170379639
1.2552220821380615;3.892589569091797
1.2578105926513672;3.81162691116333
1.2465169429779053;3.644226551055908
1.247750163078308;3.562671184539795
1.2427537441253662;3.4428763389587402
1.232039451599121;3.385435104370117
1.2114062309265137;3.3354411125183105
1.200453281402588;3.1770105361938477
1.1968023777008057;3.0477101802825928
1.1796021461486816;3.0388002395629883
1.1706700325012207;2.9489197731018066
1.1649343967437744;2.8669567108154297
1.1440749168395996;2.793544054031372
1.1548837423324585;2.807335376739502
1.1536600589752197;2.7062196731567383
1.1362630128860474;2.6120150089263916
1.1276286840438843;2.5796613693237305
1.1334505081176758;2.524533271789551
1.1172910928726196;2.434037685394287
1.0982961654663086;2.367828130722046
1.0841530561447144;2.2855520248413086
1.0852551460266113;2.2212045192718506
1.0772905349731445;2.176011085510254
1.0708069801330566;2.0898563861846924
1.0578759908676147;2.0926597118377686
1.0441343784332275;2.0076117515563965
1.0307831764221191;1.9348822832107544
1.0301446914672852;1.8921818733215332
1.0256094932556152;1.8482933044433594
1.036873698234558;1.8735883235931396
1.0152419805526733;1.8274999856948853
0.9959219694137573;1.7126622200012207
0.9982705116271973;1.6373703479766846
0.9908980131149292;1.6857637166976929
0.9929037094116211;1.6566592454910278
0.9617341756820679;1.5469920635223389
0.9466886520385742;1.5031778812408447
0.9511702060699463;1.505902647972107
0.9360222816467285;1.4328405857086182
0.9242408871650696;1.371287226676941
0.9203699231147766;1.3776651620864868
0.922755777835846;1.3478626012802124
0.9271205067634583;1.3485188484191895
0.9082872867584229;1.2869248390197754
0.8870242238044739;1.244896411895752
0.8871073722839355;1.1881093978881836
0.8758832812309265;1.173271656036377
0.8704650402069092;1.1719250679016113
0.8522448539733887;1.0857988595962524
0.8584522604942322;1.101645588874817
0.8414397239685059;1.0783398151397705
0.8409826755523682;1.0241562128067017
0.85788893699646;1.1074731349945068
0.8303524851799011;0.9900887608528137
0.8359337449073792;1.0071120262145996
0.8275530338287354;1.0090776681900024
0.8156723976135254;0.9209019541740417
0.7912622094154358;0.8909478783607483
0.8043903708457947;0.905106246471405
0.7823308706283569;0.8623429536819458
0.7929864525794983;0.9052914381027222
0.7686503529548645;0.818159818649292
0.766855776309967;0.8044970631599426
0.756466269493103;0.7839204668998718
0.7503823041915894;0.7592480778694153
0.7629370093345642;0.7956103682518005
0.764738142490387;0.7758957147598267
0.7339282035827637;0.7167606949806213
0.722140908241272;0.7025067806243896
0.7221993803977966;0.688514769077301
0.7231253385543823;0.6669908761978149
0.7253282070159912;0.6636515259742737
0.7011016607284546;0.6488975286483765
0.7056382894515991;0.6207864880561829
0.68967604637146;0.5890167355537415
0.6889182329177856;0.62223219871521
0.6874840259552002;0.6059937477111816
0.6767077445983887;0.5990240573883057
0.6710841059684753;0.5796912908554077
0.6564638018608093;0.5565661191940308
0.6399012207984924;0.535765528678894
0.6518192887306213;0.5191223621368408
0.6551856994628906;0.5162036418914795
0.6666353344917297;0.5153972506523132
0.6377254724502563;0.501470685005188
0.6441004872322083;0.5052248239517212
0.6177803874015808;0.4599534273147583
0.6291806101799011;0.48293936252593994
0.6099014282226562;0.45165082812309265
0.5999559164047241;0.437295526266098
0.609584629535675;0.4552570879459381
0.5880181193351746;0.4045298397541046
0.5961773991584778;0.41260483860969543
0.5981008410453796;0.42549896240234375
0.5864086747169495;0.39927569031715393
0.5675716996192932;0.39485234022140503
0.5815020799636841;0.4074641466140747
0.5653966069221497;0.3563775420188904
0.5356303453445435;0.35655826330184937
0.5597543716430664;0.3799664080142975
0.5684982538223267;0.35651031136512756
0.5414104461669922;0.3336915969848633
0.5607331991195679;0.3479987680912018
0.556718647480011;0.3399370014667511
0.5393173694610596;0.32178741693496704
0.5222070217132568;0.31032514572143555
0.5311532020568848;0.301901251077652
0.5252919793128967;0.2878156900405884
0.5140194296836853;0.28715142607688904
0.4913521409034729;0.2764540910720825
0.5011791586875916;0.2756088674068451
0.5083564519882202;0.27964603900909424
0.49790701270103455;0.2705725133419037
0.4977453947067261;0.267985075712204
0.4786189794540405;0.25182488560676575
0.4664418399333954;0.24315032362937927
0.4876018166542053;0.2570928633213043
0.4771921932697296;0.24089276790618896
0.48073482513427734;0.25346338748931885
0.44116970896720886;0.23126640915870667
0.45096635818481445;0.21682147681713104
0.47999587655067444;0.24692568182945251
0.45037296414375305;0.22548268735408783
0.45089370012283325;0.20406204462051392
0.44311079382896423;0.2123098224401474
0.4466054439544678;0.21855559945106506
0.4373369812965393;0.19857846200466156
0.4356788396835327;0.19917885959148407
0.43445828557014465;0.20348620414733887
0.42794519662857056;0.19209350645542145
0.4120508134365082;0.17207041382789612
0.43326759338378906;0.18960914015769958
0.41202351450920105;0.17781417071819305
0.41953688859939575;0.1684507429599762
0.3947852551937103;0.16532756388187408
0.4124429225921631;0.1731787621974945
0.39579907059669495;0.15954965353012085
0.4006209969520569;0.1634610891342163
0.3971690535545349;0.1639128029346466
0.3893234431743622;0.15474486351013184
0.391424298286438;0.15141265094280243
0.3833898603916168;0.142713725566864
0.3871232867240906;0.15654465556144714
0.3859487771987915;0.14088740944862366
0.38263869285583496;0.1515892744064331
0.3863375782966614;0.14378580451011658
0.3698761463165283;0.13534410297870636
0.3711206912994385;0.13495242595672607
0.36097896099090576;0.12565521895885468
0.37792307138442993;0.13351398706436157
0.3857507109642029;0.1445162296295166
0.37944358587265015;0.14046749472618103
0.357601523399353;0.13311436772346497
0.35411110520362854;0.12454979121685028
0.36086469888687134;0.12310472875833511
0.3531249463558197;0.12392439693212509
0.33805185556411743;0.11009995639324188
0.32308802008628845;0.1055012196302414
0.3541770577430725;0.11790446937084198
0.34661638736724854;0.11747440695762634
0.34739023447036743;0.1132306382060051
0.3381895422935486;0.11119305342435837
0.34351158142089844;0.10610568523406982
0.33429935574531555;0.1191970705986023
0.3204166889190674;0.10337051004171371
0.34219780564308167;0.10971018671989441
0.3256526291370392;0.10100983083248138
0.3368375897407532;0.10311956703662872
0.31630510091781616;0.09484124928712845
0.3353258967399597;0.11046051234006882
0.2977831959724426;0.08704610913991928
0.31574925780296326;0.09097858518362045
0.3082394301891327;0.08433540165424347
0.30975341796875;0.08442428708076477
0.3245546519756317;0.09270501136779785
0.3082420527935028;0.09181514382362366
0.3031742572784424;0.08581079542636871
0.3071642518043518;0.08360842615365982
0.3031691908836365;0.08382867276668549
0.3014848828315735;0.07879625260829926
0.30386364459991455;0.08291192352771759
0.29584455490112305;0.0813295915722847
0.2814924120903015;0.07542790472507477
0.275481641292572;0.07326941937208176
0.2885660231113434;0.0723675861954689
0.3013424873352051;0.0778355523943901
0.29528334736824036;0.07257124036550522
0.27253541350364685;0.06798411160707474
0.27243465185165405;0.07132630050182343
0.2763102948665619;0.06821340322494507
0.279723197221756;0.07032385468482971
0.27934515476226807;0.07112573087215424
0.2759299576282501;0.07287360727787018
0.28210967779159546;0.07624334841966629
0.259633868932724;0.06239728629589081
0.2666316032409668;0.06439895927906036
0.2713724970817566;0.06685185432434082
0.2599043846130371;0.06217008829116821
0.2724250853061676;0.0643489807844162
0.2805761396884918;0.06807766854763031
0.28065529465675354;0.0706937238574028
0.2606845498085022;0.058833636343479156
0.281203031539917;0.06811871379613876
0.26578837633132935;0.06465648114681244
0.27322298288345337;0.06469190120697021
0.25031328201293945;0.056207314133644104
0.25013604760169983;0.0561833530664444
0.2663217782974243;0.0634305477142334
0.24553164839744568;0.05360841751098633
0.2670745849609375;0.06047413498163223
0.24664512276649475;0.05622977018356323
0.2657317519187927;0.0633215680718422
0.24959641695022583;0.05186242610216141
0.25341954827308655;0.05461733788251877
0.23369663953781128;0.04902123659849167
0.23856541514396667;0.05365733057260513
0.25241678953170776;0.05074280500411987
0.23464524745941162;0.057159729301929474
0.24452874064445496;0.04994688928127289
0.23677057027816772;0.04827897250652313
0.2382906973361969;0.04723333567380905
0.23896729946136475;0.046027280390262604
0.23497964441776276;0.04927482455968857
0.25728487968444824;0.05381029099225998
0.24148616194725037;0.0488615483045578
0.23795735836029053;0.04772806912660599
0.23718586564064026;0.04848398268222809
0.22945380210876465;0.04491706192493439
0.22034835815429688;0.0430351123213768
0.2217833697795868;0.04302551597356796
0.23866873979568481;0.049436092376708984
0.23359635472297668;0.04838407039642334
0.23626300692558289;0.04680214077234268
0.22229056060314178;0.04539477825164795
0.22426116466522217;0.04457511752843857
0.22105756402015686;0.03949476778507233
0.21717393398284912;0.040047354996204376
0.2273314893245697;0.04334523528814316
0.21856726706027985;0.04273019731044769
0.23651227355003357;0.05264389514923096
0.22767874598503113;0.045611537992954254
0.2290979027748108;0.04529397934675217
0.23189690709114075;0.04453520476818085
0.22746840119361877;0.041976042091846466
0.2172456681728363;0.040038131177425385
0.22235095500946045;0.04368681460618973
0.22630739212036133;0.04208219051361084
0.21214525401592255;0.03803842514753342
0.22696682810783386;0.044643908739089966
0.21379993855953217;0.039517343044281006
0.23420414328575134;0.04359602928161621
0.21823716163635254;0.037942610681056976
0.2120860368013382;0.03787471354007721
0.21536043286323547;0.03838083893060684
0.21252712607383728;0.03526385873556137
0.21158722043037415;0.038401082158088684
0.22475969791412354;0.039399631321430206
0.2075289785861969;0.03748256713151932
0.21346747875213623;0.03412172198295593
0.22310632467269897;0.04152649641036987
0.2257693111896515;0.04352589696645737
0.2163660079240799;0.039232611656188965
0.20917342603206635;0.038033924996852875
0.2135603427886963;0.03604612499475479
0.19657005369663239;0.034736379981040955
0.21160241961479187;0.03640265017747879
0.19681143760681152;0.03272922337055206
0.20893029868602753;0.03380314260721207
0.20052817463874817;0.03640460968017578
0.20609188079833984;0.03618130087852478
0.2029542326927185;0.03581088036298752
0.2031603455543518;0.033004000782966614
0.21279527246952057;0.032963402569293976
0.21410834789276123;0.03399479389190674
0.195268452167511;0.031199581921100616
0.19492357969284058;0.03076472133398056
0.21451297402381897;0.03673852980136871
0.2091427594423294;0.03322938084602356
0.22111019492149353;0.036752648651599884
0.19304656982421875;0.03305627405643463
0.20679724216461182;0.032662808895111084
0.19937407970428467;0.03468148410320282
0.20794932544231415;0.03422483801841736
0.21666353940963745;0.035956062376499176
0.20218630135059357;0.033221520483493805
0.19781017303466797;0.03276506066322327
0.22146111726760864;0.03987056016921997
0.2001754641532898;0.032287172973155975
0.21335390210151672;0.03609862178564072
0.20455054938793182;0.035847052931785583
0.21067774295806885;0.036020852625370026
0.19795837998390198;0.031339772045612335
0.19468297064304352;0.030498571693897247
0.19732995331287384;0.03160998970270157
0.1926160454750061;0.03112093359231949
0.2022448629140854;0.03455503284931183
0.1818246841430664;0.027094058692455292
0.21015819907188416;0.03650081902742386
0.20523664355278015;0.032667189836502075
0.1983499825000763;0.03342233598232269
0.2062075287103653;0.03530459851026535
0.19289222359657288;0.030634604394435883
0.19034770131111145;0.029117166996002197
0.18237802386283875;0.028642818331718445
0.19177448749542236;0.032140105962753296
0.2061905413866043;0.034992486238479614
0.18864408135414124;0.02987740933895111
0.19554376602172852;0.0313018262386322
0.20199385285377502;0.03466755896806717
0.20062243938446045;0.03360825777053833
0.19924546778202057;0.033962056040763855
0.1925574392080307;0.033008456230163574
0.19045878946781158;0.03108537197113037
0.1945679634809494;0.028215810656547546
0.20105350017547607;0.030184365808963776
0.21196749806404114;0.03668145835399628
0.19448330998420715;0.030999690294265747
0.19377726316452026;0.028970107436180115
0.1949431598186493;0.03261108696460724
0.1972772181034088;0.03063112497329712
0.19546189904212952;0.034249790012836456
0.18788111209869385;0.02798769623041153
0.19201689958572388;0.030795909464359283
0.19624856114387512;0.03350752592086792
0.19472752511501312;0.03235752880573273
0.20272384583950043;0.03325551003217697
0.18733327090740204;0.030389100313186646
0.20188388228416443;0.03346773236989975
0.190521702170372;0.031187288463115692
0.18432146310806274;0.028173357248306274
0.20452654361724854;0.03377312421798706
0.19684040546417236;0.03127239644527435
0.20657771825790405;0.03157027065753937
0.19998951256275177;0.03231670707464218
0.18937140703201294;0.03218679130077362
0.197515070438385;0.031723372638225555
0.20206445455551147;0.03344135731458664
0.192998468875885;0.030432961881160736
0.20571249723434448;0.032933928072452545
0.17838695645332336;0.02518625557422638
0.20760323107242584;0.03383217751979828
0.19322705268859863;0.03031338006258011
0.19139543175697327;0.03017791360616684
0.19909536838531494;0.03553760051727295
0.19506201148033142;0.03164414316415787
0.19155947864055634;0.030685223639011383
0.20100784301757812;0.031097911298274994
0.19988080859184265;0.031041547656059265
0.18864183127880096;0.028333812952041626
0.19358153641223907;0.03071974217891693
0.18697252869606018;0.03006930649280548
0.1941528618335724;0.031070835888385773
0.18931365013122559;0.03146757185459137
0.206013023853302;0.03406032174825668
0.18906018137931824;0.028884418308734894
0.18735039234161377;0.027909167110919952
0.19157832860946655;0.03206492215394974
0.19334815442562103;0.031019210815429688
0.19876348972320557;0.029874972999095917
0.17784984409809113;0.02490200847387314
0.19599585235118866;0.032260261476039886
0.19144606590270996;0.030006438493728638
0.18526965379714966;0.02915109694004059
0.18940342962741852;0.02929668128490448
0.18440404534339905;0.029217950999736786
0.20508769154548645;0.03153108060359955
0.18803256750106812;0.030341029167175293
0.19383403658866882;0.03007509559392929
0.1932784616947174;0.032865554094314575
0.2009992003440857;0.03257536143064499
0.19021108746528625;0.02995675802230835
0.1880900114774704;0.02947210520505905
0.1899041384458542;0.02766772359609604
0.18911033868789673;0.02828129380941391
0.18915459513664246;0.026894263923168182
0.19132396578788757;0.030440688133239746
0.18946468830108643;0.02878652513027191
0.19320295751094818;0.02968640625476837
0.19079969823360443;0.02889615297317505
0.19488221406936646;0.030098453164100647
0.17685043811798096;0.027066856622695923
0.18967534601688385;0.031167633831501007
0.19229626655578613;0.02814650535583496
0.18972136080265045;0.02864973247051239
0.19380666315555573;0.029405787587165833
0.19405244290828705;0.02948232740163803
0.19181695580482483;0.03130006045103073
0.20075121521949768;0.03288581222295761
0.18766069412231445;0.0270785391330719
0.18390384316444397;0.02829403430223465
0.1901475191116333;0.029932305216789246
0.1838558316230774;0.027382761240005493
0.1959334760904312;0.029322616755962372
0.190654456615448;0.028961271047592163
0.19737355411052704;0.03209734708070755
0.1891147792339325;0.030632317066192627
0.19646260142326355;0.031363800168037415
0.19798687100410461;0.028889507055282593
0.1878814399242401;0.031442709267139435
0.18434247374534607;0.029398955404758453
0.19540226459503174;0.029099293053150177
0.19460852444171906;0.030598118901252747
0.19025732576847076;0.026949264109134674
0.19221682846546173;0.02913227677345276
0.1884671449661255;0.029175937175750732
0.190538227558136;0.029620744287967682
0.2073042392730713;0.03139175474643707
0.17971587181091309;0.026740379631519318
0.187406986951828;0.03110673278570175
0.19133895635604858;0.029326945543289185
0.1848856806755066;0.028787121176719666
0.19280964136123657;0.02861981838941574
0.19247111678123474;0.028205648064613342
0.19419518113136292;0.030032113194465637
0.17935824394226074;0.026809625327587128
0.18841034173965454;0.02778252214193344
0.18976715207099915;0.029354237020015717
0.19111749529838562;0.030081145465373993
0.18161049485206604;0.02475985884666443
0.1958831250667572;0.029285110533237457
0.18933221697807312;0.03039798140525818
0.18330000340938568;0.03014252334833145
0.19690121710300446;0.03021598607301712
0.1914512813091278;0.02874341607093811
0.18628263473510742;0.02793058007955551
0.1954028308391571;0.029243104159832
0.20216107368469238;0.03260427713394165
0.1907937228679657;0.029728837311267853
0.20192572474479675;0.032067254185676575
0.1867624819278717;0.0271608829498291
0.1817997843027115;0.02569783478975296
0.186754047870636;0.029166944324970245
0.20038041472434998;0.03132473677396774
0.18387453258037567;0.026079446077346802
0.18175381422042847;0.03000076860189438
0.1948886662721634;0.028882421553134918
0.1926189512014389;0.030671611428260803
0.1912095844745636;0.02898649126291275
0.2038273811340332;0.033951155841350555
0.18489885330200195;0.02555447816848755
0.1936337649822235;0.033926159143447876
0.1936330497264862;0.028706885874271393
0.18525457382202148;0.026474498212337494
0.19138148427009583;0.02804071456193924
0.19323912262916565;0.029230207204818726
0.18062597513198853;0.026934072375297546
0.19870635867118835;0.030477315187454224
0.19243736565113068;0.028454728424549103
0.19093379378318787;0.029202930629253387
0.1812744140625;0.02659159153699875
0.19893291592597961;0.030936740338802338
0.18872696161270142;0.02940279245376587
0.19239653646945953;0.03047933429479599
0.1824910044670105;0.027192287147045135
0.17598065733909607;0.026332683861255646
0.19718119502067566;0.03263898193836212
0.1904708743095398;0.029947206377983093
0.18298383057117462;0.025500819087028503
0.19648760557174683;0.030361726880073547
0.18306711316108704;0.028037019073963165
0.18305309116840363;0.02757231891155243
0.18929167091846466;0.0282575786113739
0.1846718192100525;0.028196126222610474
0.18466384708881378;0.028811946511268616
0.2041492462158203;0.031160391867160797
0.18114244937896729;0.028272688388824463
0.19421905279159546;0.02875114232301712
0.19379767775535583;0.029705271124839783
0.18480423092842102;0.027272149920463562
0.19519297778606415;0.030603505671024323
0.19282673299312592;0.02976500242948532
0.18913277983665466;0.02908281236886978
0.1869920790195465;0.028954409062862396
0.1952017843723297;0.029440507292747498
0.1927836537361145;0.03113195300102234
0.19040030241012573;0.027729958295822144
0.1931404024362564;0.02975182980298996
0.1845865249633789;0.027373164892196655
0.18355946242809296;0.029398299753665924
0.18426614999771118;0.027019165456295013
0.19996565580368042;0.03180810064077377
0.20235352218151093;0.032819196581840515
0.1876169741153717;0.028642602264881134
0.1890193223953247;0.030314847826957703
0.1891648769378662;0.027989506721496582
0.18685363233089447;0.029013022780418396
0.20473967492580414;0.03019702434539795
0.18430833518505096;0.029686808586120605
0.1903197169303894;0.026683785021305084
0.1863836944103241;0.02776656299829483
0.20524074137210846;0.03208740055561066
0.19712409377098083;0.031693629920482635
0.1910691261291504;0.029167741537094116
0.1912469118833542;0.028159499168395996
0.18550238013267517;0.029404662549495697
0.19095192849636078;0.03024657815694809
0.19098657369613647;0.030230194330215454
0.18665999174118042;0.026355743408203125
0.1875428408384323;0.027702942490577698
0.18554987013339996;0.02890704572200775
0.19491147994995117;0.030499212443828583
0.19008749723434448;0.028820857405662537
0.19740226864814758;0.03294352442026138
0.17931386828422546;0.02638337016105652
0.18882624804973602;0.03082866221666336
0.18352964520454407;0.027163632214069366
0.19447028636932373;0.02896648645401001
0.18997544050216675;0.029501929879188538
0.1895226091146469;0.026931032538414
0.18449750542640686;0.027251102030277252
0.18731701374053955;0.031023919582366943
0.17708715796470642;0.025867067277431488
0.1835351437330246;0.029045790433883667
0.1947624385356903;0.030152373015880585
0.18910275399684906;0.0312528982758522
0.1801152527332306;0.02932140976190567
0.18140548467636108;0.026619940996170044
0.1926616132259369;0.027491308748722076
0.19199351966381073;0.0313069224357605
0.19316354393959045;0.02911769598722458
0.18869519233703613;0.028675377368927002
0.18155784904956818;0.027215443551540375
0.18118563294410706;0.026096075773239136
0.1903781145811081;0.028755098581314087
0.19041042029857635;0.029844962060451508
0.19272026419639587;0.028520286083221436
0.18879187107086182;0.029320575296878815
0.1955578774213791;0.03169073164463043
0.1856655776500702;0.027415573596954346
0.19738547503948212;0.030733726918697357
0.19650360941886902;0.031283214688301086
0.1931939274072647;0.028824754059314728
0.18774014711380005;0.029993750154972076
0.18177804350852966;0.02667071670293808
0.19323241710662842;0.028005018830299377
0.19059257209300995;0.029781587421894073
0.1928679347038269;0.0296381413936615
0.19435054063796997;0.029617927968502045
0.1810486614704132;0.02613648772239685
0.182920902967453;0.02657371759414673
0.1860041618347168;0.027185514569282532
0.1911727786064148;0.028199993073940277
0.17775359749794006;0.026316337287425995
0.1843423843383789;0.02893410623073578
0.18230277299880981;0.02582557499408722
0.18925929069519043;0.025947384536266327
0.18199415504932404;0.027672123163938522
0.18878202140331268;0.030335314571857452
0.1871665120124817;0.027032002806663513
0.1843133568763733;0.029308870434761047
0.19787415862083435;0.031210072338581085
0.18705210089683533;0.02946706861257553
0.18476508557796478;0.028927072882652283
0.19419914484024048;0.029208652675151825
0.17979902029037476;0.02741967886686325
0.1976076066493988;0.02895514667034149
0.18858425319194794;0.026617228984832764
0.19623060524463654;0.030582040548324585
0.18131455779075623;0.027408450841903687
0.18840643763542175;0.029292680323123932
0.1970570981502533;0.02858918160200119
0.18040941655635834;0.02763453871011734
0.19022029638290405;0.028678350150585175
0.19877085089683533;0.03126753121614456
0.1925082802772522;0.02838682383298874
0.18998488783836365;0.02933190017938614
0.18415972590446472;0.027821823954582214
0.19732417166233063;0.031326256692409515
0.18845756351947784;0.026306532323360443
0.18393251299858093;0.029148273169994354
0.1828172206878662;0.027364321053028107
0.1815037578344345;0.027942590415477753
0.18506160378456116;0.02753283828496933
0.18808525800704956;0.029335640370845795
0.18366456031799316;0.02868001163005829
0.190433531999588;0.03048698604106903
0.19737239181995392;0.030355505645275116
0.19520848989486694;0.029707886278629303
0.18340253829956055;0.028075799345970154
0.19120478630065918;0.02785968780517578
0.18863970041275024;0.028278149664402008
0.1813928484916687;0.028575122356414795
0.1837206482887268;0.02950766682624817
0.18697653710842133;0.02882671356201172
0.19880270957946777;0.032393500208854675
0.18063324689865112;0.027335017919540405
0.18719583749771118;0.02733159065246582
0.1796317845582962;0.0282752588391304
0.1796799600124359;0.028262384235858917
0.19437703490257263;0.03131350874900818
0.18703681230545044;0.02822422981262207
0.18835803866386414;0.027128025889396667
0.18636947870254517;0.02737782895565033
0.18855464458465576;0.026759691536426544
0.18056103587150574;0.026470571756362915
0.18835526704788208;0.027230486273765564
0.18988752365112305;0.029643580317497253
0.1965656876564026;0.031858786940574646
0.18756188452243805;0.029808595776557922
0.18827098608016968;0.030615299940109253
0.18380773067474365;0.026176556944847107
0.18780899047851562;0.028818421065807343
0.18379269540309906;0.028274931013584137
0.18631787598133087;0.03188089653849602
0.1897076964378357;0.02844010293483734
0.1933814287185669;0.02897791564464569
0.20084838569164276;0.03089885413646698
0.19204682111740112;0.03208751976490021
0.1899404674768448;0.02811284363269806
0.18377596139907837;0.02853427827358246
0.17930102348327637;0.029485143721103668
0.18317624926567078;0.02588316798210144
0.2009250521659851;0.03078681230545044
0.19783100485801697;0.03043539822101593
0.20142072439193726;0.03233404457569122
0.18117767572402954;0.02791188657283783
0.19142159819602966;0.028057239949703217
0.18332432210445404;0.02740192413330078
0.19441437721252441;0.029423274099826813
0.18502435088157654;0.02811223268508911
0.1993919014930725;0.031061574816703796
0.19439293444156647;0.03125590831041336
0.19840551912784576;0.031779319047927856
0.20002493262290955;0.02961822599172592
0.20709118247032166;0.03195458650588989
0.2104671448469162;0.03724229335784912
0.1937192976474762;0.02922319620847702
0.1812663972377777;0.026884108781814575
0.19560888409614563;0.03162103146314621
0.18807169795036316;0.02966436743736267
0.18673376739025116;0.028384588658809662
0.1938464492559433;0.028452269732952118
0.1927671730518341;0.02774905413389206
0.1884525865316391;0.02689085155725479
0.18565043807029724;0.03181754797697067
0.18714264035224915;0.028212152421474457
0.19007322192192078;0.027509354054927826
0.1953907161951065;0.031360313296318054
0.19229279458522797;0.029955856502056122
0.19066911935806274;0.029937289655208588
0.18987280130386353;0.03048982471227646
0.17900164425373077;0.02646023780107498
0.18655580282211304;0.026763834059238434
0.19420456886291504;0.03095783293247223
0.20438432693481445;0.03193078935146332
0.18603700399398804;0.027022577822208405
0.1911466121673584;0.028807111084461212
0.1822405755519867;0.027104198932647705
0.19457271695137024;0.02865730971097946
0.18916168808937073;0.03027758002281189
0.18930339813232422;0.028930097818374634
0.19879043102264404;0.029778890311717987
0.19156824052333832;0.029364854097366333
0.19085034728050232;0.029971636831760406
0.20590105652809143;0.031266987323760986
0.18830233812332153;0.027915485203266144
0.18117496371269226;0.027255311608314514
0.19429796934127808;0.030084088444709778
0.1905340552330017;0.02836405485868454
0.19141647219657898;0.030062459409236908
0.18878209590911865;0.02775568515062332
0.19763219356536865;0.029592737555503845
0.19029727578163147;0.028574824333190918
0.19167864322662354;0.029262810945510864
0.1909402757883072;0.029262110590934753
0.19583994150161743;0.03180592507123947
0.17723844945430756;0.026419267058372498
0.18877115845680237;0.027306832373142242
0.1898021399974823;0.029818132519721985
0.19536861777305603;0.03051639348268509
0.1881214678287506;0.026918113231658936
0.1951286792755127;0.030764140188694
0.1819780468940735;0.027389593422412872
0.18117469549179077;0.025314435362815857
0.18499019742012024;0.027752861380577087
0.19997185468673706;0.029004842042922974
0.18335428833961487;0.027856864035129547
0.18599680066108704;0.02657134085893631
0.19098126888275146;0.029540762305259705
0.1853846311569214;0.028909243643283844
0.1844862699508667;0.02848341315984726
0.19024759531021118;0.02767334133386612
0.17752116918563843;0.024394437670707703
0.17941159009933472;0.02647586166858673
0.18213757872581482;0.027157418429851532
0.1776275932788849;0.027883365750312805
0.1905021369457245;0.02794778347015381
0.19722850620746613;0.030499622225761414
0.19453668594360352;0.029447920620441437
0.18799379467964172;0.031449757516384125
0.19627270102500916;0.030231967568397522
0.1844411939382553;0.028358004987239838
0.19278037548065186;0.029227860271930695
0.18799558281898499;0.028994642198085785
0.19943663477897644;0.02986534684896469
0.17516663670539856;0.025295525789260864
0.1917760819196701;0.02811160683631897
0.1898632049560547;0.028948508203029633
0.18366491794586182;0.028194308280944824
0.20286747813224792;0.03214098513126373
0.18535453081130981;0.028835095465183258
0.1949102282524109;0.031045667827129364
0.18472883105278015;0.028228767216205597
0.18406125903129578;0.02808273583650589
0.1908281147480011;0.030155472457408905
0.1781100034713745;0.024799898266792297
0.1876029223203659;0.027411028742790222
0.19437623023986816;0.028148546814918518
0.19154579937458038;0.029080726206302643
0.17950010299682617;0.028356850147247314
0.18849651515483856;0.02697819471359253
0.18283432722091675;0.025935381650924683
0.18971838057041168;0.029525235295295715
0.18880659341812134;0.027398325502872467
0.18179580569267273;0.027203693985939026
0.18458305299282074;0.030187368392944336
0.18097078800201416;0.026901714503765106
0.17899471521377563;0.02496965229511261
0.18324635922908783;0.02520974725484848
0.18701979517936707;0.029901474714279175
0.18201753497123718;0.027008652687072754
0.18679186701774597;0.028362050652503967
0.1825658082962036;0.02589596062898636
0.19466951489448547;0.030341029167175293
0.18175660073757172;0.0272669717669487
0.19246602058410645;0.030017688870429993
0.18332123756408691;0.027477718889713287
0.1857593059539795;0.026472672820091248
0.19384562969207764;0.0290287584066391
0.19099894165992737;0.03138017654418945
0.19708111882209778;0.031882721930742264
0.18682001531124115;0.027341462671756744
0.18170741200447083;0.029108889400959015
0.1853710412979126;0.029752608388662338
0.1933213174343109;0.030490919947624207
0.18724459409713745;0.027868516743183136
0.18559710681438446;0.029678694903850555
0.18278688192367554;0.029542148113250732
0.18916447460651398;0.029851101338863373
0.19365254044532776;0.03114517778158188
0.18147966265678406;0.026001907885074615
0.1878851056098938;0.029183052480220795
0.19816766679286957;0.03094487637281418
0.17820438742637634;0.025660403072834015
0.1885870099067688;0.029380246996879578
0.19116544723510742;0.031067825853824615
0.18806976079940796;0.029810063540935516
0.1879315972328186;0.029353909194469452
0.19117797911167145;0.02963881939649582
0.18702179193496704;0.02810695767402649
0.196927011013031;0.029997266829013824
0.17876392602920532;0.025152742862701416
0.1912626475095749;0.029092244803905487
0.19159415364265442;0.030109070241451263
0.19682642817497253;0.029061220586299896
0.18887199461460114;0.030575737357139587
0.19040322303771973;0.0278114452958107
0.18996073305606842;0.029830120503902435
0.19000345468521118;0.030401479452848434
0.18715821206569672;0.02917671948671341
0.17957620322704315;0.027107201516628265
0.17717766761779785;0.026741862297058105
0.18895414471626282;0.030402518808841705
0.17902766168117523;0.02783125638961792
0.18253502249717712;0.027914568781852722
0.18999843299388885;0.02999158203601837
0.1912960708141327;0.027368493378162384
0.18782928586006165;0.02750619500875473
0.18725049495697021;0.026476353406906128
0.18457694351673126;0.029029183089733124
0.1883808821439743;0.02588597685098648
0.18974603712558746;0.0304458886384964
0.19514620304107666;0.029227659106254578
0.19002027809619904;0.027905941009521484
0.18030914664268494;0.027262531220912933
0.19706018269062042;0.03134685009717941
0.1922646462917328;0.02972707897424698
0.19687630236148834;0.028996288776397705
0.18895909190177917;0.028714202344417572
0.18089337646961212;0.02516968548297882
0.20305828750133514;0.03346378356218338
0.19179853796958923;0.028653882443904877
0.1852641999721527;0.02744031697511673
0.18172672390937805;0.02613566815853119
0.1956738829612732;0.030485425144433975
0.1783185750246048;0.026798591017723083
0.18196335434913635;0.02719847857952118
0.18380191922187805;0.027290858328342438
0.1728665828704834;0.025586143136024475
0.18683061003684998;0.028924070298671722
0.1910642385482788;0.02982392907142639
0.1789330244064331;0.025543421506881714
0.19118747115135193;0.028365440666675568
0.18944865465164185;0.032112911343574524
0.1951281726360321;0.028726257383823395
0.1888415813446045;0.027249939739704132
0.19918496906757355;0.029406145215034485
0.19795691967010498;0.030080720782279968
0.18158173561096191;0.025789648294448853
0.18242788314819336;0.02755735069513321
0.1842375099658966;0.028240948915481567
0.18508660793304443;0.028771184384822845
0.18764521181583405;0.0285341739654541
0.17968614399433136;0.026946119964122772
0.17743858695030212;0.0259404256939888
0.18862855434417725;0.028461158275604248
0.18748760223388672;0.0279608815908432
0.19368359446525574;0.02905692160129547
0.19098104536533356;0.029121048748493195
0.18449480831623077;0.026183567941188812
0.19606056809425354;0.029624223709106445
0.18599188327789307;0.032435342669487
0.19001686573028564;0.027691662311553955
0.1856982409954071;0.02797520160675049
0.1940537542104721;0.0335150882601738
0.18547236919403076;0.025816693902015686
0.1862858533859253;0.02686993032693863
0.19146651029586792;0.02941761165857315
0.18294641375541687;0.028414204716682434
0.18691647052764893;0.029860109090805054
0.18905645608901978;0.029360823333263397
0.18808063864707947;0.029321834444999695
0.1806420236825943;0.026931948959827423
0.20441395044326782;0.030515141785144806
0.18630468845367432;0.025967374444007874
0.19343718886375427;0.03140401840209961
0.19122323393821716;0.02729826420545578
0.1898718774318695;0.026836127042770386
0.188791424036026;0.02821989357471466
0.18149712681770325;0.026947446167469025
0.19188910722732544;0.028552770614624023
0.1870989203453064;0.029174834489822388
0.18243055045604706;0.027662217617034912
0.19375106692314148;0.03011113405227661
0.18816085159778595;0.029433749616146088
0.19448700547218323;0.028502173721790314
0.1874447464942932;0.02880086749792099
0.18577027320861816;0.026945248246192932
0.18882837891578674;0.028572671115398407
0.19060301780700684;0.02946554869413376
0.1890934258699417;0.028210066258907318
0.18071000277996063;0.026533618569374084
0.18931736052036285;0.030443750321865082
0.17869621515274048;0.026804134249687195
0.1807873547077179;0.026681095361709595
0.18352064490318298;0.026570938527584076
0.19232472777366638;0.029167957603931427
0.1837661862373352;0.029950670897960663
0.18817803263664246;0.02882811427116394
0.18628093600273132;0.02839827537536621
0.1844502091407776;0.029316313564777374
0.19488832354545593;0.030484765768051147
0.17911279201507568;0.02651611715555191
0.18222075700759888;0.025787681341171265
0.18116186559200287;0.02636319398880005
0.1877691149711609;0.027629457414150238
0.18695349991321564;0.029014840722084045
0.19028964638710022;0.027741052210330963
0.18965423107147217;0.030252832919359207
0.19222372770309448;0.03048950433731079
0.18846498429775238;0.028342612087726593
0.18487195670604706;0.028138525784015656
0.20163670182228088;0.031924307346343994
0.17931026220321655;0.026823915541172028
0.19677044451236725;0.03154821693897247
0.18532344698905945;0.02812597155570984
0.18532516062259674;0.02724578231573105
0.18617773056030273;0.027151837944984436
0.18458101153373718;0.028491586446762085
0.19023847579956055;0.02858511358499527
0.19101712107658386;0.030432388186454773
0.18283534049987793;0.028485015034675598
0.18822726607322693;0.02688610553741455
0.18833757936954498;0.02820984274148941
0.17998574674129486;0.027834847569465637
0.18874725699424744;0.02892504632472992
0.18211446702480316;0.02687578648328781
0.181563138961792;0.027634158730506897
0.18999159336090088;0.02955031394958496
0.19643086194992065;0.03192949295043945
0.17970198392868042;0.026220105588436127
0.19131845235824585;0.0307791605591774
0.18358585238456726;0.026220157742500305
0.19025763869285583;0.027763791382312775
0.1840185672044754;0.027142703533172607
0.1828777939081192;0.02589462697505951
0.18433037400245667;0.028816156089305878
0.1950056403875351;0.028925955295562744
0.18994766473770142;0.03017524629831314
0.1820705235004425;0.026636861264705658
0.18368899822235107;0.027395732700824738
0.18219280242919922;0.027010560035705566
0.1830800473690033;0.027265094220638275
0.19442591071128845;0.027962133288383484
0.1972123086452484;0.03519366681575775
0.1958872377872467;0.030695218592882156
0.1904905140399933;0.030231602489948273
0.17862729728221893;0.02552095055580139
0.18300464749336243;0.027136415243148804
0.18825599551200867;0.02796556055545807
0.18861445784568787;0.0289912149310112
0.1922144591808319;0.029290691018104553
0.1875070035457611;0.027036942541599274
0.19234034419059753;0.029378317296504974
0.1729152351617813;0.02619341015815735
0.1829296052455902;0.027133382856845856
0.178837850689888;0.027027666568756104
0.18926581740379333;0.030184347182512283
0.1879090517759323;0.02702443301677704
0.19714125990867615;0.027639806270599365
0.18418258428573608;0.027068957686424255
0.1851295828819275;0.02574329823255539
0.19145944714546204;0.03223361819982529
0.1926000416278839;0.0308382585644722
0.18377628922462463;0.027387697249650955
0.18198451399803162;0.02808462083339691
0.1822434365749359;0.027779459953308105
0.19351178407669067;0.027693524956703186
0.189833402633667;0.02975732833147049
0.1862691044807434;0.02718076854944229
0.1978476643562317;0.03097596764564514
0.18252280354499817;0.0261523500084877
0.18958306312561035;0.03226068615913391
0.19362564384937286;0.026825785636901855
0.17672543227672577;0.02509377896785736
0.1863207370042801;0.027674801647663116
0.1865362524986267;0.02990449219942093
0.1887780725955963;0.029759548604488373
0.18127211928367615;0.027249775826931
0.18361502885818481;0.028475068509578705
0.18436837196350098;0.0270950049161911
0.19086921215057373;0.029705725610256195
0.1886519491672516;0.027273103594779968
0.17972832918167114;0.025664061307907104
0.18252113461494446;0.027282051742076874
0.17818623781204224;0.025949418544769287
0.18799498677253723;0.027603022754192352
0.19555434584617615;0.029440343379974365
0.19177711009979248;0.02803865820169449
0.18371713161468506;0.027016527950763702
0.18602925539016724;0.029062539339065552
0.18987461924552917;0.027836553752422333
0.19599002599716187;0.029531337320804596
0.1916675865650177;0.030978351831436157
0.1884760558605194;0.02935446798801422
0.18743181228637695;0.029208175837993622
0.18565592169761658;0.027633115649223328
0.18296760320663452;0.02694791555404663
0.1962791085243225;0.03036913275718689
0.18255098164081573;0.02684643119573593
0.17749562859535217;0.027260608971118927
0.20036675035953522;0.03227393329143524
0.17847773432731628;0.027268439531326294
0.1909758746623993;0.028793029487133026
0.18266212940216064;0.027497760951519012
0.1898881196975708;0.02966836839914322
0.19129511713981628;0.027762368321418762
0.18107974529266357;0.02659127116203308
0.18334460258483887;0.02725963294506073
0.1824459433555603;0.026777103543281555
0.19260525703430176;0.029797933995723724
0.18723267316818237;0.028387218713760376
0.19264981150627136;0.02772405743598938
0.202158123254776;0.030700817704200745
0.184744194149971;0.02819926291704178
0.18850800395011902;0.029249407351017
0.187082901597023;0.026501506567001343
0.19439280033111572;0.03303929418325424
0.1851709485054016;0.026967644691467285
0.19223147630691528;0.028567418456077576
0.17732971906661987;0.026537775993347168
0.17943769693374634;0.025879062712192535
0.1973932385444641;0.0322595089673996
0.1878412514925003;0.028134100139141083
0.1951545774936676;0.030314095318317413
0.1817115843296051;0.025698311626911163
0.18958036601543427;0.02777988463640213
0.18489831686019897;0.027452640235424042
0.1914036124944687;0.02889430522918701
0.18209072947502136;0.026687540113925934
0.18437893688678741;0.027768544852733612
0.18848997354507446;0.02811366319656372
0.19937129318714142;0.03305355831980705
0.18183067440986633;0.026683837175369263
0.19440779089927673;0.029882393777370453
0.18028128147125244;0.027104906737804413
0.19331203401088715;0.03048219531774521
0.17724096775054932;0.025820292532444
0.18729384243488312;0.029375150799751282
0.18182766437530518;0.028426416218280792
0.1786683350801468;0.027932636439800262
0.1807052493095398;0.02697642147541046
0.17649681866168976;0.027589157223701477
0.19625800848007202;0.029724232852458954
0.18933045864105225;0.02985674887895584
0.18941408395767212;0.02831878513097763
0.17740307748317719;0.0273638516664505
0.19170966744422913;0.02966560423374176
0.1952822059392929;0.02905096858739853
0.18175610899925232;0.027950972318649292
0.19839534163475037;0.03312099725008011
0.18686732649803162;0.02901037037372589
0.18315783143043518;0.02658475935459137
0.18484467267990112;0.026492096483707428
0.1953257918357849;0.029313094913959503
0.19377067685127258;0.031042106449604034
0.19290447235107422;0.030263543128967285
0.18215972185134888;0.02499297261238098
0.19023364782333374;0.027736641466617584
0.18991270661354065;0.027351371943950653
0.181624636054039;0.028831176459789276
0.1842207908630371;0.028037846088409424
0.19631272554397583;0.02734944224357605
0.182278573513031;0.029276661574840546
0.18890036642551422;0.031058870255947113
0.18356448411941528;0.0272771418094635
0.18783245980739594;0.029845252633094788
0.19002237915992737;0.02847205102443695
0.1971764713525772;0.028215810656547546
0.19522976875305176;0.02895866334438324
0.18800994753837585;0.02816978096961975
0.19081658124923706;0.028044983744621277
0.17885324358940125;0.028782017529010773
0.18199416995048523;0.02631794661283493
0.18411816656589508;0.028110690414905548
0.18643862009048462;0.028186939656734467
0.18598398566246033;0.02949082851409912
0.19631651043891907;0.029011398553848267
0.18497678637504578;0.027629390358924866
0.1857895702123642;0.028199471533298492
0.19131293892860413;0.029006294906139374
0.1930353045463562;0.033344026654958725
0.18864315748214722;0.030441977083683014
0.18652848899364471;0.026806309819221497
0.18225860595703125;0.028363659977912903
0.18606027960777283;0.026935353875160217
0.19183287024497986;0.03017948567867279
0.18567800521850586;0.02662026137113571
0.17735904455184937;0.025233767926692963
0.18541383743286133;0.02607858180999756
0.19049999117851257;0.027361594140529633
0.1797693371772766;0.025600824505090714
0.19060346484184265;0.03047245740890503
0.18099616467952728;0.024875447154045105
0.1863873451948166;0.028144389390945435
0.19392774999141693;0.029253661632537842
0.19772566854953766;0.029817216098308563
0.1934770941734314;0.0292401984333992
0.17933697998523712;0.026945553719997406
0.18221035599708557;0.02812090516090393
0.18619906902313232;0.02864900976419449
0.19397258758544922;0.02774350345134735
0.18852189183235168;0.0276043638586998
0.2024097591638565;0.029144741594791412
0.17831209301948547;0.028734825551509857
0.1780523657798767;0.025732971727848053
0.18392932415008545;0.030607886612415314
0.1826925277709961;0.028204500675201416
0.18922320008277893;0.02789674699306488
0.1801948845386505;0.026400890201330185
0.17976731061935425;0.025668621063232422
0.18170052766799927;0.02677537500858307
0.17382510006427765;0.025219254195690155
0.1878916323184967;0.028963804244995117
0.19112250208854675;0.029583469033241272
0.181348517537117;0.02951851487159729
0.1836361587047577;0.0267876535654068
0.19875898957252502;0.03136506676673889
0.18079718947410583;0.026597268879413605
0.19160550832748413;0.03013293445110321
0.19517655670642853;0.02954161912202835
0.1856268346309662;0.027260251343250275
0.1856384575366974;0.027324698865413666
0.1897796094417572;0.030039235949516296
0.18597355484962463;0.029212109744548798
0.19236835837364197;0.02984653413295746
0.18968352675437927;0.029229529201984406
0.20561319589614868;0.03220686689019203
0.1934736669063568;0.028288543224334717
0.19338788092136383;0.030741751194000244
0.18468481302261353;0.029536470770835876
0.19044002890586853;0.03088025003671646
0.1934966892004013;0.027950391173362732
0.18857276439666748;0.0280880406498909
0.18851660192012787;0.030509501695632935
0.2017039656639099;0.03104395419359207
0.1871642768383026;0.0292188823223114
0.1900896430015564;0.027404114603996277
0.19516266882419586;0.02829889953136444
0.1780102550983429;0.02788471430540085
0.18032842874526978;0.02810698002576828
0.1836012303829193;0.025957904756069183
0.18223845958709717;0.026410765945911407
0.18414586782455444;0.02810380607843399
0.19433577358722687;0.028635218739509583
0.18479904532432556;0.026802442967891693
0.19529318809509277;0.030602052807807922
0.1958366334438324;0.0314839631319046
0.18655380606651306;0.026057004928588867
0.18410834670066833;0.028554067015647888
0.1884934902191162;0.027852989733219147
0.2057133913040161;0.02917926013469696
0.18654552102088928;0.02839643508195877
0.1770898699760437;0.028815563768148422
0.20788714289665222;0.033320456743240356
0.18246802687644958;0.02818268910050392
0.18739648163318634;0.03001955896615982
0.19593963027000427;0.029684625566005707
0.1912974715232849;0.03414143621921539
0.19357448816299438;0.027976445853710175
0.19508974254131317;0.02966088056564331
0.18756169080734253;0.02723291516304016
0.195603609085083;0.03145424276590347
0.18764612078666687;0.02550491690635681
0.18366962671279907;0.028798289597034454
0.18300825357437134;0.02720516175031662
0.18527448177337646;0.0268525630235672
0.18771721422672272;0.031845852732658386
0.1855759620666504;0.028424657881259918
0.1785643994808197;0.02554336190223694
0.18454903364181519;0.02718254178762436
0.18674640357494354;0.027537457644939423
0.18611277639865875;0.02790486067533493
0.18893946707248688;0.029678039252758026
0.19299957156181335;0.029095038771629333
0.18828944861888885;0.028009168803691864
0.17623426020145416;0.026773154735565186
0.18414632976055145;0.027130842208862305
0.1951068639755249;0.029086686670780182
0.1883234679698944;0.02859671413898468
0.1862425059080124;0.026879608631134033
0.17978960275650024;0.026033468544483185
0.19120341539382935;0.026345670223236084
0.1924324929714203;0.029686294496059418
0.18824705481529236;0.029546327888965607
0.18863610923290253;0.030595142394304276
0.18036943674087524;0.02646179497241974
0.18036629259586334;0.02677813172340393
0.18178050220012665;0.02693219482898712
0.18948334455490112;0.029688701033592224
0.19268907606601715;0.03239845484495163
0.19873809814453125;0.030412770807743073
0.19118881225585938;0.02955777943134308
0.19350029528141022;0.03136921674013138
0.186853289604187;0.029038935899734497
0.18791601061820984;0.02911694347858429
0.1784094125032425;0.027939390391111374
0.1850895881652832;0.029226787388324738
0.18450230360031128;0.02841593325138092
0.18656396865844727;0.027725152671337128
0.1907249093055725;0.029284924268722534
0.19567036628723145;0.03236132860183716
0.184064581990242;0.02967887744307518
0.19240233302116394;0.02704724669456482
0.18044421076774597;0.02872931957244873
0.1865198165178299;0.02719903737306595
0.18345606327056885;0.027159206569194794
0.1784183382987976;0.026593022048473358
0.1804092824459076;0.027373187243938446
0.18235155940055847;0.026336923241615295
0.18882811069488525;0.029585260897874832
0.18152272701263428;0.026065558195114136
0.19179897010326385;0.029812626540660858
0.17907072603702545;0.02610701322555542
0.19386005401611328;0.028595030307769775
0.18542659282684326;0.029117919504642487
0.17813237011432648;0.030208833515644073
0.18344059586524963;0.02808542549610138
0.17958945035934448;0.025155216455459595
0.18354396522045135;0.02792464941740036
0.1809379905462265;0.026737317442893982
0.19040067493915558;0.030040621757507324
0.19022732973098755;0.028875183314085007
0.18636783957481384;0.028376009315252304
0.18773949146270752;0.028699547052383423
0.1786392629146576;0.026546619832515717
0.197331041097641;0.030678078532218933
0.18754133582115173;0.03077908605337143
0.185541033744812;0.02904006838798523
0.18156135082244873;0.028036095201969147
0.19763782620429993;0.030201777815818787
0.19335034489631653;0.03060196340084076
0.19112423062324524;0.030035607516765594
0.18402811884880066;0.027886122465133667
0.1910530924797058;0.029100246727466583
0.18793421983718872;0.027789704501628876
0.183730810880661;0.027966134250164032
0.18174856901168823;0.028522275388240814
0.18569348752498627;0.027916155755519867
0.18594422936439514;0.030145563185214996
0.18231931328773499;0.02870573103427887
0.19432315230369568;0.02999977022409439
0.18713098764419556;0.030428282916545868
0.18964648246765137;0.02936699241399765
0.18033146858215332;0.025058582425117493
0.1835927963256836;0.029534272849559784
0.18256622552871704;0.027207158505916595
0.17681452631950378;0.024767570197582245
0.17957864701747894;0.02643933892250061
0.18231680989265442;0.027022138237953186
0.17940710484981537;0.02519652247428894
0.1835605800151825;0.02744542807340622
0.19399094581604004;0.03190510347485542
0.18461643159389496;0.029126279056072235
0.18464809656143188;0.02792225033044815
0.18788117170333862;0.028235197067260742
0.19250458478927612;0.0297444686293602
0.19029486179351807;0.02799110859632492
0.18791455030441284;0.02549263834953308
0.1934470534324646;0.030357852578163147
0.18516850471496582;0.028200797736644745
0.191211998462677;0.029604434967041016
0.1835862398147583;0.027196332812309265
0.1968364119529724;0.029307857155799866
0.18951478600502014;0.0321701355278492
0.18317237496376038;0.025845326483249664
0.1880965530872345;0.026702605187892914
0.18039143085479736;0.02762526273727417
0.1764446496963501;0.02517297863960266
0.18902969360351562;0.02887040376663208
0.18701322376728058;0.02833271026611328
0.18157026171684265;0.02548994868993759
0.1838402897119522;0.027691446244716644
0.19058994948863983;0.026752233505249023
0.1892167031764984;0.02930057793855667
0.18831884860992432;0.027428530156612396
0.1909162998199463;0.02733936905860901
0.18059851229190826;0.02585367113351822
0.18564775586128235;0.027463398873806
0.18907751142978668;0.03040633350610733
0.18022164702415466;0.02638012170791626
0.18505549430847168;0.02784799039363861
0.18776512145996094;0.027805067598819733
0.18236695230007172;0.026614531874656677
0.18267743289470673;0.02716626226902008
0.19196324050426483;0.031341757625341415
0.18274500966072083;0.028784044086933136
0.18788889050483704;0.02880476415157318
0.18442709743976593;0.02656884491443634
0.19235198199748993;0.03149150684475899
0.18731218576431274;0.030313804745674133
0.18724393844604492;0.02787294238805771
0.18693816661834717;0.029441244900226593
0.1818150281906128;0.028276652097702026
0.1807630956172943;0.024820201098918915
0.18528631329536438;0.02739454060792923
0.19346262514591217;0.02849150449037552
0.19111497700214386;0.030226394534111023
0.1724177598953247;0.02525480091571808
0.1803724318742752;0.026559218764305115
0.19180431962013245;0.029707252979278564
0.17582646012306213;0.026225797832012177
0.1882556527853012;0.03137567639350891
0.19080457091331482;0.028788141906261444
0.18447065353393555;0.027622520923614502
0.18843218684196472;0.028156399726867676
0.19110646843910217;0.029992513358592987
0.18641109764575958;0.027246378362178802
0.19378605484962463;0.02861977368593216
0.18774250149726868;0.027631394565105438
0.19148674607276917;0.02872077375650406
0.18415400385856628;0.030073732137680054
0.18545164167881012;0.025324493646621704
0.18570086359977722;0.0267954021692276
0.18558096885681152;0.0280749648809433
0.18064333498477936;0.025789663195610046
0.17933741211891174;0.027366146445274353
0.17696493864059448;0.02635347843170166
0.18529656529426575;0.026809386909008026
0.19589576125144958;0.03172818571329117
0.1871495246887207;0.029745228588581085
0.19466999173164368;0.030613921582698822
0.18985062837600708;0.02845711261034012
0.18892531096935272;0.028302021324634552
0.19117508828639984;0.028606660664081573
0.18318018317222595;0.027997732162475586
0.17923709750175476;0.028012894093990326
0.1903901994228363;0.028022900223731995
0.18891799449920654;0.03262307494878769
0.17923448979854584;0.025644026696681976
0.19090178608894348;0.028496965765953064
0.18879197537899017;0.02897140383720398
0.18564647436141968;0.029550909996032715
0.1855463683605194;0.027201607823371887
0.1794636845588684;0.026421628892421722
0.18353506922721863;0.02803671360015869
0.18782970309257507;0.026455096900463104
0.18903705477714539;0.02808474749326706
0.1848260462284088;0.03048069402575493
0.1940268874168396;0.027121104300022125
0.18305838108062744;0.02816005051136017
0.18285101652145386;0.02838262915611267
0.18679413199424744;0.028575487434864044
0.17885246872901917;0.024333685636520386
0.18198588490486145;0.0267115980386734
0.19309265911579132;0.029495134949684143
0.18327274918556213;0.029308784753084183
0.18804535269737244;0.026484176516532898
0.1907738447189331;0.02909262850880623
0.19615401327610016;0.03289154917001724
0.19435584545135498;0.028804421424865723
0.18767547607421875;0.02834533154964447
0.19426265358924866;0.028614863753318787
0.1901792287826538;0.02945823222398758
