TV;KL
1.9999920129776;14.599550247192383
1.7207226753234863;9.396352767944336
1.5070210695266724;7.37498664855957
1.4211814403533936;6.554705619812012
1.3835722208023071;6.143586158752441
1.364487886428833;5.83957052230835
1.3556867837905884;5.549288749694824
1.346974492073059;5.530233383178711
1.324857473373413;5.240954875946045
1.3169927597045898;5.113282680511475
1.2954163551330566;4.927641868591309
1.2941378355026245;4.880126953125
1.2872023582458496;4.991787910461426
1.2887394428253174;4.88297700881958
1.2822315692901611;4.801965713500977
1.277665376663208;4.832806587219238
1.2725151777267456;4.7597150802612305
1.2452534437179565;4.6447906494140625
1.2594558000564575;4.604708671569824
1.2459018230438232;4.481188774108887
1.2446088790893555;4.559982776641846
1.2422757148742676;4.549864768981934
1.2339286804199219;4.392796993255615
1.219214916229248;4.443932056427002
1.2506606578826904;4.578909397125244
1.2187042236328125;4.43533992767334
1.209935188293457;4.411198616027832
1.2023903131484985;4.213433265686035
1.2335946559906006;4.413829326629639
1.2040841579437256;4.269328594207764
1.2288557291030884;4.30182409286499
1.1993651390075684;4.290932655334473
1.2344640493392944;4.349123001098633
1.2487446069717407;4.499232769012451
1.1982042789459229;4.169376373291016
1.199469804763794;4.28037691116333
1.2059855461120605;4.375130653381348
1.2139065265655518;4.2861785888671875
1.2149447202682495;4.152252197265625
1.2127512693405151;4.277092933654785
1.2395405769348145;4.380871772766113
1.222649097442627;4.36285400390625
1.2034555673599243;4.173201560974121
1.2051724195480347;4.285632133483887
1.205888032913208;4.275031566619873
1.1911404132843018;4.198005676269531
1.178079605102539;4.260611534118652
1.1855905055999756;4.1864399909973145
1.20494544506073;4.1161208152771
1.191124677658081;4.18073844909668
1.1877923011779785;4.163562774658203
1.1736907958984375;4.094845294952393
1.1653892993927002;4.0128068923950195
1.1617053747177124;4.071926116943359
1.1850273609161377;4.073347091674805
1.1607385873794556;3.957942485809326
1.1896287202835083;4.031357765197754
1.1713907718658447;4.019955635070801
1.155120849609375;4.055727958679199
1.1842268705368042;4.073980808258057
1.1505308151245117;3.9897501468658447
1.176335096359253;4.088695526123047
1.1545053720474243;4.02266788482666
1.1710035800933838;4.017596244812012
1.1356369256973267;3.8942370414733887
1.1664373874664307;3.9932656288146973
1.157008171081543;3.9984560012817383
1.1705293655395508;4.024369239807129
1.1302136182785034;3.875408172607422
1.1293621063232422;3.8778300285339355
1.1439305543899536;3.9238123893737793
1.1402579545974731;3.8724021911621094
1.123568058013916;3.8573431968688965
1.125152826309204;3.793980836868286
1.1383068561553955;3.9096298217773438
1.1390013694763184;3.902676582336426
1.163709044456482;3.9155514240264893
1.1395328044891357;3.817324161529541
1.1395989656448364;3.8707211017608643
1.1525352001190186;3.8705356121063232
1.107986569404602;3.815284252166748
1.1307481527328491;3.832444667816162
1.1056575775146484;3.6911001205444336
1.123022437095642;3.713176727294922
1.1236708164215088;3.6757633686065674
1.092703104019165;3.555691957473755
1.1062803268432617;3.6175312995910645
1.120788335800171;3.687466859817505
1.134157657623291;3.759782075881958
1.09000563621521;3.542426586151123
1.0938084125518799;3.552377700805664
1.093847632408142;3.6151156425476074
1.090205192565918;3.559940814971924
1.072849154472351;3.5630874633789062
1.0967187881469727;3.576414108276367
1.0852611064910889;3.586562395095825
1.0736700296401978;3.4936275482177734
1.0591692924499512;3.5413894653320312
1.0690007209777832;3.407376289367676
1.0625464916229248;3.5025556087493896
1.081791639328003;3.583315372467041
1.0840226411819458;3.4725680351257324
1.0784786939620972;3.510286569595337
1.0741419792175293;3.4924402236938477
1.0618247985839844;3.4280686378479004
1.0522165298461914;3.2934727668762207
1.0890588760375977;3.5000500679016113
1.05751633644104;3.472189426422119
1.0581265687942505;3.4266152381896973
1.056045413017273;3.478527545928955
1.0752732753753662;3.540165424346924
1.0582000017166138;3.362349510192871
1.060983657836914;3.4166529178619385
1.0339815616607666;3.309840440750122
1.0486177206039429;3.3804733753204346
1.0284640789031982;3.3610873222351074
1.0220016241073608;3.2614364624023438
1.0363258123397827;3.2754416465759277
1.028693437576294;3.3286333084106445
1.0449726581573486;3.327981472015381
1.0799260139465332;3.4212841987609863
1.042342185974121;3.3269519805908203
1.035503625869751;3.264281988143921
1.0256423950195312;3.2043397426605225
1.003754734992981;3.14703369140625
1.0250449180603027;3.142202854156494
1.0364937782287598;3.2354841232299805
1.0130808353424072;3.096322536468506
1.0041004419326782;3.109686851501465
1.012419581413269;3.216197967529297
1.0056288242340088;3.1621530055999756
1.0007619857788086;3.1084797382354736
1.0079034566879272;3.169828414916992
1.0271046161651611;3.0581116676330566
0.9945321679115295;3.110553503036499
0.9948856830596924;2.9933271408081055
0.9945316910743713;2.985959053039551
0.9824734330177307;3.016434669494629
0.990675687789917;2.969630718231201
0.9945863485336304;2.925520420074463
0.9826898574829102;2.9440078735351562
1.002664566040039;2.9838624000549316
0.9728832244873047;2.8702845573425293
0.9869322180747986;2.8926994800567627
0.9685070514678955;2.826606273651123
0.9740049839019775;2.8298726081848145
0.9603835344314575;2.8188767433166504
0.9584822058677673;2.7696847915649414
0.9692263603210449;2.785709857940674
0.9800572991371155;2.736802101135254
0.9763356447219849;2.80706787109375
0.9831911325454712;2.8952033519744873
0.9633679389953613;2.7945199012756348
0.9465464353561401;2.728541135787964
0.9525191783905029;2.643676280975342
0.9544376730918884;2.779909610748291
0.9394506812095642;2.745594024658203
0.9312654733657837;2.647292375564575
0.9659268856048584;2.7441794872283936
0.9210144281387329;2.7088115215301514
0.9379434585571289;2.6247193813323975
0.9316234588623047;2.5494015216827393
0.9295905232429504;2.601958751678467
0.8933569192886353;2.4305849075317383
0.9276090860366821;2.544252872467041
0.9158914089202881;2.537116527557373
0.9053061008453369;2.4477553367614746
0.9049098491668701;2.446031093597412
0.9018796682357788;2.4686026573181152
0.9304644465446472;2.4998347759246826
0.9057855606079102;2.5248773097991943
0.9284431338310242;2.4808716773986816
0.9141212701797485;2.468804359436035
0.9064741134643555;2.4128804206848145
0.9147371053695679;2.422517776489258
0.8874033093452454;2.3578097820281982
0.9003830552101135;2.3048763275146484
0.8955680131912231;2.4186298847198486
0.8805304169654846;2.347921848297119
0.9011472463607788;2.43461275100708
0.8783195614814758;2.2483103275299072
0.8704903721809387;2.282500982284546
0.8820820450782776;2.276808977127075
0.8729547262191772;2.2045958042144775
0.8787810802459717;2.267331600189209
0.850269615650177;2.1787514686584473
0.8737730383872986;2.193887233734131
0.8683904409408569;2.168863296508789
0.867642343044281;2.0739142894744873
0.869915246963501;2.0646817684173584
0.8207109570503235;1.9937517642974854
0.8551536202430725;2.1031312942504883
0.8417170643806458;2.0917177200317383
0.8438421487808228;2.0324795246124268
0.8418863415718079;2.0551226139068604
0.8338943123817444;2.043200731277466
0.8436311483383179;2.1104695796966553
0.8471459746360779;1.9998477697372437
0.8150326609611511;1.9855066537857056
0.8208528757095337;1.9833488464355469
0.7938604354858398;1.8464009761810303
0.8014140129089355;1.8941736221313477
0.8358342051506042;1.9149452447891235
0.8138611912727356;1.927249550819397
0.8042232394218445;1.8492393493652344
0.8102430701255798;1.7891924381256104
0.7931978106498718;1.7999855279922485
0.7930223345756531;1.7969295978546143
0.7972179651260376;1.7956430912017822
0.7956751585006714;1.835921287536621
0.7932778596878052;1.7722033262252808
0.7991121411323547;1.7223221063613892
0.7604802846908569;1.6329724788665771
0.7649978995323181;1.6967031955718994
0.7956250905990601;1.7512845993041992
0.7771908640861511;1.7006657123565674
0.7844305038452148;1.6974859237670898
0.7631762027740479;1.700059175491333
0.746461033821106;1.6798677444458008
0.7430163621902466;1.6167453527450562
0.7582458853721619;1.5788053274154663
0.744048535823822;1.5728520154953003
0.7515259385108948;1.5811156034469604
0.717775821685791;1.4825975894927979
0.732300877571106;1.484024167060852
0.7150107622146606;1.4900758266448975
0.7208568453788757;1.453710675239563
0.7482917904853821;1.4527214765548706
0.7233443260192871;1.4766300916671753
0.6863332390785217;1.3848432302474976
0.7241086959838867;1.481299877166748
0.7008467316627502;1.3650015592575073
0.6936246156692505;1.3282349109649658
0.6954935789108276;1.360521912574768
0.7003473043441772;1.3404732942581177
0.6859647035598755;1.2958544492721558
0.6973649859428406;1.3671138286590576
0.7005565166473389;1.2712534666061401
0.6882330179214478;1.2865453958511353
0.6941994428634644;1.3178126811981201
0.6672162413597107;1.229528784751892
0.6896669268608093;1.226246953010559
0.6700142025947571;1.1840546131134033
0.6699298620223999;1.205033779144287
0.6557458639144897;1.1643831729888916
0.6832044720649719;1.249672293663025
0.6616364121437073;1.1897088289260864
0.6506471633911133;1.071015477180481
0.6644883155822754;1.1583671569824219
0.6684824228286743;1.1266119480133057
0.6530102491378784;1.1658904552459717
0.6498472690582275;1.0406652688980103
0.6419492959976196;1.0731674432754517
0.6261084079742432;1.0488204956054688
0.6542295217514038;1.1091817617416382
0.6176003217697144;1.0102250576019287
0.6198262572288513;1.0229673385620117
0.6445492506027222;1.0395547151565552
0.6440232396125793;1.0669629573822021
0.6115554571151733;1.002828598022461
0.6346526145935059;1.0691195726394653
0.6165237426757812;1.0163111686706543
0.620866060256958;0.9848248958587646
0.6037763953208923;0.9582590460777283
0.6014002561569214;0.9328235387802124
0.597805380821228;0.8509215116500854
0.5581314563751221;0.9236732721328735
0.6016254425048828;0.9052178263664246
0.5942941904067993;0.9063940048217773
0.5773446559906006;0.9012543559074402
0.5736743211746216;0.8588865399360657
0.5786116123199463;0.8548744916915894
0.5963899493217468;0.8780688047409058
0.585961639881134;0.8149418234825134
0.5820975303649902;0.8581951856613159
0.5763627886772156;0.8065739870071411
0.563567042350769;0.8015727996826172
0.5750329494476318;0.786888062953949
0.5652998089790344;0.7683560848236084
0.555719256401062;0.7805147767066956
0.5444991588592529;0.7545614242553711
0.560680627822876;0.8068338632583618
0.558478593826294;0.7932171821594238
0.5511507987976074;0.7612040042877197
0.5466623306274414;0.7413860559463501
0.5648547410964966;0.6988254189491272
0.5272793173789978;0.7357810735702515
0.560835599899292;0.7253932952880859
0.5520695447921753;0.715836226940155
0.5315804481506348;0.7087214589118958
0.5427121520042419;0.7228131294250488
0.5326337814331055;0.6658073663711548
0.5272497534751892;0.6420745253562927
0.5034468173980713;0.6438703536987305
0.5053857564926147;0.6668051481246948
0.5031766891479492;0.6295804381370544
0.5439175367355347;0.6833057999610901
0.5217377543449402;0.6194602847099304
0.49381905794143677;0.5859642624855042
0.49252375960350037;0.5937390327453613
0.5085258483886719;0.6288697719573975
0.5171420574188232;0.6140144467353821
0.5092418789863586;0.6024662256240845
0.5036629438400269;0.6245676875114441
0.5058813691139221;0.5687552094459534
0.520881712436676;0.5988694429397583
0.5019128322601318;0.5591613054275513
0.49201732873916626;0.5616242289543152
0.4777523875236511;0.52443927526474
0.4732285141944885;0.5139122605323792
0.4942607581615448;0.5115089416503906
0.47403109073638916;0.5232264995574951
0.49678850173950195;0.5288944244384766
0.46857962012290955;0.5156053900718689
0.47210633754730225;0.5410959124565125
0.46391016244888306;0.4756396412849426
0.455405592918396;0.4859016537666321
0.4816589653491974;0.4879515469074249
0.4696972966194153;0.4834443926811218
0.455329030752182;0.4671767055988312
0.4692383110523224;0.4721631407737732
0.4564676880836487;0.4561150372028351
0.42343562841415405;0.41529983282089233
0.4490041136741638;0.43891167640686035
0.45463550090789795;0.4127471446990967
0.4390500485897064;0.4376996159553528
0.46482574939727783;0.4688204526901245
0.4300147294998169;0.4111701250076294
0.44184258580207825;0.43351656198501587
0.4494432508945465;0.41050195693969727
0.41746264696121216;0.3912906050682068
0.4474475085735321;0.4181744158267975
0.43988484144210815;0.39786481857299805
0.4302096366882324;0.3740869164466858
0.43715915083885193;0.3925820589065552
0.43450599908828735;0.38148370385169983
0.4130367636680603;0.3787015676498413
0.434725284576416;0.368646502494812
0.4265866279602051;0.39584851264953613
0.4052247405052185;0.32550740242004395
0.4100998640060425;0.3586638569831848
0.4161195456981659;0.3376730680465698
0.40789636969566345;0.3484363257884979
0.4349726140499115;0.36472392082214355
0.39987462759017944;0.3477018475532532
0.38439637422561646;0.3126906454563141
0.3981635272502899;0.3008914291858673
0.4095311164855957;0.3223479688167572
0.4170401394367218;0.33549636602401733
0.41294145584106445;0.3252171576023102
0.3820173144340515;0.31176459789276123
0.4039469063282013;0.3046780228614807
0.3815709948539734;0.3017120361328125
0.3857972025871277;0.2792927026748657
0.3868046998977661;0.2841991186141968
0.3902706503868103;0.297210693359375
0.39856448769569397;0.30473995208740234
0.38826751708984375;0.2963739335536957
0.378040075302124;0.26301005482673645
0.36799412965774536;0.2746191918849945
0.3778330087661743;0.2936628758907318
0.3701218366622925;0.25978344678878784
0.36852431297302246;0.2752506732940674
0.375306636095047;0.26759812235832214
0.38269293308258057;0.2621128559112549
0.3763626515865326;0.2639981508255005
0.3625028133392334;0.2506997287273407
0.39203882217407227;0.2724079489707947
0.3593769669532776;0.2486637979745865
0.37308433651924133;0.24893788993358612
0.36690106987953186;0.24662747979164124
0.344552218914032;0.22818118333816528
0.3357771039009094;0.2289491444826126
0.3452475666999817;0.22808688879013062
0.34867769479751587;0.24122372269630432
0.3657727539539337;0.23189814388751984
0.3593894839286804;0.22945913672447205
0.3485259413719177;0.22423267364501953
0.3485058546066284;0.23931607604026794
0.3546874523162842;0.2257293462753296
0.36767685413360596;0.2151254415512085
0.3502211570739746;0.20453110337257385
0.3558533489704132;0.21160610020160675
0.35497790575027466;0.20685574412345886
0.3495262861251831;0.20765559375286102
0.374233216047287;0.21623682975769043
0.34457504749298096;0.19718483090400696
0.34121254086494446;0.2028842717409134
0.3409552276134491;0.21344837546348572
0.3175250291824341;0.17944613099098206
0.33146342635154724;0.18781743943691254
0.33774566650390625;0.19214026629924774
0.3514169454574585;0.19000419974327087
0.3296682834625244;0.17576588690280914
0.3324752449989319;0.19221729040145874
0.3418511748313904;0.18396592140197754
0.3228994607925415;0.17205339670181274
0.33577585220336914;0.17269323766231537
0.3514534831047058;0.19030098617076874
0.3362503945827484;0.18477433919906616
0.31769898533821106;0.17252874374389648
0.33014369010925293;0.1653548628091812
0.32134053111076355;0.16432330012321472
0.31931400299072266;0.16128212213516235
0.32208240032196045;0.171637624502182
0.3307037353515625;0.1664840281009674
0.31070834398269653;0.1553780883550644
0.3294541537761688;0.16475602984428406
0.32597601413726807;0.1700240671634674
0.33322906494140625;0.15111231803894043
0.3321968913078308;0.1695413589477539
0.33752429485321045;0.16891159117221832
0.3355978727340698;0.165089949965477
0.30160874128341675;0.14655528962612152
0.3093552589416504;0.12554429471492767
0.30234289169311523;0.13807237148284912
0.3035995662212372;0.1164090484380722
0.29668086767196655;0.1329851597547531
0.2996976375579834;0.12097074091434479
0.307645320892334;0.12589794397354126
0.3103756904602051;0.1282399296760559
0.29741573333740234;0.1171480119228363
0.2901618480682373;0.11660333722829819
0.3094494938850403;0.12072751671075821
0.30335724353790283;0.11339901387691498
0.3052467405796051;0.12496260553598404
0.29451611638069153;0.11511337757110596
0.30971643328666687;0.11303345859050751
0.3002009987831116;0.10681863129138947
0.2961811125278473;0.115128293633461
0.2890549898147583;0.10969097912311554
0.2956122159957886;0.1137504130601883
0.30727437138557434;0.12166348099708557
0.2882528603076935;0.0974750816822052
0.28913259506225586;0.09939921647310257
0.28979986906051636;0.10208983719348907
0.2895551919937134;0.11061159521341324
0.29536357522010803;0.09713789820671082
0.29665300250053406;0.10553441941738129
0.2898462414741516;0.09547639638185501
0.2996251583099365;0.11045047640800476
0.29077109694480896;0.09047681838274002
0.2998127341270447;0.10159161686897278
0.2914353609085083;0.09952577948570251
0.2951344847679138;0.09760922938585281
0.2934938669204712;0.09245456755161285
0.28348231315612793;0.0982600525021553
0.298803448677063;0.09437400102615356
0.2966170310974121;0.09195175021886826
0.2973700761795044;0.09683479368686676
0.2895522117614746;0.09329187870025635
0.2942424416542053;0.09849334508180618
0.2853895425796509;0.08955715596675873
0.2950887680053711;0.09245955944061279
0.29497188329696655;0.09488067030906677
0.2957306504249573;0.100749172270298
0.29050689935684204;0.09275481104850769
0.2849186062812805;0.08135931938886642
0.2918901741504669;0.09325790405273438
0.30392807722091675;0.08831150829792023
0.2845716178417206;0.0808078944683075
0.2880399823188782;0.09883572161197662
0.2835862636566162;0.08771190792322159
0.2864510118961334;0.08537881076335907
0.2830408811569214;0.07787463068962097
0.2867957651615143;0.08693418651819229
0.28506529331207275;0.0780220776796341
0.28547024726867676;0.07644736766815186
0.2851419448852539;0.08074453473091125
0.2880321741104126;0.08702827990055084
0.288245290517807;0.0862993374466896
0.2875596284866333;0.08446695655584335
0.291098028421402;0.08304212987422943
0.283104807138443;0.0724257379770279
0.2927742600440979;0.08477579802274704
0.2833450436592102;0.07806217670440674
0.28716403245925903;0.080330491065979
0.29403483867645264;0.07847823202610016
0.2852761745452881;0.0763338953256607
0.2865931987762451;0.07726141810417175
0.2829895615577698;0.07023635506629944
0.28442084789276123;0.07431487739086151
0.2887802720069885;0.076265349984169
0.2875349819660187;0.06848692148923874
0.2857314348220825;0.07206568866968155
0.2897385358810425;0.07226637005805969
0.28287601470947266;0.0724124014377594
0.28358227014541626;0.07726747542619705
0.29525935649871826;0.08219636231660843
0.2807276248931885;0.07082423567771912
0.28854304552078247;0.06820838153362274
0.2888176441192627;0.07669778168201447
0.28776514530181885;0.06645514070987701
0.2886030972003937;0.06745821237564087
0.28033292293548584;0.06786662340164185
0.2878413200378418;0.06708219647407532
0.2859387993812561;0.07118783891201019
0.2782295346260071;0.06940317898988724
0.28356021642684937;0.0719895288348198
0.2837280035018921;0.06997193396091461
0.2873549461364746;0.07124413549900055
0.2867364287376404;0.0686550885438919
0.2781650424003601;0.07001045346260071
0.28907346725463867;0.06664904952049255
0.2892824411392212;0.06737653911113739
0.2873590290546417;0.06999216973781586
0.2874225378036499;0.0702822357416153
0.28162291646003723;0.06381674110889435
0.28995805978775024;0.07109483331441879
0.2853454351425171;0.07299856841564178
0.28118184208869934;0.06250813603401184
0.2885463833808899;0.061045438051223755
0.2759528160095215;0.055681973695755005
0.2853177785873413;0.061911195516586304
0.28696998953819275;0.06363128125667572
0.28653231263160706;0.062147356569767
0.2783544063568115;0.05980104207992554
0.28657376766204834;0.0660436674952507
0.28341835737228394;0.06185249984264374
0.2822744846343994;0.06365174055099487
0.2816084325313568;0.06213921308517456
0.2791438102722168;0.06485109031200409
0.2798173725605011;0.06153284013271332
0.28284862637519836;0.06566496193408966
0.2810107469558716;0.0629853755235672
0.284191370010376;0.06467355787754059
0.28089940547943115;0.06447689235210419
0.280519962310791;0.060835689306259155
0.28247249126434326;0.062389783561229706
0.28276094794273376;0.06093432009220123
0.28258228302001953;0.06141328811645508
0.27819907665252686;0.05717521905899048
0.2821711301803589;0.0590122789144516
0.2777993977069855;0.060860902070999146
0.2829650044441223;0.05878661572933197
0.28296446800231934;0.06711775064468384
0.28238388895988464;0.06233327090740204
0.28391242027282715;0.062132835388183594
0.2808150053024292;0.06070805341005325
0.2762114405632019;0.055671676993370056
0.27421605587005615;0.05836252123117447
0.27942779660224915;0.05782528221607208
0.2872525453567505;0.06185981631278992
0.2831335663795471;0.05809742212295532
0.27874159812927246;0.056463003158569336
0.2813541293144226;0.06114017963409424
0.28370094299316406;0.058936819434165955
0.28884610533714294;0.0629662573337555
0.2779313921928406;0.06248070299625397
0.2795061469078064;0.05450750142335892
0.28294259309768677;0.060863226652145386
0.2799881398677826;0.06024894118309021
0.28134360909461975;0.05891576409339905
0.28078651428222656;0.058337874710559845
0.28774428367614746;0.059447385370731354
0.28332120180130005;0.058973610401153564
0.2772199809551239;0.056664615869522095
0.27543026208877563;0.056098274886608124
0.2786376476287842;0.058593347668647766
0.2818450331687927;0.057639896869659424
0.285646915435791;0.05664236098527908
0.2829025983810425;0.057164087891578674
0.278411865234375;0.054127275943756104
0.27776363492012024;0.0564894825220108
0.27717360854148865;0.05324067175388336
0.2823747992515564;0.05730343610048294
0.28188851475715637;0.057236336171627045
0.2744675278663635;0.05655504763126373
0.2773568034172058;0.055402375757694244
0.28291404247283936;0.05888349562883377
0.27642497420310974;0.0522506982088089
0.28349095582962036;0.05973970890045166
0.2787495255470276;0.05777619779109955
0.2792549133300781;0.05744464695453644
0.2801167666912079;0.058421261608600616
0.27697786688804626;0.0576748251914978
0.2806255519390106;0.054664984345436096
0.28151369094848633;0.055464111268520355
0.27742260694503784;0.05834946036338806
0.28437960147857666;0.05721205472946167
0.28236663341522217;0.055360011756420135
0.28433650732040405;0.05807235836982727
0.2819466292858124;0.05708730220794678
0.28124338388442993;0.055198825895786285
0.2869386076927185;0.05923032760620117
0.28475069999694824;0.057039931416511536
0.28156405687332153;0.05667649954557419
0.2820183336734772;0.05422763526439667
0.27625274658203125;0.05569162219762802
0.2818847596645355;0.053717486560344696
0.2766628861427307;0.05128777027130127
0.2841002941131592;0.05780230462551117
0.2777827978134155;0.05805397033691406
0.28387942910194397;0.054353997111320496
0.285203218460083;0.05999201536178589
0.28229787945747375;0.056896522641181946
0.2790318727493286;0.053817808628082275
0.2846382260322571;0.058577775955200195
0.2732052206993103;0.05121639370918274
0.2752096951007843;0.05630400776863098
0.2756360173225403;0.0555734783411026
0.2864081561565399;0.05696380138397217
0.282619446516037;0.056026116013526917
0.27540409564971924;0.053490012884140015
0.2751505374908447;0.05763685703277588
0.27643460035324097;0.05690670758485794
0.28206390142440796;0.057314932346343994
0.2777288556098938;0.054358839988708496
0.28193941712379456;0.0544716939330101
0.28088346123695374;0.053172364830970764
0.28175458312034607;0.05611604452133179
0.2800414562225342;0.055443763732910156
0.28702831268310547;0.05429379642009735
0.2810601592063904;0.05407615005970001
0.2804313898086548;0.056254878640174866
0.27687621116638184;0.05313481390476227
0.27792516350746155;0.05630294978618622
0.27688151597976685;0.052756085991859436
0.28090721368789673;0.05576573312282562
0.27535349130630493;0.054894328117370605
0.2809966802597046;0.0541427806019783
0.28398892283439636;0.0560440868139267
0.27936235070228577;0.053830429911613464
0.2844892740249634;0.056571297347545624
0.2827261686325073;0.05318079888820648
0.2824048101902008;0.05775319039821625
0.28332483768463135;0.055767714977264404
0.2741885781288147;0.050583481788635254
0.28268611431121826;0.05354922264814377
0.2791922688484192;0.05422639846801758
0.2728245258331299;0.05301337689161301
0.2784893810749054;0.05385175347328186
0.2848348617553711;0.05456135421991348
0.2804487943649292;0.052366338670253754
0.2815001308917999;0.055443860590457916
0.278853178024292;0.05514635145664215
0.2820723056793213;0.054516419768333435
0.2791314423084259;0.05092474818229675
0.28249698877334595;0.05449998378753662
0.28108757734298706;0.05595632642507553
0.27768516540527344;0.05317600071430206
0.2761794924736023;0.05223225802183151
0.2759532034397125;0.054411038756370544
0.28095152974128723;0.055598244071006775
0.2749163508415222;0.05242881923913956
0.2824643850326538;0.05679607391357422
0.27974867820739746;0.05480051040649414
0.27706798911094666;0.05446635186672211
0.2770368456840515;0.0532718151807785
0.28246504068374634;0.0526522621512413
0.2834671437740326;0.0531633198261261
0.2799175977706909;0.05528585612773895
0.2790165841579437;0.053492337465286255
0.2794376015663147;0.05189695954322815
0.27797919511795044;0.05232688784599304
0.27576154470443726;0.05217069387435913
0.27595871686935425;0.052315279841423035
0.27852433919906616;0.053639329969882965
0.2718948423862457;0.05063067376613617
0.28064632415771484;0.05274362862110138
0.2799295485019684;0.05347967892885208
0.27876245975494385;0.051918402314186096
0.2840553820133209;0.052772022783756256
0.27671992778778076;0.05026550590991974
0.2798503637313843;0.05503474175930023
0.2775189280509949;0.051585882902145386
0.2807299494743347;0.05562233179807663
0.2759641408920288;0.05208265036344528
0.2739587426185608;0.050931766629219055
0.27619466185569763;0.0528402253985405
0.27536916732788086;0.05328499525785446
0.26977792382240295;0.05301260948181152
0.27748703956604004;0.05415614694356918
0.2753036618232727;0.050450265407562256
0.27494901418685913;0.050509750843048096
0.2779354453086853;0.051765263080596924
0.27707773447036743;0.05183015763759613
0.2706661820411682;0.05172575265169144
0.27324825525283813;0.05261699855327606
0.27456218004226685;0.05189714580774307
0.28096309304237366;0.056035980582237244
0.2746962904930115;0.05125843733549118
0.27750301361083984;0.05438636243343353
0.2816527485847473;0.05500422418117523
0.27291250228881836;0.05237928777933121
0.28248104453086853;0.05267675966024399
0.2741481363773346;0.05185917764902115
0.2770021855831146;0.04945644736289978
0.28229227662086487;0.05524475872516632
0.27809348702430725;0.052018359303474426
0.2786453068256378;0.05155879259109497
0.2714902460575104;0.05487677454948425
0.27269887924194336;0.05145464837551117
0.27978748083114624;0.05283798277378082
0.2813863456249237;0.05396851897239685
0.2789746820926666;0.05202855169773102
0.28362441062927246;0.05361904203891754
0.27641916275024414;0.05106078088283539
0.2791092097759247;0.05306488275527954
0.27247393131256104;0.05105496197938919
0.28302302956581116;0.05345925688743591
0.27640074491500854;0.05321088433265686
0.2802506983280182;0.05198362469673157
0.27674150466918945;0.05258249491453171
0.275121808052063;0.049157097935676575
0.27152764797210693;0.05060337483882904
0.2822263836860657;0.05410848557949066
0.2745891809463501;0.04962056875228882
0.2763848304748535;0.051258161664009094
0.2831296920776367;0.05535135418176651
0.27336618304252625;0.053733572363853455
0.2714567482471466;0.0492805540561676
0.27569106221199036;0.05296057462692261
0.2740185558795929;0.05043743550777435
0.27678221464157104;0.05220697820186615
0.2738070487976074;0.05271066725254059
0.27978265285491943;0.05452996492385864
0.27950480580329895;0.05283647030591965
0.27682530879974365;0.053955741226673126
0.2709841728210449;0.04980263113975525
0.2807171940803528;0.05166657269001007
0.2783133387565613;0.05199629068374634
0.27329573035240173;0.05155142396688461
0.2713627815246582;0.04961933195590973
0.2745875120162964;0.05405689775943756
0.2810087502002716;0.05385327339172363
0.27489328384399414;0.050670869648456573
0.2769662141799927;0.05505308508872986
0.27439844608306885;0.05175280570983887
0.27850276231765747;0.05281214416027069
0.2832193374633789;0.054010823369026184
0.2820160984992981;0.05624872446060181
0.2790693938732147;0.05191124230623245
0.2744252383708954;0.04946448653936386
0.2743968963623047;0.051471106708049774
0.27862054109573364;0.05318884551525116
0.2748259902000427;0.05187499523162842
0.28332871198654175;0.05153970420360565
0.2780897617340088;0.05597195774316788
0.2744938135147095;0.04970824718475342
0.2783469557762146;0.053585708141326904
0.2774801552295685;0.05184216797351837
0.2796030044555664;0.05318516492843628
0.27299702167510986;0.05194259434938431
0.275616854429245;0.051052168011665344
0.27679938077926636;0.05096910893917084
0.2776161730289459;0.05242020636796951
0.2767255902290344;0.054311543703079224
0.2827838063240051;0.0524800643324852
0.273213267326355;0.051876917481422424
0.27331793308258057;0.05483517050743103
0.2745096981525421;0.05212002247571945
0.2722066044807434;0.05073440074920654
0.27513962984085083;0.051729023456573486
0.27984175086021423;0.05220144987106323
0.2752137780189514;0.05030285567045212
0.27918729186058044;0.051298290491104126
0.27763473987579346;0.05090410262346268
0.27683478593826294;0.0519990473985672
0.27978208661079407;0.051741823554039
0.27560487389564514;0.053154222667217255
0.2748715877532959;0.05095738172531128
0.2696314752101898;0.05036422610282898
0.2781488597393036;0.05166080594062805
0.27276045083999634;0.05186723172664642
0.27642950415611267;0.051862865686416626
0.27591800689697266;0.04860863834619522
0.2752060294151306;0.05154748260974884
0.27990785241127014;0.05550604313611984
0.27910473942756653;0.05218348652124405
0.27503690123558044;0.05124613642692566
0.2828485369682312;0.05139097571372986
0.27400916814804077;0.052901849150657654
0.2777072489261627;0.05188135802745819
0.2709615230560303;0.05190704017877579
0.2735941410064697;0.05068960785865784
0.2796584665775299;0.05330286920070648
0.28466886281967163;0.05380371958017349
0.2770911157131195;0.05156382918357849
0.27560222148895264;0.049050748348236084
0.27497953176498413;0.05244317650794983
0.2789141535758972;0.05431261658668518
0.2769583463668823;0.05110669881105423
0.27493131160736084;0.04899594187736511
0.2762753367424011;0.05178302526473999
0.2719227075576782;0.052449241280555725
0.2757449448108673;0.05179375410079956
0.27797627449035645;0.05109584331512451
0.28017497062683105;0.05309268832206726
0.27730831503868103;0.051978692412376404
0.2766047716140747;0.052320696413517
0.2728978395462036;0.05236625671386719
0.27927276492118835;0.05325019359588623
0.27947214245796204;0.05353580415248871
0.2703302502632141;0.05270262062549591
0.27582794427871704;0.05278134346008301
0.27443718910217285;0.05115070194005966
0.27956002950668335;0.05576556921005249
0.27659350633621216;0.05265779793262482
0.2731567621231079;0.05206096172332764
0.2770853638648987;0.053612641990184784
0.2797561287879944;0.05201292037963867
0.2728368043899536;0.04937399923801422
0.2708500027656555;0.04902046173810959
0.27506905794143677;0.05273628234863281
0.2771589756011963;0.05025583505630493
0.27409887313842773;0.049975454807281494
0.27890002727508545;0.04996322840452194
0.2730333209037781;0.04832449555397034
0.28060492873191833;0.05273677408695221
0.27382296323776245;0.053590841591358185
0.27413079142570496;0.0517633855342865
0.27573469281196594;0.054388999938964844
0.2815518379211426;0.05131845921278
0.27581754326820374;0.05276176333427429
0.27567675709724426;0.05434763431549072
0.2739620804786682;0.05051442235708237
0.2779204249382019;0.05147625505924225
0.27369970083236694;0.05217503011226654
0.27420687675476074;0.05234667658805847
0.2756950259208679;0.05126223713159561
0.27263155579566956;0.0503196120262146
0.27572500705718994;0.051728665828704834
0.27511370182037354;0.05170828104019165
0.2785879373550415;0.05368641018867493
0.2734590768814087;0.0525406152009964
0.28397178649902344;0.052777498960494995
0.27578380703926086;0.052155256271362305
0.269858717918396;0.05281957983970642
0.2745063006877899;0.05012500286102295
0.27449870109558105;0.049964070320129395
0.2717288136482239;0.048931755125522614
0.27553993463516235;0.05163794755935669
0.2758234143257141;0.052893608808517456
0.2729003131389618;0.051288023591041565
0.27128058671951294;0.051379814743995667
0.27687299251556396;0.0516282320022583
0.28042033314704895;0.05333590507507324
0.2742744982242584;0.050839610397815704
0.2733996510505676;0.0533229261636734
0.2719409465789795;0.04913301765918732
0.28000032901763916;0.054910264909267426
0.27922630310058594;0.052425846457481384
0.27381831407546997;0.049258723855018616
0.27589988708496094;0.050607338547706604
0.2728559076786041;0.04891166090965271
0.2725874185562134;0.05354037135839462
0.2778237760066986;0.055288493633270264
0.27130523324012756;0.049804650247097015
0.27466443181037903;0.0525045171380043
0.2782909870147705;0.05291561782360077
0.27212655544281006;0.05061860382556915
0.28122806549072266;0.053236208856105804
0.2759464979171753;0.05147325247526169
0.26856619119644165;0.04987338185310364
0.2732153534889221;0.05270756036043167
0.2744741439819336;0.04952341318130493
0.27371418476104736;0.05037496238946915
0.2810417115688324;0.055098049342632294
0.28566688299179077;0.05526919662952423
0.27470076084136963;0.05165626108646393
0.2734607458114624;0.050695836544036865
0.28071391582489014;0.051193445920944214
0.2756139039993286;0.05361203849315643
0.27800267934799194;0.05423051118850708
0.27688902616500854;0.05310880392789841
0.27728328108787537;0.05267580598592758
0.2779307961463928;0.05272665619850159
0.2731513977050781;0.05296429991722107
0.27025306224823;0.05163368582725525
0.27754658460617065;0.0532807782292366
0.278261661529541;0.05269370973110199
0.27861881256103516;0.05353906750679016
0.27563655376434326;0.05007878690958023
0.27241116762161255;0.05005583167076111
0.28099167346954346;0.05398726463317871
0.2758278250694275;0.053560808300971985
0.27605026960372925;0.052304282784461975
0.28726276755332947;0.053505197167396545
0.2750680446624756;0.05166164040565491
0.27092331647872925;0.04976893216371536
0.27917319536209106;0.05170685052871704
0.27927857637405396;0.04970237612724304
0.28128790855407715;0.05191502720117569
0.2834106683731079;0.053470686078071594
0.27595457434654236;0.050901614129543304
0.2716186046600342;0.05205582082271576
0.2808682918548584;0.05367650091648102
0.273012638092041;0.05254828929901123
0.27597659826278687;0.054601654410362244
0.27471616864204407;0.051431573927402496
0.27770406007766724;0.05204087495803833
0.2808840274810791;0.053606100380420685
0.2761065661907196;0.050676457583904266
0.2799730598926544;0.05233478546142578
0.27360063791275024;0.0529148131608963
0.2710012197494507;0.05018308013677597
0.2723150849342346;0.050215065479278564
0.27222344279289246;0.050566405057907104
0.2753617465496063;0.051763564348220825
0.27271831035614014;0.04723593592643738
0.2845587432384491;0.056153908371925354
0.2755557894706726;0.0535597950220108
0.2734866142272949;0.05235870182514191
0.2842761278152466;0.05524376779794693
0.27134886384010315;0.05149693787097931
0.2853389382362366;0.05294254422187805
0.27227500081062317;0.04954276233911514
0.2787555456161499;0.0512876957654953
0.2740636467933655;0.0508381649851799
0.2825812101364136;0.05394900590181351
0.2729337811470032;0.04991883039474487
0.27152472734451294;0.052094414830207825
0.2747497260570526;0.051139652729034424
0.27198684215545654;0.05278673768043518
0.27767759561538696;0.05029913783073425
0.2738848626613617;0.05108126252889633
0.27019599080085754;0.050543881952762604
0.2723200023174286;0.05354848504066467
0.2742449939250946;0.050861865282058716
0.27371877431869507;0.05053585022687912
0.2757546305656433;0.04976149648427963
0.27576690912246704;0.05337207019329071
0.2811777591705322;0.054326072335243225
0.27545326948165894;0.05398448556661606
0.2761853337287903;0.050307318568229675
0.2765139937400818;0.05154334008693695
0.27450746297836304;0.04998733103275299
0.2729569673538208;0.050259239971637726
0.2753691077232361;0.05072955787181854
0.276420921087265;0.050924792885780334
0.27861446142196655;0.051853395998477936
0.2685583233833313;0.04869946092367172
0.27224546670913696;0.04917187988758087
0.27575746178627014;0.052087798714637756
0.2755037546157837;0.05358043313026428
0.2781290113925934;0.0511370524764061
0.2771190404891968;0.05038776993751526
0.2762542963027954;0.04980921745300293
0.27045390009880066;0.046790555119514465
0.27520817518234253;0.05058681219816208
0.2712058424949646;0.05017869174480438
0.277182400226593;0.051324717700481415
0.27927500009536743;0.05276045203208923
0.2746804356575012;0.051991209387779236
0.27599745988845825;0.05269657075405121
0.2796151340007782;0.05082489550113678
0.2716248333454132;0.05362832546234131
0.27392375469207764;0.05136260390281677
0.27886006236076355;0.05168433487415314
0.27339398860931396;0.054122209548950195
0.2750419080257416;0.0521550327539444
0.2805507779121399;0.055097222328186035
0.2679504156112671;0.04917469620704651
0.2722742557525635;0.0502694696187973
0.2793521285057068;0.05255570262670517
0.27976465225219727;0.05577664077281952
0.27840402722358704;0.05012596398591995
0.2727392017841339;0.050930753350257874
0.2734077572822571;0.04956872761249542
0.2776676416397095;0.05200903117656708
0.2717703878879547;0.05055612325668335
0.2666507959365845;0.04968242347240448
0.2730245888233185;0.05131508409976959
0.27645933628082275;0.05209960788488388
0.2779023051261902;0.05070193111896515
0.271103173494339;0.05002275109291077
0.27506023645401;0.05099162459373474
0.27448588609695435;0.04971541464328766
0.2728814482688904;0.05036395043134689
0.274538516998291;0.051011741161346436
0.2696939706802368;0.051845982670784
0.2811371088027954;0.053841933608055115
0.275285542011261;0.05136909335851669
0.27713438868522644;0.05512544512748718
0.2758694291114807;0.05187743157148361
0.2704029679298401;0.05450741946697235
0.27355480194091797;0.052416786551475525
0.2759650945663452;0.051297470927238464
0.27288690209388733;0.05009832978248596
0.27665525674819946;0.049717530608177185
0.2735599875450134;0.05557716637849808
0.2805095911026001;0.052293211221694946
0.2774806618690491;0.052858248353004456
0.27328962087631226;0.049456216394901276
0.2761346101760864;0.053390711545944214
0.2723371982574463;0.050929293036460876
0.2794559597969055;0.05397593975067139
0.2728196680545807;0.05253759026527405
0.27230554819107056;0.048259712755680084
0.2773132622241974;0.053680144250392914
0.27329951524734497;0.05100025236606598
0.27352583408355713;0.051841363310813904
0.274356484413147;0.052480027079582214
0.2773668169975281;0.05035942792892456
0.28515297174453735;0.053225256502628326
0.27180877327919006;0.04868106544017792
0.2741285562515259;0.0519975870847702
0.2766866385936737;0.050902873277664185
0.27419042587280273;0.05272190272808075
0.27541759610176086;0.051515109837055206
0.2879381775856018;0.05526141822338104
0.27097776532173157;0.05140978842973709
0.27070915699005127;0.049818187952041626
0.2801346480846405;0.052252575755119324
0.2754088044166565;0.0524725466966629
0.2724267840385437;0.05239748954772949
0.2743554711341858;0.05277465283870697
0.2749321460723877;0.05328386276960373
0.2713715434074402;0.05094823241233826
0.2846154272556305;0.052268728613853455
0.2737085521221161;0.04971891641616821
0.27467256784439087;0.05340522527694702
0.270109623670578;0.04916992783546448
0.2740747034549713;0.05093745142221451
0.28311794996261597;0.05506964027881622
0.270918607711792;0.05110689997673035
0.275257408618927;0.050944387912750244
0.27060702443122864;0.05280984938144684
0.2728923559188843;0.05384474992752075
0.2705840468406677;0.04995828866958618
0.2755165994167328;0.05220507085323334
0.274617075920105;0.05343259125947952
0.27650654315948486;0.05121477693319321
0.27060818672180176;0.050557300448417664
0.2685531973838806;0.04993066191673279
0.2758888006210327;0.0509369894862175
0.27808380126953125;0.05154460668563843
0.2751605808734894;0.04967331141233444
0.2727530002593994;0.05347701162099838
0.2735896706581116;0.050818510353565216
0.2748163342475891;0.0502348318696022
0.2780763506889343;0.0490950345993042
0.26987844705581665;0.05196017026901245
0.26831114292144775;0.048114702105522156
0.27211111783981323;0.05145759880542755
0.27387601137161255;0.051929622888565063
0.2769574820995331;0.05244329571723938
0.27853888273239136;0.05336587131023407
0.27470389008522034;0.050897419452667236
0.27403023838996887;0.05029338598251343
0.26902639865875244;0.04974400997161865
0.2809663414955139;0.05083031952381134
0.2734003961086273;0.04955223202705383
0.2781416177749634;0.05206795036792755
0.2759343981742859;0.050802893936634064
0.2752666771411896;0.050187110900878906
0.27143871784210205;0.05026032030582428
0.28278058767318726;0.05436474084854126
0.2771422266960144;0.053316257894039154
0.2721458077430725;0.05002841353416443
0.26820310950279236;0.051135480403900146
0.2767341136932373;0.049353040754795074
0.2735009789466858;0.050673410296440125
0.2761484384536743;0.050474539399147034
0.2695752680301666;0.0491214394569397
0.2738790214061737;0.050471141934394836
0.2736720144748688;0.04970226436853409
0.2737719714641571;0.05099324882030487
0.2713131904602051;0.04684574156999588
0.27518901228904724;0.050158292055130005
0.27405714988708496;0.05109381675720215
0.26884570717811584;0.04741355776786804
0.27354592084884644;0.04882897436618805
0.2792108654975891;0.053122758865356445
0.2734921872615814;0.05125981569290161
0.2718486189842224;0.0522393137216568
0.2762916684150696;0.05202954262495041
0.27677810192108154;0.051969319581985474
0.27043861150741577;0.050130411982536316
0.2717030644416809;0.04924505203962326
0.26973891258239746;0.050151631236076355
0.2753986120223999;0.05336731672286987
0.2744842767715454;0.05028492212295532
0.27430784702301025;0.0537647008895874
0.2799050807952881;0.05486168712377548
0.26751938462257385;0.05003757029771805
0.26922643184661865;0.0510324090719223
0.2669455409049988;0.04756636917591095
0.2704976201057434;0.05059842765331268
0.2692769765853882;0.04989899694919586
0.27344703674316406;0.05144160985946655
0.2668464183807373;0.047257840633392334
0.2704630494117737;0.04906673729419708
0.27482473850250244;0.05319986492395401
0.275573194026947;0.05235547572374344
0.2723424434661865;0.05211088806390762
0.2747795581817627;0.052460379898548126
0.27635595202445984;0.05163896083831787
0.27387458086013794;0.050404056906700134
0.2688096761703491;0.04963676631450653
0.2752748131752014;0.05289646238088608
0.27450132369995117;0.0520685613155365
0.2668265104293823;0.05036744475364685
0.2739652395248413;0.04976976662874222
0.2679458260536194;0.049819089472293854
0.2761908173561096;0.052672550082206726
0.28084051609039307;0.053788185119628906
0.27244842052459717;0.05158744007349014
0.27501702308654785;0.05128275603055954
0.2705531716346741;0.047579310834407806
0.26951971650123596;0.050993457436561584
0.26523447036743164;0.050181418657302856
0.27461957931518555;0.05156195908784866
0.27120858430862427;0.048794955015182495
0.27028459310531616;0.05173487961292267
0.28416210412979126;0.05639749765396118
0.2727786898612976;0.052202001214027405
0.2682652175426483;0.04892300069332123
0.2717340588569641;0.05091533064842224
0.2702258825302124;0.049568966031074524
0.2790629267692566;0.052472613751888275
0.27111566066741943;0.049535296857357025
0.2706584930419922;0.04906243085861206
0.27163559198379517;0.04974880814552307
0.2783282995223999;0.05271496623754501
0.27946555614471436;0.052381731569767
0.26918065547943115;0.0523390918970108
0.2671719193458557;0.04642483592033386
0.2747490108013153;0.05372244119644165
0.27160966396331787;0.049479007720947266
0.27593159675598145;0.051886849105358124
0.28028011322021484;0.053513333201408386
0.26968348026275635;0.048353902995586395
0.27290064096450806;0.04850071668624878
0.26982662081718445;0.04903552681207657
0.2695348858833313;0.04909582436084747
0.2699070870876312;0.04992237687110901
0.2723245620727539;0.048780232667922974
0.27434203028678894;0.04820914566516876
0.2713038921356201;0.04967480152845383
0.27176547050476074;0.05045972764492035
0.27236396074295044;0.052585750818252563
0.2743529975414276;0.04893484711647034
0.27973416447639465;0.05045723915100098
0.2704622745513916;0.050200626254081726
0.27384692430496216;0.051583029329776764
0.2732662260532379;0.04935526102781296
0.2701268196105957;0.05027572810649872
0.27498605847358704;0.05076511949300766
0.27022314071655273;0.05008186399936676
0.26975685358047485;0.05036729574203491
0.2680600583553314;0.04851068556308746
0.2723863124847412;0.05047371983528137
0.2720949053764343;0.0498858243227005
0.27122563123703003;0.05090270936489105
0.27227210998535156;0.053006529808044434
0.27969232201576233;0.05087225139141083
0.2729107141494751;0.05311413109302521
0.26786163449287415;0.05015493929386139
0.26775887608528137;0.050149232149124146
0.2701193690299988;0.05068236589431763
0.27368730306625366;0.05134811997413635
0.270077109336853;0.04991607367992401
0.2725698947906494;0.04837150126695633
0.2695266008377075;0.05108436197042465
0.2741655111312866;0.05334743112325668
0.2690010964870453;0.05038805305957794
0.2720102071762085;0.051123857498168945
0.2677093744277954;0.047957658767700195
0.2698906660079956;0.050515398383140564
0.2738100290298462;0.051392316818237305
0.2671738862991333;0.04936738312244415
0.270671010017395;0.048019036650657654
0.2678891122341156;0.05329899489879608
0.2729337215423584;0.05131397396326065
0.27935391664505005;0.052492283284664154
0.2725948691368103;0.05044500529766083
0.2754417061805725;0.053204089403152466
0.27121254801750183;0.05072922259569168
0.26922541856765747;0.051889561116695404
0.27463871240615845;0.04881156235933304
0.27408069372177124;0.04962830990552902
0.27565237879753113;0.050262562930583954
0.2730357348918915;0.049410074949264526
0.2750077247619629;0.04836857318878174
0.2682263255119324;0.04992500692605972
0.2717282772064209;0.04900893568992615
0.2809324264526367;0.05081912875175476
0.2754474878311157;0.05107489228248596
0.2714080214500427;0.04998062551021576
0.26822763681411743;0.04651595652103424
0.2765575051307678;0.05217408388853073
0.27208560705184937;0.05053524672985077
0.2654305696487427;0.05219224840402603
0.26832109689712524;0.051674216985702515
0.26955878734588623;0.048300087451934814
0.2760084271430969;0.053698211908340454
0.27625465393066406;0.04924645274877548
0.26966434717178345;0.04886322468519211
0.2740590274333954;0.051419347524642944
0.2715142071247101;0.053035490214824677
0.2714107036590576;0.051985278725624084
0.26855170726776123;0.049874305725097656
0.27753767371177673;0.05233056843280792
0.26890501379966736;0.05051399767398834
0.2658003270626068;0.047749944031238556
0.27524295449256897;0.05331321060657501
0.27481362223625183;0.0504574328660965
0.2695273756980896;0.05025921016931534
0.27255845069885254;0.04940149188041687
0.2662281394004822;0.049468033015728
0.27185970544815063;0.05021560192108154
0.2728974223136902;0.04863825440406799
0.27591919898986816;0.049120739102363586
0.2682276964187622;0.05060046911239624
0.2756401300430298;0.05147513747215271
0.26919999718666077;0.05014284700155258
0.27142173051834106;0.051371388137340546
0.2713925540447235;0.05098713934421539
0.26931679248809814;0.05139143764972687
0.27211350202560425;0.05364406108856201
0.27175334095954895;0.052079081535339355
0.27063047885894775;0.04829473793506622
0.27333855628967285;0.05254887789487839
0.2731958031654358;0.0511573925614357
0.2680918574333191;0.048762544989585876
0.2762485146522522;0.05088195204734802
0.26917946338653564;0.05107034742832184
0.26874473690986633;0.04870182275772095
0.2727736234664917;0.050988227128982544
0.2758216857910156;0.05243706703186035
0.274721622467041;0.05185168236494064
0.2749940752983093;0.05146889388561249
0.26797544956207275;0.04794558882713318
0.2772323787212372;0.0522121861577034
0.26794782280921936;0.04928912967443466
0.27107173204421997;0.048236384987831116
0.27457892894744873;0.050168879330158234
0.2702775299549103;0.04940165579319
0.2688624858856201;0.050867959856987
0.27424243092536926;0.05174033343791962
0.26982036232948303;0.049073949456214905
0.2742859125137329;0.048802658915519714
0.2667141556739807;0.048061102628707886
0.2704233229160309;0.05242374539375305
0.2736743092536926;0.049979060888290405
0.2739173173904419;0.04949478805065155
0.26971662044525146;0.05259401351213455
0.27084028720855713;0.05148942768573761
0.2684677839279175;0.05115869641304016
0.2695666253566742;0.04945068806409836
0.27046698331832886;0.049096256494522095
0.26455461978912354;0.046963706612586975
0.27284079790115356;0.05064397305250168
0.2725422978401184;0.049466103315353394
0.28079649806022644;0.05172136425971985
0.2719958424568176;0.050406597554683685
0.27163249254226685;0.04919889569282532
0.269292414188385;0.049724116921424866
0.2693142890930176;0.05017950385808945
0.26906609535217285;0.05142209678888321
0.27674776315689087;0.050426267087459564
0.27109667658805847;0.051096782088279724
0.26867276430130005;0.04957351088523865
0.26933056116104126;0.04819478839635849
0.27114152908325195;0.04848312586545944
0.269896537065506;0.051122039556503296
0.27476930618286133;0.05304400622844696
0.26960986852645874;0.05029220134019852
0.269199013710022;0.04719588905572891
0.2751864194869995;0.05152350664138794
0.2775065302848816;0.05078656226396561
0.27113187313079834;0.049718424677848816
0.27897244691848755;0.05361100286245346
0.27422744035720825;0.05175258219242096
0.26836562156677246;0.049496278166770935
0.2751655876636505;0.050255149602890015
0.2708037197589874;0.04856151342391968
0.2753106355667114;0.05231308192014694
0.274158239364624;0.05240841209888458
0.2723047435283661;0.052670881152153015
0.2732596695423126;0.050520941615104675
0.27238333225250244;0.05070330202579498
0.2727590799331665;0.05180057883262634
0.2739792466163635;0.05059230327606201
0.27201759815216064;0.051103778183460236
0.2795540690422058;0.05357148498296738
0.26970311999320984;0.05009683966636658
0.27098163962364197;0.04874059557914734
0.270305335521698;0.048423632979393005
0.26982763409614563;0.0484372153878212
0.26809537410736084;0.047658875584602356
0.2741134762763977;0.05148521065711975
0.2700548768043518;0.04718353599309921
0.2664029598236084;0.048625648021698
0.2703099846839905;0.047986358404159546
0.27577513456344604;0.05146871507167816
0.27129578590393066;0.051892563700675964
0.2710728645324707;0.05248391628265381
0.2718064785003662;0.04905398190021515
0.2736285328865051;0.04878031462430954
0.2693861126899719;0.04957157373428345
0.2705049514770508;0.04900088906288147
0.2700808048248291;0.049169138073921204
0.2719130516052246;0.052017614245414734
0.2692556381225586;0.04970211535692215
0.2707363963127136;0.05033411085605621
0.27131474018096924;0.04909093677997589
0.26785099506378174;0.04908858239650726
0.27232375741004944;0.05271480977535248
0.2735106945037842;0.05234898626804352
0.27134186029434204;0.049127042293548584
0.27061760425567627;0.0515524297952652
0.2703266143798828;0.05196233093738556
0.27004724740982056;0.05076079070568085
0.26808393001556396;0.046304039657115936
0.27108150720596313;0.04975429177284241
0.26894694566726685;0.05040469765663147
0.2687961459159851;0.05038601905107498
0.27172839641571045;0.04923323541879654
0.2727397084236145;0.049734458327293396
0.26686784625053406;0.049255646765232086
0.26962482929229736;0.0493105947971344
0.26552969217300415;0.04865352064371109
0.26966923475265503;0.048842862248420715
0.2743982970714569;0.051981307566165924
0.271004319190979;0.050140202045440674
0.27007362246513367;0.049009762704372406
0.2731286883354187;0.05070877820253372
0.272189736366272;0.05096156895160675
0.2786678075790405;0.05096900463104248
0.2767351269721985;0.05101238191127777
0.2685263156890869;0.04644900560379028
0.26996004581451416;0.05162009596824646
0.2711041569709778;0.053125470876693726
0.2701717019081116;0.050590962171554565
0.27711713314056396;0.04943791776895523
0.27017277479171753;0.05216316133737564
0.2653878331184387;0.047664932906627655
0.2685616612434387;0.05072842538356781
0.2661131024360657;0.04992742836475372
0.2752780318260193;0.05055680125951767
0.2681719660758972;0.046944476664066315
0.2732588052749634;0.04965348541736603
0.2681170701980591;0.04816071689128876
0.2684513032436371;0.04681616276502609
0.26829129457473755;0.04953864961862564
0.26784205436706543;0.049469366669654846
0.2716977596282959;0.05069423466920853
0.27743589878082275;0.05198833346366882
0.2748219966888428;0.049959927797317505
0.27501118183135986;0.049901001155376434
0.27063310146331787;0.04753665626049042
0.2746713161468506;0.052797138690948486
0.2659539580345154;0.05012691020965576
0.27416208386421204;0.04898291081190109
0.2744111120700836;0.05056612193584442
0.2717018127441406;0.05078543722629547
0.27357447147369385;0.05169590562582016
