err_mean;err_cos1;err_cos2;err_cos3
0.9424840807914734;0.5363560318946838;0.42069536447525024;0.9856593012809753
0.9424324035644531;0.5359552502632141;0.41966161131858826;0.9797118306159973
0.9426682591438293;0.5354700088500977;0.4186773896217346;0.9734072089195251
0.9427614212036133;0.5349027514457703;0.41773223876953125;0.9667387008666992
0.9429106116294861;0.5343278050422668;0.4166545867919922;0.9596218466758728
0.9429107904434204;0.5339463949203491;0.414999395608902;0.9519461989402771
0.9428872466087341;0.5334843993186951;0.4134100079536438;0.9440326690673828
0.9428911209106445;0.5329591631889343;0.4117453098297119;0.9355093240737915
0.9426252245903015;0.5325700640678406;0.4096892476081848;0.9266991019248962
0.9427390098571777;0.531822681427002;0.4081314206123352;0.9171873927116394
0.9429351687431335;0.5310641527175903;0.4064183235168457;0.907226026058197
0.9429365396499634;0.5303422808647156;0.4045252799987793;0.8969734311103821
0.9429764747619629;0.5298029780387878;0.4019451141357422;0.885858952999115
0.9426140785217285;0.529246985912323;0.3989991843700409;0.8736778497695923
0.9426474571228027;0.528317928314209;0.3968230187892914;0.8617259860038757
0.9428052306175232;0.5273046493530273;0.39440175890922546;0.8485334515571594
0.9429935812950134;0.5261232256889343;0.3923613727092743;0.8359225392341614
0.9432412385940552;0.525118350982666;0.38961535692214966;0.822231113910675
0.9430496096611023;0.5239108204841614;0.38674482703208923;0.8072555661201477
0.9434213638305664;0.5223780870437622;0.3843914568424225;0.7921110987663269
0.9433944821357727;0.5209268927574158;0.3816354274749756;0.7764877676963806
0.9433950781822205;0.5195669531822205;0.37827181816101074;0.7599155306816101
0.9438796043395996;0.5179890990257263;0.37464672327041626;0.7420127987861633
0.9438263177871704;0.5166088938713074;0.370313435792923;0.7233094573020935
0.9443351626396179;0.5148819088935852;0.3667117655277252;0.7048555612564087
0.9446099400520325;0.5130863785743713;0.36238905787467957;0.684933602809906
0.9450773596763611;0.5110363364219666;0.358541876077652;0.6649726629257202
0.9455108642578125;0.5089493989944458;0.354265421628952;0.6450647115707397
0.9459013342857361;0.5066429972648621;0.34954339265823364;0.6232687830924988
0.9462259411811829;0.5045802593231201;0.3443424701690674;0.6015543937683105
0.9455195665359497;0.50284743309021;0.3379557132720947;0.5789019465446472
0.9453946352005005;0.5006269812583923;0.33222007751464844;0.5560747981071472
0.9453017115592957;0.4981258511543274;0.3257065415382385;0.5318137407302856
0.9452577829360962;0.49590110778808594;0.31917354464530945;0.5082686543464661
0.9450666308403015;0.4934045970439911;0.31260180473327637;0.48476868867874146
0.9452092051506042;0.49052953720092773;0.3055022954940796;0.45992445945739746
0.9452084898948669;0.48707064986228943;0.29857730865478516;0.43438711762428284
0.9454933404922485;0.48391270637512207;0.2916179597377777;0.41068869829177856
0.944958508014679;0.4809632897377014;0.28348010778427124;0.3857754170894623
0.9451996684074402;0.4774443805217743;0.2750365734100342;0.3600286841392517
0.9454642534255981;0.47361889481544495;0.2677282392978668;0.33620867133140564
0.9458050727844238;0.4692591726779938;0.26009660959243774;0.31200119853019714
0.9450110793113708;0.4650910496711731;0.25097036361694336;0.2863994538784027
0.9451956152915955;0.46076059341430664;0.24312977492809296;0.2630738317966461
0.944741427898407;0.4564459025859833;0.23422689735889435;0.2408183068037033
0.944581925868988;0.45168018341064453;0.22466659545898438;0.21876318752765656
0.9440884590148926;0.4469764828681946;0.2151116132736206;0.19758835434913635
0.9435938000679016;0.44263574481010437;0.2049352377653122;0.17878083884716034
0.9442459344863892;0.43683940172195435;0.19540953636169434;0.15956532955169678
0.9440481066703796;0.43185916543006897;0.18542881309986115;0.14095203578472137
0.9442924857139587;0.4257794916629791;0.17681096494197845;0.12485074996948242
0.9451958537101746;0.41981229186058044;0.16778059303760529;0.11095855385065079
0.9454313516616821;0.4135302007198334;0.15848737955093384;0.09793414920568466
0.9456508755683899;0.4070482850074768;0.1499914824962616;0.08616933226585388
0.9458145499229431;0.3999377489089966;0.14146248996257782;0.07268624752759933
0.9466850161552429;0.393097847700119;0.13371264934539795;0.06175658851861954
0.9458493590354919;0.3856675624847412;0.12445210665464401;0.05160127207636833
0.945667564868927;0.3777657449245453;0.11856677383184433;0.04648880288004875
0.9465420842170715;0.36964845657348633;0.11009585857391357;0.03684733062982559
0.9461930394172668;0.3625009059906006;0.10138498991727829;0.03255986049771309
0.9462200999259949;0.35395708680152893;0.09458217769861221;0.02715616300702095
0.9465600252151489;0.34621408581733704;0.08553197234869003;0.02185172215104103
0.946812629699707;0.3377992808818817;0.07866554707288742;0.016387194395065308
0.9474747776985168;0.328498899936676;0.07191421091556549;0.013064133934676647
0.9480867385864258;0.3211227059364319;0.06510329991579056;0.012280039489269257
0.9495938420295715;0.31178101897239685;0.059677936136722565;0.013145011849701405
0.9500097632408142;0.3038336932659149;0.05651253089308739;0.013121417723596096
0.9504856467247009;0.2949702739715576;0.05139300972223282;0.013577471487224102
0.9511752128601074;0.2866879403591156;0.04590865224599838;0.013581626117229462
0.9508005380630493;0.27891281247138977;0.041536908596754074;0.016884950920939445
0.9497646689414978;0.2697376608848572;0.0391501784324646;0.009804680943489075
0.9493207335472107;0.26102256774902344;0.03765403479337692;0.012855109758675098
0.9486122131347656;0.25207754969596863;0.034063320606946945;0.014066770672798157
0.9481654167175293;0.24293139576911926;0.02999623492360115;0.01396702229976654
0.9464725852012634;0.23558549582958221;0.024284182116389275;0.011869746260344982
0.9460906386375427;0.22733068466186523;0.02182568609714508;0.01161382906138897
0.9458366632461548;0.22103343904018402;0.017233235761523247;0.011732900515198708
0.9454828500747681;0.21194866299629211;0.016033491119742393;0.011508469469845295
0.9476839303970337;0.20265650749206543;0.013114380650222301;0.013984997756779194
0.9481756091117859;0.19554582238197327;0.014653242193162441;0.011858913116157055
0.9491395354270935;0.18654580414295197;0.013656285591423512;0.012051298283040524
0.9531139731407166;0.17663457989692688;0.012975108809769154;0.017330171540379524
0.9511319994926453;0.16976992785930634;0.012929853983223438;0.012729180045425892
0.948520302772522;0.16076354682445526;0.011045337654650211;0.010999376885592937
0.9496675729751587;0.15335991978645325;0.01251144427806139;0.016053130850195885
0.9498717188835144;0.14627663791179657;0.01400920283049345;0.014548264443874359
0.9485301971435547;0.13948242366313934;0.014752424322068691;0.013343669474124908
0.9476407170295715;0.13444335758686066;0.013819667510688305;0.013748764991760254
0.9479133486747742;0.12852010130882263;0.015183133073151112;0.011673477478325367
0.9492126703262329;0.121934674680233;0.015764672309160233;0.0123588303104043
0.9504038691520691;0.11659657955169678;0.013195174746215343;0.011023102328181267
0.949715256690979;0.11367559432983398;0.014720762148499489;0.01373177208006382
0.9482145309448242;0.10831504315137863;0.013323287479579449;0.012580103240907192
0.946294903755188;0.10307972878217697;0.013239226303994656;0.012131358496844769
0.9463163614273071;0.09724169224500656;0.013944685459136963;0.011691792868077755
0.9475063681602478;0.09154320508241653;0.014952252618968487;0.009492220357060432
0.9479652643203735;0.08556146919727325;0.017544332891702652;0.012778564356267452
0.9474374651908875;0.07973334938287735;0.015623219311237335;0.01171900611370802
0.945332944393158;0.07597120851278305;0.013688451610505581;0.011388576589524746
0.9448000192642212;0.07160985469818115;0.013583040796220303;0.013722128234803677
0.9450174570083618;0.06558384001255035;0.015749866142868996;0.010369330644607544
0.9426097273826599;0.06216270476579666;0.014408238232135773;0.011542665772140026
0.9442257881164551;0.058575380593538284;0.01487752702087164;0.013245460577309132
0.943997323513031;0.05468916893005371;0.014462390914559364;0.011972944252192974
0.9412310719490051;0.0512721948325634;0.015107530169188976;0.010916254483163357
0.9407062530517578;0.05009115859866142;0.01518851425498724;0.016339803114533424
0.9397203326225281;0.04870251566171646;0.017019979655742645;0.02039507031440735
0.9359771609306335;0.04731900617480278;0.013719761744141579;0.01670716516673565
0.936104416847229;0.04457799717783928;0.013539944775402546;0.011840266175568104
0.9375044107437134;0.04252589866518974;0.009952335618436337;0.01563224382698536
0.9409189224243164;0.03958524391055107;0.010017438791692257;0.010248933918774128
0.9396889805793762;0.03801968693733215;0.009295323863625526;0.009617130272090435
0.9418867230415344;0.03584185987710953;0.009280778467655182;0.008104708977043629
0.9449253082275391;0.03489039093255997;0.010412434116005898;0.008948330767452717
0.9464494585990906;0.0310831218957901;0.009867680259048939;0.009066663682460785
0.9460179209709167;0.02840789593756199;0.008027887903153896;0.010256853885948658
0.9442915320396423;0.02819504216313362;0.008356436155736446;0.011069274507462978
0.9436057209968567;0.028003379702568054;0.013550755567848682;0.013308405876159668
0.9438538551330566;0.026513749733567238;0.009138273075222969;0.01435537077486515
0.9419307708740234;0.02695208229124546;0.008947296999394894;0.009285964071750641
0.9424756169319153;0.024247856810688972;0.00901997834444046;0.011876917444169521
0.9416597485542297;0.023604072630405426;0.009170486591756344;0.014422217383980751
0.9410320520401001;0.020757261663675308;0.009206769987940788;0.011746522970497608
0.9410707354545593;0.019941462203860283;0.01091218926012516;0.013460609130561352
0.940788745880127;0.01870662346482277;0.010636270977556705;0.013067114166915417
0.9405197501182556;0.020594701170921326;0.013415909372270107;0.01199836004525423
0.9417533278465271;0.020623520016670227;0.0115054314956069;0.01427724864333868
0.9419633150100708;0.020239969715476036;0.010526667349040508;0.015324804000556469
0.9438260197639465;0.018500376492738724;0.010139464400708675;0.016743144020438194
0.9435597658157349;0.01768343336880207;0.008269699290394783;0.017777850851416588
0.9442011117935181;0.017639650031924248;0.010270603001117706;0.016666004434227943
0.9469961524009705;0.01604904606938362;0.007773506920784712;0.010865728370845318
0.9459024667739868;0.015590175054967403;0.009893960319459438;0.010960699990391731
0.9456812143325806;0.01624193601310253;0.008347860537469387;0.010019646026194096
0.9438323974609375;0.01565699093043804;0.006544600706547499;0.010827875696122646
0.9447032809257507;0.01650421880185604;0.005652728024870157;0.011949538253247738
0.9466205835342407;0.01749272644519806;0.006033372133970261;0.016262859106063843
0.9444586038589478;0.01546984352171421;0.00936400517821312;0.010614949278533459
0.9473125338554382;0.015861215069890022;0.007813666015863419;0.00949446577578783
0.9480549693107605;0.013596700504422188;0.010500005446374416;0.00938482116907835
0.9473444223403931;0.01398808415979147;0.008641268126666546;0.009896055795252323
0.9484329223632812;0.01258822064846754;0.008350853808224201;0.013447622768580914
0.9469060301780701;0.009652792476117611;0.007443568203598261;0.014413311146199703
0.9486412405967712;0.00824208278208971;0.00845321174710989;0.012194882147014141
0.9490239024162292;0.008642524480819702;0.012200056575238705;0.013638952746987343
0.9495676159858704;0.007931026630103588;0.009017948061227798;0.011051608249545097
0.9496261477470398;0.007686675991863012;0.010369214229285717;0.01039851363748312
0.9496124386787415;0.007738381624221802;0.005157957784831524;0.011526139453053474
0.9497499465942383;0.006560631096363068;0.009790350683033466;0.011469596065580845
0.9513288736343384;0.008212869986891747;0.008796113543212414;0.01094475481659174
0.9531670808792114;0.010136648081243038;0.006943332497030497;0.011641017161309719
0.9564236998558044;0.009715426713228226;0.005877254996448755;0.010230720043182373
0.9570035934448242;0.009795941412448883;0.007576703559607267;0.012361162342131138
0.9578351974487305;0.009222294203937054;0.00837653037160635;0.014558183029294014
0.9571602940559387;0.008740668185055256;0.008723492734134197;0.012815822847187519
0.955773651599884;0.009216713719069958;0.0071898819878697395;0.011354255490005016
0.955485999584198;0.007382837124168873;0.00937363039702177;0.01138815563172102
0.9536731839179993;0.007940996438264847;0.008849980309605598;0.011164238676428795
0.9545826315879822;0.008144473657011986;0.012359412387013435;0.01348233874887228
0.9526115655899048;0.007713375147432089;0.013055212795734406;0.01473274827003479
0.9521891474723816;0.008184649050235748;0.009705973789095879;0.01392230112105608
0.9544455409049988;0.00871634017676115;0.01155150681734085;0.019358526915311813
0.9535688757896423;0.008405284956097603;0.00884020235389471;0.013628735207021236
0.9506599307060242;0.007753977086395025;0.009432198479771614;0.013358557596802711
0.9506622552871704;0.00693677831441164;0.011076534166932106;0.014520004391670227
0.9477817416191101;0.008453026413917542;0.012122981250286102;0.016485223546624184
0.9480520486831665;0.007949679158627987;0.009141545742750168;0.015514249913394451
0.9462723731994629;0.007422512862831354;0.009339279495179653;0.0149616664275527
0.944095253944397;0.0070084515027701855;0.009220090694725513;0.011172538623213768
0.9445285797119141;0.010022514499723911;0.00792606920003891;0.014861631207168102
0.9447698593139648;0.0070395441725850105;0.008882994763553143;0.015008888207376003
0.9463561177253723;0.0068483189679682255;0.008683724328875542;0.015579384751617908
0.9489477276802063;0.006209017243236303;0.005696173291653395;0.01588861271739006
0.9489893913269043;0.00611966522410512;0.01069748867303133;0.016808634623885155
0.9490811228752136;0.006615553982555866;0.009733995422720909;0.013921511359512806
0.9488706588745117;0.007038841489702463;0.012190192937850952;0.013873604126274586
0.9471357464790344;0.005646414589136839;0.014337817206978798;0.014301073737442493
0.9473380446434021;0.007561336737126112;0.012175358831882477;0.010219196788966656
0.9451063275337219;0.009511801414191723;0.009180418215692043;0.006780441850423813
0.9454584121704102;0.010188361629843712;0.005825438536703587;0.007945239543914795
0.9454157948493958;0.009832833893597126;0.007907169871032238;0.0064030298963189125
0.9449488520622253;0.009775303304195404;0.008012719452381134;0.010798555798828602
0.9447288513183594;0.007964355871081352;0.011363071389496326;0.013462604954838753
0.9444391131401062;0.006803256459534168;0.01136939786374569;0.010349548421800137
0.9421312212944031;0.008487655781209469;0.014177742414176464;0.010486660525202751
0.9425565004348755;0.007292557042092085;0.012677825056016445;0.009227105416357517
0.9419735074043274;0.006146130617707968;0.013024227693676949;0.009137020446360111
0.9432886242866516;0.006550529506057501;0.01150604523718357;0.016735119745135307
0.9427736401557922;0.0068059042096138;0.012544470839202404;0.011619757860898972
0.9411308169364929;0.006101076956838369;0.010847887955605984;0.012344815768301487
0.941917359828949;0.007646335754543543;0.010574990883469582;0.015265640802681446
0.9442324638366699;0.0063619050197303295;0.011844840832054615;0.014216798357665539
0.9442911148071289;0.006567709147930145;0.008002347312867641;0.01154214795678854
0.9461490511894226;0.008040555752813816;0.009248982183635235;0.013536961749196053
0.9468969702720642;0.009233643300831318;0.00897400826215744;0.00875008013099432
0.9471479654312134;0.009870118461549282;0.010097908787429333;0.012430371716618538
0.9445943236351013;0.00938845332711935;0.011334981769323349;0.014819412492215633
0.9434908032417297;0.010385766625404358;0.01044386625289917;0.01491610985249281
0.9414958357810974;0.009693621657788754;0.006136755924671888;0.016181034967303276
0.9407331347465515;0.008660300634801388;0.00897787231951952;0.013493391685187817
0.9399518370628357;0.009966458193957806;0.008918519131839275;0.01165552344173193
0.9373475909233093;0.01044472586363554;0.009256983175873756;0.012168115004897118
0.935816764831543;0.010772675275802612;0.006929479539394379;0.01276802271604538
0.9346179962158203;0.011794659309089184;0.009849464520812035;0.015238786116242409
0.9347242712974548;0.011595106683671474;0.011289946734905243;0.011468993499875069
0.9337565302848816;0.012308884412050247;0.010208096355199814;0.010389067232608795
0.9318023920059204;0.01407662034034729;0.012148830108344555;0.013362342491745949
0.9304243922233582;0.01397356390953064;0.013699586503207684;0.011308379471302032
0.931046187877655;0.01295847725123167;0.013982735574245453;0.012930886819958687
0.9279409646987915;0.011273372918367386;0.013389185070991516;0.01119854487478733
0.9290210008621216;0.012435541488230228;0.012196906842291355;0.0098017118871212
0.9267935156822205;0.012252348475158215;0.014420091174542904;0.011219841428101063
0.9268987774848938;0.014090195298194885;0.012357699684798717;0.011638759635388851
0.9252461791038513;0.012852919287979603;0.011358180083334446;0.013864628039300442
0.9216179251670837;0.013095954433083534;0.011817984282970428;0.00821563322097063
0.9222528338432312;0.014452318660914898;0.013400072231888771;0.01141146570444107
0.9237217903137207;0.013007796369493008;0.011730958707630634;0.01258255448192358
0.9233556985855103;0.013671658001840115;0.012077073566615582;0.014842989854514599
0.9256376624107361;0.012255753390491009;0.01435579638928175;0.016439078375697136
0.9240557551383972;0.011635887436568737;0.014527389779686928;0.011351339519023895
0.9232284426689148;0.011841586790978909;0.015417260117828846;0.011708306148648262
0.9229127764701843;0.012412868440151215;0.012129859998822212;0.013061793521046638
0.9252508282661438;0.01240257453173399;0.00758415786549449;0.012285598553717136
0.9222486615180969;0.010209232568740845;0.010328317061066628;0.011105227284133434
0.9223418235778809;0.009014778770506382;0.009345791302621365;0.014112348668277264
0.9224136471748352;0.009502695873379707;0.01166580617427826;0.013415577821433544
0.922944962978363;0.010038146749138832;0.009411510080099106;0.013851622119545937
0.9237771034240723;0.01028770674020052;0.009009027853608131;0.01139285322278738
0.9227680563926697;0.011408381164073944;0.010172984562814236;0.01412175316363573
0.9197012186050415;0.01199090015143156;0.011450816877186298;0.013781160116195679
0.9204918146133423;0.012190944515168667;0.010135776363313198;0.008622816763818264
0.9230939745903015;0.010754660703241825;0.011356046423316002;0.013305510394275188
0.9258710145950317;0.011898855678737164;0.009593424387276173;0.013405421748757362
0.9279128909111023;0.011983483098447323;0.011500577442348003;0.011730950325727463
0.9309936761856079;0.012094895355403423;0.011487209238111973;0.0170199703425169
0.9322941899299622;0.011554929427802563;0.013196195475757122;0.017926201224327087
0.9290031790733337;0.010717709548771381;0.0135276410728693;0.014267772436141968
0.9270080924034119;0.009956500492990017;0.013350823894143105;0.011083940975368023
0.9243984222412109;0.01056451816111803;0.015832126140594482;0.011641871184110641
0.9250069856643677;0.010297246277332306;0.014045046642422676;0.010217561386525631
0.9248599410057068;0.01149240043014288;0.011682000942528248;0.009040147066116333
0.9246460199356079;0.009850582107901573;0.013262777589261532;0.00819314830005169
0.9237268567085266;0.01113670039921999;0.014516863040626049;0.01191598828881979
0.9225394129753113;0.011409255675971508;0.016404708847403526;0.011361966840922832
0.9220467805862427;0.011424968019127846;0.015237824991345406;0.009454700164496899
0.9194223284721375;0.010768822394311428;0.014132372103631496;0.0117257134988904
0.9209234118461609;0.009590246714651585;0.015879470854997635;0.013018051162362099
0.9190751910209656;0.00999677088111639;0.013156224973499775;0.011623138561844826
0.9214202761650085;0.010176035575568676;0.008935689926147461;0.005832753609865904
0.9205310940742493;0.0075133927166461945;0.010879154317080975;0.011927910149097443
0.9201230406761169;0.005485329311341047;0.014668873511254787;0.013102847151458263
0.9185217022895813;0.007536371238529682;0.013926106505095959;0.010229927487671375
0.9179539680480957;0.00695021403953433;0.015451575629413128;0.012914180755615234
0.9190651178359985;0.0072188363410532475;0.01345400232821703;0.008115435019135475
0.9179930686950684;0.007145742420107126;0.014951813034713268;0.00863545574247837
0.9174026846885681;0.007532051298767328;0.010735655203461647;0.011008116416633129
0.9181753396987915;0.008826152421534061;0.012256923131644726;0.011109194718301296
0.9172922372817993;0.0067088245414197445;0.015781931579113007;0.011700144968926907
0.9128870964050293;0.007230080664157867;0.015366844832897186;0.014533231034874916
0.9127320647239685;0.006670915521681309;0.013278930447995663;0.011022443883121014
0.9136214256286621;0.006814511027187109;0.010630009695887566;0.008824159391224384
0.9151405692100525;0.0073756384663283825;0.00819336622953415;0.013778800144791603
0.9171268343925476;0.007714641280472279;0.009026824496686459;0.01189489383250475
0.9177624583244324;0.008016678504645824;0.011333542875945568;0.014136319048702717
0.9201106429100037;0.0066973320208489895;0.01222460251301527;0.015237380750477314
0.9200403094291687;0.006532659288495779;0.01014294195920229;0.014660830609500408
0.920245349407196;0.005731174722313881;0.011466010473668575;0.015986543148756027
0.9203363656997681;0.005064540542662144;0.00886312685906887;0.01646517775952816
0.918587863445282;0.0045580933801829815;0.0069820694625377655;0.017867950722575188
0.9180558323860168;0.007139512803405523;0.007123346906155348;0.015436879359185696
0.9186285138130188;0.006844738032668829;0.009103863500058651;0.011389335617423058
0.9186292886734009;0.004337375517934561;0.012763562612235546;0.00940998550504446
0.9185389876365662;0.004567197058349848;0.010370887815952301;0.011402024887502193
0.919533908367157;0.005614202003926039;0.011334150098264217;0.010866963304579258
0.9206468462944031;0.00655519962310791;0.013324001803994179;0.012952789664268494
0.9204719662666321;0.007654653396457434;0.01662413962185383;0.012185106985270977
0.9203487634658813;0.008728669956326485;0.01622164063155651;0.0057792034931480885
0.9200979471206665;0.008858506567776203;0.01664167270064354;0.006822410970926285
0.9200260043144226;0.00878334790468216;0.013655724935233593;0.011019008234143257
0.9203760027885437;0.007504025939851999;0.015197494998574257;0.016151243820786476
0.917633056640625;0.007827973924577236;0.015042056329548359;0.01562372874468565
0.9170581698417664;0.009027959778904915;0.015114940702915192;0.013856065459549427
0.9184793829917908;0.00875895470380783;0.01320867519825697;0.013717266730964184
0.9176842570304871;0.009447346441447735;0.00966141652315855;0.015908299013972282
0.9182718396186829;0.009582956321537495;0.010407143272459507;0.015430787578225136
0.9164376258850098;0.010454266332089901;0.0098866056650877;0.01169858779758215
0.9186562895774841;0.011341388337314129;0.00978818815201521;0.00987445842474699
0.9201142191886902;0.010578103363513947;0.009992985986173153;0.010829132981598377
0.9186639785766602;0.010466353967785835;0.011754791252315044;0.010710914619266987
0.9180703163146973;0.011138658039271832;0.014024938456714153;0.010153158567845821
0.9194391369819641;0.009719747118651867;0.016211872920393944;0.00990510918200016
0.9194680452346802;0.009222804568707943;0.01682608388364315;0.013345672748982906
0.9193996787071228;0.008335860446095467;0.01567588746547699;0.015500284731388092
0.919041097164154;0.007250040769577026;0.016660671681165695;0.010957174934446812
0.9172975420951843;0.009066753089427948;0.012621724978089333;0.013096943497657776
0.9171121716499329;0.009675845503807068;0.010324271395802498;0.008996163494884968
0.9165908098220825;0.010423737578094006;0.008454332128167152;0.012370388023555279
0.9164468050003052;0.010662413202226162;0.006786231882870197;0.010726096108555794
0.9141584634780884;0.010256794281303883;0.0063214050605893135;0.015359068289399147
0.9104602932929993;0.01090740691870451;0.010544135235249996;0.019904501736164093
0.9134004712104797;0.0108268391340971;0.01358354277908802;0.01063457690179348
0.9128325581550598;0.009310630150139332;0.011695113964378834;0.010338998399674892
0.9139298796653748;0.009951412677764893;0.00900361966341734;0.012412462383508682
0.9154744148254395;0.011104041710495949;0.009169818833470345;0.011570888571441174
0.9166555404663086;0.011174147017300129;0.012527679093182087;0.01316087692975998
0.9160346388816833;0.011723172850906849;0.015458295121788979;0.010180174373090267
0.9147359728813171;0.011816120706498623;0.009191453456878662;0.013152453117072582
0.9133030772209167;0.011176278814673424;0.009391605854034424;0.011323626153171062
0.915311336517334;0.011409150436520576;0.011178890243172646;0.01707196608185768
0.9141155481338501;0.010723852552473545;0.007654870394617319;0.016032492741942406
0.9137401580810547;0.011170434765517712;0.008056683465838432;0.01385326124727726
0.9140796661376953;0.011888710781931877;0.010006915777921677;0.014627533964812756
0.9120761156082153;0.01081373542547226;0.00885490607470274;0.011663216166198254
0.9123067259788513;0.011933128349483013;0.010324913077056408;0.008315959013998508
0.9139089584350586;0.011426365934312344;0.009601595811545849;0.014062362723052502
0.9150459170341492;0.01128512341529131;0.012298855930566788;0.014156142249703407
0.9120155572891235;0.009909841232001781;0.01492057740688324;0.012965205125510693
0.9124714732170105;0.008876184932887554;0.01380814891308546;0.012418928556144238
0.9150059819221497;0.009146562777459621;0.011834326200187206;0.010869551450014114
0.9123727083206177;0.009091367945075035;0.012304882518947124;0.007162409368902445
0.9117876291275024;0.009143072180449963;0.00992453284561634;0.010294361039996147
0.9102745056152344;0.008738364093005657;0.011041310615837574;0.013105175457894802
0.9126110076904297;0.010575267486274242;0.011307360604405403;0.013803093694150448
0.9133244752883911;0.011587142944335938;0.009933887980878353;0.01770537532866001
0.9139301180839539;0.009214132092893124;0.010255030356347561;0.010898296721279621
0.910554826259613;0.008439574390649796;0.011098076589405537;0.01003871951252222
0.9124399423599243;0.008762898854911327;0.014253662899136543;0.013885783962905407
0.9151951670646667;0.009305029176175594;0.018017733469605446;0.014736962504684925
0.9161972403526306;0.008348631672561169;0.01593380980193615;0.01083530392497778
0.914410412311554;0.008493329398334026;0.012750041671097279;0.01039321068674326
0.912947952747345;0.008223148994147778;0.01330347079783678;0.009864742867648602
0.9178951382637024;0.00818728469312191;0.01540665328502655;0.008991102688014507
0.9159594774246216;0.008828765712678432;0.01603323593735695;0.01258597057312727
0.9166569709777832;0.00883068423718214;0.013367915526032448;0.01311828475445509
0.9152633547782898;0.008573709987103939;0.013858254067599773;0.012630444951355457
0.9178522229194641;0.009100743569433689;0.012542697601020336;0.012063540518283844
0.9159361124038696;0.009144209325313568;0.012275228276848793;0.013914030976593494
0.9156362414360046;0.010075285099446774;0.008396133780479431;0.016520069912075996
0.9137754440307617;0.01048360113054514;0.0094704395160079;0.015303677879273891
0.9140012860298157;0.009982443414628506;0.00943720992654562;0.013796323910355568
0.9156414270401001;0.008794437162578106;0.00854907650500536;0.011998861096799374
0.9163033366203308;0.00895538367331028;0.01110430434346199;0.011797640472650528
0.9167236685752869;0.007346652448177338;0.013899916782975197;0.012527351267635822
0.9184812903404236;0.009348045103251934;0.014321553520858288;0.017501577734947205
0.9172137379646301;0.008254321292042732;0.015105441212654114;0.012864919379353523
0.9214620590209961;0.007032574620097876;0.011988170444965363;0.012967586517333984
0.9227548837661743;0.006572567857801914;0.011181115172803402;0.013124440796673298
0.9202557802200317;0.006436746101826429;0.012512405402958393;0.00939037837088108
0.9217905402183533;0.006918152328580618;0.008439972065389156;0.008620654232800007
0.922197163105011;0.00734231760725379;0.007605480495840311;0.012944753281772137
0.9202917218208313;0.005998068954795599;0.006080757360905409;0.012366078794002533
0.9195345044136047;0.005811410024762154;0.006943282671272755;0.012727749533951283
0.9213268160820007;0.006080842111259699;0.007870578207075596;0.012134443037211895
0.9223300814628601;0.006555639207363129;0.008763658814132214;0.013928348198533058
0.922484815120697;0.006493758410215378;0.006581792142242193;0.0122669767588377
0.923806369304657;0.005218174774199724;0.006367358844727278;0.00884826947003603
0.9218248724937439;0.0068780467845499516;0.007686880882829428;0.008931143209338188
0.9241541028022766;0.007851151749491692;0.010378562845289707;0.012262440286576748
0.9249187707901001;0.006626579444855452;0.012036855332553387;0.01450381614267826
0.9247642755508423;0.007386224810034037;0.008067040704190731;0.011600995436310768
0.9229562878608704;0.0060842991806566715;0.00976689625531435;0.013019705191254616
0.9229904413223267;0.006350652780383825;0.009604116901755333;0.012841075658798218
0.9204153418540955;0.006946773733943701;0.011371868662536144;0.015801383182406425
0.9213711619377136;0.007934295572340488;0.014264022000133991;0.01503478642553091
0.9210690855979919;0.008264118805527687;0.011498901061713696;0.011885793879628181
0.9222975969314575;0.010649505071341991;0.011948364786803722;0.00857896450906992
0.9227703213691711;0.01081007905304432;0.013407292775809765;0.010514840483665466
0.924436092376709;0.009699394926428795;0.012521708384156227;0.010183054022490978
0.9253312349319458;0.010072712786495686;0.008697452023625374;0.009549671784043312
0.9254190325737;0.008736548013985157;0.007388549391180277;0.00977429561316967
0.9260603189468384;0.009114583022892475;0.008060971274971962;0.009051241911947727
0.9268631339073181;0.008716153912246227;0.006743788719177246;0.011692758649587631
0.9256294369697571;0.010111305862665176;0.00948011502623558;0.01121011283248663
0.9246490597724915;0.009166033938527107;0.012589477002620697;0.013698999769985676
0.9241761565208435;0.00938994437456131;0.00965691078454256;0.013905110768973827
0.9254934191703796;0.0072385878302156925;0.006117825862020254;0.011797070503234863
0.926555335521698;0.003655599430203438;0.006565296556800604;0.01075601764023304
0.9266324043273926;0.005931498948484659;0.008495104499161243;0.012463812716305256
0.9260767102241516;0.008602991700172424;0.009397715330123901;0.011255376040935516
0.9263674020767212;0.008653872646391392;0.008315290324389935;0.01104393508285284
0.926790714263916;0.009478161111474037;0.009573179297149181;0.01418905146420002
0.928257167339325;0.009015577845275402;0.010100101120769978;0.013938762247562408
0.9281789660453796;0.00889589823782444;0.011985793709754944;0.012621432542800903
0.9291439056396484;0.008042890578508377;0.01386677660048008;0.014196276664733887
0.9287819266319275;0.007681793067604303;0.01385854184627533;0.010606460273265839
0.9322023391723633;0.00791432335972786;0.009147933684289455;0.009856263175606728
0.933588981628418;0.007501030806452036;0.009544234722852707;0.011190316639840603
0.9345418810844421;0.008462090976536274;0.011824044398963451;0.010045106522738934
0.9315136075019836;0.009391521103680134;0.014064795337617397;0.013970916159451008
0.9327116012573242;0.009817724116146564;0.012729418464004993;0.011937166564166546
0.9320561289787292;0.010525080375373363;0.009898420423269272;0.011303273029625416
0.9300651550292969;0.009693457745015621;0.008383511565625668;0.012613082304596901
0.9326353073120117;0.01029619388282299;0.008082933723926544;0.011712479405105114
0.9306430816650391;0.010575289838016033;0.009944655001163483;0.014010163955390453
0.9315983653068542;0.010938792489469051;0.007484590169042349;0.015101752243936062
0.9344136118888855;0.012407202273607254;0.007213190197944641;0.011444004252552986
0.9367344975471497;0.012912297621369362;0.007716014981269836;0.01404483336955309
0.9386438727378845;0.012056754902005196;0.010980470106005669;0.016723785549402237
0.938051164150238;0.012795585207641125;0.010230673477053642;0.013647431507706642
0.9394408464431763;0.013201052322983742;0.011825342662632465;0.014463554136455059
0.9381615519523621;0.011431878432631493;0.010140973143279552;0.011949914507567883
0.9393375515937805;0.01147093903273344;0.010892422869801521;0.014658157713711262
0.9394134879112244;0.009458020329475403;0.008250021375715733;0.01331736147403717
0.9382364153862;0.009260517545044422;0.009278629906475544;0.012063308618962765
0.9381656050682068;0.00989287905395031;0.007934731431305408;0.014917639084160328
0.9370228052139282;0.010929770767688751;0.011520376428961754;0.014413935132324696
0.9375632405281067;0.01059465017169714;0.010384934023022652;0.012432167306542397
0.9361869692802429;0.011702717281877995;0.009686042554676533;0.01370266079902649
0.9333247542381287;0.012438320554792881;0.012533456087112427;0.01590193621814251
0.9324104189872742;0.01110089011490345;0.014271154068410397;0.013834844343364239
0.9351882934570312;0.01298166811466217;0.011286948807537556;0.013108357787132263
0.93685382604599;0.012499249540269375;0.012684464454650879;0.009540296159684658
0.9406965374946594;0.014026517048478127;0.01086352951824665;0.007655842695385218
0.9415090680122375;0.011477962136268616;0.01304460596293211;0.011102897115051746
0.9428755640983582;0.01098573673516512;0.013651611283421516;0.011829964816570282
0.9408577084541321;0.008996267803013325;0.0081592733040452;0.01108255609869957
0.9388041496276855;0.010204622521996498;0.01006645243614912;0.006788131780922413
0.9405981302261353;0.009450608864426613;0.010749372653663158;0.012659966945648193
0.9390474557876587;0.0081590935587883;0.010972589254379272;0.015328136272728443
0.9389161467552185;0.007101333234459162;0.01032180618494749;0.013280562125146389
0.9380345344543457;0.006720726378262043;0.009315948002040386;0.01579122059047222
0.9387146234512329;0.004928303882479668;0.013613447546958923;0.016540950164198875
0.9376322031021118;0.0058687482960522175;0.014040482230484486;0.010961445048451424
0.93815678358078;0.007417041342705488;0.013754417188465595;0.01031838171184063
0.9390608668327332;0.008684458211064339;0.014307458885014057;0.00789027102291584
0.9419620633125305;0.008013532496988773;0.011291557922959328;0.00769017031416297
0.9416553378105164;0.009022615849971771;0.009489128366112709;0.009779403917491436
0.9390719532966614;0.010122035630047321;0.013946160674095154;0.009690972976386547
0.9385029077529907;0.009870268404483795;0.010701543651521206;0.011766976676881313
0.938733696937561;0.010417276993393898;0.008528643287718296;0.015562153421342373
0.9373477101325989;0.00997775699943304;0.011077484115958214;0.013108535669744015
0.9349686503410339;0.011530297808349133;0.012136486358940601;0.014909140765666962
0.934548020362854;0.010208706371486187;0.01173003762960434;0.01006396859884262
0.9359599947929382;0.011059990152716637;0.012389171868562698;0.015828505158424377
0.9368589520454407;0.011213712394237518;0.008907278999686241;0.013082283549010754
0.937478244304657;0.009816385805606842;0.011294596828520298;0.011171286925673485
0.9385674595832825;0.009378567337989807;0.011640958487987518;0.01292539294809103
0.9376419186592102;0.008952821604907513;0.011707992292940617;0.010867414996027946
0.9369702339172363;0.009752655401825905;0.012064511887729168;0.012423901818692684
0.9366663098335266;0.011370551772415638;0.012091824784874916;0.007333647459745407
0.9366246461868286;0.010159875266253948;0.013593333773314953;0.008914027363061905
0.9348989725112915;0.009420746937394142;0.013264901004731655;0.009155037812888622
0.9356218576431274;0.010799417272210121;0.012840203009545803;0.010155737400054932
0.9352465867996216;0.009034019894897938;0.012299343012273312;0.00865327287465334
0.9338995218276978;0.008910486474633217;0.01131398230791092;0.007889247499406338
0.9346397519111633;0.009070736356079578;0.00990360975265503;0.007306573446840048
0.936627984046936;0.00925226416438818;0.010685287415981293;0.00790407694876194
0.9394063949584961;0.009060836397111416;0.012503743171691895;0.008632676675915718
0.9383962750434875;0.009965947829186916;0.013995684683322906;0.01361520029604435
0.9417880177497864;0.00998208113014698;0.011888941749930382;0.00925624743103981
0.9412077069282532;0.010395999066531658;0.012129825539886951;0.01190144382417202
0.941961407661438;0.010443346574902534;0.014343434944748878;0.010048982687294483
0.9431672096252441;0.009784094989299774;0.01287449337542057;0.01418431755155325
0.9464098811149597;0.010230782441794872;0.013438507914543152;0.013309215195477009
0.9470245242118835;0.010441076941788197;0.013505174778401852;0.00836619921028614
0.9483524560928345;0.010565388016402721;0.013246715068817139;0.008847685530781746
0.9450969099998474;0.009380566887557507;0.013166236691176891;0.013288057409226894
0.9442739486694336;0.01068911887705326;0.013846630230545998;0.0132987005636096
0.9460315108299255;0.012317833490669727;0.01394422072917223;0.010577673092484474
0.9457328915596008;0.012133295647799969;0.01655624806880951;0.010004964657127857
0.9472349286079407;0.012577921152114868;0.01397319883108139;0.01218112837523222
0.9455147981643677;0.010461474768817425;0.011272629722952843;0.011802761815488338
0.9489172101020813;0.011252070777118206;0.011971700005233288;0.008518439717590809
0.947776734828949;0.013310509733855724;0.010596318170428276;0.009829962626099586
0.9465538859367371;0.011682143434882164;0.009394310414791107;0.010507063940167427
0.9474830627441406;0.009822875261306763;0.010531552135944366;0.010539611801505089
0.9474574327468872;0.007623468991369009;0.012156873010098934;0.011234955862164497
0.9478331804275513;0.008099127560853958;0.007294699549674988;0.00888652354478836
0.9470276236534119;0.008691471070051193;0.011880074627697468;0.011276887729763985
0.9470571875572205;0.00869773980230093;0.008964898996055126;0.012599176727235317
0.9481019973754883;0.007654412183910608;0.008206025697290897;0.009545673616230488
0.946014404296875;0.006555480416864157;0.009326964616775513;0.012033025734126568
0.9439811110496521;0.006662890315055847;0.009577526710927486;0.01093642134219408
0.946546733379364;0.006411908660084009;0.0084376847371459;0.011799334548413754
0.9466931223869324;0.0077223703265190125;0.00917435809969902;0.013198459520936012
0.9471495747566223;0.006647550966590643;0.012422499246895313;0.011692268773913383
0.9487140774726868;0.006160958204418421;0.011348970234394073;0.009817670099437237
0.9493734240531921;0.007075023837387562;0.010190920904278755;0.007532371673732996
0.9503283500671387;0.006951581686735153;0.009042151272296906;0.009131619706749916
0.9522076845169067;0.008150704205036163;0.008691064082086086;0.0072699012234807014
0.9530016183853149;0.008885394781827927;0.009735333733260632;0.007753346115350723
0.9578619003295898;0.009342382661998272;0.008541095070540905;0.00832962803542614
0.9595142602920532;0.009044602513313293;0.008247049525380135;0.015046327374875546
0.956378161907196;0.009102416224777699;0.0094643859192729;0.013207820244133472
0.9547576308250427;0.009611575864255428;0.011256982572376728;0.013633607886731625
0.9564162492752075;0.008506412617862225;0.01417879480868578;0.00929336715489626
0.954606831073761;0.008515394292771816;0.014771098271012306;0.009035518392920494
0.9534063339233398;0.00858368445187807;0.014018046669661999;0.012354976497590542
0.9536725878715515;0.007051992695778608;0.012420370243489742;0.01464796345680952
0.952849805355072;0.005504311062395573;0.012481382116675377;0.013826632872223854
0.951424777507782;0.006160080898553133;0.012661196291446686;0.011693081818521023
0.9462451338768005;0.005391101352870464;0.010345575399696827;0.012143894098699093
0.9480074048042297;0.008012008853256702;0.011982301250100136;0.010581014677882195
0.9498082995414734;0.007072244770824909;0.007870341651141644;0.013579368591308594
0.95245760679245;0.006720378994941711;0.008335228078067303;0.015017134137451649
0.9514198303222656;0.007399919908493757;0.012404978275299072;0.010723143815994263
0.9504907727241516;0.0072797550819814205;0.011369346641004086;0.01212434284389019
0.9487028121948242;0.010130728594958782;0.012110472656786442;0.010702526196837425
0.9477586150169373;0.01013541966676712;0.009793871082365513;0.01221874263137579
0.947796642780304;0.010130786336958408;0.011045842431485653;0.012623481452465057
0.9478222727775574;0.011069959960877895;0.011791366152465343;0.013186226598918438
0.9458991289138794;0.012488557025790215;0.011821495369076729;0.013618776574730873
0.9454328417778015;0.012385047972202301;0.009293383918702602;0.01388395857065916
0.9473182559013367;0.012063836678862572;0.01043593417853117;0.014650520868599415
0.9461540579795837;0.012444252148270607;0.009924575686454773;0.011845175176858902
0.9465877413749695;0.012918896973133087;0.010652485303580761;0.013392333872616291
0.9478063583374023;0.013817611150443554;0.009699941612780094;0.011691471561789513
0.9468696713447571;0.013452842831611633;0.010930185206234455;0.012026677839457989
0.9453790783882141;0.014232217334210873;0.010935735888779163;0.015495846047997475
0.944808304309845;0.01399062480777502;0.010258459486067295;0.008893318474292755
0.9456853270530701;0.012341874651610851;0.00891644973307848;0.01525040902197361
0.9414726495742798;0.011850666254758835;0.010866024531424046;0.013949981890618801
0.9418321847915649;0.012715265154838562;0.009569843299686909;0.015579381957650185
0.9417455792427063;0.013008507899940014;0.009521438740193844;0.012520571239292622
0.9424294829368591;0.014059883542358875;0.009641907177865505;0.011157050728797913
0.9435295462608337;0.01232836488634348;0.009336570277810097;0.011986258439719677
0.9446777701377869;0.012607680633664131;0.00931390281766653;0.010941023007035255
0.9410500526428223;0.013532795011997223;0.010293940082192421;0.013795286417007446
0.9411245584487915;0.012961807660758495;0.01429892797023058;0.014143750071525574
0.9411976933479309;0.011485925875604153;0.012907457537949085;0.01506544928997755
0.9409109354019165;0.009898181073367596;0.01175935473293066;0.01447083055973053
0.9409058690071106;0.0101151829585433;0.008616514503955841;0.009726312011480331
0.9415985345840454;0.009105423465371132;0.009274311363697052;0.011507426388561726
0.9427512288093567;0.009051420725882053;0.010431444272398949;0.010358013212680817
0.9429529309272766;0.010044471360743046;0.008850609883666039;0.011442407965660095
0.9425969123840332;0.009751087985932827;0.008323382586240768;0.01230244804173708
0.9435028433799744;0.01058827992528677;0.01043629925698042;0.017064228653907776
0.9438936114311218;0.008950910530984402;0.010254773311316967;0.014276498928666115
0.9435604214668274;0.01079258881509304;0.010067217983305454;0.009375040419399738
0.9459805488586426;0.01002513151615858;0.013733657076954842;0.013265549205243587
0.947878360748291;0.010541016235947609;0.014216710813343525;0.016359811648726463
0.9479610323905945;0.011701472103595734;0.011173336766660213;0.012107166461646557
0.9485460519790649;0.009647155180573463;0.01096278429031372;0.011260448023676872
0.9458754658699036;0.008553693071007729;0.011443505063652992;0.010153215378522873
0.946352481842041;0.007889927364885807;0.01085352711379528;0.013329259119927883
0.9446284174919128;0.006257967557758093;0.013014373369514942;0.009267223067581654
0.9439654350280762;0.005397091619670391;0.01342570036649704;0.007333316840231419
0.943443238735199;0.005902385339140892;0.008543754927814007;0.012695059180259705
0.9424857497215271;0.005324259400367737;0.007422369904816151;0.011541110463440418
0.939799964427948;0.007689578924328089;0.011886066757142544;0.013001970015466213
0.9394068121910095;0.008890382945537567;0.00822199322283268;0.01222490519285202
0.938763439655304;0.009671405889093876;0.00944821909070015;0.01210072822868824
0.9391517043113708;0.009608726017177105;0.00916405487805605;0.013796254061162472
0.9391556978225708;0.010181568562984467;0.009701102040708065;0.017143210396170616
0.9388284683227539;0.010732991620898247;0.008578269742429256;0.0177933182567358
0.9375304579734802;0.010016837157309055;0.007469432894140482;0.014115995727479458
0.9376432299613953;0.010598982684314251;0.009361195378005505;0.013639943674206734
0.9382657408714294;0.011054611764848232;0.010201515629887581;0.014031532220542431
0.9402750134468079;0.011910401284694672;0.009485787712037563;0.010862591676414013
0.9409675598144531;0.012598213739693165;0.009696166031062603;0.012149027548730373
0.9430839419364929;0.01240996178239584;0.010596939362585545;0.014716550707817078
0.9435765147209167;0.013267750851809978;0.0111702810972929;0.01895580068230629
0.9427550435066223;0.012580825947225094;0.01245319377630949;0.011825833469629288
0.9462515115737915;0.01435631699860096;0.012470482848584652;0.0143273388966918
0.9452548027038574;0.013498760759830475;0.013041049242019653;0.009195747785270214
0.9468483328819275;0.013571529649198055;0.010249728336930275;0.008978975005447865
0.9474736452102661;0.01288559939712286;0.013183447532355785;0.012704864144325256
0.9457660913467407;0.012334058992564678;0.012795686721801758;0.011012096889317036
0.9462580680847168;0.011521890759468079;0.01170701440423727;0.011393377557396889
0.9442386031150818;0.009576571173965931;0.011397371999919415;0.007393659558147192
0.9426038861274719;0.009703035466372967;0.010789326392114162;0.012392766773700714
0.9457945227622986;0.008838258683681488;0.010605710558593273;0.014627555385231972
0.9444459080696106;0.00929136760532856;0.01048689242452383;0.011240165680646896
0.9440178275108337;0.01057130005210638;0.010180805809795856;0.014213836751878262
0.9441057443618774;0.01218834426254034;0.008398993872106075;0.014584675431251526
0.9435129165649414;0.011875792406499386;0.008939924649894238;0.014428871683776379
0.9436212778091431;0.010994176380336285;0.011710098013281822;0.012822222895920277
0.9424576163291931;0.00997600145637989;0.010663489811122417;0.011752172373235226
0.9417204260826111;0.010458940640091896;0.011967815458774567;0.009889036417007446
0.9398593902587891;0.011985746212303638;0.014123148284852505;0.010339571163058281
0.939835250377655;0.010527354665100574;0.012591302394866943;0.009490623138844967
0.9376535415649414;0.011258088052272797;0.011218070052564144;0.01361535768955946
0.9369109272956848;0.011351817287504673;0.0097991107031703;0.008644381538033485
0.9377120137214661;0.011079596355557442;0.010102140717208385;0.011017789132893085
0.9358342289924622;0.011934320442378521;0.011726764030754566;0.008995926938951015
0.9335086941719055;0.01236006524413824;0.01280553825199604;0.011159559711813927
0.9341554045677185;0.012542841024696827;0.013681906275451183;0.011948272585868835
0.9325540661811829;0.012354616075754166;0.00900061335414648;0.013753552921116352
0.9318348169326782;0.01150528620928526;0.009993734769523144;0.014784079976379871
0.9321867227554321;0.012669808231294155;0.00875075627118349;0.014605852775275707
0.9332051277160645;0.015000313520431519;0.008114367723464966;0.01249120943248272
0.9315130114555359;0.015153166837990284;0.008562063798308372;0.0166788212954998
0.9304670691490173;0.01430569775402546;0.010857832618057728;0.011804193258285522
0.9289626479148865;0.01157308742403984;0.00899570807814598;0.014329710975289345
0.9277588129043579;0.010755260474979877;0.006722201593220234;0.011954194866120815
0.9249368906021118;0.009563127532601357;0.006352734751999378;0.011946132406592369
0.9222313165664673;0.008881534449756145;0.008012313395738602;0.009746633470058441
0.9220601320266724;0.008635555393993855;0.010201183147728443;0.009485812857747078
0.9253742098808289;0.00895860604941845;0.007908925414085388;0.006730112712830305
0.9243217706680298;0.00964497309178114;0.0074250767938792706;0.00810033269226551
0.9213072061538696;0.008686716668307781;0.006931220181286335;0.00904657132923603
0.9230667948722839;0.010893048718571663;0.006593741476535797;0.014015798456966877
0.9234225153923035;0.011415005661547184;0.006718583405017853;0.016881197690963745
0.9239148497581482;0.010978366248309612;0.009933588095009327;0.016554957255721092
0.9230775833129883;0.010833348147571087;0.008749105036258698;0.012308242730796337
0.9217866063117981;0.010112744756042957;0.007268705405294895;0.012808792293071747
0.9232115745544434;0.010707314126193523;0.009365818463265896;0.012163850478827953
0.9225932955741882;0.01044855359941721;0.01062269788235426;0.012581201270222664
0.9213552474975586;0.009758974425494671;0.010949772782623768;0.011959338560700417
0.9201108813285828;0.010041370056569576;0.009772245772182941;0.014711198396980762
0.9190122485160828;0.01004714984446764;0.008077668957412243;0.010929986834526062
0.9183754920959473;0.009727216325700283;0.009926380589604378;0.01016401406377554
0.9152235388755798;0.009487058036029339;0.010816373862326145;0.010692532174289227
0.9134422540664673;0.009371799416840076;0.008681649342179298;0.010612058453261852
0.9142497181892395;0.008733316324651241;0.012780058197677135;0.012978389859199524
0.9163067936897278;0.008675936609506607;0.011128156445920467;0.013990990817546844
0.9172982573509216;0.009889972396194935;0.012618369422852993;0.01122028287500143
0.9166383743286133;0.009174061007797718;0.012144595384597778;0.011473114602267742
0.9179733395576477;0.011041611433029175;0.010461333207786083;0.014951005578041077
0.9203587770462036;0.010547468438744545;0.011550292372703552;0.011908224783837795
0.921144425868988;0.011655240319669247;0.011516471393406391;0.014215759001672268
0.9182294011116028;0.010393149219453335;0.01096433401107788;0.012873350642621517
0.9213196039199829;0.010676173493266106;0.014468683861196041;0.015078452415764332
0.9221220016479492;0.010696272365748882;0.01546104159206152;0.010886610485613346
0.9222034811973572;0.010964665561914444;0.014010965824127197;0.012573430314660072
0.9240211844444275;0.011404542252421379;0.013569599948823452;0.009022340178489685
0.9222846031188965;0.010397580452263355;0.014523751102387905;0.007734086364507675
0.9229735732078552;0.009250497445464134;0.015042051672935486;0.006600457709282637
0.9243456721305847;0.009225407615303993;0.016350045800209045;0.009095484390854836
0.9263164401054382;0.008463566191494465;0.011207163333892822;0.008291973732411861
0.9266993403434753;0.00980959739536047;0.013122868724167347;0.013818079605698586
0.926872193813324;0.008590060286223888;0.01039658673107624;0.011860768310725689
0.9268471002578735;0.010515881702303886;0.00926392525434494;0.009626226499676704
0.9274946451187134;0.011027619242668152;0.009730514138936996;0.013154322281479836
0.9271751642227173;0.010500122793018818;0.008322129026055336;0.00935789942741394
0.9271933436393738;0.009138800203800201;0.00800959300249815;0.014709673821926117
0.9247912764549255;0.008131174370646477;0.008669929578900337;0.012022695504128933
0.9236556887626648;0.008594000712037086;0.007528764195740223;0.011316610500216484
0.9261696934700012;0.007944840006530285;0.007161109242588282;0.013815260492265224
0.9234588742256165;0.007549180183559656;0.008740109391510487;0.011149686761200428
0.9240803718566895;0.007856400683522224;0.008554961532354355;0.013679549098014832
0.9228090643882751;0.006322681903839111;0.00928629469126463;0.011680622585117817
0.919390857219696;0.006794528570026159;0.008952068164944649;0.014241020195186138
0.9210893511772156;0.00906757265329361;0.00970714446157217;0.013135746121406555
0.9212146997451782;0.009191346354782581;0.009468983858823776;0.008898203261196613
0.9228386878967285;0.00910341925919056;0.00848662480711937;0.008453977294266224
0.9259817004203796;0.009385066106915474;0.008084716275334358;0.011408653110265732
0.9239808917045593;0.007753235287964344;0.009868929162621498;0.009263425134122372
0.9258460998535156;0.007577554322779179;0.011617249809205532;0.00865145679563284
0.9274735450744629;0.00867483951151371;0.010479777120053768;0.009860624559223652
0.9264611601829529;0.00981853436678648;0.013765290379524231;0.010767056606709957
0.9240996241569519;0.009236249141395092;0.012773493304848671;0.009763682261109352
0.9212793707847595;0.008909951895475388;0.011174001730978489;0.014248088002204895
0.9179393649101257;0.007818072102963924;0.011453519575297832;0.009930302388966084
0.9155786633491516;0.00841914676129818;0.008502810262143612;0.00940155703574419
0.913566529750824;0.010344414971768856;0.008345353417098522;0.010744561441242695
0.9151239395141602;0.010343707166612148;0.0111484844237566;0.011400585062801838
0.9149007797241211;0.010192902758717537;0.011229951865971088;0.013288192451000214
0.9153919219970703;0.011775970458984375;0.011427191086113453;0.014946441166102886
0.9141950607299805;0.011088349856436253;0.009444770403206348;0.017790665850043297
0.9134395718574524;0.011159933172166348;0.010904746130108833;0.013062152080237865
0.911622166633606;0.009345258586108685;0.012302893213927746;0.012145315296947956
0.9141254425048828;0.007546603213995695;0.01331306155771017;0.008442103862762451
0.9150354266166687;0.009735661558806896;0.01256340742111206;0.01462883222848177
0.9155309796333313;0.008413207717239857;0.010165671817958355;0.01921621523797512
0.9143878817558289;0.006448304746299982;0.011347493156790733;0.01634990982711315
0.9111218452453613;0.009036850184202194;0.012477971613407135;0.015440987423062325
0.9093868136405945;0.008684495463967323;0.011631888337433338;0.012389834970235825
0.9089853167533875;0.00761368265375495;0.011098240502178669;0.012164153158664703
0.9077243804931641;0.006350599229335785;0.009406930766999722;0.01917191781103611
0.9065853953361511;0.00604962557554245;0.012282299809157848;0.01885293982923031
0.9058712124824524;0.007374714594334364;0.010880428366363049;0.015073790214955807
0.9058931469917297;0.006744713988155127;0.009173777885735035;0.012657730840146542
0.9073936343193054;0.00714859226718545;0.008971111848950386;0.01298439409583807
0.9056253433227539;0.006961658596992493;0.010973815806210041;0.009608899243175983
0.9041857123374939;0.007850891910493374;0.010411354713141918;0.009930320084095001
0.9034005403518677;0.006179837975651026;0.010848652571439743;0.008249001577496529
0.9042493104934692;0.005466933827847242;0.012458260171115398;0.00830249022692442
0.9069084525108337;0.0058279819786548615;0.011369409039616585;0.008141234517097473
0.9087721109390259;0.0064207627438008785;0.009028132073581219;0.01014662068337202
0.9116812944412231;0.008308415301144123;0.011919491924345493;0.01051312405616045
0.9081043601036072;0.00854635238647461;0.013135355897247791;0.008799131028354168
0.9048779606819153;0.008293124847114086;0.011204622685909271;0.010130896233022213
0.9077795147895813;0.0077784257009625435;0.009642067365348339;0.011381643824279308
0.907512366771698;0.0073084756731987;0.011273491196334362;0.014710788615047932
0.9106508493423462;0.007764708250761032;0.011785300448536873;0.012643125839531422
0.9122053384780884;0.008557112887501717;0.012337971478700638;0.012191809713840485
0.9110555052757263;0.008926424197852612;0.01274158339947462;0.01050548255443573
0.9139551520347595;0.009200967848300934;0.01238609291613102;0.00981210544705391
0.9134198427200317;0.009690101258456707;0.0101405568420887;0.01092729065567255
0.9139208197593689;0.0112196896225214;0.010045805014669895;0.008663566783070564
0.9135677218437195;0.01108408160507679;0.01152208261191845;0.009548861533403397
0.9125661253929138;0.010468670167028904;0.009284885600209236;0.013387667946517467
0.9141087532043457;0.011451679281890392;0.010828182101249695;0.015595621429383755
0.9127482771873474;0.01070487406104803;0.0149685088545084;0.012495375238358974
0.9111663699150085;0.010712764225900173;0.014778191223740578;0.012911200523376465
0.9125130772590637;0.009712225757539272;0.013065466657280922;0.00970510020852089
0.9134004712104797;0.011376123875379562;0.01366907637566328;0.009013819508254528
0.914567768573761;0.010924452915787697;0.01042094361037016;0.009656662121415138
0.9157646298408508;0.011988632380962372;0.010559323243796825;0.012267579324543476
0.9142571687698364;0.012617400847375393;0.011665311641991138;0.008619888685643673
0.9140064120292664;0.01314996462315321;0.011240385472774506;0.01219969056546688
0.9150461554527283;0.012575860135257244;0.011234874837100506;0.013607079163193703
0.9152353405952454;0.01242621149867773;0.012380790896713734;0.01707349717617035
0.9156684279441833;0.010767228901386261;0.01156589388847351;0.01704147458076477
0.9143468737602234;0.010420448146760464;0.009932808578014374;0.014418564736843109
0.9146175384521484;0.009793279692530632;0.007054987829178572;0.015046745538711548
0.9133285880088806;0.01039336621761322;0.01063365675508976;0.016094861552119255
0.9136791229248047;0.010429936461150646;0.010475503280758858;0.02001408115029335
0.9117766618728638;0.010675306431949139;0.007881454192101955;0.016774019226431847
0.9135124087333679;0.00990054290741682;0.012756607495248318;0.01267166156321764
0.9112516641616821;0.009009189903736115;0.015461799688637257;0.014788645319640636
0.911903977394104;0.007563548628240824;0.014174267649650574;0.013487023301422596
0.9119499325752258;0.007646997459232807;0.01509640272706747;0.010453705675899982
0.9091488718986511;0.009460429660975933;0.013023174367845058;0.010509690269827843
0.9087819457054138;0.009579320438206196;0.009428654797375202;0.014115511439740658
0.9094463586807251;0.007951006293296814;0.010529758408665657;0.012944978661835194
0.9076198935508728;0.009297809563577175;0.008655254729092121;0.010902319103479385
0.9075021147727966;0.007691246457397938;0.00950761791318655;0.009339329786598682
0.9078596234321594;0.0093952976167202;0.009511115960776806;0.014936658553779125
0.9069048166275024;0.00906921923160553;0.009143570438027382;0.00825883075594902
0.9086001515388489;0.008850672282278538;0.008131728507578373;0.008718929253518581
0.908439576625824;0.00877445563673973;0.007952912710607052;0.01668531261384487
0.906943142414093;0.010286877863109112;0.009817552752792835;0.014147269539535046
0.9079591631889343;0.013461542315781116;0.008214238099753857;0.01685524731874466
0.9062901735305786;0.01413109339773655;0.008328515104949474;0.012169919908046722
0.906757652759552;0.013858260586857796;0.009895339608192444;0.009869377128779888
0.9059042930603027;0.013315028510987759;0.008950273506343365;0.011903367005288601
0.9038587808609009;0.0132442656904459;0.006835744716227055;0.011384190991520882
0.9028100967407227;0.012711442075669765;0.007926165126264095;0.011508126743137836
0.9063491225242615;0.01355328131467104;0.008126683533191681;0.012357299216091633
0.904883861541748;0.011425233446061611;0.01088308822363615;0.012771273031830788
0.903176486492157;0.009155357256531715;0.011231239885091782;0.015109303407371044
0.9041045308113098;0.008634176105260849;0.009668140672147274;0.016489088535308838
0.903417706489563;0.010275686159729958;0.014087371528148651;0.008619843050837517
0.9034372568130493;0.012510264292359352;0.010266631841659546;0.00828325655311346
0.9025108218193054;0.011185511946678162;0.013925367966294289;0.011090714484453201
0.9028050303459167;0.009392861276865005;0.01293731015175581;0.008227605372667313
0.9053823351860046;0.00975680910050869;0.013685300946235657;0.010767812840640545
0.9064260721206665;0.009966894052922726;0.01465637981891632;0.015588712878525257
0.9080632328987122;0.009632006287574768;0.01499241590499878;0.01613508351147175
0.9113479852676392;0.011906557716429234;0.012430834583938122;0.014287215657532215
0.910526692867279;0.012446043081581593;0.0125495046377182;0.011818274855613708
0.9130563735961914;0.01217624545097351;0.010750249028205872;0.013312331400811672
0.9168996810913086;0.01207706332206726;0.012105959467589855;0.016126979142427444
0.9145427942276001;0.012196043506264687;0.011033347807824612;0.01307750679552555
0.9151186347007751;0.011308038607239723;0.012142551131546497;0.015330321155488491
0.9166736006736755;0.011545258574187756;0.011840417049825191;0.010582134127616882
0.91500324010849;0.012855014763772488;0.008727791719138622;0.008583149872720242
0.9172288775444031;0.012372428551316261;0.011534016579389572;0.007748009171336889
0.9182193875312805;0.01129915751516819;0.008220058865845203;0.009306557476520538
0.9198330044746399;0.012749186716973782;0.00871919933706522;0.008523629978299141
0.918889045715332;0.011630437336862087;0.007173591759055853;0.00829369854182005
0.9203521013259888;0.012896290980279446;0.006165304221212864;0.005638512317091227
0.9185506701469421;0.012766051106154919;0.00556389382109046;0.009900176897644997
0.9155045747756958;0.013177754357457161;0.0028841455932706594;0.01311062928289175
0.9161996841430664;0.013806364499032497;0.005269515793770552;0.009564249776303768
0.9173464775085449;0.014267563819885254;0.0077597275376319885;0.01372679602354765
0.9161761403083801;0.01434346940368414;0.009913970716297626;0.0184977687895298
0.9202436804771423;0.013355225324630737;0.009731254540383816;0.014591109938919544
0.9222845435142517;0.013242515735328197;0.012392050586640835;0.015415072441101074
0.9229087233543396;0.01322800200432539;0.01355036348104477;0.012317242100834846
0.9238272905349731;0.011205627582967281;0.012785601429641247;0.007219688035547733
0.92512446641922;0.01307525485754013;0.014425434172153473;0.006436022464185953
0.9256768226623535;0.01431518979370594;0.011451547034084797;0.012614989653229713
0.9271001815795898;0.012521320953965187;0.010658809915184975;0.011266461573541164
0.9265891909599304;0.01116295624524355;0.012554503045976162;0.016227899119257927
0.9250348210334778;0.009774225763976574;0.012720187194645405;0.018860185518860817
0.9228288531303406;0.007793367840349674;0.01231858879327774;0.014981403946876526
0.923045814037323;0.007285598199814558;0.011957098729908466;0.013245112262666225
0.9217304587364197;0.009813370183110237;0.009082484059035778;0.014027051627635956
0.9253433346748352;0.008402073755860329;0.010327697731554508;0.013246871531009674
0.924994945526123;0.009942610748112202;0.011656899005174637;0.0182152409106493
0.924824059009552;0.010814839974045753;0.011552675627171993;0.013096812181174755
0.9251331686973572;0.01090136170387268;0.012875727377831936;0.011169328354299068
0.9247595071792603;0.009840765036642551;0.018156712874770164;0.010926581919193268
0.9247502684593201;0.011205901391804218;0.01783287525177002;0.013425001874566078
0.928710401058197;0.010792822577059269;0.013719174079596996;0.014076647348701954
0.9298887252807617;0.010448473505675793;0.012214313261210918;0.014422952197492123
0.9318209886550903;0.01261323131620884;0.01425705011934042;0.013144994154572487
0.932673454284668;0.012608970515429974;0.011253408156335354;0.011163556948304176
0.9278807640075684;0.010747868567705154;0.014100822620093822;0.00984985288232565
0.929302990436554;0.009626336395740509;0.012281076051294804;0.009825137443840504
0.9295759201049805;0.008937032893300056;0.011299367994070053;0.010332746431231499
0.9277380108833313;0.007171615958213806;0.01206713356077671;0.00756994029507041
0.9297882318496704;0.008186891674995422;0.009817455895245075;0.009874512441456318
0.928541362285614;0.010090294294059277;0.011122380383312702;0.014291523955762386
0.9288648962974548;0.008537279441952705;0.009571832604706287;0.016396231949329376
0.9296733736991882;0.009606817737221718;0.01101804431527853;0.015122619457542896
0.9271379709243774;0.00936359167098999;0.008780993521213531;0.012089145369827747
0.9273697733879089;0.006776593625545502;0.010068033821880817;0.00994791928678751
0.9270389676094055;0.007692644838243723;0.009357047267258167;0.011088420636951923
0.926536500453949;0.00979605596512556;0.008814061991870403;0.012475787661969662
0.9259349703788757;0.009472308680415154;0.008090071380138397;0.015092295594513416
0.928111732006073;0.009430675767362118;0.010221609845757484;0.010767325758934021
0.9305331110954285;0.009821908548474312;0.00833362527191639;0.011063981801271439
0.931212842464447;0.01189984381198883;0.008174433372914791;0.009730066172778606
0.9320077896118164;0.012765089049935341;0.009287559427320957;0.01015892717987299
0.9321882128715515;0.013168320059776306;0.009605488739907742;0.01133743580430746
0.9333106279373169;0.01158812828361988;0.009951622225344181;0.013560774736106396
0.9344354867935181;0.012583850882947445;0.012247362174093723;0.012528615072369576
0.936619758605957;0.011172749102115631;0.00890992023050785;0.00906290765851736
0.9354206919670105;0.010158061981201172;0.007394928019493818;0.015583189204335213
0.9322521090507507;0.011015365831553936;0.010766624473035336;0.01299353688955307
0.9337450861930847;0.009857982397079468;0.012360247783362865;0.017275406047701836
0.9336579442024231;0.00977942906320095;0.013442307710647583;0.013082759454846382
0.9332386255264282;0.01030692644417286;0.012868622317910194;0.010509492829442024
0.9327812194824219;0.010521226562559605;0.011420055292546749;0.0129011869430542
0.9329835176467896;0.008851125836372375;0.011620625853538513;0.01316841971129179
0.932123601436615;0.007742162328213453;0.011922269128262997;0.012936146929860115
0.9311823844909668;0.006907524075359106;0.008709467016160488;0.011820103041827679
0.9316827058792114;0.006900226231664419;0.008935720659792423;0.015826568007469177
0.932780921459198;0.0063949995674192905;0.010523452423512936;0.011314427480101585
0.9320336580276489;0.006386931985616684;0.00959012471139431;0.015224195085465908
0.9334861636161804;0.006716576404869556;0.008841890841722488;0.01607857644557953
0.9315231442451477;0.005745332222431898;0.011456894688308239;0.015117347240447998
0.932290256023407;0.00569515023380518;0.0070817130617797375;0.015890583395957947
0.9308701753616333;0.004968475084751844;0.011426887474954128;0.014849376864731312
0.9326688647270203;0.0044424827210605145;0.013186204247176647;0.015633387491106987
0.9319756627082825;0.006070334929972887;0.01450464129447937;0.015657639130949974
0.9325388073921204;0.0070260437205433846;0.01710486225783825;0.013288005255162716
0.9326608777046204;0.0075707645155489445;0.018121251836419106;0.010781609453260899
0.930219829082489;0.007787942886352539;0.017465844750404358;0.012512129731476307
0.9303874373435974;0.007502388209104538;0.011605742387473583;0.013216786086559296
0.9284016489982605;0.007617369294166565;0.01270898338407278;0.01671729050576687
0.9292064905166626;0.0070427763275802135;0.013883371837437153;0.013540796004235744
0.9273945689201355;0.0073807197622954845;0.01231042854487896;0.012684441171586514
0.9279597401618958;0.006975850556045771;0.009686101227998734;0.0173459742218256
0.9293200373649597;0.005616054870188236;0.006846084725111723;0.010782084427773952
0.9282755851745605;0.005823069252073765;0.010043262504041195;0.010215828195214272
0.9302995800971985;0.0050665512681007385;0.012158590368926525;0.012248086743056774
0.9308550953865051;0.006243350449949503;0.011252464726567268;0.01129258330911398
0.9311351180076599;0.008238746784627438;0.009667376056313515;0.011411872692406178
0.9318551421165466;0.009424468502402306;0.00970245711505413;0.014868936501443386
0.9318496584892273;0.008754275739192963;0.011908304877579212;0.015029734931886196
0.933872640132904;0.00896566640585661;0.010708036832511425;0.01354268193244934
0.9334883689880371;0.011497755534946918;0.012193041853606701;0.010571506805717945
0.932930588722229;0.012901149690151215;0.013628043234348297;0.01402969565242529
0.9324058890342712;0.013028047047555447;0.016015930101275444;0.013657540082931519
0.9338364005088806;0.012475634925067425;0.012236875481903553;0.014947625808417797
0.9322969317436218;0.011053253896534443;0.011361788026988506;0.011827643029391766
0.9310908317565918;0.011051966808736324;0.007915487512946129;0.007829115726053715
0.9339082837104797;0.01079134363681078;0.008600763976573944;0.007315631490200758
0.9337462782859802;0.01167608518153429;0.007585273589938879;0.011715141125023365
0.9308655858039856;0.011970129795372486;0.009394044987857342;0.012536493130028248
0.9291559457778931;0.012279908172786236;0.011089632287621498;0.014706862159073353
