err_mean;err_cos1;err_cos2;err_cos3
0.9424840807914734;0.5363560318946838;0.42069536447525024;0.9856593012809753
0.9429983496665955;0.5009816288948059;0.3275678753852844;0.5466861724853516
0.9422438740730286;0.4688342213630676;0.2536567449569702;0.3006391227245331
0.9443823099136353;0.4386964738368988;0.19657038152217865;0.16711609065532684
0.9431177377700806;0.4128933846950531;0.14949701726436615;0.09486774355173111
0.9448732733726501;0.3869006037712097;0.1134348139166832;0.052915144711732864
0.9439445734024048;0.36149007081985474;0.08979272097349167;0.029254615306854248
0.9436309933662415;0.33768245577812195;0.07364219427108765;0.012825210578739643
0.9422048926353455;0.3157150149345398;0.058096982538700104;0.015276074409484863
0.9386560320854187;0.29706284403800964;0.042132697999477386;0.015786929056048393
0.9365877509117126;0.2792169451713562;0.028983866795897484;0.01238115131855011
0.9362432360649109;0.26052677631378174;0.02720358967781067;0.010334973223507404
0.9335893988609314;0.2461717128753662;0.023112844675779343;0.01576049067080021
0.9334819912910461;0.23181426525115967;0.01920718513429165;0.012211428955197334
0.9322857856750488;0.2180922031402588;0.01939285360276699;0.01538300421088934
0.9329129457473755;0.20318932831287384;0.017704034224152565;0.014195027761161327
0.9327989816665649;0.18858098983764648;0.01546446979045868;0.01520559098571539
0.9325252771377563;0.17686723172664642;0.014577016234397888;0.01741337962448597
0.9328176379203796;0.1655862182378769;0.012569052167236805;0.015193319879472256
0.9306872487068176;0.1552669256925583;0.010190838947892189;0.013492097146809101
0.9309104084968567;0.14464174211025238;0.009494501166045666;0.011330360546708107
0.9326845407485962;0.13471506536006927;0.007922062650322914;0.011371110565960407
0.9309946894645691;0.12623414397239685;0.010308140888810158;0.013474567793309689
0.9312217831611633;0.11696866899728775;0.009631408378481865;0.013587507419288158
0.9310042262077332;0.10825329273939133;0.010412296280264854;0.015841392800211906
0.9296335577964783;0.10317786782979965;0.012934616766870022;0.013662326149642467
0.9302310943603516;0.0975392609834671;0.011201790533959866;0.016793999820947647
0.933201014995575;0.09012266993522644;0.012809676118195057;0.013605835847556591
0.9315096735954285;0.08207426220178604;0.014327575452625751;0.017534848302602768
0.9321039319038391;0.07763247191905975;0.011447947472333908;0.017504217103123665
0.9312661290168762;0.07213850319385529;0.011401213705539703;0.014893526211380959
0.9290540814399719;0.06814303249120712;0.010299517773091793;0.012837796472012997
0.9266371130943298;0.06451604515314102;0.011883464641869068;0.014882746152579784
0.9255315661430359;0.05934987589716911;0.009653866291046143;0.014345771633088589
0.925358772277832;0.057883407920598984;0.012574657797813416;0.014585000462830067
0.9257423281669617;0.054909974336624146;0.013831590302288532;0.013192671351134777
0.9273527264595032;0.05341602489352226;0.013478959910571575;0.015376800671219826
0.9273430705070496;0.04964747279882431;0.01228563766926527;0.014818903990089893
0.9264920353889465;0.044901248067617416;0.011800426989793777;0.01182680856436491
0.927259624004364;0.042327433824539185;0.009711657650768757;0.013275730423629284
0.9294471144676208;0.03922252729535103;0.00958318542689085;0.016624674201011658
0.9298190474510193;0.03607429191470146;0.009243465028703213;0.016810497269034386
0.9338545203208923;0.03195605427026749;0.008728424087166786;0.013775214552879333
0.9349328875541687;0.029797781258821487;0.01130621787160635;0.011789866723120213
0.9318103790283203;0.02828088216483593;0.011748447082936764;0.01457610446959734
0.933724582195282;0.027586687356233597;0.014440461993217468;0.013725429773330688
0.9353143572807312;0.025892218574881554;0.009707826189696789;0.01182685885578394
0.9345064163208008;0.02388748899102211;0.01035679504275322;0.006767281796783209
0.9353973269462585;0.021462643519043922;0.010862379334867;0.009638379327952862
0.936192512512207;0.01951649598777294;0.009447896853089333;0.011674239300191402
0.9346883893013;0.01771824061870575;0.009994025342166424;0.013949683867394924
0.9356274604797363;0.016153201460838318;0.011224750429391861;0.014139286242425442
0.9374114871025085;0.015532908029854298;0.010284592397511005;0.01314758975058794
0.9355844855308533;0.0150620611384511;0.01314688753336668;0.015968484804034233
0.9360813498497009;0.012982994318008423;0.01343555748462677;0.015790775418281555
0.9372088313102722;0.011931018903851509;0.012143629603087902;0.01516956090927124
0.9365419745445251;0.01043016742914915;0.013401913456618786;0.01515269000083208
0.9379340410232544;0.01074154581874609;0.011722962372004986;0.011630532331764698
0.9406854510307312;0.009919725358486176;0.012498567812144756;0.01692890003323555
0.9381770491600037;0.010945013724267483;0.010301792994141579;0.01594735123217106
0.9375895857810974;0.011486340314149857;0.012103511020541191;0.01354409009218216
0.9369899034500122;0.01186127495020628;0.010641506873071194;0.011559003964066505
0.9368463754653931;0.009488679468631744;0.008933634497225285;0.013785406947135925
0.9340552687644958;0.0101451575756073;0.01402120478451252;0.013428360223770142
0.9342336654663086;0.0105970473960042;0.01662653684616089;0.011524676345288754
0.9327690005302429;0.010473865084350109;0.012954751029610634;0.012394167482852936
0.9320976138114929;0.010582993738353252;0.008799681439995766;0.014128590002655983
0.9347311854362488;0.011577432043850422;0.008266890421509743;0.008875145576894283
0.9341699481010437;0.01035899668931961;0.008473098278045654;0.011072655208408833
0.9344934821128845;0.009855087846517563;0.010456258431077003;0.01477499958127737
0.9355857968330383;0.00808353628963232;0.012048224918544292;0.01121057104319334
0.9357167482376099;0.009708821773529053;0.014470286667346954;0.01957935467362404
0.934140145778656;0.00795071292668581;0.013482813723385334;0.01659289374947548
0.9356808066368103;0.008583366870880127;0.011456544511020184;0.01423858292400837
0.9355980753898621;0.00800357572734356;0.009245926514267921;0.012224334292113781
0.9337432980537415;0.009741118177771568;0.008688372559845448;0.012824556790292263
0.9366281628608704;0.01149897649884224;0.011510505340993404;0.009547829627990723
0.9368706941604614;0.011774691753089428;0.0115355821326375;0.012546089477837086
0.9387493133544922;0.010831465013325214;0.011310371570289135;0.011643828824162483
0.9383623003959656;0.010327798314392567;0.009923514910042286;0.0087409233674407
0.9360670447349548;0.010145117528736591;0.009625221602618694;0.014665287919342518
0.9355578422546387;0.01066614966839552;0.011630999855697155;0.012730374932289124
0.9370027780532837;0.011781916953623295;0.013453090563416481;0.010969621129333973
0.9364964365959167;0.011981106363236904;0.012245948426425457;0.01009217370301485
0.9343203902244568;0.009980149567127228;0.008696931414306164;0.005794607102870941
0.9346784949302673;0.011006205342710018;0.006991066038608551;0.008913642726838589
0.9344890713691711;0.011200718581676483;0.008764323778450489;0.013914096169173717
0.9351930618286133;0.011355041526257992;0.00860055722296238;0.014201692305505276
0.9336730241775513;0.010684053413569927;0.009848271496593952;0.013840220868587494
0.9334514737129211;0.009784015826880932;0.010287515819072723;0.01752820424735546
0.9351717233657837;0.01027932483702898;0.008554698899388313;0.00888917502015829
0.9341092109680176;0.009095660410821438;0.008676133118569851;0.013594405725598335
0.932284951210022;0.00876730214804411;0.009783892892301083;0.009226703085005283
0.9329463839530945;0.008049610070884228;0.012915553525090218;0.009203432127833366
0.933426558971405;0.008869051001966;0.012228688225150108;0.009570036083459854
0.9332284927368164;0.007847565226256847;0.011297086253762245;0.012751317583024502
0.9340764880180359;0.007881876081228256;0.011102798394858837;0.011263466440141201
0.9314180612564087;0.008314835838973522;0.008511776104569435;0.01125168614089489
0.930897057056427;0.0053484453819692135;0.010261157527565956;0.010728382505476475
0.9334319233894348;0.005156812258064747;0.009096221998333931;0.010785815306007862
0.933911919593811;0.00826249923557043;0.010847336612641811;0.0115817254409194
0.9339338541030884;0.008449061773717403;0.011953606270253658;0.010927671566605568
0.9335908889770508;0.008860146626830101;0.012009120546281338;0.010014602914452553
0.9324092268943787;0.009843844920396805;0.008587357588112354;0.011682204902172089
0.9324626922607422;0.009266051463782787;0.007518744561821222;0.008276551030576229
0.9314154982566833;0.010298799723386765;0.008487631566822529;0.010170338675379753
0.9304728507995605;0.010253739543259144;0.007320275995880365;0.01016897801309824
0.9357498288154602;0.011336780153214931;0.008006655611097813;0.011944331228733063
0.93975830078125;0.011545268818736076;0.009005813859403133;0.01321133691817522
0.9418999552726746;0.01146519836038351;0.01019610371440649;0.015037300996482372
0.9421262741088867;0.011174711398780346;0.009583398699760437;0.014008763246238232
0.9394203424453735;0.01146421767771244;0.011281092651188374;0.01414270419627428
0.9383160471916199;0.009783769026398659;0.012226653285324574;0.013947473838925362
0.9395620226860046;0.010656955651938915;0.009593673050403595;0.014004332013428211
0.939505398273468;0.010334263555705547;0.00817093811929226;0.008736095391213894
0.9420852065086365;0.009414923377335072;0.0071631851606070995;0.011347891762852669
0.9440943002700806;0.009133489802479744;0.007927014492452145;0.015425385907292366
0.9438077807426453;0.0089851263910532;0.011544138193130493;0.01827438920736313
0.9401232004165649;0.008278198540210724;0.010381785221397877;0.015508485026657581
0.9400305151939392;0.009491040371358395;0.01205845084041357;0.017072321847081184
0.9398381114006042;0.007955384440720081;0.009709890931844711;0.019675860181450844
0.93939608335495;0.007175040431320667;0.00948336347937584;0.017572371289134026
0.9369655847549438;0.009230836294591427;0.010976334102451801;0.01758550852537155
0.9340977072715759;0.008478797040879726;0.007029496133327484;0.013417295180261135
0.9338246583938599;0.009016883559525013;0.009384939447045326;0.009108024649322033
0.933873176574707;0.00949085783213377;0.01264217495918274;0.012208773754537106
0.9332799315452576;0.009229269810020924;0.011648952029645443;0.013699637725949287
0.9359822273254395;0.010312370024621487;0.012630878947675228;0.010885769501328468
0.937891960144043;0.009579380042850971;0.009860108606517315;0.013938764110207558
0.9358702898025513;0.010170688852667809;0.0110945925116539;0.016411662101745605
0.9345195889472961;0.00894999224692583;0.010148354806005955;0.014018799178302288
0.9362921118736267;0.008285793475806713;0.008233136497437954;0.011937547475099564
0.9376964569091797;0.009426101110875607;0.008015605621039867;0.012243466451764107
0.9358412027359009;0.009589383378624916;0.008327190764248371;0.010394449345767498
0.9339485168457031;0.009917712770402431;0.004832259379327297;0.011147202923893929
0.9328466653823853;0.009588663466274738;0.008693238720297813;0.017250055447220802
0.932185173034668;0.010045859031379223;0.00876457430422306;0.013043537735939026
0.9298945665359497;0.010140279307961464;0.010446649976074696;0.014747275970876217
0.9291080832481384;0.008558644913136959;0.011957506649196148;0.013893559575080872
0.9281705021858215;0.00909771304577589;0.01311477180570364;0.015435504727065563
0.9247674942016602;0.008355465717613697;0.014679834246635437;0.012322477996349335
0.9251055121421814;0.008524085395038128;0.01436966098845005;0.01352348830550909
0.9283823370933533;0.00928564090281725;0.010471581481397152;0.016716057434678078
0.9276691675186157;0.008995008654892445;0.009535731747746468;0.009492078796029091
0.9273805618286133;0.00915772095322609;0.0077212960459291935;0.00920118298381567
0.9283431172370911;0.010076223872601986;0.010177724063396454;0.010585573501884937
0.927309513092041;0.009265122003853321;0.010651702992618084;0.015957333147525787
0.9254724383354187;0.008920647203922272;0.013372890651226044;0.014519164338707924
0.9277343153953552;0.009967907331883907;0.012612960301339626;0.010416139848530293
0.9274938702583313;0.0095383170992136;0.013336417265236378;0.00983135960996151
0.9269124269485474;0.009988014586269855;0.014852729625999928;0.008173947222530842
0.9276109933853149;0.011413809843361378;0.012475049123167992;0.009182090871036053
0.9271292090415955;0.01012976374477148;0.011955293826758862;0.010310109704732895
0.9304221272468567;0.010078459978103638;0.01437369268387556;0.011413118802011013
0.9278152585029602;0.011650190688669682;0.0178594421595335;0.015550113283097744
0.9288626909255981;0.009901121258735657;0.015006800182163715;0.01312575675547123
0.9255046844482422;0.010256635956466198;0.011466538533568382;0.01236498262733221
0.9250093698501587;0.011341588571667671;0.012364739552140236;0.013054112903773785
0.9214792251586914;0.010392297990620136;0.01070284005254507;0.01019744761288166
0.9243961572647095;0.01025113184005022;0.011397807858884335;0.019050830975174904
0.924506664276123;0.01098379772156477;0.007517172489315271;0.015698224306106567
0.9269654154777527;0.009924455545842648;0.011405429802834988;0.015728523954749107
0.927450954914093;0.009825793094933033;0.012915916740894318;0.014327756129205227
0.9292094111442566;0.009942127391695976;0.00918551255017519;0.011277941055595875
0.9293556213378906;0.009001658298075199;0.011102586053311825;0.009861379861831665
0.9315624237060547;0.008568069897592068;0.01071533840149641;0.014999247156083584
0.9309191107749939;0.008830075152218342;0.010897737927734852;0.00795573927462101
0.9296585917472839;0.0054269093088805676;0.009704631753265858;0.00980524905025959
0.9272915720939636;0.006098978221416473;0.012721558101475239;0.01078832522034645
0.9288088083267212;0.008604916743934155;0.012984461151063442;0.00982588529586792
0.9288813471794128;0.008546782657504082;0.017536098137497902;0.01387450098991394
0.9311798214912415;0.008407908491790295;0.014217016287147999;0.01502042543143034
0.9285019040107727;0.008698180317878723;0.011838425882160664;0.014920681715011597
0.9263362288475037;0.011853511445224285;0.011357749812304974;0.012974460609257221
0.9273685812950134;0.011722116731107235;0.009786286391317844;0.012781992554664612
0.9268665313720703;0.01162286289036274;0.011553578078746796;0.013255965895950794
0.9275288581848145;0.012289834208786488;0.010133685544133186;0.013119292445480824
0.9262151718139648;0.010711897164583206;0.010320844128727913;0.010876483283936977
0.9264510273933411;0.011904068291187286;0.0111576858907938;0.013549058698117733
0.9271113276481628;0.013188989832997322;0.011991480365395546;0.014498405158519745
0.925874650478363;0.013380113057792187;0.009040054865181446;0.01473206002265215
0.9243474006652832;0.011212564073503017;0.00797245278954506;0.0145502258092165
0.9247088432312012;0.011881592683494091;0.009331515990197659;0.018509576097130775
0.9267555475234985;0.01159388292580843;0.010039626620709896;0.013554083183407784
0.9257327914237976;0.010728671215474606;0.010255410335958004;0.013019231148064137
0.9230824708938599;0.01012413389980793;0.011905132792890072;0.010739138349890709
0.9213188290596008;0.009599119424819946;0.011339650489389896;0.01012295950204134
0.9220426678657532;0.008613618090748787;0.010961873456835747;0.015607691369950771
0.9223591089248657;0.009155518375337124;0.0098582087084651;0.010610505007207394
0.9214803576469421;0.009213138371706009;0.009990225546061993;0.014983481727540493
0.9225677847862244;0.011033512651920319;0.014702053740620613;0.015151015482842922
0.9229292869567871;0.008518247865140438;0.01496827881783247;0.012597250752151012
0.9216923117637634;0.009096366353332996;0.012377978302538395;0.007387150079011917
0.9198978543281555;0.00897646602243185;0.011023188941180706;0.009602680802345276
0.9199672937393188;0.007814206182956696;0.010771973989903927;0.012123702093958855
0.9203544855117798;0.00739646703004837;0.011900197714567184;0.013549350202083588
0.9207254648208618;0.006832469254732132;0.00898674875497818;0.010127830319106579
0.9254390597343445;0.00864067580550909;0.012946206144988537;0.007239030208438635
0.9237947463989258;0.008041557855904102;0.014311856590211391;0.011866156943142414
0.9254322052001953;0.006935622077435255;0.012923580594360828;0.009092132560908794
0.923230767250061;0.005857769399881363;0.01357630081474781;0.010831570252776146
0.9243955016136169;0.006998376455157995;0.013010676018893719;0.008963576517999172
0.9250591397285461;0.008615990169346333;0.01290848758071661;0.010922233574092388
0.9255098700523376;0.008659728802740574;0.010447382926940918;0.011858314275741577
0.924975574016571;0.0070376768708229065;0.009111137129366398;0.012853950262069702
0.92608243227005;0.008111444301903248;0.008071108721196651;0.011694255284965038
0.9270401000976562;0.008158732205629349;0.006213334854692221;0.013533606193959713
0.9266487956047058;0.008255498483777046;0.00819904264062643;0.013532901182770729
0.9280495047569275;0.008134846575558186;0.009388670325279236;0.013135761022567749
0.9272981882095337;0.0090830372646451;0.009956995956599712;0.010227780789136887
0.9270896315574646;0.008978448808193207;0.009192715398967266;0.01094447448849678
0.9284875988960266;0.009226557798683643;0.010306921787559986;0.01034092903137207
0.9264060854911804;0.008073396049439907;0.005089986138045788;0.015201604925096035
0.9245688319206238;0.008703149855136871;0.007946307770907879;0.014474659226834774
0.9245201349258423;0.010132037103176117;0.009095425717532635;0.009613155387341976
0.9228046536445618;0.009441490285098553;0.005893974099308252;0.009770049713551998
0.920422375202179;0.008038297295570374;0.007682031486183405;0.012263381853699684
0.9206140637397766;0.010419721715152264;0.008281027898192406;0.016327649354934692
0.9199535250663757;0.011265299282968044;0.008101132698357105;0.014952597208321095
0.9196964502334595;0.010671007446944714;0.009853525087237358;0.012008528225123882
0.9191312789916992;0.0114038260653615;0.010257214307785034;0.013273765332996845
0.9183643460273743;0.009302044287323952;0.012034798040986061;0.00903590302914381
0.9170507788658142;0.008337768726050854;0.011508116498589516;0.011166124604642391
0.9204622507095337;0.009822825901210308;0.00948932021856308;0.0069983648136258125
0.9188646674156189;0.01033197995275259;0.009895761497318745;0.011437799781560898
0.9192366003990173;0.010410726070404053;0.010118714533746243;0.009753203019499779
0.9213666915893555;0.010815836489200592;0.011032733134925365;0.009250178001821041
0.9195100665092468;0.012210295535624027;0.008405814878642559;0.011468717828392982
0.9204907417297363;0.013632506132125854;0.00842758733779192;0.013367955572903156
0.9215338826179504;0.01186746172606945;0.008359536528587341;0.01072268933057785
0.9215299487113953;0.011949439533054829;0.012366428039968014;0.013400646857917309
0.921605110168457;0.011458398774266243;0.011583530344069004;0.015898194164037704
0.9244424700737;0.010197149589657784;0.012984219007194042;0.013497288338840008
0.9246023297309875;0.011445602402091026;0.011048568412661552;0.018947096541523933
0.9265658259391785;0.011525801382958889;0.012262905016541481;0.014812998473644257
0.9261415600776672;0.011000479571521282;0.010997789911925793;0.015114455483853817
0.9272661209106445;0.010195664130151272;0.011171429418027401;0.01576620154082775
0.9281253814697266;0.00945100374519825;0.009490911848843098;0.011801016516983509
0.9278308749198914;0.011145193129777908;0.009297989308834076;0.012941223569214344
0.9297685623168945;0.012298312969505787;0.010301455855369568;0.015881789848208427
0.9309619069099426;0.012520927004516125;0.010205133818089962;0.01576264761388302
0.9310924410820007;0.011183405295014381;0.014463551342487335;0.0161947850137949
0.9314183592796326;0.011190607212483883;0.011331326328217983;0.013553604483604431
0.9319637417793274;0.011097724549472332;0.010294829495251179;0.01163757499307394
0.9299707412719727;0.007973392494022846;0.005241635721176863;0.013118751347064972
0.9286336302757263;0.007239824626594782;0.009939941577613354;0.009877159260213375
0.9274811148643494;0.008139110170304775;0.007253663148730993;0.011467683129012585
0.9307133555412292;0.008262601681053638;0.008826227858662605;0.014485174790024757
0.9337204098701477;0.008953580632805824;0.005707406438887119;0.012709236703813076
0.9332870841026306;0.009820414707064629;0.006910152733325958;0.010484621860086918
0.9344174265861511;0.00920114479959011;0.005791612900793552;0.012958372011780739
0.9348425269126892;0.009467385709285736;0.0050060017965734005;0.00843537226319313
0.9344114661216736;0.009553477168083191;0.006275717169046402;0.010508384555578232
0.9356803894042969;0.010924817994236946;0.006009626667946577;0.011728986166417599
0.9362148642539978;0.010008021257817745;0.009434099309146404;0.013299040496349335
0.9339221119880676;0.008724494837224483;0.010099867358803749;0.009372210130095482
0.9334322214126587;0.008116070181131363;0.008747137151658535;0.014963025227189064
0.92995685338974;0.00752571364864707;0.009440911002457142;0.014275753870606422
0.9309501647949219;0.008021460846066475;0.010616210289299488;0.014192766509950161
0.9297145009040833;0.008746991865336895;0.008756157010793686;0.01002948172390461
0.9334189295768738;0.007412272971123457;0.010263929143548012;0.010828269645571709
0.9305827021598816;0.007843372412025928;0.0071198539808392525;0.009572537615895271
0.927420437335968;0.008443297818303108;0.008982363156974316;0.009740105830132961
0.9248771071434021;0.009898005984723568;0.010114746168255806;0.014388528652489185
0.9248091578483582;0.009346600621938705;0.009450226090848446;0.014440213330090046
0.926639974117279;0.009291420690715313;0.010074685327708721;0.013561435043811798
0.9281290173530579;0.009945111349225044;0.009575684554874897;0.008809678256511688
0.926677405834198;0.009491936303675175;0.009018844924867153;0.010922913439571857
0.9240743517875671;0.007707430515438318;0.008877269923686981;0.01233070157468319
0.9246560335159302;0.007642002310603857;0.010709126479923725;0.01594710163772106
0.9240095019340515;0.007921849377453327;0.011207201518118382;0.009913124144077301
0.9251869320869446;0.006986516062170267;0.008635806851089;0.015247615985572338
0.9249356389045715;0.0066750990226864815;0.013368949294090271;0.015162348747253418
0.9252139925956726;0.00572781590744853;0.014129598625004292;0.01606510393321514
0.9241714477539062;0.006690577603876591;0.012169242836534977;0.01400537509471178
0.9254867434501648;0.007145336363464594;0.009644679725170135;0.0131984269246459
0.925314724445343;0.007246022112667561;0.01029487606137991;0.014981246553361416
0.9252671599388123;0.007304369937628508;0.01090010441839695;0.014441418461501598
0.9242017865180969;0.009679200127720833;0.012348762713372707;0.013141375966370106
0.924085259437561;0.009073028340935707;0.013788828626275063;0.014413781464099884
0.9255350232124329;0.008588472381234169;0.014884051866829395;0.009949558414518833
0.9265373349189758;0.00950528308749199;0.01485490519553423;0.011634710244834423
0.9260463714599609;0.010370003059506416;0.01099572703242302;0.013205972500145435
0.9281668663024902;0.008928174152970314;0.012656447477638721;0.015739712864160538
0.92908775806427;0.008521485142409801;0.014881846494972706;0.01048157550394535
0.9306632876396179;0.009471979923546314;0.012583819217979908;0.01479453593492508
0.931199848651886;0.010882177390158176;0.009174332953989506;0.009150616824626923
0.9327406883239746;0.010495113208889961;0.009240316227078438;0.014605313539505005
0.9314546585083008;0.01041147019714117;0.009522564709186554;0.0130383912473917
0.9319545030593872;0.011074986308813095;0.00797948893159628;0.014757722616195679
0.9302210807800293;0.010611595585942268;0.007959301583468914;0.010355161502957344
0.9322637915611267;0.010475794784724712;0.009594415314495564;0.014643892645835876
0.9322770237922668;0.01039009541273117;0.012987074442207813;0.014781181700527668
0.9325181245803833;0.012263312004506588;0.013813848607242107;0.01617882028222084
0.9309515357017517;0.011120687238872051;0.013802647590637207;0.015523359179496765
0.9293262362480164;0.011073024943470955;0.014735412783920765;0.015399542637169361
0.9326963424682617;0.010534959845244884;0.016116157174110413;0.011633144691586494
0.9318699836730957;0.009893630631268024;0.013120546005666256;0.0145993921905756
0.9298484921455383;0.009372696280479431;0.014121574349701405;0.011091463267803192
0.927354633808136;0.00877829547971487;0.01217767782509327;0.009313019923865795
0.9278422594070435;0.007918196730315685;0.013792934827506542;0.011468886397778988
0.925705075263977;0.0090763159096241;0.014205144718289375;0.01424438413232565
0.9271056056022644;0.008703412488102913;0.012250644154846668;0.0126363355666399
0.9238454699516296;0.009634326212108135;0.011114366352558136;0.012263691984117031
0.9233776926994324;0.00921925064176321;0.008984367363154888;0.014408029615879059
0.9256051182746887;0.008914286270737648;0.008749951608479023;0.013170293532311916
0.9233102798461914;0.011747419834136963;0.011769898235797882;0.017229801043868065
0.920487105846405;0.01224877592176199;0.012428111396729946;0.012030373327434063
0.9210052490234375;0.013189113698899746;0.008855334483087063;0.013394099660217762
0.9230148196220398;0.012084788642823696;0.0107925059273839;0.01570885442197323
0.9225242733955383;0.011269022710621357;0.010695901699364185;0.008183355443179607
0.9226264953613281;0.01278120931237936;0.011950011365115643;0.012061833404004574
0.9220787882804871;0.012801282107830048;0.014724432490766048;0.011618446558713913
0.9228246808052063;0.011184333823621273;0.01148956548422575;0.010364740155637264
0.9196564555168152;0.01067497581243515;0.01128047239035368;0.012251453474164009
0.9221265912055969;0.00932097528129816;0.01213706936687231;0.014703948982059956
0.9201228022575378;0.007349924184381962;0.009891643188893795;0.012117847800254822
0.9203006029129028;0.008693828247487545;0.011841247789561749;0.013229814358055592
0.9205088019371033;0.01033560000360012;0.01103306096047163;0.015171468257904053
0.9182266592979431;0.009284346364438534;0.012076322920620441;0.015838399529457092
0.9198121428489685;0.008737375028431416;0.011081734672188759;0.016567982733249664
0.921548068523407;0.009707406163215637;0.007792368531227112;0.015135061927139759
0.9235300421714783;0.010347018018364906;0.006970721762627363;0.014089519158005714
0.9225873351097107;0.010845857672393322;0.0069251032546162605;0.015762491151690483
0.9209570288658142;0.011133196763694286;0.007277218159288168;0.01395079493522644
0.9242788553237915;0.012278353795409203;0.007736018393188715;0.017971161752939224
0.9235618710517883;0.010780907236039639;0.008463469333946705;0.013999816961586475
0.9203694462776184;0.01119196880608797;0.01134683471173048;0.013844293542206287
0.9199706315994263;0.01050102710723877;0.01076244842261076;0.015244992449879646
0.920278012752533;0.01090253610163927;0.013744264841079712;0.012834797613322735
0.920575737953186;0.01148215588182211;0.014744499698281288;0.015593058429658413
0.921438992023468;0.011503661051392555;0.013123096898198128;0.019654950127005577
0.9214271903038025;0.012601005844771862;0.009885712526738644;0.017912482842803
0.9206231236457825;0.01297000516206026;0.010804279707372189;0.013677343726158142
0.9186113476753235;0.010109483264386654;0.012250605039298534;0.01265479065477848
0.9198431372642517;0.009747358039021492;0.011316614225506783;0.01651187799870968
0.921142578125;0.008264999836683273;0.010144463740289211;0.018454913049936295
0.9185338020324707;0.009939479641616344;0.009424857795238495;0.013778629712760448
0.9176729321479797;0.011274544522166252;0.008643028326332569;0.013346231542527676
0.9158474206924438;0.011187249794602394;0.01004516240209341;0.011262916028499603
0.9159883856773376;0.010610220953822136;0.011384457349777222;0.011282119899988174
0.9150328636169434;0.011087032966315746;0.010951119475066662;0.014861563220620155
0.9145414233207703;0.011454212479293346;0.0119242575019598;0.01208175253123045
0.9137954711914062;0.010548586957156658;0.007741441018879414;0.011132369749248028
0.9154739379882812;0.009573712013661861;0.011691311374306679;0.012414384633302689
0.9161983728408813;0.009162627160549164;0.012902907095849514;0.012480146251618862
0.914053738117218;0.012575412169098854;0.014232133515179157;0.010821107774972916
0.9133052825927734;0.012044335715472698;0.013380192220211029;0.008459058590233326
0.9150195121765137;0.011302118189632893;0.01120888814330101;0.006697703152894974
0.9139337539672852;0.01038337405771017;0.012756836600601673;0.008162950165569782
0.9131546020507812;0.007927793078124523;0.012219751253724098;0.00980004109442234
0.9152520298957825;0.008108082227408886;0.009609518572688103;0.012034703977406025
0.9169460535049438;0.009448282420635223;0.01094901468604803;0.012132174335420132
0.9164963960647583;0.007859760895371437;0.010259251110255718;0.008418633602559566
0.9148145914077759;0.007890467531979084;0.00891906674951315;0.01001692470163107
0.9147416949272156;0.007665232755243778;0.006814977619796991;0.014543834142386913
0.9159733653068542;0.0077814324758946896;0.010655461810529232;0.012396030128002167
0.9161674380302429;0.007838832214474678;0.008017403073608875;0.013359042815864086
0.9171010255813599;0.006785115692764521;0.006534975953400135;0.012321854941546917
0.9181440472602844;0.006727618630975485;0.00756014883518219;0.010624872520565987
0.9163007736206055;0.005792667157948017;0.010068610310554504;0.011109764687716961
0.9142774939537048;0.007196167949587107;0.009877626784145832;0.015924740582704544
0.9139795303344727;0.009143871255218983;0.009569603018462658;0.016483407467603683
0.9154109954833984;0.009138420224189758;0.01160232350230217;0.010946209542453289
0.9151992797851562;0.008679607883095741;0.012974259443581104;0.01609967090189457
0.9149979948997498;0.008047319017350674;0.01366372685879469;0.0170065239071846
0.9144868850708008;0.006384328007698059;0.014406638219952583;0.011110041290521622
0.9151609539985657;0.006704435683786869;0.015302571468055248;0.009944713674485683
0.9163222312927246;0.006900525186210871;0.015259317122399807;0.011386514641344547
0.9158183932304382;0.007800825871527195;0.014562027528882027;0.014135613106191158
0.9128150939941406;0.008957767859101295;0.0141903106123209;0.009529337286949158
0.9138836860656738;0.007636910770088434;0.015175536274909973;0.007831200025975704
0.9126593470573425;0.007707078941166401;0.015998495742678642;0.008756878785789013
0.9108144640922546;0.008249795995652676;0.0160516407340765;0.012123788706958294
0.9120861887931824;0.008190344087779522;0.017033621668815613;0.015383887104690075
0.9109603762626648;0.00782692339271307;0.013362291269004345;0.011472174897789955
0.9105886816978455;0.007932889275252819;0.014788187108933926;0.012783372774720192
0.910775363445282;0.008127621375024319;0.014779276214540005;0.014882609248161316
0.9093673825263977;0.009429358877241611;0.012845883145928383;0.012251608073711395
0.9081239700317383;0.010361310094594955;0.012177336029708385;0.0159164946526289
0.9100192189216614;0.010099077597260475;0.010794615373015404;0.012749833054840565
0.9098783731460571;0.011829977855086327;0.009548170492053032;0.0092698959633708
0.9079458117485046;0.009831171482801437;0.008614909835159779;0.011769624426960945
0.9085964560508728;0.0088438019156456;0.008460232987999916;0.012546672485768795
0.9103857278823853;0.009810833260416985;0.010584249161183834;0.01279173232614994
0.9111596941947937;0.01070347148925066;0.01058460958302021;0.013090546242892742
0.9092235565185547;0.009047864004969597;0.011546783149242401;0.013768455944955349
0.9111909866333008;0.007229070644825697;0.009058278053998947;0.014716759324073792
0.9097279906272888;0.008057084865868092;0.008072837255895138;0.014069405384361744
0.909044086933136;0.007767580449581146;0.00818032119423151;0.013137876987457275
0.909453809261322;0.00798431783914566;0.006096538621932268;0.01475054956972599
0.9072624444961548;0.008226643316447735;0.008577445521950722;0.014991670846939087
0.9066076278686523;0.007195457816123962;0.009583731181919575;0.013147863559424877
0.9059740900993347;0.009305128827691078;0.012039411813020706;0.014854363165795803
0.9052734375;0.009643594734370708;0.010317614302039146;0.019111869856715202
0.9047631621360779;0.010870431549847126;0.009090050123631954;0.016198869794607162
0.9045000076293945;0.011059395968914032;0.011723010800778866;0.0207577683031559
0.9035777449607849;0.01207819301635027;0.008728526532649994;0.014300192706286907
0.90472811460495;0.013171406462788582;0.009169774129986763;0.012575328350067139
0.9050540328025818;0.010991066694259644;0.008828157559037209;0.011805224232375622
0.9079374670982361;0.011480267159640789;0.009843776002526283;0.014159522019326687
0.9066246151924133;0.009971527382731438;0.01022615097463131;0.014944321475923061
0.9021868109703064;0.010395200923085213;0.008113564923405647;0.01322243083268404
0.9038659930229187;0.011334563605487347;0.008349917829036713;0.01287012454122305
0.9065405130386353;0.009209836833178997;0.0094705019146204;0.013745615258812904
0.9072019457817078;0.009871290065348148;0.012672207318246365;0.011175806634128094
0.907006561756134;0.00891504343599081;0.015391314402222633;0.00814889743924141
0.9103702902793884;0.00922343973070383;0.01446004118770361;0.008369914256036282
0.9080875515937805;0.009290006943047047;0.016432924196124077;0.009463793598115444
0.9080266952514648;0.007810479495674372;0.01368019264191389;0.00979093462228775
0.9119529724121094;0.0070846364833414555;0.011674645356833935;0.00987101811915636
0.9117261171340942;0.006788558792322874;0.012193579226732254;0.012155997566878796
0.9115695953369141;0.00677119055762887;0.012665740214288235;0.013306555338203907
0.914777398109436;0.00613319082185626;0.013705210760235786;0.012535016052424908
0.9125261306762695;0.005292681511491537;0.01398200448602438;0.014995087869465351
0.9149175882339478;0.004079233389347792;0.014411685056984425;0.011656137183308601
0.9142598509788513;0.0035543334670364857;0.013932247646152973;0.013899092562496662
0.9183303713798523;0.0049651265144348145;0.01275110524147749;0.014446856454014778
0.9161894917488098;0.006789450533688068;0.0140374219045043;0.009947291575372219
0.9156972765922546;0.007297925651073456;0.014737348072230816;0.012819136492908001
0.9160508513450623;0.008609949611127377;0.012285626493394375;0.010143974795937538
0.9164068102836609;0.010321937501430511;0.008067173883318901;0.008311617188155651
0.9167022705078125;0.009414613246917725;0.009045104496181011;0.010053264908492565
0.9169968962669373;0.009721714071929455;0.009579707868397236;0.011282776482403278
0.9147933125495911;0.010087583214044571;0.009013840928673744;0.013771861791610718
0.9135951995849609;0.010224876925349236;0.012227288447320461;0.010634031146764755
0.913587749004364;0.010532810352742672;0.010977929458022118;0.011787126772105694
0.9107235074043274;0.009503810666501522;0.01128379162400961;0.009368164464831352
0.9101657271385193;0.010072593577206135;0.01073902565985918;0.012326615862548351
0.906636655330658;0.010670007206499577;0.009336388669908047;0.013183576054871082
0.905817449092865;0.009870762936770916;0.010813073255121708;0.01259476225823164
0.9056210517883301;0.009188924916088581;0.01218847930431366;0.010743657127022743
0.9050678610801697;0.009453208185732365;0.010524331592023373;0.00861457921564579
0.9046409726142883;0.006961055099964142;0.009777402505278587;0.01042178925126791
0.903026282787323;0.00785005372017622;0.013218685984611511;0.011047021485865116
0.9015286564826965;0.008485779166221619;0.015545065514743328;0.01348003651946783
0.9009401202201843;0.008528527803719044;0.011732799001038074;0.015928415581583977
0.9004371762275696;0.007535447832196951;0.014098981395363808;0.012838304042816162
0.9013285040855408;0.0095883933827281;0.014936745166778564;0.010744034312665462
0.9018532633781433;0.008982834406197071;0.013241616077721119;0.01421536784619093
0.9038917422294617;0.008548899553716183;0.01258512120693922;0.01221119798719883
0.9020883440971375;0.007663580123335123;0.011039051227271557;0.016622884199023247
0.9023668169975281;0.010534080676734447;0.01171481516212225;0.015348948538303375
0.8990622758865356;0.010866357944905758;0.011047754436731339;0.015051382593810558
0.8994724154472351;0.011879715137183666;0.007677657995373011;0.013446544297039509
0.8993207812309265;0.011890172027051449;0.009086544625461102;0.016347799450159073
0.8991861343383789;0.010429800488054752;0.009407158009707928;0.011108350940048695
0.8980653882026672;0.010419837199151516;0.008135700598359108;0.009365971200168133
0.8964625597000122;0.009214933961629868;0.008773584850132465;0.0100996820256114
0.8985282778739929;0.008317912928760052;0.011519636027514935;0.00879062432795763
0.89922696352005;0.00846900325268507;0.010735583491623402;0.010184749029576778
0.900198757648468;0.007729883771389723;0.006703619845211506;0.013496971689164639
0.8998295068740845;0.006483454257249832;0.0069073885679244995;0.012010232545435429
0.897343635559082;0.00700167054310441;0.008395148441195488;0.012021692469716072
0.8961886763572693;0.009292987175285816;0.007472579833120108;0.010998453013598919
0.8937816023826599;0.00945651438087225;0.008121793158352375;0.009169543161988258
0.8924493789672852;0.00713870394974947;0.00839203130453825;0.010143289342522621
0.892245888710022;0.011216397397220135;0.008776924572885036;0.013061332516372204
0.8927440643310547;0.012434913776814938;0.009590229950845242;0.01189808826893568
0.8933117985725403;0.012227397412061691;0.010031773708760738;0.011040530167520046
0.8961750864982605;0.010955664329230785;0.011228327639400959;0.013408138416707516
0.8953065872192383;0.009978348389267921;0.009911628440022469;0.018320366740226746
0.8948632478713989;0.009958968497812748;0.012083621695637703;0.012854412198066711
0.892702043056488;0.00929311104118824;0.010551582090556622;0.01457249280065298
0.8929733633995056;0.010283290408551693;0.00877393689006567;0.015023605898022652
0.8909658789634705;0.011067614890635014;0.005745114292949438;0.013351092115044594
0.8902351260185242;0.011441710405051708;0.007976454682648182;0.01613294519484043
0.891293466091156;0.011324276216328144;0.008057251572608948;0.012872050516307354
0.8931644558906555;0.008515509776771069;0.008965845219790936;0.01251954585313797
0.8940963745117188;0.007888737134635448;0.009794825688004494;0.015923891216516495
0.8951694369316101;0.008445383980870247;0.010011645033955574;0.010332095436751842
0.8968543410301208;0.009228978306055069;0.008871803991496563;0.008973470889031887
0.8972651362419128;0.007670264691114426;0.008578071370720863;0.010649259202182293
0.8981956839561462;0.00791215430945158;0.010088114999234676;0.009705178439617157
0.8982338309288025;0.008537689223885536;0.01615946926176548;0.010474547743797302
0.8998258709907532;0.009861682541668415;0.01623513549566269;0.007885229773819447
0.8978165984153748;0.00757589191198349;0.01419950183480978;0.009348694235086441
0.8989223837852478;0.006644991226494312;0.012934229336678982;0.014642983675003052
0.8975669145584106;0.006885524373501539;0.01206230279058218;0.011327719315886497
0.8979711532592773;0.007855216041207314;0.011654483154416084;0.017813019454479218
0.8986638188362122;0.010652134194970131;0.014325523748993874;0.013208666816353798
0.8989693522453308;0.011863394640386105;0.014143410138785839;0.013172337785363197
0.8972750902175903;0.009854182600975037;0.014280366711318493;0.010605237446725368
0.8984025120735168;0.009549244306981564;0.015622781589627266;0.010156321339309216
0.8978091478347778;0.008166245184838772;0.013553629629313946;0.009754935279488564
0.899124264717102;0.008329792879521847;0.009875387884676456;0.01193910650908947
0.8997883200645447;0.00978240929543972;0.0123960692435503;0.009859644807875156
0.9013304114341736;0.0079101687297225;0.011790948919951916;0.011120228096842766
0.9009438753128052;0.008386126719415188;0.012049997225403786;0.010624256916344166
0.9022744297981262;0.009834745898842812;0.013826558366417885;0.01025090366601944
0.9026668667793274;0.008209051564335823;0.012248016893863678;0.009766267612576485
0.9060284495353699;0.009412947110831738;0.009285268373787403;0.012315615080296993
0.907836377620697;0.01136108674108982;0.011552873998880386;0.007905518636107445
0.90975421667099;0.011019217781722546;0.012186608277261257;0.010654501616954803
0.9088255167007446;0.009429669938981533;0.011758342385292053;0.012289335951209068
0.9102522134780884;0.011170159094035625;0.01033054944127798;0.010339583270251751
0.91082364320755;0.012070774100720882;0.010206024162471294;0.008874705992639065
0.9086197018623352;0.010817209258675575;0.011695392429828644;0.01234901137650013
0.9084423184394836;0.011330571956932545;0.012119095772504807;0.013671176508069038
0.9071426391601562;0.012422671541571617;0.011490295641124249;0.013970143161714077
0.9073190689086914;0.011436821892857552;0.012967581860721111;0.01225996483117342
0.9069677591323853;0.01304770726710558;0.015775715932250023;0.013316094875335693
0.9090582728385925;0.012851418927311897;0.011125579476356506;0.012789330445230007
0.9116334319114685;0.011043812148272991;0.014004643075168133;0.006585765164345503
0.9120901226997375;0.010607592761516571;0.012393315322697163;0.008807902224361897
0.9123188257217407;0.012335924431681633;0.01387332659214735;0.013161844573915005
0.9133445620536804;0.011584204621613026;0.011805384419858456;0.01648782566189766
0.9148359298706055;0.01049386989325285;0.010287108831107616;0.014142803847789764
0.9138368964195251;0.010105045512318611;0.011250579729676247;0.012578851543366909
0.9127958416938782;0.010787254199385643;0.01110516395419836;0.015209739096462727
0.9138584136962891;0.013024355284869671;0.009824993088841438;0.017479313537478447
0.9133893847465515;0.012226682156324387;0.010891670361161232;0.012064932845532894
0.9142475128173828;0.01262428518384695;0.01223575510084629;0.010151430033147335
0.9183937907218933;0.010970002971589565;0.011281413026154041;0.01470907311886549
0.917136013507843;0.008652170188724995;0.010561882518231869;0.014239609241485596
0.915052592754364;0.00726840365678072;0.009802351705729961;0.010511556640267372
0.9160728454589844;0.006992042064666748;0.009400232695043087;0.010288747027516365
0.91530841588974;0.00911389198154211;0.014383462257683277;0.01389958243817091
0.9171721339225769;0.008132769726216793;0.012401418760418892;0.01832049898803234
0.9168548583984375;0.010426786728203297;0.012166117317974567;0.014645456336438656
0.9153637290000916;0.008515249006450176;0.009079656563699245;0.012532989494502544
0.9153556823730469;0.008562658913433552;0.012303173542022705;0.01337847113609314
0.9155751466751099;0.007642467971891165;0.011130713857710361;0.01030841562896967
0.9168364405632019;0.008007914759218693;0.012130542658269405;0.012853403575718403
0.9154437184333801;0.009430397301912308;0.010828277096152306;0.008828011341392994
0.9155946969985962;0.009080369025468826;0.010974262841045856;0.01085858978331089
0.9158487319946289;0.008301692083477974;0.009805718436837196;0.012841380201280117
0.9168041348457336;0.007904433645308018;0.008771292865276337;0.009752067737281322
0.9181376695632935;0.00750332698225975;0.008556152693927288;0.008469651453197002
0.9188326001167297;0.005777924787253141;0.012400388717651367;0.009344883263111115
0.9199177026748657;0.005603036377578974;0.010081772692501545;0.012869484722614288
0.9189075827598572;0.006180583965033293;0.010378347709774971;0.013253413140773773
0.9152059555053711;0.005997618194669485;0.010787257924675941;0.012670625932514668
0.9171390533447266;0.007305731065571308;0.009600973688066006;0.011968899518251419
0.9152661561965942;0.006555580534040928;0.012405418790876865;0.009076292626559734
0.9155067801475525;0.006521966308355331;0.011772735975682735;0.015210096724331379
0.9178522229194641;0.007511816453188658;0.010806331411004066;0.01730515994131565
0.9184056520462036;0.0062835500575602055;0.010817976668477058;0.014836681075394154
0.919887363910675;0.005907589104026556;0.009624537080526352;0.012445883825421333
0.9188573956489563;0.005897085182368755;0.009992639534175396;0.011881348676979542
0.9189640283584595;0.0077958363108336926;0.009905154816806316;0.010562590323388577
0.9184671640396118;0.007365282624959946;0.01015997864305973;0.012328021228313446
0.9168033003807068;0.007735386490821838;0.009772850200533867;0.012199629098176956
0.9157039523124695;0.0077097974717617035;0.015275165438652039;0.014927707612514496
0.9146238565444946;0.008756984025239944;0.012080607004463673;0.016704419627785683
0.9133722186088562;0.00908118486404419;0.014429712668061256;0.016306832432746887
0.9124693274497986;0.008625288493931293;0.011550470255315304;0.016116619110107422
0.9132900238037109;0.006800517439842224;0.00996446143835783;0.01175090204924345
0.9114226698875427;0.007146485149860382;0.011005508713424206;0.013635081239044666
0.9116750955581665;0.007894482463598251;0.011181098408997059;0.00880463793873787
0.9125798344612122;0.008611205033957958;0.007742788176983595;0.010777458548545837
0.912452220916748;0.009374058805406094;0.006479501258581877;0.010418951511383057
0.9118467569351196;0.008196176961064339;0.006241928320378065;0.013140863738954067
0.9110656976699829;0.00888297613710165;0.010242193005979061;0.012452777475118637
0.9094969034194946;0.010711747221648693;0.007870234549045563;0.013547024689614773
0.9111963510513306;0.009137343615293503;0.007240863051265478;0.013540983200073242
0.9135861396789551;0.009777510538697243;0.011872907169163227;0.010997231118381023
0.9150725603103638;0.009156870655715466;0.009877242147922516;0.01333089079707861
0.9191491007804871;0.008367900736629963;0.01114198099821806;0.01793593168258667
0.9226008653640747;0.008964291773736477;0.013975987210869789;0.014451983384788036
0.9222784042358398;0.009039618074893951;0.012439004145562649;0.013956553302705288
0.923247754573822;0.00855887122452259;0.00918944738805294;0.01732614077627659
0.922135055065155;0.009519639424979687;0.010110698640346527;0.01536966860294342
0.9222587943077087;0.008392390795052052;0.00962854828685522;0.017006726935505867
0.9210439920425415;0.009047639556229115;0.010505563579499722;0.014756712131202221
0.9223638772964478;0.008581342175602913;0.006529359612613916;0.016704201698303223
0.9236200451850891;0.008451485075056553;0.008280131965875626;0.012285840697586536
0.924721360206604;0.008172396570444107;0.009790293872356415;0.013457934372127056
0.9242744445800781;0.007907277904450893;0.01192097831517458;0.012412643991410732
0.9286905527114868;0.007979457266628742;0.010156003758311272;0.01332972664386034
0.9292253851890564;0.00789507944136858;0.010739181190729141;0.015539032407104969
0.931006908416748;0.008405606262385845;0.01012603472918272;0.010172229260206223
0.9286741614341736;0.009401673451066017;0.011396319605410099;0.009682731702923775
0.9283825159072876;0.00928825419396162;0.013852782547473907;0.01073061116039753
0.9260899424552917;0.009839198552072048;0.01570901833474636;0.006837898399680853
0.927907407283783;0.011274004355072975;0.01190129667520523;0.0075310333631932735
0.9256901144981384;0.010930613614618778;0.012503636069595814;0.01177398581057787
0.9253570437431335;0.010767128318548203;0.008836357854306698;0.014494392089545727
0.9261469841003418;0.009790263138711452;0.008489811792969704;0.013458527624607086
0.922936737537384;0.010452783666551113;0.01005618553608656;0.013994494453072548
0.9241838455200195;0.009651579894125462;0.008961505256593227;0.00939872208982706
0.9228904843330383;0.009475532919168472;0.008167377673089504;0.014653357677161694
0.922808825969696;0.010312127880752087;0.008016080595552921;0.0164372306317091
0.9237479567527771;0.011003905907273293;0.010317006148397923;0.010917688719928265
0.9258010983467102;0.00932991411536932;0.013004046864807606;0.01167177315801382
0.9258460998535156;0.009270821698009968;0.016209961846470833;0.008898464031517506
0.9238859415054321;0.010538462549448013;0.009417994879186153;0.014214853756129742
0.9242302179336548;0.01071038655936718;0.008582017384469509;0.01342958863824606
0.9250913858413696;0.009857996366918087;0.007052830886095762;0.016268281266093254
0.9269567728042603;0.009606483392417431;0.008430195041000843;0.01612623780965805
0.9247174263000488;0.007698313798755407;0.007680430542677641;0.014884061180055141
0.9257550239562988;0.007379250135272741;0.007289047818630934;0.01625201292335987
0.9260290265083313;0.008346575312316418;0.005756314378231764;0.012765410356223583
0.9239403605461121;0.010087648406624794;0.006615058984607458;0.014244012534618378
0.9238354563713074;0.012150034308433533;0.008758663199841976;0.014642191119492054
0.9210262298583984;0.013011718168854713;0.008318486623466015;0.012842393480241299
0.9199224710464478;0.01217591017484665;0.007973930798470974;0.012412920594215393
0.9211322069168091;0.01230052299797535;0.00933845154941082;0.014356068335473537
0.9244328737258911;0.010188840329647064;0.010769705288112164;0.013081899844110012
0.9262765049934387;0.009485989809036255;0.011537563987076283;0.011600668542087078
0.9266042113304138;0.009525885805487633;0.01233979407697916;0.00695033697411418
0.9274665713310242;0.009469451382756233;0.0092110401019454;0.0095236049965024
0.9281671643257141;0.008394687436521053;0.009603086858987808;0.010980294086039066
0.927670419216156;0.010298985056579113;0.010812181048095226;0.00988567154854536
0.9257035255432129;0.009896728210151196;0.011662192642688751;0.007119722664356232
0.9262563586235046;0.010053938254714012;0.012358065694570541;0.01242123544216156
0.923557460308075;0.010907504707574844;0.011765477247536182;0.01399871427565813
0.9247687458992004;0.011244229972362518;0.011026746593415737;0.014302185736596584
0.9237715005874634;0.011748230084776878;0.009603696875274181;0.014050702564418316
0.9219662547111511;0.011256478726863861;0.009561629965901375;0.013332259841263294
0.9207744002342224;0.011512230150401592;0.012241369113326073;0.011547825299203396
0.9208934903144836;0.009312271140515804;0.00879396591335535;0.010582554154098034
0.9207708239555359;0.011520355008542538;0.008159029297530651;0.005390148144215345
0.918481171131134;0.010873748920857906;0.0063613238744437695;0.007963215000927448
0.9202084541320801;0.008868289180099964;0.007423870265483856;0.011705683544278145
0.9169237017631531;0.008434384129941463;0.011809083633124828;0.011575350537896156
0.9146799445152283;0.008442326448857784;0.010705819353461266;0.012267760001122952
0.9126232266426086;0.009391347877681255;0.010511606931686401;0.012258589267730713
0.9132784008979797;0.010590803809463978;0.013267396949231625;0.010491540655493736
0.9147992134094238;0.012346968054771423;0.011422937735915184;0.008309696801006794
0.9150775074958801;0.012454674579203129;0.010650817304849625;0.012790259905159473
0.9118281602859497;0.01139028463512659;0.010071041993796825;0.011562354862689972
0.9129504561424255;0.012429914437234402;0.0095001719892025;0.012526744976639748
0.9123417735099792;0.0115316491574049;0.009422103874385357;0.01379317045211792
0.9118534326553345;0.01135166920721531;0.010892584919929504;0.013830450363457203
0.9113964438438416;0.011091715656220913;0.012760505080223083;0.01294911652803421
0.9117889404296875;0.012163130566477776;0.013767088763415813;0.01699930988252163
0.9119054675102234;0.01129799336194992;0.01160240825265646;0.020045096054673195
0.910847008228302;0.011264855042099953;0.009995955042541027;0.017420539632439613
0.9092445373535156;0.013677874580025673;0.009606353007256985;0.015633005648851395
0.9093115925788879;0.01267661340534687;0.010786696337163448;0.013647167943418026
0.9089173674583435;0.009512892924249172;0.0103464899584651;0.011517300270497799
0.9100147485733032;0.009480982087552547;0.009459546767175198;0.010560506023466587
0.9127748608589172;0.009017622098326683;0.009114878252148628;0.011114681139588356
0.9111558794975281;0.01111322920769453;0.010022351518273354;0.011171260848641396
0.9094350934028625;0.012377236969769001;0.008865023031830788;0.008082404732704163
0.909183919429779;0.011442153714597225;0.007834096439182758;0.009832757525146008
0.9093608856201172;0.012185518629848957;0.009153562597930431;0.009403183124959469
0.910550594329834;0.010941761545836926;0.006622910033911467;0.008458091877400875
0.9128814935684204;0.013069795444607735;0.008978153578937054;0.010577459819614887
0.91374272108078;0.013164055533707142;0.010100935585796833;0.016811804845929146
0.9130581021308899;0.013662968762218952;0.008490148931741714;0.013953079469501972
0.918101966381073;0.012398428283631802;0.00805780477821827;0.013306492939591408
0.9161638617515564;0.008528517559170723;0.008255362510681152;0.010920071974396706
0.9142670631408691;0.008924068883061409;0.008933005854487419;0.011662048287689686
0.9117527008056641;0.012069142423570156;0.009216849692165852;0.009522738866508007
0.9087085723876953;0.01077369786798954;0.010828069411218166;0.013441941700875759
0.9097231030464172;0.010241521522402763;0.01181838195770979;0.01019721757620573
0.9106786847114563;0.010066021233797073;0.014700730331242085;0.010863753035664558
0.9118229150772095;0.011100510135293007;0.012136801145970821;0.010382181964814663
0.9080034494400024;0.010855020955204964;0.012694843113422394;0.010512725450098515
0.9077826738357544;0.012007718905806541;0.008910007774829865;0.00859690923243761
0.9071409106254578;0.013860667124390602;0.008435167372226715;0.011055543087422848
0.909662663936615;0.011760731227695942;0.007357089314609766;0.010347635485231876
0.9076172113418579;0.010588159784674644;0.008000914938747883;0.010671187192201614
0.9048685431480408;0.009442837908864021;0.0100188497453928;0.010452325455844402
0.9037137031555176;0.009579247795045376;0.009566525928676128;0.009659289382398129
0.9054722189903259;0.00901029258966446;0.009846792556345463;0.01043720543384552
0.9045859575271606;0.009792657569050789;0.009544312953948975;0.011211289092898369
0.9047183990478516;0.008833350613713264;0.009438364766538143;0.012136085890233517
0.905007541179657;0.009493259713053703;0.010004490613937378;0.013343706727027893
0.9059934020042419;0.01092987135052681;0.008097958751022816;0.012475261464715004
0.9053646326065063;0.010431559756398201;0.008615711703896523;0.01032970380038023
0.9074172377586365;0.009441896341741085;0.006646434310823679;0.013523459434509277
0.9093940854072571;0.012327255681157112;0.008828437887132168;0.011622711084783077
0.9114978909492493;0.013178816996514797;0.009077084250748158;0.01109478808939457
0.9090595245361328;0.013040522113442421;0.011524227447807789;0.011798209510743618
0.9093478322029114;0.013845226727426052;0.012402631342411041;0.01066435407847166
0.9109969139099121;0.013973998837172985;0.00870457198470831;0.01481126993894577
0.9079523086547852;0.01189418788999319;0.008860301226377487;0.016751212999224663
0.9049906730651855;0.011639679782092571;0.01078738458454609;0.011910016648471355
0.908166229724884;0.011216320097446442;0.0067648738622665405;0.009496612474322319
0.9088810086250305;0.011792290024459362;0.009288953617215157;0.009367046877741814
0.9073598980903625;0.011989365331828594;0.009641684591770172;0.013702240772545338
0.908868134021759;0.012298722751438618;0.011239126324653625;0.015772592276334763
0.9105996489524841;0.011984605342149734;0.011836967431008816;0.015562760643661022
0.9100502133369446;0.01155515294522047;0.00866000261157751;0.01372770220041275
0.9103966951370239;0.011947667226195335;0.013314682058990002;0.012614019215106964
0.9111518859863281;0.01111671794205904;0.013334378600120544;0.01323841791599989
0.911249577999115;0.011874551884829998;0.013469156809151173;0.010077686980366707
0.9102053642272949;0.012013548985123634;0.012924238108098507;0.014621433801949024
0.9129504561424255;0.009359282441437244;0.012718342244625092;0.013405600562691689
0.9130197763442993;0.008694230578839779;0.010116619057953358;0.01520207803696394
0.9117499589920044;0.008638634346425533;0.009840418584644794;0.015512073412537575
0.9138893485069275;0.009371895343065262;0.009589098393917084;0.017770983278751373
0.9167746901512146;0.010450729168951511;0.010548986494541168;0.016592901200056076
0.9161645770072937;0.00932812038809061;0.008171314373612404;0.016677480190992355
0.9121676683425903;0.010065071284770966;0.009666197001934052;0.015290801413357258
0.9130967259407043;0.011693594045937061;0.009191934950649738;0.01527934055775404
0.911965548992157;0.011217466555535793;0.0071402848698198795;0.01664995402097702
0.9123299717903137;0.011353607289493084;0.011662403121590614;0.017906198278069496
0.9096019864082336;0.01110545452684164;0.011614467017352581;0.01637989655137062
0.9107086062431335;0.0107683464884758;0.010677272453904152;0.01824936643242836
0.9085938334465027;0.010494309477508068;0.010754205286502838;0.015388774685561657
0.9075234532356262;0.010827033780515194;0.011984572745859623;0.018474027514457703
0.9077879786491394;0.012960913591086864;0.012777924537658691;0.0183595921844244
0.9087465405464172;0.012304939329624176;0.011471531353890896;0.018330631777644157
0.9096363186836243;0.011454624123871326;0.0101770693436265;0.01308932900428772
0.9098753929138184;0.011146723292768002;0.009879614226520061;0.010020668618381023
0.9111132025718689;0.01032975222915411;0.00895144697278738;0.014299063943326473
0.9109029173851013;0.01075686514377594;0.006754124071449041;0.009509381838142872
0.9105011224746704;0.009974624030292034;0.0056688422337174416;0.010725438594818115
0.9085415005683899;0.010215266607701778;0.008879857137799263;0.009944220073521137
0.9083547592163086;0.007600565440952778;0.007504080887883902;0.012407166883349419
0.909092366695404;0.010036887601017952;0.009836694225668907;0.011762293986976147
0.9108949899673462;0.01056713704019785;0.014243426732718945;0.009756376035511494
0.9114238023757935;0.00993841327726841;0.010630573146045208;0.01065046340227127
0.9091973304748535;0.009587314911186695;0.007773951627314091;0.01625443436205387
0.9083051085472107;0.008064600639045238;0.008328837342560291;0.015680188313126564
0.9068359732627869;0.008329179137945175;0.008796453475952148;0.012923461385071278
0.9082736372947693;0.007558153476566076;0.008481336757540703;0.011376479640603065
0.909749448299408;0.00826923456043005;0.007556466851383448;0.012668037787079811
0.9108781218528748;0.008963951840996742;0.0080722002312541;0.010052633471786976
0.9112550616264343;0.010320699773728848;0.009257817640900612;0.012006799690425396
0.9122501611709595;0.009096963331103325;0.00898891594260931;0.015909908339381218
0.9138017892837524;0.010637394152581692;0.010062380693852901;0.012545573525130749
0.9160146713256836;0.011032517068088055;0.009343798272311687;0.010943791829049587
0.9157587885856628;0.010526699014008045;0.012597555294632912;0.014407326467335224
0.9156830906867981;0.00870158988982439;0.008261491544544697;0.01210982259362936
0.9150039553642273;0.010323170572519302;0.010867742821574211;0.00912466086447239
0.9154642224311829;0.009123311378061771;0.013111737556755543;0.011872084811329842
0.9170284271240234;0.008731993846595287;0.013021833263337612;0.011742576025426388
0.9182905554771423;0.009885468520224094;0.01023384090512991;0.013712230138480663
0.9169421195983887;0.008979487232863903;0.009519152343273163;0.015024703927338123
0.9191825985908508;0.009583945386111736;0.008099354803562164;0.011588613502681255
0.9216753840446472;0.010241888463497162;0.006899342872202396;0.011685107834637165
0.9214035272598267;0.009709094651043415;0.010863691568374634;0.015377938747406006
0.9219970703125;0.010242561809718609;0.00985573511570692;0.015519347973167896
0.9209742546081543;0.00844604428857565;0.005791845731437206;0.013381731696426868
0.9214665293693542;0.008382807485759258;0.00911277998238802;0.012805776670575142
0.9223451614379883;0.008400055579841137;0.010807155631482601;0.009361662901937962
0.9202980995178223;0.00793192908167839;0.009015648625791073;0.01157065387815237
0.9191409945487976;0.005956246983259916;0.009136401116847992;0.012285781092941761
0.9182935953140259;0.006819154601544142;0.009368591010570526;0.009337936528027058
0.9185389876365662;0.006342053413391113;0.010369905270636082;0.013385655358433723
0.9186415076255798;0.008291865698993206;0.010292001068592072;0.01224596705287695
0.917935848236084;0.008871592581272125;0.010557356290519238;0.008008102886378765
0.9182390570640564;0.008753462694585323;0.008885676972568035;0.009600293822586536
0.9182665944099426;0.006566879339516163;0.010176518000662327;0.012557175941765308
0.916748046875;0.006961829960346222;0.011869912967085838;0.010785766877233982
0.9177771806716919;0.007591891568154097;0.00828124862164259;0.011829114519059658
0.917874276638031;0.007474726531654596;0.00941838975995779;0.011580093763768673
0.9190357327461243;0.0081357192248106;0.010586715303361416;0.01027050893753767
0.9182247519493103;0.008856114000082016;0.011394926346838474;0.012012883089482784
0.92134028673172;0.009014906361699104;0.008293653838336468;0.012438437901437283
0.9188818335533142;0.008273687213659286;0.010336972773075104;0.010913888923823833
0.9196065068244934;0.008300978690385818;0.01236014999449253;0.010345940478146076
0.9191309213638306;0.007572074420750141;0.011984339915215969;0.012508541345596313
0.9222598075866699;0.0074042524211108685;0.013012552633881569;0.014329038560390472
0.9239358305931091;0.008186357095837593;0.011755411513149738;0.009859132580459118
0.9241811037063599;0.00737438490614295;0.012848633341491222;0.015000343322753906
0.9224295020103455;0.008161276578903198;0.014497779309749603;0.01722581498324871
0.9244852066040039;0.007691568229347467;0.01178781595081091;0.015145882964134216
0.9235014915466309;0.008333580568432808;0.013705565594136715;0.014039741829037666
0.9228544235229492;0.007466722279787064;0.01268015056848526;0.015023416839540005
0.9239696860313416;0.00795657467097044;0.008644756861031055;0.017579570412635803
0.9221548438072205;0.009081504307687283;0.008998156525194645;0.015144512057304382
0.924660861492157;0.008765792474150658;0.007090291474014521;0.01107946690171957
0.9263584017753601;0.009527171030640602;0.009774650447070599;0.01022703479975462
0.928747832775116;0.007437424268573523;0.0074692401103675365;0.010635601356625557
0.930118978023529;0.008387644775211811;0.007550486829131842;0.009034153074026108
0.9294714331626892;0.008204513229429722;0.009164738468825817;0.01206548698246479
0.9297575354576111;0.008039764128625393;0.010054104030132294;0.011777318082749844
0.9303186535835266;0.006538982968777418;0.009082535281777382;0.012201393023133278
0.9287285208702087;0.005930659826844931;0.010119264014065266;0.013333849608898163
