err_mean;err_cos1;err_cos2;err_cos3
0.9424840807914734;0.5363560318946838;0.42069536447525024;0.9856593012809753
0.7044328451156616;0.5344635844230652;0.054087378084659576;0.009624325670301914
0.6899599432945251;0.510995090007782;0.049103155732154846;0.014372378587722778
0.6828805804252625;0.48837810754776;0.04424428939819336;0.012089154683053493
0.6785998940467834;0.4663809835910797;0.03809935227036476;0.008436926640570164
0.675074577331543;0.44456249475479126;0.03297106921672821;0.009998483583331108
0.6718302369117737;0.4226502478122711;0.026797382161021233;0.011906915344297886
0.6663603186607361;0.4037080705165863;0.022417716681957245;0.014344895258545876
0.6675438284873962;0.3858453333377838;0.01938074640929699;0.011856271885335445
0.6634635925292969;0.3685716390609741;0.016321297734975815;0.014255630783736706
0.6618875861167908;0.3514900803565979;0.014705321751534939;0.011005043052136898
0.6594046950340271;0.33321335911750793;0.011676089838147163;0.014020683243870735
0.6597465872764587;0.3184435963630676;0.012357272207736969;0.010266649536788464
0.6571535468101501;0.3041302561759949;0.011008620262145996;0.012164163403213024
0.656195342540741;0.2900083661079407;0.011187790893018246;0.015508386306464672
0.6530287265777588;0.2755768597126007;0.010320340283215046;0.014056152664124966
0.6497678756713867;0.2614347040653229;0.010272691957652569;0.015923229977488518
0.6517565846443176;0.24870525300502777;0.011668190360069275;0.016536319628357887
0.6485623717308044;0.23690207302570343;0.011586998589336872;0.013103698380291462
0.6494013667106628;0.22543950378894806;0.007742032408714294;0.012574315071105957
0.6502652168273926;0.21545980870723724;0.008254753425717354;0.013846573419868946
0.6504399180412292;0.20396609604358673;0.007546526845544577;0.015995580703020096
0.6497005820274353;0.19563598930835724;0.010365904308855534;0.01607067696750164
0.6512182354927063;0.18583737313747406;0.009165733121335506;0.012247416190803051
0.6510655283927917;0.17633798718452454;0.010363622568547726;0.011963446624577045
0.6493794322013855;0.16461801528930664;0.010211221873760223;0.013781080022454262
0.6464746594429016;0.15516971051692963;0.007874893955886364;0.012404430657625198
0.647389829158783;0.14466993510723114;0.006571681704372168;0.013496262021362782
0.6470502614974976;0.13815060257911682;0.00503811240196228;0.01806454174220562
0.6465739607810974;0.13219694793224335;0.008100839331746101;0.01944616809487343
0.6451090574264526;0.1256474107503891;0.008623439818620682;0.015275615267455578
0.6480075716972351;0.11760711669921875;0.009297882206737995;0.01477872021496296
0.6473789215087891;0.11058767884969711;0.007593367248773575;0.014449173584580421
0.6470653414726257;0.10614284127950668;0.009752579033374786;0.012986100278794765
0.6471167206764221;0.10025031864643097;0.01079088356345892;0.012876386754214764
0.6431840658187866;0.09443949908018112;0.00938106793910265;0.010297330096364021
0.6416659355163574;0.08852747827768326;0.007936874404549599;0.008312532678246498
0.6429755091667175;0.08402592688798904;0.007329293992370367;0.011157705448567867
0.6443942785263062;0.07993324100971222;0.009016432799398899;0.010213739238679409
0.6447843909263611;0.07492075860500336;0.01292809285223484;0.01343575306236744
0.6441499590873718;0.06939322501420975;0.01113139744848013;0.01576087810099125
0.642985463142395;0.06550341099500656;0.01326241809874773;0.012298453599214554
0.6447712182998657;0.062279026955366135;0.012650206685066223;0.013873109593987465
0.6438573002815247;0.05908047780394554;0.018724126741290092;0.016460081562399864
0.6452043056488037;0.055868446826934814;0.018267789855599403;0.01681837998330593
0.6429600119590759;0.051996003836393356;0.016682475805282593;0.014457683078944683
0.6434771418571472;0.05007977411150932;0.012471415102481842;0.017007816582918167
0.6438295245170593;0.04725310951471329;0.014610868878662586;0.016343235969543457
0.642804741859436;0.04486585408449173;0.012340896762907505;0.008512436412274837
0.6418167352676392;0.04294595122337341;0.013462329283356667;0.011792466044425964
0.6410290598869324;0.04059631749987602;0.013853085227310658;0.01597692258656025
0.6400848627090454;0.037438903003931046;0.013895466923713684;0.015252351760864258
0.6405887603759766;0.035974856466054916;0.014546245336532593;0.014115777797996998
0.6420413255691528;0.03334498405456543;0.0119175985455513;0.014857694506645203
0.6402989625930786;0.03093407116830349;0.012002736330032349;0.013080621138215065
0.6422764658927917;0.029619455337524414;0.0119377002120018;0.014306137338280678
0.6409415006637573;0.025939812883734703;0.011924266815185547;0.012128734029829502
0.6411691308021545;0.024571456015110016;0.013489395380020142;0.012688997201621532
0.6405279040336609;0.022227466106414795;0.011718998663127422;0.010776950977742672
0.640741765499115;0.021639689803123474;0.010723292827606201;0.011259571649134159
0.6410306096076965;0.01911301724612713;0.011218864470720291;0.011750742793083191
0.6400970816612244;0.017484208568930626;0.01377897895872593;0.011417767964303493
0.64081209897995;0.01672956719994545;0.012812172062695026;0.013169593177735806
0.6375848054885864;0.01600402593612671;0.013556142337620258;0.018106741830706596
0.6382543444633484;0.016675902530550957;0.016261190176010132;0.01591581106185913
0.63724684715271;0.015955686569213867;0.015401867218315601;0.015632010996341705
0.6392083168029785;0.015682309865951538;0.014216035604476929;0.015553796663880348
0.6396699547767639;0.01516367495059967;0.00943640898913145;0.014765359461307526
0.639796793460846;0.017277544364333153;0.010007182136178017;0.0147084416821599
0.639032244682312;0.01593228243291378;0.010739481076598167;0.015884889289736748
0.63818359375;0.01662278175354004;0.013482409529387951;0.01406093593686819
0.6387313008308411;0.014428309164941311;0.008428627625107765;0.018966013565659523
0.6395235061645508;0.014813031069934368;0.010156995616853237;0.013363045640289783
0.6379663348197937;0.014022769406437874;0.009899451397359371;0.013151285238564014
0.6384662985801697;0.013201105408370495;0.0088412556797266;0.011017723940312862
0.6402038931846619;0.012370610609650612;0.010892721824347973;0.010791197419166565
0.6401785016059875;0.012601553462445736;0.011191224679350853;0.019934291020035744
0.6400899887084961;0.01373667549341917;0.008763710968196392;0.020961707457900047
0.6361240744590759;0.01234943326562643;0.010357665829360485;0.017512165009975433
0.6347495913505554;0.01266030129045248;0.013266284950077534;0.01593003235757351
0.6355698704719543;0.012248446233570576;0.01270777452737093;0.013613276183605194
0.6353915333747864;0.011784526519477367;0.012465025298297405;0.014175628311932087
0.6372265815734863;0.012381773442029953;0.011143293231725693;0.014255550689995289
0.6363306045532227;0.01192911434918642;0.012505948543548584;0.014752020128071308
0.6364250183105469;0.012600983493030071;0.009602384641766548;0.013092166744172573
0.6347874999046326;0.011137258261442184;0.009330729953944683;0.011518966406583786
0.6393394470214844;0.009822452440857887;0.007355858571827412;0.01395608764141798
0.6394778490066528;0.007752372417598963;0.0050721606239676476;0.011280789971351624
0.6383373737335205;0.006709872279316187;0.008211535401642323;0.011414088308811188
0.6383616924285889;0.007484573405236006;0.01154358685016632;0.011198263615369797
0.641605794429779;0.008346839807927608;0.010786689817905426;0.018049482256174088
0.6399422287940979;0.007810685783624649;0.011008826084434986;0.015079866163432598
0.6403078436851501;0.008034429512917995;0.01046503335237503;0.007966908626258373
0.6430630683898926;0.00913900788873434;0.011380567215383053;0.011841507628560066
0.6418167352676392;0.009719244204461575;0.008268984034657478;0.013788402080535889
0.6408138275146484;0.011245100758969784;0.009464635513722897;0.013812254182994366
0.6417981386184692;0.011041736230254173;0.0108494833111763;0.013820329681038857
0.6434620022773743;0.009804745204746723;0.009667775593698025;0.014362945221364498
0.6455640196800232;0.009068026207387447;0.011786261573433876;0.012336187064647675
0.6455410122871399;0.00890458095818758;0.013972637243568897;0.014462674036622047
0.6469358205795288;0.007446725852787495;0.011827818118035793;0.009528103284537792
0.6479069590568542;0.007185270078480244;0.013122699223458767;0.014865666627883911
0.6488255262374878;0.006951154209673405;0.015322725288569927;0.012431963346898556
0.6501922011375427;0.0054429988376796246;0.014835337176918983;0.011537819169461727
0.6475592851638794;0.006324771326035261;0.012028536759316921;0.01808777078986168
0.6487197279930115;0.007494003511965275;0.012128439731895924;0.01863420382142067
0.6480412483215332;0.007690909784287214;0.010589866898953915;0.01639297604560852
0.6491686701774597;0.007931741885840893;0.0072604077868163586;0.01761314831674099
0.6504192352294922;0.008029866963624954;0.008818748407065868;0.013338148593902588
0.6503975987434387;0.008997208438813686;0.011089659295976162;0.014309030957520008
0.6490299701690674;0.009420829825103283;0.009938159957528114;0.014112201519310474
0.6473046541213989;0.009002241306006908;0.007689637131989002;0.01411440223455429
0.6465235352516174;0.00979742780327797;0.008285509422421455;0.014883938245475292
0.6475331783294678;0.010211181826889515;0.008103057742118835;0.022150037810206413
0.647408664226532;0.011395001783967018;0.011149937286973;0.012683549895882607
0.6467099189758301;0.011807011440396309;0.011931213550269604;0.015440406277775764
0.6496207118034363;0.011533437296748161;0.015190507285296917;0.011741852387785912
0.6523200273513794;0.012306704185903072;0.014979931525886059;0.009711861610412598
0.6491160988807678;0.013182339258491993;0.017368247732520103;0.010942856781184673
0.6481042504310608;0.014155812561511993;0.01461836975067854;0.012516679242253304
0.6464022994041443;0.012890318408608437;0.0135301873087883;0.012986189685761929
0.6453871726989746;0.01340120192617178;0.01659325696527958;0.01195104792714119
0.6451011896133423;0.013935468159615993;0.017538515850901604;0.012832710519433022
0.6470998525619507;0.01388137973845005;0.015541288070380688;0.013892719522118568
0.6482635736465454;0.01277241762727499;0.014316576533019543;0.01176016591489315
0.6477521061897278;0.011614113114774227;0.011676750145852566;0.01385034155100584
0.6468666791915894;0.010385185480117798;0.013765375129878521;0.013858461752533913
0.6433448195457458;0.013431990519165993;0.012908056378364563;0.012347724288702011
0.6394419074058533;0.012899259105324745;0.014033210463821888;0.00741970119997859
0.6412517428398132;0.012553892098367214;0.011188596487045288;0.007071085274219513
0.6442479491233826;0.013392150402069092;0.011173859238624573;0.012671398930251598
0.6446463465690613;0.013241933658719063;0.011578486301004887;0.012419319711625576
0.6437021493911743;0.011766183190047741;0.009906974621117115;0.015094021335244179
0.6417301893234253;0.011227070353925228;0.009864184074103832;0.016299039125442505
0.6435791850090027;0.01177815068513155;0.011000837199389935;0.015673741698265076
0.6439313292503357;0.012206084094941616;0.009076136164367199;0.013216483406722546
0.6434586644172668;0.011757710948586464;0.012115969322621822;0.01206615474075079
0.6428714394569397;0.009488116018474102;0.012252758257091045;0.010575106367468834
0.6423046588897705;0.009429647587239742;0.010953766293823719;0.014500397257506847
0.6431966423988342;0.010259535163640976;0.008411291055381298;0.013646766543388367
0.6436304450035095;0.009227133356034756;0.010740034282207489;0.011333579197525978
0.6434502005577087;0.00897829420864582;0.010750518180429935;0.013035277836024761
0.6421640515327454;0.009360896423459053;0.010731509886682034;0.010580523870885372
0.6419451832771301;0.010561976581811905;0.013689915649592876;0.013184684328734875
0.6405367851257324;0.01073679979890585;0.012975424528121948;0.012291774153709412
0.6416394114494324;0.010600664652884007;0.010747989639639854;0.011565384455025196
0.6390572786331177;0.008390212431550026;0.008454175665974617;0.012720945291221142
0.6405758857727051;0.009036028757691383;0.00886367168277502;0.010524007491767406
0.6409299373626709;0.00966747384518385;0.007042230106890202;0.011555030010640621
0.6408672332763672;0.008721495047211647;0.008078455924987793;0.011998032219707966
0.6395718455314636;0.008319413289427757;0.009790631011128426;0.015330147929489613
0.6408072710037231;0.009238677099347115;0.011972933076322079;0.01805470697581768
0.6417557597160339;0.008889821358025074;0.011448072269558907;0.014729300513863564
0.6423797011375427;0.00888046808540821;0.010732640512287617;0.015413057990372181
0.6405286192893982;0.009140604175627232;0.010219505988061428;0.011071480810642242
0.6419015526771545;0.00890745222568512;0.00974837876856327;0.01133467722684145
0.6437293887138367;0.010566393844783306;0.012191803194582462;0.01146275270730257
0.6422489285469055;0.009812613017857075;0.012476134113967419;0.010784790851175785
0.6415014266967773;0.009154974482953548;0.011763219721615314;0.012640276923775673
0.6419259309768677;0.010064770467579365;0.012006956152617931;0.014695812948048115
0.6433069705963135;0.010317828506231308;0.010022975504398346;0.013272300362586975
0.6430878043174744;0.011542120948433876;0.008971954695880413;0.013692130334675312
0.6423709988594055;0.012073950842022896;0.01070922426879406;0.013058028183877468
0.6434836983680725;0.011615315452218056;0.008700651116669178;0.009718944318592548
0.6442813277244568;0.01317701954394579;0.008356175385415554;0.014858144335448742
0.6461691856384277;0.011740529909729958;0.010953867807984352;0.017183586955070496
0.6476331949234009;0.010872541926801205;0.009052654728293419;0.012556229718029499
0.6487489342689514;0.00967835821211338;0.007443150971084833;0.010177232325077057
0.6519681215286255;0.012326710857450962;0.009260478429496288;0.012436826713383198
0.6495072245597839;0.011776118539273739;0.01061549037694931;0.013134184293448925
0.6501253843307495;0.011967918835580349;0.012171058915555477;0.015407942235469818
0.6488965153694153;0.012183002196252346;0.010093700140714645;0.011178904213011265
0.64935702085495;0.011456119827926159;0.010576835833489895;0.014658721163868904
0.6490553021430969;0.009131965227425098;0.009258813224732876;0.011839527636766434
0.6506612300872803;0.010265394113957882;0.010509985499083996;0.014323323965072632
0.6489148139953613;0.011280608363449574;0.011478868313133717;0.016656657680869102
0.6488010287284851;0.010304532945156097;0.010152267292141914;0.014617872424423695
0.649516761302948;0.010595431551337242;0.014320013113319874;0.013008542358875275
0.6480898261070251;0.011181341484189034;0.014152836985886097;0.012339569628238678
0.6465234160423279;0.010599831119179726;0.013867328874766827;0.01259669940918684
0.6454826593399048;0.011713750660419464;0.013758093118667603;0.012713789008557796
0.6457028388977051;0.01255826372653246;0.015734944492578506;0.014592966996133327
0.6480116248130798;0.013200774788856506;0.013345695100724697;0.0159747414290905
0.648866593837738;0.010810117237269878;0.011094111017882824;0.016690362244844437
0.6501806378364563;0.011742852628231049;0.013274230062961578;0.01916571892797947
0.6500711441040039;0.01168243307620287;0.016795407980680466;0.01827547512948513
0.6505551338195801;0.011885044164955616;0.01252263505011797;0.01861119456589222
0.6483011841773987;0.01095761638134718;0.012348532676696777;0.014390841126441956
0.6494070291519165;0.010549074038863182;0.01242899801582098;0.009949840605258942
0.6501488089561462;0.011172632686793804;0.013257569633424282;0.013925905339419842
0.6471714973449707;0.010756226256489754;0.014749094843864441;0.01140143908560276
0.6460517048835754;0.0107343140989542;0.014809242449700832;0.010709053836762905
0.6462457776069641;0.00969711784273386;0.012388203293085098;0.01136066485196352
0.6457208395004272;0.01041864138096571;0.014264260418713093;0.010923250578343868
0.6466886401176453;0.00990538951009512;0.012511062435805798;0.010934906080365181
0.6496409773826599;0.009814104996621609;0.011790605261921883;0.015991538763046265
0.6519679427146912;0.008282444439828396;0.015905143693089485;0.011590255424380302
0.6524391174316406;0.008686195127665997;0.013371479697525501;0.013075137510895729
0.654923677444458;0.009292206726968288;0.014575581066310406;0.013770612888038158
0.6511751413345337;0.010045180097222328;0.012711885385215282;0.015098568983376026
0.6510953307151794;0.010626583360135555;0.01372141856700182;0.012421431951224804
0.652409017086029;0.012531982734799385;0.014119778759777546;0.01047712191939354
0.6531779766082764;0.011370175518095493;0.013562201522290707;0.01047408115118742
0.6533541083335876;0.011196187697350979;0.013476274907588959;0.012401488609611988
0.652279794216156;0.012055492959916592;0.010900485329329967;0.014046795666217804
0.6524007320404053;0.010035226121544838;0.007474598474800587;0.014061304740607738
0.6511010527610779;0.011374239809811115;0.008654397912323475;0.012266015633940697
0.648730456829071;0.01039930060505867;0.010868889279663563;0.015417841263115406
0.6503627300262451;0.009617730043828487;0.00909446645528078;0.0120678236708045
0.6491840481758118;0.007863077335059643;0.005745749920606613;0.015103272162377834
0.6495424509048462;0.008373732678592205;0.00686106039211154;0.016367843374609947
0.6488608121871948;0.007606166880577803;0.009798889979720116;0.012782658450305462
0.6471912264823914;0.00879091676324606;0.007897349074482918;0.019525110721588135
0.6470428705215454;0.00802581012248993;0.007385872304439545;0.013490989804267883
0.6471791863441467;0.009355979040265083;0.0072207520715892315;0.013165123760700226
0.6493474245071411;0.007792531047016382;0.01087828166782856;0.009526985697448254
0.6469671130180359;0.010120445862412453;0.013274649158120155;0.01052833255380392
0.6468451619148254;0.011267580091953278;0.011187146417796612;0.016479168087244034
0.6469406485557556;0.011736351065337658;0.012496721930801868;0.01535901427268982
0.6445272564888;0.012055960483849049;0.014975053258240223;0.014007440768182278
0.6433700919151306;0.010799487121403217;0.011919296346604824;0.01385889109224081
0.6439008712768555;0.01263132132589817;0.009464911185204983;0.015549167059361935
0.6439657211303711;0.009594609029591084;0.009736516512930393;0.012350337579846382
0.6441550254821777;0.009236284531652927;0.007506737019866705;0.009901617653667927
0.6449671983718872;0.009389466606080532;0.008408780209720135;0.012551081366837025
0.644373893737793;0.008554941043257713;0.011402579955756664;0.012016366235911846
0.6462740898132324;0.00901814829558134;0.012119635008275509;0.009507128968834877
0.6488925218582153;0.007528017740696669;0.009922823868691921;0.010489586740732193
0.6482067108154297;0.007233455311506987;0.009339792653918266;0.012808662839233875
0.6463598608970642;0.00702357292175293;0.010846310295164585;0.01310769934207201
0.6462337970733643;0.007171926088631153;0.013440090231597424;0.012692267075181007
0.6469611525535583;0.00710252532735467;0.01343635655939579;0.012961196713149548
0.6473435759544373;0.007645811419934034;0.012555706314742565;0.009900795295834541
0.6467722058296204;0.009197424165904522;0.014087838120758533;0.009685280732810497
0.6452032923698425;0.010004984214901924;0.012926234863698483;0.012278273701667786
0.6411066055297852;0.010604523122310638;0.012586712837219238;0.013240893371403217
0.6409458518028259;0.008879456669092178;0.013825071044266224;0.01506070513278246
0.6406356692314148;0.009017392992973328;0.013164606876671314;0.012230887077748775
0.6423051953315735;0.008860225789248943;0.014503669925034046;0.014338902197778225
0.6433616876602173;0.008725244551897049;0.012928676791489124;0.01296196598559618
0.6388428211212158;0.008412085473537445;0.010731949470937252;0.014172245748341084
0.6394698023796082;0.009044807404279709;0.013004462234675884;0.013420474715530872
0.6401742696762085;0.010360724292695522;0.012826696038246155;0.012128769420087337
0.6397081613540649;0.008481137454509735;0.011976907029747963;0.016532588750123978
0.6409991383552551;0.008179143071174622;0.011960427276790142;0.015225613489747047
0.6387977004051208;0.00820815097540617;0.00988449901342392;0.013647402636706829
0.6372560262680054;0.009269792586565018;0.011402263306081295;0.013848896138370037
0.6356374621391296;0.010499118827283382;0.01219941210001707;0.014310106635093689
0.6318577527999878;0.009278508834540844;0.01473780907690525;0.012289859354496002
0.6298964619636536;0.0097180912271142;0.010183497332036495;0.01451136451214552
0.6299354434013367;0.00818269606679678;0.011164584197103977;0.014649860560894012
0.6292539238929749;0.006799229886382818;0.009191335178911686;0.016248343512415886
0.6294233202934265;0.008684271946549416;0.010028518736362457;0.013113240711390972
0.6276293992996216;0.010965034365653992;0.010259625501930714;0.014947637915611267
0.6276732683181763;0.010732698254287243;0.014197724871337414;0.010910166427493095
0.6296700239181519;0.01161174662411213;0.016502855345606804;0.00957387313246727
0.629696786403656;0.01203367579728365;0.013375058770179749;0.013214372098445892
0.6306239366531372;0.012357442639768124;0.011343521066009998;0.012489414773881435
0.6330037117004395;0.014600910246372223;0.009020392782986164;0.01043979823589325
0.6315452456474304;0.014169067144393921;0.008551481179893017;0.009152339771389961
0.6326099634170532;0.014158383011817932;0.009948106482625008;0.012472916394472122
0.632344663143158;0.014528843574225903;0.012124652974307537;0.013138470239937305
0.6341673731803894;0.01628020592033863;0.011096636764705181;0.012299524620175362
0.6335381865501404;0.016688400879502296;0.012170565314590931;0.013510438613593578
0.6302177309989929;0.016016757115721703;0.014644552953541279;0.015515998005867004
0.6284011006355286;0.016636434942483902;0.013360867276787758;0.0144736273214221
0.62729811668396;0.015295944176614285;0.01531896274536848;0.013732075691223145
0.6263098120689392;0.015766210854053497;0.016504472121596336;0.014776433818042278
0.6256727576255798;0.018447846174240112;0.016819309443235397;0.011803575791418552
0.6259610056877136;0.0181534793227911;0.013728088699281216;0.012099838815629482
0.6246296763420105;0.01871800795197487;0.013865500688552856;0.012283633463084698
0.6232090592384338;0.018036408349871635;0.01374546904116869;0.01282536517828703
0.6236985325813293;0.01718013361096382;0.010636158287525177;0.012824214063584805
0.624057412147522;0.017288614064455032;0.012250392697751522;0.0163747426122427
0.6230065226554871;0.016158385202288628;0.010548845864832401;0.015983987599611282
0.621712863445282;0.016086159273982048;0.011733636260032654;0.015642760321497917
0.6217219233512878;0.01539390068501234;0.008754800073802471;0.014896678738296032
0.6185658574104309;0.015123406425118446;0.00924350693821907;0.008842169307172298
0.6181319952011108;0.015423163771629333;0.01034393347799778;0.012921157293021679
0.617156445980072;0.014597930014133453;0.010605386458337307;0.013077004812657833
0.6178004741668701;0.01631862483918667;0.009268891997635365;0.01150851882994175
0.6166979670524597;0.01590055786073208;0.009867706336081028;0.010005641728639603
0.6162087321281433;0.01577594317495823;0.009997410699725151;0.013821074739098549
0.6149736642837524;0.014279569499194622;0.007019361946731806;0.013947764411568642
0.6140179634094238;0.011716551147401333;0.009988468140363693;0.013865763321518898
0.6135149598121643;0.012497581541538239;0.009929771535098553;0.016038868576288223
0.6137753129005432;0.011831900104880333;0.008744724094867706;0.017023058608174324
0.6142959594726562;0.012136741541326046;0.012624544091522694;0.01598762534558773
0.614101231098175;0.012686753645539284;0.013027173466980457;0.013639717362821102
0.612952709197998;0.012383857741951942;0.015394272282719612;0.015785440802574158
0.614358127117157;0.011565391905605793;0.01638874225318432;0.009860041551291943
0.6157001852989197;0.009745609015226364;0.018114015460014343;0.0127126295119524
0.6150345206260681;0.011736857704818249;0.013052180409431458;0.012547551654279232
0.617731511592865;0.01234416663646698;0.010999249294400215;0.014905515126883984
0.6178070902824402;0.012995371595025063;0.012846918776631355;0.0155074093490839
0.618137776851654;0.00970142986625433;0.012684292159974575;0.012901640497148037
0.617871880531311;0.00994893629103899;0.015332728624343872;0.012592068873345852
0.6167246699333191;0.00882038939744234;0.012660055421292782;0.010849427431821823
0.6176437735557556;0.010114996694028378;0.011456268839538097;0.013630610890686512
0.6188480854034424;0.009980163536965847;0.012377191334962845;0.015979934483766556
0.6190769672393799;0.009443025104701519;0.012408232316374779;0.014683792367577553
0.6230930089950562;0.00877472572028637;0.010825335048139095;0.010176220908761024
0.6263219714164734;0.009267491288483143;0.012210131622850895;0.013399246148765087
0.6263625025749207;0.00729785580188036;0.012519598007202148;0.013377553783357143
0.6264282464981079;0.006721366196870804;0.015074719674885273;0.00940464437007904
0.6253844499588013;0.00731460377573967;0.012982037849724293;0.010546808131039143
0.6274738311767578;0.007552677299827337;0.012636743485927582;0.01017498504370451
0.627759575843811;0.01049266941845417;0.00867802370339632;0.013792822137475014
0.6297582387924194;0.008724565617740154;0.005744961556047201;0.009823870845139027
0.6288257837295532;0.008046011440455914;0.010330025106668472;0.011219970881938934
0.6284887194633484;0.008656734600663185;0.009023859165608883;0.011264870874583721
0.6299344301223755;0.00837648194283247;0.009717677719891071;0.011666162870824337
0.6316195130348206;0.006777411792427301;0.00960548222064972;0.009414760395884514
0.6295140981674194;0.005888611078262329;0.009590367786586285;0.009691053070127964
0.6299834251403809;0.007217337843030691;0.010954365134239197;0.012229724787175655
0.6270433664321899;0.008000834845006466;0.013311301358044147;0.00903155654668808
0.6244611144065857;0.00934186577796936;0.011659272015094757;0.007513938006013632
0.6292275190353394;0.00831250473856926;0.010204373858869076;0.010801481083035469
0.6303407549858093;0.009167823009192944;0.012446745298802853;0.010853025130927563
0.6304245591163635;0.010895793326199055;0.01117332186549902;0.014897591434419155
0.6319307088851929;0.008920441381633282;0.011097400449216366;0.012590874917805195
0.6324328780174255;0.009178158827126026;0.009898984804749489;0.017624005675315857
0.6333361268043518;0.008017978630959988;0.009037191979587078;0.012447637505829334
0.6348940134048462;0.0074750096537172794;0.007710069417953491;0.01766592264175415
0.6354792714118958;0.008039872162044048;0.008932349272072315;0.013924327678978443
0.6355916261672974;0.008897977881133556;0.012438276782631874;0.009372927248477936
0.63458651304245;0.010122976265847683;0.013796399347484112;0.010801978409290314
0.6331502795219421;0.009694810956716537;0.017017437145113945;0.009907483123242855
0.6334440112113953;0.010328791104257107;0.017281508073210716;0.01067518163472414
0.6339282393455505;0.010699720121920109;0.016840457916259766;0.011592045426368713
0.6335557103157043;0.010686340741813183;0.01646660640835762;0.007808607071638107
0.6350685358047485;0.010276523418724537;0.016377883031964302;0.009417995810508728
0.6347252130508423;0.009197801351547241;0.017131110653281212;0.012910135090351105
0.6372048258781433;0.009128284640610218;0.011215874925255775;0.010544419288635254
0.6386836767196655;0.00704574678093195;0.010275343433022499;0.014833410270512104
0.6393960118293762;0.0071564363315701485;0.012834757566452026;0.012740609236061573
0.6403043270111084;0.008730514906346798;0.012026099488139153;0.013105186633765697
0.6392380595207214;0.01011140551418066;0.011192290112376213;0.013109487481415272
0.6414682865142822;0.009567441418766975;0.009908804669976234;0.011934289708733559
0.6419610977172852;0.011586317792534828;0.010546812787652016;0.012122325599193573
0.6418906450271606;0.01046085823327303;0.01129825133830309;0.009870878420770168
0.6405842900276184;0.009512391872704029;0.012785290367901325;0.013189944438636303
0.6412526965141296;0.011617489159107208;0.011804780922830105;0.010341034270823002
0.6372656226158142;0.0127607686445117;0.013295075856149197;0.01708894968032837
0.6354109048843384;0.01297940593212843;0.012684076093137264;0.01644333451986313
0.6339926719665527;0.013456775806844234;0.011776769533753395;0.01763985864818096
0.6355604529380798;0.013382608070969582;0.01102161593735218;0.014516335912048817
0.6361797451972961;0.012684637680649757;0.011953331530094147;0.011167212389409542
0.6341075897216797;0.012187362648546696;0.012084128335118294;0.0154045969247818
0.6340767741203308;0.012692726217210293;0.009506073780357838;0.015416435897350311
0.634159505367279;0.012157135643064976;0.009566133841872215;0.01373568456619978
0.6325942873954773;0.011920436285436153;0.006613768171519041;0.010716930963099003
0.6305482983589172;0.0131739666685462;0.009461389854550362;0.013363939709961414
0.6315998435020447;0.01250460185110569;0.008746214210987091;0.012777450494468212
0.6355716586112976;0.01339789666235447;0.009968922473490238;0.011136728338897228
0.6349162459373474;0.013701050542294979;0.009409153833985329;0.013915148563683033
0.6340445876121521;0.012524619698524475;0.011227970942854881;0.015796395018696785
0.6360032558441162;0.01113882102072239;0.010593998245894909;0.018334031105041504
0.6369206309318542;0.012219458818435669;0.011022227816283703;0.017424944788217545
0.6370896697044373;0.013291536830365658;0.009370860643684864;0.011684472672641277
0.6373306512832642;0.013511930592358112;0.009850372560322285;0.013911559246480465
0.6384752988815308;0.012804657220840454;0.011222450993955135;0.013430592603981495
0.6399987936019897;0.011917944066226482;0.011547408066689968;0.0126709109172225
0.6393054723739624;0.012359179556369781;0.008811268024146557;0.014725254848599434
0.6387920379638672;0.013141711242496967;0.010823932476341724;0.011731425300240517
0.6369832754135132;0.011456537991762161;0.007715872023254633;0.013775411061942577
0.6359049677848816;0.012660420499742031;0.010089978575706482;0.012812832370400429
0.640185534954071;0.012903094291687012;0.007371255196630955;0.01612800359725952
0.6412883996963501;0.012864023447036743;0.006960780825465918;0.016504768282175064
0.6417173743247986;0.012725315988063812;0.008459310978651047;0.00911380909383297
0.6438210606575012;0.013129952363669872;0.010405941866338253;0.014323840849101543
0.6427007913589478;0.012161760590970516;0.00986506324261427;0.012724953703582287
0.6398186087608337;0.013725521042943;0.008531560190021992;0.01119709201157093
0.6373793482780457;0.01198326051235199;0.009418720379471779;0.01258898712694645
0.6372014284133911;0.010625733062624931;0.008832299150526524;0.014378460124135017
0.6389304399490356;0.0113260168582201;0.007364517543464899;0.011217214167118073
0.6391751170158386;0.012232736684381962;0.005025490652769804;0.011206481605768204
0.6387587785720825;0.011776285246014595;0.008072689175605774;0.012549084611237049
0.6370032429695129;0.010657979175448418;0.010271076112985611;0.009497713297605515
0.6389951705932617;0.011166825890541077;0.007769449148327112;0.011871928349137306
0.6340512037277222;0.010778761468827724;0.01214640960097313;0.01088187750428915
0.6334391832351685;0.009555737487971783;0.009554856456816196;0.014965838752686977
0.6330973505973816;0.009338716976344585;0.010711774230003357;0.012622902169823647
0.6321532726287842;0.008347110822796822;0.009900329634547234;0.01247213501483202
0.6315249800682068;0.008995234034955502;0.0093650221824646;0.011524343863129616
0.6324899792671204;0.009029519744217396;0.010098087601363659;0.012248597107827663
0.6314172744750977;0.0102549372240901;0.01058951672166586;0.011111951433122158
0.6292308568954468;0.009838707745075226;0.011892074719071388;0.011335698887705803
0.6286191344261169;0.007898925803601742;0.012869663536548615;0.01662721298635006
0.629386842250824;0.009351597167551517;0.01306197326630354;0.011006057262420654
0.6264545321464539;0.00957812275737524;0.009343807585537434;0.010400536470115185
0.629473865032196;0.010576064698398113;0.009323435835540295;0.015329835005104542
0.632020115852356;0.009580292738974094;0.009734035469591618;0.014660455286502838
0.6313919425010681;0.011113012209534645;0.011601435020565987;0.007759262807667255
0.6291391253471375;0.010173466987907887;0.01238537859171629;0.014002020470798016
0.6294617056846619;0.011009423062205315;0.009049402549862862;0.015057447366416454
0.6311938166618347;0.008013436570763588;0.009484675712883472;0.014594621025025845
0.6286458969116211;0.008149980567395687;0.010044148191809654;0.018018683418631554
0.6263084411621094;0.006326562259346247;0.008650796487927437;0.018768807873129845
0.6246408820152283;0.006462406367063522;0.008320766501128674;0.011901766061782837
0.6242497563362122;0.006569542922079563;0.00836898386478424;0.011133396066725254
0.6226849555969238;0.005700275767594576;0.009218658320605755;0.012098896317183971
0.6213755011558533;0.00546213099732995;0.00725742569193244;0.013201798312366009
0.6198192834854126;0.0059960028156638145;0.009279660880565643;0.015183416195213795
0.620323121547699;0.004927828907966614;0.009929564781486988;0.012944263406097889
0.6223035454750061;0.0060834200121462345;0.007500602398067713;0.01071031391620636
0.6197992563247681;0.006244772579520941;0.00904025137424469;0.015905914828181267
0.6221645474433899;0.007480652537196875;0.008270137943327427;0.013282978907227516
0.6201730966567993;0.007462523877620697;0.010723975487053394;0.015348443761467934
0.6213105916976929;0.007200701627880335;0.010816987603902817;0.01751115918159485
0.6233308911323547;0.008135966025292873;0.012495427392423153;0.01753687672317028
0.624061644077301;0.01081181038171053;0.013437303714454174;0.010087335482239723
0.6233270764350891;0.011291539296507835;0.011428993195295334;0.013049664907157421
0.6261923909187317;0.009493025951087475;0.01020650565624237;0.011585153639316559
0.6221349835395813;0.010869419202208519;0.00800406001508236;0.017343327403068542
0.6203935742378235;0.010448245331645012;0.008845272473990917;0.014349608682096004
0.6209602355957031;0.007984387688338757;0.008980240672826767;0.013821681030094624
0.6200542449951172;0.010098288767039776;0.012604315765202045;0.015049937181174755
0.6190239191055298;0.00917365588247776;0.014150750823318958;0.015850603580474854
0.6183627843856812;0.009065244346857071;0.015033221803605556;0.013755056075751781
0.6194790005683899;0.008905471302568913;0.01343599148094654;0.014953467063605785
0.6232848167419434;0.010358713567256927;0.015574522316455841;0.013993978500366211
0.6254491209983826;0.009312605485320091;0.01286832895129919;0.013892421498894691
0.625205934047699;0.006760905962437391;0.01080416701734066;0.015480118803679943
0.6240952014923096;0.0081380819901824;0.008371459320187569;0.011366733349859715
0.6244970560073853;0.009216438978910446;0.011134388856589794;0.013618319295346737
0.624964714050293;0.010820706374943256;0.012095736339688301;0.017200076952576637
0.6237218379974365;0.009814667515456676;0.012412062846124172;0.015607190318405628
0.6244115829467773;0.009682509116828442;0.012048818171024323;0.017297863960266113
0.6251153945922852;0.009241406805813313;0.009948927909135818;0.014632408507168293
0.6263195872306824;0.009471140801906586;0.009709338657557964;0.013974807225167751
0.6257838606834412;0.009499792940914631;0.012256487272679806;0.015595226548612118
0.6288341283798218;0.00945642963051796;0.012254691682755947;0.016527453437447548
0.6292529106140137;0.007975997403264046;0.009492768906056881;0.014390029013156891
0.6300292015075684;0.008733020164072514;0.009503399021923542;0.01392363477498293
0.6290587782859802;0.009441579692065716;0.011399488896131516;0.017712129279971123
0.6267814040184021;0.008306412026286125;0.01160779781639576;0.016193414106965065
0.6283921003341675;0.008681709878146648;0.013865629211068153;0.01424041111022234
0.627733588218689;0.009758389554917812;0.014037417247891426;0.011575184762477875
0.6259263157844543;0.009595776908099651;0.011432028375566006;0.01039555761963129
0.6240482926368713;0.008471156470477581;0.011893239803612232;0.010286778211593628
0.6225341558456421;0.006830710452049971;0.013063261285424232;0.013754812069237232
0.6224964261054993;0.007266778498888016;0.010711134411394596;0.02080090157687664
0.6224179267883301;0.007875929586589336;0.011611650697886944;0.016779368743300438
0.6234845519065857;0.008650999516248703;0.011741125956177711;0.01653345301747322
0.6235265135765076;0.009690862149000168;0.01350185927003622;0.01587914489209652
0.6250216364860535;0.008188462816178799;0.008427551947534084;0.01610719971358776
0.6241801381111145;0.009209389798343182;0.009767717681825161;0.01788906380534172
0.6252226829528809;0.009018117561936378;0.0065495469607412815;0.013205106370151043
0.62449049949646;0.009723042137920856;0.01045153196901083;0.01054442673921585
0.6225275993347168;0.008951974101364613;0.012857809662818909;0.01428182888776064
0.6229583024978638;0.0100545110180974;0.014162830077111721;0.012103303335607052
0.6240434050559998;0.010144493542611599;0.01162827666848898;0.013626068830490112
0.6253505945205688;0.010136018507182598;0.010838891379535198;0.012615888379514217
0.6202920079231262;0.01009922381490469;0.014471557922661304;0.014008946716785431
0.6206892728805542;0.009535594843327999;0.013799309730529785;0.016822967678308487
0.6208322048187256;0.010740361176431179;0.012551686726510525;0.015463629737496376
0.6212026476860046;0.012084526009857655;0.011861796490848064;0.015246463008224964
0.6234888434410095;0.011416896246373653;0.01143700908869505;0.01209267508238554
0.6214820146560669;0.011840513907372952;0.01255363505333662;0.012847078032791615
0.6229917407035828;0.012625019066035748;0.010003387928009033;0.011644735932350159
0.624940812587738;0.012385062873363495;0.010774544440209866;0.011949365958571434
0.6230008006095886;0.012237506918609142;0.0109643479809165;0.012607638724148273
0.6208197474479675;0.01072695106267929;0.011914805509150028;0.012415453791618347
0.6179949641227722;0.009963794611394405;0.011675357818603516;0.013852305710315704
0.6199256777763367;0.008775523863732815;0.014066578820347786;0.0168023519217968
0.6193827390670776;0.007915684022009373;0.009664974175393581;0.014086104929447174
0.619667112827301;0.008066149428486824;0.009954067878425121;0.01222008652985096
0.6209757924079895;0.00869221705943346;0.010942629538476467;0.013300026766955853
0.6183369755744934;0.007572925183922052;0.009268525056540966;0.011900569312274456
0.6175401210784912;0.007393175270408392;0.008701848797500134;0.013497459702193737
0.6145378351211548;0.007981991395354271;0.010090921074151993;0.012728869915008545
0.6154059171676636;0.006448935251682997;0.012215126305818558;0.012792703695595264
0.6134832501411438;0.005948142614215612;0.0096126738935709;0.014499603770673275
0.6132455468177795;0.00533253001049161;0.009214228950440884;0.012686051428318024
0.612637460231781;0.006512924563139677;0.010138449259102345;0.017780933529138565
0.6127164959907532;0.006908010225743055;0.008289267309010029;0.017892174422740936
0.6127824187278748;0.007346763741225004;0.008786698803305626;0.013823280110955238
0.6116482615470886;0.007137687411159277;0.013576032593846321;0.010170559398829937
0.6130009293556213;0.008446650579571724;0.01212119497358799;0.010665240697562695
0.6133242249488831;0.007107587065547705;0.013548324815928936;0.010124601423740387
0.6111127138137817;0.0068074241280555725;0.010270281694829464;0.014486381784081459
0.6113335490226746;0.008147316984832287;0.009353828616440296;0.014453142881393433
0.6110371351242065;0.007933697663247585;0.008933181874454021;0.01131044328212738
0.6071913838386536;0.008079507388174534;0.008680268190801144;0.014941665343940258
0.6048136949539185;0.008349861949682236;0.009867704473435879;0.01614510640501976
0.6030929088592529;0.007762020919471979;0.011013634502887726;0.016056876629590988
0.6027431488037109;0.007858316414058208;0.010038889944553375;0.01551508903503418
0.6028419733047485;0.009022092446684837;0.011866002343595028;0.015641991049051285
0.6030024886131287;0.009043386206030846;0.011345064267516136;0.019696902483701706
0.6026577353477478;0.009022146463394165;0.007925527170300484;0.017341267317533493
0.602114737033844;0.009374883957207203;0.009457607753574848;0.014606118202209473
0.602563202381134;0.009436238557100296;0.006901600398123264;0.010585464537143707
0.6003968119621277;0.008785936050117016;0.005041155964136124;0.012461517937481403
0.6036563515663147;0.009192489087581635;0.00944634061306715;0.014837712049484253
0.6034855246543884;0.007977435365319252;0.009367270395159721;0.01810157671570778
0.6060450077056885;0.008031175471842289;0.008911019191145897;0.014540835283696651
0.6059207320213318;0.008674166165292263;0.007035370450466871;0.013516159728169441
0.6049574017524719;0.007994305342435837;0.008104423992335796;0.012590917758643627
0.6067744493484497;0.007856883108615875;0.00896033551543951;0.014132675714790821
0.6035289764404297;0.008215908892452717;0.010281427763402462;0.014002417214214802
0.6053867340087891;0.009487238712608814;0.009551740251481533;0.015200601890683174
0.6034142374992371;0.009463186375796795;0.011554795317351818;0.013816907070577145
0.6031429171562195;0.009838201105594635;0.010332702659070492;0.014654231257736683
0.6022588610649109;0.010092700831592083;0.011637966148555279;0.014528604224324226
0.6020203828811646;0.010219015181064606;0.01179575826972723;0.010851845145225525
0.6011984944343567;0.011297243647277355;0.011546025983989239;0.011050446890294552
0.6005862951278687;0.011487521231174469;0.011801398359239101;0.011817896738648415
0.6020042896270752;0.009641327895224094;0.010920441709458828;0.011239188723266125
0.6014766693115234;0.007571239955723286;0.014264757744967937;0.011516864411532879
0.6019591689109802;0.007651566993445158;0.010477596893906593;0.012247237376868725
0.6002728343009949;0.008895997889339924;0.009988120757043362;0.014589848928153515
0.5995099544525146;0.008434643037617207;0.00979651976376772;0.014021389186382294
0.5997183918952942;0.007122927810996771;0.009069602936506271;0.015293351374566555
0.5986639261245728;0.007014228496700525;0.009406146593391895;0.012510202825069427
0.5994977951049805;0.006900896318256855;0.008227153681218624;0.011679798364639282
0.5998600721359253;0.007029624190181494;0.009853940457105637;0.011033720336854458
0.5985064506530762;0.007301849313080311;0.008887271396815777;0.011170578189194202
0.5983762741088867;0.006621891167014837;0.00949039775878191;0.010492424480617046
0.60149085521698;0.0065431962721049786;0.008427300490438938;0.013746715150773525
0.6035109758377075;0.007666278630495071;0.00988000351935625;0.013685889542102814
0.6020813584327698;0.008274114690721035;0.010139848105609417;0.012560334987938404
0.6018720865249634;0.007359090726822615;0.01011725515127182;0.012748601846396923
0.6021279692649841;0.007082102354615927;0.011876849457621574;0.014177265577018261
0.6026603579521179;0.006271678954362869;0.010669250972568989;0.01868359185755253
0.601665198802948;0.00698234373703599;0.012402276508510113;0.01839001476764679
0.6034261584281921;0.007638594601303339;0.011413926258683205;0.01875808835029602
0.604448676109314;0.00955630000680685;0.008283733390271664;0.017598289996385574
0.6039764285087585;0.009801159612834454;0.006079402752220631;0.015070060268044472
0.6046790480613708;0.009832222945988178;0.009016717784106731;0.01596524938941002
0.6087442636489868;0.011429707519710064;0.011701489798724651;0.010907100513577461
0.6078254580497742;0.012214995920658112;0.011010539717972279;0.009925657883286476
0.6064363718032837;0.009274528361856937;0.013827430084347725;0.011603410355746746
0.6028472781181335;0.010227326303720474;0.014630376361310482;0.013242465443909168
0.6030117869377136;0.01082339882850647;0.011141650378704071;0.011077502742409706
0.6028664708137512;0.010559788905084133;0.011509440839290619;0.01429902482777834
0.6022212505340576;0.011164294555783272;0.011903765611350536;0.011237469501793385
0.60249924659729;0.01040604431182146;0.013524296693503857;0.011013887822628021
0.6019823551177979;0.0104390112683177;0.006798527669161558;0.0115068843588233
0.6015545129776001;0.012159312143921852;0.010392257943749428;0.015582826919853687
0.6010476350784302;0.011091227643191814;0.009142318740487099;0.0106379808858037
0.6031233668327332;0.00987213384360075;0.01005169190466404;0.01318390853703022
0.6022727489471436;0.01022913958877325;0.01218778919428587;0.013026711530983448
0.6030956506729126;0.012008681893348694;0.012448297813534737;0.01268374640494585
0.6050662994384766;0.012024643830955029;0.011349603533744812;0.013379663228988647
0.6049339175224304;0.011682954616844654;0.012301414273679256;0.013738147914409637
0.6063417196273804;0.011311076581478119;0.010688315145671368;0.010940981097519398
0.6073401570320129;0.010332407429814339;0.01246658992022276;0.013320635072886944
0.6077752113342285;0.00908675231039524;0.013902032747864723;0.017341166734695435
0.6048933863639832;0.010679642669856548;0.012094981037080288;0.01743275858461857
0.605463445186615;0.012159660458564758;0.011992094106972218;0.014111113734543324
0.6062089800834656;0.01178180892020464;0.0116865960881114;0.014521065168082714
0.6048974990844727;0.009468265809118748;0.012564669363200665;0.014787176623940468
0.6035116314888;0.008672825060784817;0.013555899262428284;0.012056444771587849
0.6054639220237732;0.011318804696202278;0.011958573013544083;0.01629469357430935
0.6063025593757629;0.011823254637420177;0.008619561791419983;0.011724516749382019
0.6052466034889221;0.010426192544400692;0.008031346835196018;0.01398143358528614
0.6034369468688965;0.01132867019623518;0.008452284149825573;0.010889297351241112
0.6049482822418213;0.012016450054943562;0.008754546754062176;0.010142036713659763
0.6054435968399048;0.009405409917235374;0.011560782790184021;0.01265532523393631
0.6071473360061646;0.009840368293225765;0.012320621870458126;0.01188305951654911
0.6049730777740479;0.009524203836917877;0.011459354311227798;0.01589040271937847
0.6056597828865051;0.00925062783062458;0.013420703820884228;0.01264778058975935
0.6078338623046875;0.00926338043063879;0.013957463204860687;0.015865473076701164
0.6078233122825623;0.01070455089211464;0.016744045540690422;0.012807339429855347
0.6048203110694885;0.011081915348768234;0.013414022512733936;0.015751710161566734
0.6040279269218445;0.01115456223487854;0.015804516151547432;0.014502331614494324
0.6064521074295044;0.013283084146678448;0.013926217332482338;0.00954378116875887
0.6059390902519226;0.013302631676197052;0.01211709063500166;0.01040385290980339
0.6096546053886414;0.013317774049937725;0.00782569870352745;0.01342287939041853
0.6088951230049133;0.013205724768340588;0.00999966636300087;0.013812392018735409
0.6078936457633972;0.011245997622609138;0.008030741475522518;0.010260322131216526
0.6056233048439026;0.008794311434030533;0.012567850761115551;0.009701925329864025
0.6051746606826782;0.01160292886197567;0.011042937636375427;0.013027511537075043
0.605920672416687;0.010159616358578205;0.011930692009627819;0.01092491950839758
0.6051590442657471;0.01031899731606245;0.009362085722386837;0.011262454092502594
0.6069148778915405;0.009737260639667511;0.00898126419633627;0.01165104378014803
0.6093510985374451;0.009510951116681099;0.008833395317196846;0.010729742236435413
0.6114923357963562;0.010022549889981747;0.012852611020207405;0.008666756562888622
0.6115228533744812;0.01114574633538723;0.015797218307852745;0.008161994628608227
0.6086575388908386;0.010462726466357708;0.015369352884590626;0.012159198522567749
0.6077722907066345;0.010037905536592007;0.01369275152683258;0.010347447358071804
0.6056827306747437;0.011056450195610523;0.013366864994168282;0.012565485201776028
0.6063129305839539;0.00907935481518507;0.009960313327610493;0.014975890517234802
0.6055778861045837;0.006289593409746885;0.008851788938045502;0.012275482527911663
0.6066572070121765;0.00748183811083436;0.008778780698776245;0.019654052332043648
0.6080326437950134;0.007660170551389456;0.00878213532269001;0.019074920564889908
0.6065453886985779;0.0071966201066970825;0.00885704904794693;0.015746204182505608
0.6074380278587341;0.009616154246032238;0.007780125830322504;0.01364948507398367
0.6065274477005005;0.01001960039138794;0.00987604446709156;0.015637895092368126
0.6044847965240479;0.009394906461238861;0.012146102264523506;0.012637658976018429
0.6036863327026367;0.008107050321996212;0.012511364184319973;0.012328940443694592
0.6007605195045471;0.008239248767495155;0.008966664783656597;0.009899698197841644
0.5997900366783142;0.008777047507464886;0.011749531142413616;0.012673637829720974
0.5971353054046631;0.007808011956512928;0.01224465575069189;0.01204899325966835
0.5957300066947937;0.008024408482015133;0.011256608180701733;0.01857832632958889
0.5945737957954407;0.010037227533757687;0.010767273604869843;0.018667522817850113
0.5933204889297485;0.008977516554296017;0.008804275654256344;0.013173374347388744
0.5934708714485168;0.00848997663706541;0.00856232363730669;0.016144579276442528
0.5929779410362244;0.00962592288851738;0.008452365174889565;0.01845077984035015
0.5914846658706665;0.008534743450582027;0.011140381917357445;0.012805824168026447
0.5905005931854248;0.008944791741669178;0.011900044977664948;0.01121809147298336
0.5891880393028259;0.008578026667237282;0.010486136190593243;0.013460475020110607
0.5871250033378601;0.007529610302299261;0.012674504891037941;0.008812490850687027
0.5897018313407898;0.007358954753726721;0.01023027952760458;0.01350184716284275
0.5863887667655945;0.007278640754520893;0.007922546938061714;0.013483556918799877
0.5890690088272095;0.006534035783261061;0.00806403812021017;0.013756205327808857
0.5901620984077454;0.006243465933948755;0.008306126110255718;0.016405651345849037
0.588720977306366;0.006879430264234543;0.01006236206740141;0.009847409091889858
0.5858355760574341;0.0069114952348172665;0.009893438778817654;0.0076379901729524136
0.5839597582817078;0.006296776235103607;0.009104960598051548;0.010161126963794231
0.5822544097900391;0.006733748596161604;0.006281496491283178;0.013176465407013893
0.5837247371673584;0.007280457764863968;0.008616161532700062;0.010932705365121365
0.5841073393821716;0.006974777672439814;0.009729579091072083;0.008796066977083683
0.5847190618515015;0.0069608064368367195;0.010046644136309624;0.010510365478694439
0.5864952802658081;0.006554654333740473;0.00782013963907957;0.009872145019471645
0.5862002372741699;0.007022153586149216;0.009319324977695942;0.012815854512155056
0.5870374441146851;0.009114515036344528;0.010684232227504253;0.01536110695451498
0.5883058905601501;0.008656274527311325;0.0062368097715079784;0.01316525787115097
0.586007297039032;0.008074173703789711;0.008263319730758667;0.014928451739251614
0.5886825919151306;0.008850290440022945;0.008754565380513668;0.013270318508148193
0.5884308815002441;0.008524862118065357;0.00795251689851284;0.012429631315171719
0.5879876017570496;0.010713889263570309;0.007261121179908514;0.015424060635268688
0.5860486030578613;0.011216830462217331;0.006800464820116758;0.011721882037818432
0.58354252576828;0.010891759768128395;0.006538941990584135;0.013188374228775501
0.5852789878845215;0.010441231541335583;0.006488699000328779;0.014591986313462257
0.5843068361282349;0.011177560314536095;0.007494665216654539;0.013178697787225246
0.5825621485710144;0.010754045099020004;0.008881541900336742;0.014765474013984203
0.581434428691864;0.01207858044654131;0.011478181928396225;0.01584051363170147
0.5826151371002197;0.01170964352786541;0.01285314280539751;0.015593099407851696
0.5821356177330017;0.011709549464285374;0.011491700075566769;0.0116075798869133
0.5839483141899109;0.011928100138902664;0.0125481728464365;0.016895625740289688
0.5824574828147888;0.01163697149604559;0.010585491545498371;0.012529066763818264
0.5822648406028748;0.011808039620518684;0.010462390258908272;0.015484340488910675
0.5849165320396423;0.011100533418357372;0.011273070238530636;0.014410644769668579
0.5845572352409363;0.010954203084111214;0.013745322823524475;0.012413684278726578
0.5846450924873352;0.010712433606386185;0.01169945951551199;0.013418430462479591
0.5832134485244751;0.011267128400504589;0.012963289394974709;0.016796326264739037
0.5833945274353027;0.01100229937583208;0.012435011565685272;0.016152942553162575
0.5860933661460876;0.010819760151207447;0.010164743289351463;0.012890840880572796
0.5890366435050964;0.01200496032834053;0.012033027596771717;0.011081508360803127
0.5910351872444153;0.011312550865113735;0.013541457243263721;0.013018096797168255
0.5899628400802612;0.009947649203240871;0.012763467617332935;0.0117469048127532
0.5904824733734131;0.01109337992966175;0.01261965837329626;0.010052806697785854
0.5861674547195435;0.010969253256917;0.013382300734519958;0.012330817990005016
0.5875610113143921;0.011647878214716911;0.0119872335344553;0.012727749533951283
0.5861946940422058;0.010707873851060867;0.014173281379044056;0.01542181707918644
0.583672285079956;0.00971049815416336;0.01608501933515072;0.010067631490528584
0.5840032696723938;0.008036053739488125;0.012923463247716427;0.010610701516270638
0.5824236869812012;0.009771312586963177;0.011783337220549583;0.013506374321877956
0.5815016627311707;0.009532584808766842;0.012904617004096508;0.013397163711488247
0.5818414092063904;0.009906820021569729;0.012286565266549587;0.012032021768391132
0.5836974382400513;0.009837694466114044;0.01193592045456171;0.012898138724267483
0.5837820172309875;0.011930572800338268;0.013762465678155422;0.013122853823006153
0.585925281047821;0.011253115721046925;0.01475196611136198;0.014539199881255627
0.5855903625488281;0.010196386836469173;0.014700651168823242;0.009974158369004726
0.5870232582092285;0.011319923214614391;0.011620036326348782;0.010724938474595547
0.5871309638023376;0.012493355199694633;0.008776925504207611;0.013742155395448208
0.5880816578865051;0.01051486935466528;0.010100060142576694;0.012665453366935253
0.5892940759658813;0.011007956229150295;0.012060456909239292;0.014182135462760925
0.5901216268539429;0.009524816647171974;0.011745243333280087;0.012741053476929665
0.5883678793907166;0.009222953580319881;0.009961232542991638;0.017532413825392723
0.5890336036682129;0.009296349249780178;0.009739131666719913;0.012393724173307419
0.5878950357437134;0.009912003763020039;0.006863786373287439;0.012098441831767559
0.5899292826652527;0.00813739001750946;0.009380917064845562;0.012560931034386158
0.5934505462646484;0.007988943718373775;0.007948391139507294;0.01795320026576519
0.5967219471931458;0.008430108428001404;0.005731670651584864;0.0181454848498106
0.5974102020263672;0.009471669793128967;0.007293867412954569;0.01665630377829075
0.5961135029792786;0.009023088030517101;0.005901050753891468;0.018223781138658524
0.5951330065727234;0.009837277233600616;0.00868280790746212;0.01444969605654478
0.5938065648078918;0.009297823533415794;0.009010519832372665;0.010232929140329361
0.5943999886512756;0.009054815396666527;0.006525733973830938;0.012798482552170753
0.5965474247932434;0.008904042653739452;0.007979500107467175;0.01151142455637455
0.5939182639122009;0.009706270880997181;0.009517068974673748;0.014780010096728802
0.5930999517440796;0.009279918856918812;0.007283080369234085;0.009806481190025806
0.5914644598960876;0.010151457972824574;0.01015666127204895;0.013619723729789257
0.5909501910209656;0.010188835673034191;0.009566116146743298;0.014098087325692177
0.5882231593132019;0.011056776158511639;0.010252733714878559;0.011493482626974583
0.5911279916763306;0.010900294408202171;0.008806210942566395;0.014714437536895275
0.593329906463623;0.012956115417182446;0.011479655280709267;0.014697086997330189
0.5955289006233215;0.013786092400550842;0.007372715510427952;0.011160433292388916
0.597133219242096;0.012238425202667713;0.005804077256470919;0.010364101268351078
0.6007936596870422;0.014872941188514233;0.01071138959378004;0.01436720322817564
0.5998179316520691;0.01241587195545435;0.008296157233417034;0.014878715388476849
0.6002998948097229;0.01276351511478424;0.009465972892940044;0.011427617631852627
0.6021205186843872;0.012566088698804379;0.011270049959421158;0.012735997326672077
0.5998354554176331;0.013298222795128822;0.009231162257492542;0.013466407544910908
0.6012889742851257;0.010874363593757153;0.008253450505435467;0.013367689214646816
0.6034928560256958;0.010387402959167957;0.009269194677472115;0.01155043300241232
0.6034370064735413;0.01047497522085905;0.009532670490443707;0.013913193717598915
0.6052958369255066;0.012156778015196323;0.007287919521331787;0.012316827662289143
0.6060057878494263;0.014084725640714169;0.00783862080425024;0.012944662943482399
0.6077142953872681;0.014666199684143066;0.00559994438663125;0.012720810249447823
0.6087201833724976;0.01597813330590725;0.0076367976143956184;0.009886367246508598
0.6082825064659119;0.014612606726586819;0.007919834926724434;0.0129967350512743
0.610490620136261;0.014184653759002686;0.008115642704069614;0.01296266820281744
0.6097308993339539;0.014454483985900879;0.008651645854115486;0.013485359027981758
0.6113920211791992;0.013265001587569714;0.007639107294380665;0.011706001125276089
0.6108092665672302;0.013781994581222534;0.007440914865583181;0.008861947804689407
0.6122331619262695;0.014043346047401428;0.008833865635097027;0.010318515822291374
0.610902726650238;0.013338263146579266;0.009068111889064312;0.010677853599190712
0.6082941889762878;0.01418926753103733;0.008600407280027866;0.010899468325078487
0.608163058757782;0.01330646313726902;0.011861688457429409;0.013452032580971718
0.6075741648674011;0.01319114863872528;0.013280260376632214;0.015708109363913536
0.6071761250495911;0.012012604624032974;0.010488145984709263;0.013030496425926685
0.6078051924705505;0.01249789074063301;0.012358264997601509;0.011773866601288319
0.6076809763908386;0.01117828581482172;0.010891728103160858;0.009879183024168015
0.6100724339485168;0.009815874509513378;0.012592685408890247;0.01528723444789648
0.610765814781189;0.010148594155907631;0.012212696485221386;0.010685356333851814
0.6110628247261047;0.010429942980408669;0.009963334538042545;0.01369793713092804
0.6106038093566895;0.011589464731514454;0.011304226703941822;0.013009579852223396
0.6095175743103027;0.012127959169447422;0.00974271446466446;0.017994122579693794
0.6067054867744446;0.01262068934738636;0.009429599158465862;0.014436456374824047
0.6083253622055054;0.012075947597622871;0.010126987472176552;0.015547345392405987
0.6101537942886353;0.013328810222446918;0.012577125802636147;0.014095569029450417
0.6114088892936707;0.01159829180687666;0.01284586638212204;0.014512297697365284
0.6109218597412109;0.012049729004502296;0.012758979573845863;0.018202131614089012
0.6099342703819275;0.011660316959023476;0.012931770645081997;0.012911990284919739
0.6106410026550293;0.011654355563223362;0.00940864346921444;0.013867761008441448
0.6127021908760071;0.010240191593766212;0.009852195158600807;0.01736689917743206
0.6132137179374695;0.009027314372360706;0.011637752875685692;0.012660728767514229
0.6102717518806458;0.008894790895283222;0.013384592719376087;0.014698184095323086
0.6110493540763855;0.007777397986501455;0.012515841983258724;0.015523883514106274
0.6112934350967407;0.009393989108502865;0.012552847154438496;0.01180284284055233
0.6088324189186096;0.01227473933249712;0.014401976950466633;0.012853859923779964
0.6077685356140137;0.011574468575417995;0.014798171818256378;0.015563882887363434
0.6069347262382507;0.012051260098814964;0.013841635547578335;0.01591598428785801
0.6079456210136414;0.011911049485206604;0.010121189057826996;0.01651635207235813
0.6080119013786316;0.012320694513618946;0.011501981876790524;0.014467042870819569
0.6071420311927795;0.010197914205491543;0.011415617540478706;0.01555404718965292
0.6099029779434204;0.010465058498084545;0.009523163549602032;0.010172381065785885
0.6132380962371826;0.010238174349069595;0.012220939621329308;0.012640967965126038
0.611504077911377;0.009653798304498196;0.009901866316795349;0.013615486212074757
0.6098990440368652;0.010314911603927612;0.012188881635665894;0.013997778296470642
0.6122725605964661;0.011035743169486523;0.013121477328240871;0.013280674815177917
0.6109854578971863;0.010098393075168133;0.013308164663612843;0.01444552093744278
0.6107000708580017;0.008115576580166817;0.012702825479209423;0.016017667949199677
0.6097890138626099;0.007599588483572006;0.012218624353408813;0.017497530207037926
0.6096551418304443;0.009448564611375332;0.015520385466516018;0.01840049959719181
0.6093117594718933;0.008970336057245731;0.012514956295490265;0.0127061503008008
0.6053244471549988;0.007924971170723438;0.010289289057254791;0.014591979794204235
0.6065115928649902;0.00804948341101408;0.00761836115270853;0.016189921647310257
0.6060225963592529;0.00844359677284956;0.008421882055699825;0.012896629050374031
0.6055850386619568;0.009138031862676144;0.008584320545196533;0.015625715255737305
0.607466995716095;0.009247981011867523;0.011678353883326054;0.01632407121360302
0.6070224642753601;0.00870546605437994;0.011286732740700245;0.01470738835632801
0.6066822409629822;0.007658453192561865;0.012950030155479908;0.0170315932482481
0.606862485408783;0.008242860436439514;0.014014194719493389;0.016289686784148216
0.6051128506660461;0.007898837327957153;0.009602999314665794;0.01171826757490635
