err_mean;err_cos1;err_cos2;err_cos3
0.9424840807914734;0.5363560318946838;0.42069536447525024;0.9856593012809753
0.19439060986042023;0.6649907231330872;0.4625626504421234;0.2920314073562622
0.19512036442756653;0.6696810722351074;0.47864753007888794;0.30067014694213867
0.19315221905708313;0.6695127487182617;0.4785662591457367;0.30836543440818787
0.19336341321468353;0.6697998046875;0.4805717170238495;0.3136654496192932
0.19339101016521454;0.6704144477844238;0.4813653528690338;0.3152637481689453
0.1932271271944046;0.6709861159324646;0.48246875405311584;0.31710657477378845
0.19398514926433563;0.6714131236076355;0.4851400554180145;0.313236266374588
0.19539587199687958;0.6714608073234558;0.48569002747535706;0.3164290487766266
0.19390366971492767;0.6708874702453613;0.48373863101005554;0.3191404938697815
0.19591167569160461;0.6721869111061096;0.48634615540504456;0.32034847140312195
0.19713929295539856;0.6726255416870117;0.48684319853782654;0.3220629394054413
0.19387632608413696;0.6727944016456604;0.485361784696579;0.32150161266326904
0.19356362521648407;0.6719189286231995;0.484742134809494;0.3219650387763977
0.19244877994060516;0.6722217798233032;0.48416048288345337;0.3241346478462219
0.19148798286914825;0.6729750037193298;0.4850742518901825;0.3253345489501953
0.19394217431545258;0.6739185452461243;0.4892297387123108;0.3226744532585144
0.1942725032567978;0.6736635565757751;0.4883774220943451;0.3257480561733246
0.19358943402767181;0.6733641624450684;0.4883095324039459;0.32776108384132385
0.19311434030532837;0.6721164584159851;0.4869477450847626;0.32524996995925903
0.1921958476305008;0.6726424098014832;0.4866691529750824;0.3255596160888672
0.19161461293697357;0.6729113459587097;0.48761186003685;0.3249152600765228
0.19238480925559998;0.6733407974243164;0.48672476410865784;0.3264964520931244
0.19285662472248077;0.6733203530311584;0.48762521147727966;0.3227539360523224
0.19395902752876282;0.6742874383926392;0.489519327878952;0.32505685091018677
0.19427631795406342;0.6743441820144653;0.49063119292259216;0.3261421322822571
0.19521789252758026;0.6744591593742371;0.4920670688152313;0.3252658545970917
0.1942380964756012;0.6738983392715454;0.49045848846435547;0.32754191756248474
0.19418177008628845;0.6741397976875305;0.4894271790981293;0.32882317900657654
0.19378891587257385;0.6738874316215515;0.48864275217056274;0.32915374636650085
0.1924014538526535;0.6737012267112732;0.4886375069618225;0.32678163051605225
0.19348369538784027;0.673750102519989;0.48862123489379883;0.32666149735450745
0.1921052485704422;0.6739608645439148;0.4891737103462219;0.3258568346500397
0.19306580722332;0.6740649342536926;0.4895949363708496;0.32703500986099243
0.19270673394203186;0.6743388175964355;0.4895015358924866;0.3274872899055481
0.19392867386341095;0.6742097735404968;0.4900704324245453;0.3276265263557434
0.194397434592247;0.6738014221191406;0.48948365449905396;0.3310006260871887
0.19402283430099487;0.6739035844802856;0.4890460968017578;0.3296651840209961
0.19439037144184113;0.6742200255393982;0.49020615220069885;0.3273277282714844
0.19451425969600677;0.6738690137863159;0.4889574646949768;0.32934215664863586
0.19386351108551025;0.6743457913398743;0.48994407057762146;0.32795658707618713
0.19412167370319366;0.6743220686912537;0.4900122284889221;0.327410489320755
0.1941947042942047;0.673966109752655;0.4905405044555664;0.32560238242149353
0.19348394870758057;0.6744970679283142;0.4909093976020813;0.32493695616722107
0.19421188533306122;0.6752515435218811;0.4920773506164551;0.32562485337257385
0.19427065551280975;0.6753239631652832;0.4912284016609192;0.3297743499279022
0.19352848827838898;0.6748656630516052;0.49082064628601074;0.33225393295288086
0.1934324949979782;0.6746795773506165;0.489701509475708;0.3328678607940674
0.19409842789173126;0.6749667525291443;0.49146363139152527;0.3313596844673157
0.19409745931625366;0.6743125319480896;0.48975393176078796;0.3333094120025635
0.1931922733783722;0.6753129959106445;0.49120187759399414;0.33188995718955994
0.19390255212783813;0.674334704875946;0.48917603492736816;0.3326399326324463
0.19330763816833496;0.6733471751213074;0.4893483817577362;0.3279975354671478
0.19291570782661438;0.6727871894836426;0.4863755404949188;0.3314736783504486
0.19300560653209686;0.6740449070930481;0.4897378385066986;0.32815787196159363
0.19376955926418304;0.6750205159187317;0.49039754271507263;0.32891663908958435
0.19289857149124146;0.674550473690033;0.48977503180503845;0.33381450176239014
0.19439487159252167;0.6744040846824646;0.4895589053630829;0.33218804001808167
0.19316928088665009;0.6740557551383972;0.4894409775733948;0.3313561975955963
0.19331948459148407;0.6751226782798767;0.49211081862449646;0.3292677402496338
0.1931765079498291;0.6749266982078552;0.4922875463962555;0.3283807933330536
0.19455988705158234;0.6741806268692017;0.4912532866001129;0.3287074863910675
0.19355885684490204;0.6741997003555298;0.4904843866825104;0.32611408829689026
0.19442664086818695;0.6756680011749268;0.49294596910476685;0.32771849632263184
0.19236814975738525;0.6752111315727234;0.492094486951828;0.3280446231365204
0.19244347512722015;0.674481987953186;0.4925049841403961;0.3290282189846039
0.19223856925964355;0.674475371837616;0.49187564849853516;0.3298358619213104
0.19296768307685852;0.6750990152359009;0.49287867546081543;0.3275977075099945
0.19338440895080566;0.675199031829834;0.4937511384487152;0.3295153081417084
0.19387029111385345;0.674705445766449;0.49292418360710144;0.3281913697719574
0.19277380406856537;0.6739494204521179;0.49129411578178406;0.3292187750339508
0.19480910897254944;0.674130380153656;0.4910503327846527;0.3289961516857147
0.19431011378765106;0.6740521788597107;0.4912959039211273;0.33200594782829285
0.19401609897613525;0.6741674542427063;0.48984232544898987;0.33357515931129456
0.19507400691509247;0.6749318242073059;0.4931189715862274;0.33148157596588135
0.19597803056240082;0.6747780442237854;0.4946098327636719;0.33027490973472595
0.19320283830165863;0.6750701665878296;0.4927077293395996;0.3290424942970276
0.19310973584651947;0.6756919026374817;0.4926307201385498;0.33096370100975037
0.19330044090747833;0.6746848225593567;0.49476107954978943;0.3305613696575165
0.19326333701610565;0.6756954193115234;0.49341750144958496;0.3343220353126526
0.19354157149791718;0.6754433512687683;0.4930884540081024;0.3340187072753906
0.19319657981395721;0.6749112606048584;0.4922557771205902;0.3337194621562958
0.1925818771123886;0.6751722097396851;0.49249526858329773;0.33189818263053894
0.19385676085948944;0.6744701266288757;0.49248430132865906;0.33306747674942017
0.19412930309772491;0.6752249598503113;0.49355006217956543;0.33514562249183655
0.1956145465373993;0.6747846007347107;0.49409493803977966;0.3364219665527344
0.19436529278755188;0.6748198866844177;0.4927237629890442;0.33511748909950256
0.19466416537761688;0.6753592491149902;0.4921981990337372;0.33394572138786316
0.19442962110042572;0.6743990182876587;0.49185654520988464;0.33216482400894165
0.19528327882289886;0.6746903657913208;0.49385786056518555;0.33113834261894226
0.1946854442358017;0.6746615767478943;0.4931432902812958;0.33319520950317383
0.19436901807785034;0.6744756102561951;0.49329033493995667;0.3329082429409027
0.19318266212940216;0.675285279750824;0.4945598542690277;0.3309725224971771
0.1933346837759018;0.6749554872512817;0.4931142032146454;0.3327445685863495
0.1943162977695465;0.6746739149093628;0.4930029809474945;0.335641086101532
0.19381697475910187;0.6748992204666138;0.4923191964626312;0.33162862062454224
0.1929427981376648;0.6752287745475769;0.4922676086425781;0.3319768011569977
0.19301627576351166;0.6750270128250122;0.4933885633945465;0.3291662931442261
0.19218818843364716;0.6750497221946716;0.49208927154541016;0.33376699686050415
0.19314703345298767;0.6754657030105591;0.49335524439811707;0.3345296084880829
0.19332705438137054;0.6757928133010864;0.4952915608882904;0.33104395866394043
0.19224224984645844;0.6742562651634216;0.49175024032592773;0.332101970911026
0.1924469918012619;0.6750493049621582;0.4930500090122223;0.33159491419792175
0.19094699621200562;0.6759297251701355;0.4933486878871918;0.3300006091594696
0.1935596615076065;0.6762164831161499;0.4958331286907196;0.33024653792381287
0.19521449506282806;0.6752164363861084;0.4944566786289215;0.32930228114128113
0.19373705983161926;0.6758249402046204;0.4931773245334625;0.3342842757701874
0.1922963410615921;0.6745442748069763;0.4921576678752899;0.33451229333877563
0.19398079812526703;0.6755523681640625;0.4939191937446594;0.3340471684932709
0.194264218211174;0.6761072278022766;0.4955500066280365;0.3356526494026184
0.19464635848999023;0.6753005981445312;0.49546384811401367;0.3326655626296997
0.19448265433311462;0.6752941012382507;0.49567127227783203;0.3346921503543854
0.1944931298494339;0.675031840801239;0.493246465921402;0.332019180059433
0.19413763284683228;0.675326406955719;0.4933777451515198;0.33341118693351746
0.19348101317882538;0.674515426158905;0.49126800894737244;0.332837849855423
0.1930064707994461;0.675386369228363;0.49308791756629944;0.33533021807670593
0.19321021437644958;0.6752166748046875;0.4923771917819977;0.3335200548171997
0.19523298740386963;0.675412118434906;0.4953180253505707;0.33386173844337463
0.19629573822021484;0.6758804321289062;0.4962471127510071;0.3324908912181854
0.19645000994205475;0.675857663154602;0.4965764582157135;0.3301047086715698
0.19454847276210785;0.6754087805747986;0.4947538375854492;0.3310454487800598
0.19446486234664917;0.6749224066734314;0.49387669563293457;0.3325267434120178
0.19463226199150085;0.6753964424133301;0.4940119683742523;0.33328649401664734
0.19305820763111115;0.6762198209762573;0.4932861030101776;0.3324163854122162
0.19171684980392456;0.6753641963005066;0.4931105673313141;0.33095884323120117
0.1918708235025406;0.6739838123321533;0.49127012491226196;0.33125999569892883
0.19268237054347992;0.6739984154701233;0.4915832579135895;0.3303411304950714
0.193086177110672;0.6746344566345215;0.49156102538108826;0.33551034331321716
0.19560952484607697;0.6746384501457214;0.4941583275794983;0.3335133194923401
0.19681982696056366;0.6746478080749512;0.4939439296722412;0.336330384016037
0.19537828862667084;0.6759225726127625;0.49451276659965515;0.3357422351837158
0.19505123794078827;0.6757820844650269;0.49392127990722656;0.33326956629753113
0.19595344364643097;0.6758977770805359;0.4945087432861328;0.3299643099308014
0.19638819992542267;0.6762110590934753;0.494844526052475;0.3319455683231354
0.19728170335292816;0.6754081845283508;0.4955553114414215;0.33204272389411926
0.19614724814891815;0.6753791570663452;0.4945601522922516;0.3300964832305908
0.1951712667942047;0.6748400926589966;0.4939441680908203;0.3288116157054901
0.1942211091518402;0.6750583648681641;0.49405089020729065;0.329862117767334
0.1941847801208496;0.6752952933311462;0.4935370087623596;0.3331451117992401
0.19358401000499725;0.6755497455596924;0.49533700942993164;0.33156925439834595
0.19404804706573486;0.6761395335197449;0.49372726678848267;0.33356720209121704
0.19410346448421478;0.675726592540741;0.49386945366859436;0.33595356345176697
0.19304035604000092;0.6751540303230286;0.4927232265472412;0.3340931832790375
0.19355826079845428;0.6758748292922974;0.4935944080352783;0.3334708511829376
0.1931166648864746;0.6757499575614929;0.4952169358730316;0.3321053683757782
0.19268858432769775;0.6755738258361816;0.49344417452812195;0.33318859338760376
0.19560310244560242;0.6764621138572693;0.4955764710903168;0.33363014459609985
0.194668248295784;0.6759602427482605;0.49409517645835876;0.33198055624961853
0.193973109126091;0.6753410696983337;0.49222326278686523;0.33612895011901855
0.19528751075267792;0.6745409369468689;0.4927540719509125;0.3335960805416107
0.19465185701847076;0.676319420337677;0.49556905031204224;0.33376210927963257
0.19678395986557007;0.6761394739151001;0.49675512313842773;0.32959824800491333
0.19249673187732697;0.6743980050086975;0.49158817529678345;0.33102163672447205
0.1934451162815094;0.6745491027832031;0.4925154149532318;0.33288657665252686
0.1946834772825241;0.6752621531486511;0.4940917491912842;0.3320276737213135
0.19433195888996124;0.6748535633087158;0.49252405762672424;0.33470967411994934
0.19267146289348602;0.6738762855529785;0.49030905961990356;0.3309954106807709
0.1942860186100006;0.6737524271011353;0.49186378717422485;0.33426469564437866
0.19316010177135468;0.6740203499794006;0.490894615650177;0.3337601125240326
0.19537965953350067;0.6738030314445496;0.4925154745578766;0.3365301787853241
0.19473394751548767;0.6743497252464294;0.4925280511379242;0.3361251950263977
0.19410860538482666;0.674400806427002;0.4926156997680664;0.33162736892700195
0.19373776018619537;0.6754404902458191;0.49391618371009827;0.3325927257537842
0.19448445737361908;0.6758925914764404;0.49532613158226013;0.33269456028938293
0.19507984817028046;0.6756911277770996;0.494527667760849;0.3334020674228668
0.19649504125118256;0.6760699152946472;0.4965139329433441;0.3322782516479492
0.19484968483448029;0.6753574013710022;0.4945693910121918;0.3326815068721771
0.19457167387008667;0.6757554411888123;0.4952518045902252;0.32769036293029785
0.19436116516590118;0.6755246520042419;0.4935334622859955;0.33006277680397034
0.19439926743507385;0.6756973266601562;0.49498844146728516;0.3308315873146057
0.19392837584018707;0.6761466860771179;0.496072381734848;0.32990580797195435
0.19617748260498047;0.6753631234169006;0.4949931204319;0.3335025906562805
0.19530071318149567;0.6761146187782288;0.4958719313144684;0.33302590250968933
0.19546277821063995;0.6761927008628845;0.4972059428691864;0.3296535611152649
0.1953728049993515;0.6760512590408325;0.4944489598274231;0.33066120743751526
0.19529131054878235;0.6762375235557556;0.4960760176181793;0.3265112042427063
0.19454459846019745;0.6764296889305115;0.49593010544776917;0.32880935072898865
0.19405795633792877;0.6758112907409668;0.4934004247188568;0.3309212327003479
0.19715172052383423;0.6777281165122986;0.4981420636177063;0.33045482635498047
0.19322369992733002;0.6762579083442688;0.49467283487319946;0.33180785179138184
0.1944909542798996;0.6755998730659485;0.4930880665779114;0.33534500002861023
0.19327302277088165;0.6746919751167297;0.49242541193962097;0.335470587015152
0.19344335794448853;0.6752411127090454;0.49314481019973755;0.3330629765987396
0.1940859854221344;0.6766309142112732;0.4951319396495819;0.33270201086997986
0.1946210116147995;0.6753983497619629;0.49554118514060974;0.3307507038116455
0.19442424178123474;0.6752398610115051;0.4935733377933502;0.33344507217407227
0.19461660087108612;0.6757721900939941;0.4939781129360199;0.33619996905326843
0.19400718808174133;0.6746849417686462;0.4919900596141815;0.3351019322872162
0.19304437935352325;0.6749399304389954;0.49140483140945435;0.33542513847351074
0.19575686752796173;0.6750057339668274;0.4928708076477051;0.3337927758693695
0.19520552456378937;0.6758871078491211;0.49371835589408875;0.3317070007324219
0.19378241896629333;0.675195038318634;0.4925954341888428;0.3365742862224579
0.19329215586185455;0.6757555603981018;0.49355944991111755;0.33806654810905457
0.1952819675207138;0.6756479144096375;0.49529600143432617;0.33399727940559387
0.19365957379341125;0.6752998232841492;0.4930470585823059;0.334571897983551
0.19346946477890015;0.6742939949035645;0.4919493794441223;0.33141613006591797
0.19427160918712616;0.6763243675231934;0.49370327591896057;0.3333872854709625
0.1944386214017868;0.6757817268371582;0.4936457574367523;0.333189994096756
0.19279615581035614;0.6752813458442688;0.4931490421295166;0.3313461244106293
0.19619037210941315;0.6754599809646606;0.495614618062973;0.33186811208724976
0.19599734246730804;0.6752092242240906;0.49461373686790466;0.3337416648864746
0.19589686393737793;0.6759664416313171;0.495199590921402;0.32939645648002625
0.1962280124425888;0.6761190295219421;0.49501416087150574;0.3302975594997406
0.195454403758049;0.6762121915817261;0.49490243196487427;0.3314332067966461
0.19510066509246826;0.677071750164032;0.4966065585613251;0.3310191333293915
0.19410477578639984;0.6744197607040405;0.4924616813659668;0.3321724832057953
0.19431892037391663;0.6750754714012146;0.4936012327671051;0.3296584188938141
0.19311797618865967;0.6750372052192688;0.4918452203273773;0.33529242873191833
0.19533680379390717;0.6750020384788513;0.4920600950717926;0.33383283019065857
0.19248908758163452;0.673811674118042;0.49044591188430786;0.3349126875400543
0.19376161694526672;0.6744188070297241;0.4907214343547821;0.33289477229118347
0.1946684867143631;0.6748730540275574;0.4923899173736572;0.33857280015945435
0.19408035278320312;0.6757688522338867;0.49351516366004944;0.3340235650539398
0.19368015229701996;0.6752805113792419;0.49354538321495056;0.3312034010887146
0.19417212903499603;0.675306499004364;0.49325284361839294;0.330434650182724
0.19186988472938538;0.6736182570457458;0.4896095395088196;0.3321334421634674
0.1918189525604248;0.6735672950744629;0.4894861876964569;0.33324331045150757
0.19296228885650635;0.6751037836074829;0.4916115701198578;0.33360132575035095
0.19285082817077637;0.6739804148674011;0.4902571737766266;0.3344388008117676
0.19304823875427246;0.6735526919364929;0.49081435799598694;0.3333215117454529
0.19220584630966187;0.6743264198303223;0.4922351539134979;0.33498087525367737
0.19286130368709564;0.6735213398933411;0.49032145738601685;0.33514413237571716
0.19336895644664764;0.6739738583564758;0.49208950996398926;0.33500608801841736
0.19482235610485077;0.6739786267280579;0.49382027983665466;0.33192750811576843
0.19470906257629395;0.6756367683410645;0.49518442153930664;0.33144932985305786
0.19664055109024048;0.6755844354629517;0.4943356513977051;0.3325372338294983
0.19510474801063538;0.6752845644950867;0.4917539060115814;0.33338433504104614
0.1937490552663803;0.6748735308647156;0.492865651845932;0.3316265046596527
0.19558750092983246;0.6753307580947876;0.49557778239250183;0.33247578144073486
0.19350111484527588;0.6741997599601746;0.49208804965019226;0.3308256268501282
0.1934152990579605;0.6747097969055176;0.49128150939941406;0.33450546860694885
0.19425983726978302;0.674940288066864;0.4925551116466522;0.33693549036979675
0.19463098049163818;0.6751708984375;0.4923613667488098;0.3345968425273895
0.19483107328414917;0.6755785346031189;0.49547845125198364;0.33149248361587524
0.19474421441555023;0.6754146814346313;0.493571013212204;0.3310292363166809
0.1951550990343094;0.6757389903068542;0.4947328269481659;0.33077284693717957
0.19419923424720764;0.6747073531150818;0.4933023154735565;0.3314110338687897
0.192566379904747;0.6752669811248779;0.49214068055152893;0.33608147501945496
0.19438745081424713;0.6759716868400574;0.49418607354164124;0.3332636058330536
0.194879949092865;0.6746546626091003;0.4943148195743561;0.33560022711753845
0.19353900849819183;0.6753263473510742;0.4935644567012787;0.335904598236084
0.1937543898820877;0.6749429702758789;0.4945921003818512;0.33472615480422974
0.19338421523571014;0.674821138381958;0.49476882815361023;0.3353121280670166
0.19375966489315033;0.6748005747795105;0.49256154894828796;0.33721923828125
0.1948898881673813;0.6746401786804199;0.49339529871940613;0.33828043937683105
0.19457702338695526;0.675451934337616;0.49389639496803284;0.33593615889549255
0.19262728095054626;0.6760331988334656;0.4940764904022217;0.33482176065444946
0.19237765669822693;0.6752070784568787;0.49242088198661804;0.33514106273651123
0.19412373006343842;0.675337016582489;0.49480852484703064;0.3348003625869751
0.1922941505908966;0.6751841902732849;0.49262934923171997;0.33422979712486267
0.19300422072410583;0.674552857875824;0.4927239418029785;0.33417683839797974
0.19464795291423798;0.6742181777954102;0.4928414821624756;0.33438318967819214
0.19486741721630096;0.6749991774559021;0.4936399459838867;0.3335878849029541
0.19462689757347107;0.6751171350479126;0.49356958270072937;0.33596786856651306
0.19231638312339783;0.675759494304657;0.4922664761543274;0.3350389897823334
0.19311948120594025;0.6748178601264954;0.49261853098869324;0.33410176634788513
0.19405749440193176;0.6747427582740784;0.49306702613830566;0.3310173451900482
0.19524294137954712;0.6755051016807556;0.494066447019577;0.33653926849365234
0.1950739473104477;0.6760725378990173;0.4958820343017578;0.33163732290267944
0.19495663046836853;0.6753412485122681;0.4951600134372711;0.3325080871582031
0.19432322680950165;0.6739708781242371;0.49340882897377014;0.33347266912460327
0.19391755759716034;0.6747452020645142;0.49197062849998474;0.33296653628349304
0.1937418431043625;0.6746348142623901;0.49304628372192383;0.3338705003261566
0.1948503702878952;0.6751335859298706;0.4933672547340393;0.33394142985343933
0.19353733956813812;0.6750487685203552;0.492875337600708;0.3336881101131439
0.19378700852394104;0.6752185225486755;0.4933813214302063;0.3328814208507538
0.19377745687961578;0.6753911375999451;0.4940917491912842;0.3321486711502075
0.19360189139842987;0.675581157207489;0.49323996901512146;0.3330589532852173
0.19391362369060516;0.6747273802757263;0.4924146831035614;0.3301163613796234
0.19367145001888275;0.6742429137229919;0.49190226197242737;0.33039432764053345
0.19266410171985626;0.6745425462722778;0.49099406599998474;0.3308463990688324
0.19273433089256287;0.6760155558586121;0.4931710362434387;0.32833588123321533
0.19390784204006195;0.6760115027427673;0.493437260389328;0.33323779702186584
0.1925896257162094;0.67534339427948;0.49346596002578735;0.33246853947639465
0.19429801404476166;0.6747340559959412;0.4927912652492523;0.3349944055080414
0.1945941001176834;0.674170732498169;0.4914737343788147;0.33497175574302673
0.1949273943901062;0.6754258871078491;0.4932103753089905;0.3343835175037384
0.1947876662015915;0.674587070941925;0.49375197291374207;0.3331378400325775
0.19360026717185974;0.6753265857696533;0.4936745762825012;0.3297806680202484
0.19474674761295319;0.6747320294380188;0.492828369140625;0.3321370780467987
0.19265206158161163;0.6749234199523926;0.49240589141845703;0.3304692506790161
0.19328655302524567;0.6751023530960083;0.4921395778656006;0.333592027425766
0.19398503005504608;0.6748296618461609;0.4934267997741699;0.3335277736186981
0.1930285394191742;0.6741291880607605;0.4925552308559418;0.33130118250846863
0.19292375445365906;0.6747204661369324;0.49201783537864685;0.33369919657707214
0.19333763420581818;0.6744953989982605;0.49276861548423767;0.3319540023803711
0.1961042881011963;0.6756887435913086;0.4968286156654358;0.33021292090415955
0.19355396926403046;0.6758376955986023;0.49519339203834534;0.3323439061641693
0.19441144168376923;0.6759986281394958;0.4969814419746399;0.3325859308242798
0.19548730552196503;0.6760997772216797;0.4962572157382965;0.3309059143066406
0.19323334097862244;0.6750704050064087;0.4922134578227997;0.33548054099082947
0.19433963298797607;0.675017774105072;0.4919315278530121;0.3344767093658447
0.19550958275794983;0.6752646565437317;0.4940829873085022;0.3333658277988434
0.19347453117370605;0.6748671531677246;0.4940278232097626;0.3323204517364502
0.19417014718055725;0.6744474768638611;0.49245086312294006;0.3321067988872528
0.1947769969701767;0.675502598285675;0.4947783648967743;0.33310580253601074
0.19437293708324432;0.6755288243293762;0.4947992265224457;0.3313918113708496
0.19509367644786835;0.6760108470916748;0.4951619803905487;0.3310118317604065
0.1956411898136139;0.6755090951919556;0.49576351046562195;0.3327663838863373
0.1965334713459015;0.6760637164115906;0.4955889880657196;0.33132365345954895
0.1931600570678711;0.6749548316001892;0.4930410385131836;0.3330923616886139
0.1935833990573883;0.6743966937065125;0.49210330843925476;0.332422137260437
0.19300968945026398;0.6737163066864014;0.4905545711517334;0.3348143696784973
0.19426074624061584;0.6751485466957092;0.493934690952301;0.3297475576400757
0.19372029602527618;0.6748153567314148;0.49426230788230896;0.3306215703487396
0.19370512664318085;0.674973726272583;0.49218693375587463;0.32901808619499207
0.19278201460838318;0.6740148067474365;0.4922943711280823;0.33026543259620667
0.19310039281845093;0.675480842590332;0.4922948479652405;0.3329383432865143
0.19419145584106445;0.676027774810791;0.49411970376968384;0.33427461981773376
0.19334889948368073;0.6756313443183899;0.4941389262676239;0.3336215913295746
0.19213621318340302;0.674889087677002;0.49219104647636414;0.3311217725276947
0.19290922582149506;0.6755262613296509;0.494293212890625;0.33208104968070984
0.19264063239097595;0.6753076910972595;0.49238595366477966;0.3334597945213318
0.19336453080177307;0.6749035120010376;0.49319204688072205;0.3321153521537781
0.19454440474510193;0.6756362318992615;0.4936439096927643;0.332041472196579
0.19419319927692413;0.6751769185066223;0.4938337802886963;0.33606037497520447
0.19280092418193817;0.6749843955039978;0.49210453033447266;0.33207932114601135
0.19518177211284637;0.6754337549209595;0.49503833055496216;0.3317606449127197
0.19645826518535614;0.6756868958473206;0.4957549273967743;0.33209508657455444
0.19674114882946014;0.676423192024231;0.4959992468357086;0.3345981240272522
0.1939822882413864;0.6754826903343201;0.49409618973731995;0.3345431685447693
0.1951897144317627;0.6758127212524414;0.4951746165752411;0.33336836099624634
0.1926901638507843;0.6754012107849121;0.49297499656677246;0.3357325494289398
0.19300055503845215;0.675202488899231;0.49423637986183167;0.3303658068180084
0.19260399043560028;0.6749381422996521;0.49352747201919556;0.33260634541511536
0.19286218285560608;0.674956738948822;0.49200162291526794;0.3369787335395813
0.19384467601776123;0.6755954027175903;0.4931931495666504;0.3371202051639557
0.19378095865249634;0.6748837828636169;0.49196892976760864;0.3397844731807709
0.19398696720600128;0.6755852699279785;0.49424678087234497;0.33573880791664124
0.19263119995594025;0.6743738055229187;0.49294090270996094;0.33438533544540405
0.19361717998981476;0.6747812628746033;0.49302002787590027;0.3347450792789459
0.19413046538829803;0.6752721667289734;0.4938717782497406;0.3334381580352783
0.1947574019432068;0.675710141658783;0.4947349727153778;0.33428263664245605
0.1941078156232834;0.6757416129112244;0.49542519450187683;0.3320806622505188
0.19213901460170746;0.6752491593360901;0.4929530620574951;0.3313843309879303
0.19378603994846344;0.6750974655151367;0.4927978515625;0.33455392718315125
0.19394676387310028;0.6749011874198914;0.49302148818969727;0.3333882987499237
0.19426845014095306;0.6752988696098328;0.4939224421977997;0.3362319767475128
0.19408099353313446;0.6737510561943054;0.49117857217788696;0.33408695459365845
0.1942567676305771;0.6745602488517761;0.4918229281902313;0.3373422622680664
0.19241458177566528;0.6732627749443054;0.49034878611564636;0.333958238363266
0.19427882134914398;0.674623429775238;0.49195003509521484;0.3324624001979828
0.1934952288866043;0.6746464967727661;0.49281102418899536;0.3314676284790039
0.19415824115276337;0.6746702194213867;0.49295273423194885;0.3339240550994873
0.19489726424217224;0.6752315759658813;0.49474117159843445;0.3352804481983185
0.1937401294708252;0.6748682856559753;0.49378702044487;0.3378922939300537
0.19271770119667053;0.6737431883811951;0.4918658435344696;0.3369833528995514
0.19357948005199432;0.6740633249282837;0.4924841821193695;0.33600613474845886
0.1929544359445572;0.6744560599327087;0.4921524226665497;0.3345099985599518
0.19361256062984467;0.6740440726280212;0.4913099408149719;0.3343760073184967
0.1944543421268463;0.6756114959716797;0.49542784690856934;0.33152300119400024
0.19530080258846283;0.6748105883598328;0.49395591020584106;0.33220764994621277
0.19510607421398163;0.6757279634475708;0.4964919984340668;0.3330169916152954
0.19330252707004547;0.674984872341156;0.49184638261795044;0.3360382616519928
0.19302983582019806;0.6750906705856323;0.4933018386363983;0.33410176634788513
0.19403885304927826;0.6757119297981262;0.4939807951450348;0.3340001106262207
0.19227851927280426;0.6746041774749756;0.49222874641418457;0.33129602670669556
0.19289366900920868;0.6752393841743469;0.49403220415115356;0.33279362320899963
0.19377969205379486;0.6765336990356445;0.4978583753108978;0.3288581371307373
0.19327104091644287;0.6753372550010681;0.49414297938346863;0.3287282884120941
0.19381792843341827;0.6755253076553345;0.49331235885620117;0.33202606439590454
0.19499437510967255;0.674636960029602;0.49185773730278015;0.3352373540401459
0.1945013850927353;0.6750185489654541;0.4921458661556244;0.33670124411582947
0.195192351937294;0.6755399703979492;0.4938724935054779;0.3363501727581024
0.19306576251983643;0.6746167540550232;0.49047356843948364;0.33495864272117615
0.1925010234117508;0.6755928993225098;0.49395743012428284;0.3317655622959137
0.19528046250343323;0.6745445132255554;0.49230748414993286;0.33076658844947815
0.1957283467054367;0.673529326915741;0.4908598065376282;0.33301034569740295
0.19423739612102509;0.6756789088249207;0.4929007589817047;0.33331575989723206
0.1938517540693283;0.6744118928909302;0.4933609664440155;0.3321525752544403
0.19121305644512177;0.6740671396255493;0.4905041754245758;0.3321399986743927
0.19200627505779266;0.6744243502616882;0.4900892376899719;0.335684210062027
0.1934138536453247;0.6754664778709412;0.4931778013706207;0.334957093000412
0.19161970913410187;0.6746326684951782;0.4936487376689911;0.33095577359199524
0.19211557507514954;0.6746488213539124;0.49278879165649414;0.33235427737236023
0.19305381178855896;0.6745269298553467;0.49177584052085876;0.33431586623191833
0.19278201460838318;0.6747274994850159;0.49156123399734497;0.3349948823451996
0.19494639337062836;0.6753705143928528;0.4936290681362152;0.330287903547287
0.19460873305797577;0.6754401326179504;0.4948263168334961;0.32920747995376587
0.19416645169258118;0.6753608584403992;0.494888037443161;0.3308335840702057
0.1922769397497177;0.6741707921028137;0.4912126958370209;0.3365620970726013
0.19177153706550598;0.6737399101257324;0.49084916710853577;0.33280524611473083
0.19308118522167206;0.6752210259437561;0.49299097061157227;0.3326971232891083
0.19338682293891907;0.675312340259552;0.4936981797218323;0.3358074724674225
0.19283698499202728;0.6750144362449646;0.49306678771972656;0.33488520979881287
0.19558243453502655;0.6752530932426453;0.49478647112846375;0.3333646357059479
0.19437210261821747;0.6752510070800781;0.4951840341091156;0.33152610063552856
0.19530004262924194;0.6751875281333923;0.49506232142448425;0.3283784091472626
0.19457027316093445;0.675330638885498;0.49277764558792114;0.3343612253665924
0.19355301558971405;0.6750211119651794;0.4936651885509491;0.33446216583251953
0.19455157220363617;0.6748248338699341;0.4939332902431488;0.33804866671562195
0.19329963624477386;0.67421954870224;0.49011102318763733;0.334463894367218
0.19518466293811798;0.6740807890892029;0.49235257506370544;0.3334212899208069
0.19387111067771912;0.6751025915145874;0.4937412440776825;0.3307957351207733
0.19431492686271667;0.6761137843132019;0.49350568652153015;0.33004826307296753
0.19321036338806152;0.675529420375824;0.49405890703201294;0.3304891586303711
0.1946820467710495;0.6747791171073914;0.49255022406578064;0.33196303248405457
0.1961924284696579;0.6757038235664368;0.49456891417503357;0.3348616063594818
0.1951562613248825;0.6748995184898376;0.492800235748291;0.3366881012916565
0.19581620395183563;0.6756544709205627;0.4947047829627991;0.33439263701438904
0.1974751502275467;0.6753633618354797;0.4963951110839844;0.3315158784389496
0.19633804261684418;0.6747321486473083;0.4932674467563629;0.3329753577709198
0.19515176117420197;0.6751766204833984;0.49440762400627136;0.3303079307079315
0.19645585119724274;0.6762128472328186;0.4965917766094208;0.3298467695713043
0.19635199010372162;0.6759233474731445;0.49599525332450867;0.33068862557411194
0.19598603248596191;0.6758603453636169;0.4954192340373993;0.33291640877723694
0.19369369745254517;0.6749863624572754;0.49423179030418396;0.3323037624359131
0.19523954391479492;0.6742843985557556;0.4938252568244934;0.3308849334716797
0.19768276810646057;0.6754706501960754;0.49420079588890076;0.3320637345314026
0.19617097079753876;0.6748234629631042;0.492455393075943;0.3331820070743561
0.1936480849981308;0.6749126315116882;0.4915526509284973;0.3333417475223541
0.1930563598871231;0.6750379800796509;0.49269887804985046;0.331807404756546
0.1933698207139969;0.6754287481307983;0.49412232637405396;0.3314135670661926
0.194764643907547;0.6754323840141296;0.49442625045776367;0.33470121026039124
0.19461576640605927;0.6752713322639465;0.49468231201171875;0.33212825655937195
0.19521775841712952;0.6748086810112;0.4933842718601227;0.3349147439002991
0.19447921216487885;0.6756869554519653;0.4943525493144989;0.3318946361541748
0.1936725378036499;0.6748859882354736;0.49191951751708984;0.33444744348526
0.19372914731502533;0.675221860408783;0.49226823449134827;0.33358034491539
0.19363585114479065;0.6749924421310425;0.49199825525283813;0.3340263068675995
0.1936214417219162;0.6747273802757263;0.4934700131416321;0.33308297395706177
0.1941085010766983;0.6748818159103394;0.49344587326049805;0.331819623708725
0.19515228271484375;0.675045907497406;0.49323540925979614;0.33510705828666687
0.19506846368312836;0.6740540862083435;0.49205610156059265;0.3324742019176483
0.19323515892028809;0.6738277077674866;0.49175214767456055;0.3314395844936371
0.19367365539073944;0.674930989742279;0.4925557076931;0.33210283517837524
0.19357876479625702;0.6744462847709656;0.4922012984752655;0.3333450257778168
0.19480721652507782;0.6747250556945801;0.49293604493141174;0.3337686061859131
0.1943051964044571;0.6753916144371033;0.4932040274143219;0.33855029940605164
0.19422607123851776;0.6756988763809204;0.49508190155029297;0.33279097080230713
0.19368676841259003;0.6746863722801208;0.4916689097881317;0.3342941105365753
0.19205211102962494;0.6753336191177368;0.4939831793308258;0.3328172266483307
0.1951901763677597;0.6758121848106384;0.49371787905693054;0.3345223367214203
0.1945936530828476;0.6759770512580872;0.4955577850341797;0.33192822337150574
0.1943611353635788;0.676227867603302;0.4953858554363251;0.3335045874118805
0.19465479254722595;0.67562335729599;0.4937357008457184;0.3321777880191803
0.19458593428134918;0.6763455271720886;0.4957175850868225;0.33300286531448364
0.19587233662605286;0.676048219203949;0.4960543215274811;0.3322469890117645
0.1959906816482544;0.676554799079895;0.4948599934577942;0.3326205611228943
0.19496214389801025;0.6762601733207703;0.49615994095802307;0.33178672194480896
0.19609959423542023;0.6762706637382507;0.49554821848869324;0.3317093551158905
0.194891095161438;0.6753093004226685;0.4940381944179535;0.3317519724369049
0.19478915631771088;0.6751629710197449;0.4926474690437317;0.333071231842041
0.19427941739559174;0.6754393577575684;0.49394020438194275;0.3340402841567993
0.19431641697883606;0.6749361157417297;0.4928615689277649;0.3337521255016327
0.19514386355876923;0.6752464175224304;0.49458035826683044;0.3345295488834381
0.19404499232769012;0.6751746535301208;0.49427101016044617;0.3363623321056366
0.19337649643421173;0.6750347018241882;0.49426937103271484;0.3326670229434967
0.19535361230373383;0.6757213473320007;0.4953369200229645;0.3303055763244629
0.19349698722362518;0.6748864054679871;0.4928108751773834;0.3309035897254944
0.19301152229309082;0.6744503378868103;0.49345770478248596;0.3305283188819885
0.1935255080461502;0.6751209497451782;0.49383029341697693;0.33350518345832825
0.19227325916290283;0.6747539639472961;0.4933021664619446;0.33083194494247437
0.19238083064556122;0.6740949749946594;0.49123868346214294;0.33452504873275757
0.19202089309692383;0.6746930480003357;0.4918760359287262;0.3373349606990814
0.19328968226909637;0.674452006816864;0.492265909910202;0.3338703215122223
0.19393493235111237;0.6745879054069519;0.491152286529541;0.33522993326187134
0.19308868050575256;0.6752567291259766;0.49307870864868164;0.33426231145858765
0.19206088781356812;0.6738633513450623;0.4909176826477051;0.334274023771286
0.19280609488487244;0.6739690899848938;0.49058887362480164;0.33327528834342957
0.1928638517856598;0.6749954223632812;0.4928404986858368;0.33532238006591797
0.19356825947761536;0.6746847629547119;0.4922272861003876;0.3349364101886749
0.19288717210292816;0.6739928722381592;0.492093950510025;0.3310941159725189
0.19334302842617035;0.6745973825454712;0.4931952655315399;0.33404919505119324
0.19531205296516418;0.6752789616584778;0.49478965997695923;0.33536168932914734
0.19315801560878754;0.6754667162895203;0.4941791594028473;0.331646591424942
0.19499070942401886;0.6756791472434998;0.49564990401268005;0.33046606183052063
0.19551564753055573;0.6751770377159119;0.4946637749671936;0.3313455283641815
0.19573359191417694;0.6762186288833618;0.4958178997039795;0.3335167467594147
0.19644586741924286;0.6768631339073181;0.4975881278514862;0.33255332708358765
0.19554880261421204;0.6755785346031189;0.4936625063419342;0.33363619446754456
0.1966385692358017;0.6751130223274231;0.4940652847290039;0.33136042952537537
0.19554252922534943;0.6757897734642029;0.4934445917606354;0.33457276225090027
0.1943824142217636;0.6760258674621582;0.49518194794654846;0.33329829573631287
0.1925748586654663;0.6757828593254089;0.49484825134277344;0.3308770954608917
0.19369958341121674;0.6755595803260803;0.4920988976955414;0.33398112654685974
0.19330994784832;0.6751765608787537;0.49285179376602173;0.33421897888183594
0.19438289105892181;0.674919843673706;0.49379387497901917;0.3305825889110565
0.19557934999465942;0.6753706336021423;0.4958112835884094;0.3304899334907532
0.19444912672042847;0.6751039624214172;0.4949287474155426;0.3307674825191498
0.19372349977493286;0.6744939684867859;0.4927549362182617;0.3303047716617584
0.1934255212545395;0.6748449206352234;0.492649644613266;0.33215489983558655
0.19288931787014008;0.6742505431175232;0.4916599690914154;0.3312753736972809
0.19292083382606506;0.6748275756835938;0.4939364492893219;0.333328515291214
0.1932370513677597;0.674778401851654;0.49386700987815857;0.33390942215919495
0.19344936311244965;0.6743282675743103;0.4914601445198059;0.335102915763855
0.193304643034935;0.6757520437240601;0.492450475692749;0.3376382291316986
0.19370806217193604;0.6751056909561157;0.4929027557373047;0.33191627264022827
0.19494418799877167;0.6758349537849426;0.4949679374694824;0.3350782096385956
0.19379326701164246;0.6752309203147888;0.49496904015541077;0.3350253105163574
0.19445839524269104;0.674928605556488;0.49342361092567444;0.3339789807796478
0.1938066929578781;0.6750840544700623;0.49267545342445374;0.33418041467666626
0.1943458616733551;0.6749323010444641;0.493040531873703;0.33504509925842285
0.19517071545124054;0.6755340695381165;0.49523040652275085;0.3355453610420227
0.19499725103378296;0.675300121307373;0.4951595366001129;0.3322940468788147
0.19491980969905853;0.6753665208816528;0.4965991973876953;0.3334655165672302
0.1934947818517685;0.6751716732978821;0.49365606904029846;0.332261860370636
0.19453507661819458;0.6747320294380188;0.49444419145584106;0.33297625184059143
0.19389517605304718;0.6749639511108398;0.4932394027709961;0.33303412795066833
0.19478023052215576;0.6746171116828918;0.49358120560646057;0.33428266644477844
0.19370506703853607;0.6741858720779419;0.4908777177333832;0.3341243863105774
0.19336643815040588;0.673401951789856;0.4896279275417328;0.33656156063079834
0.19288957118988037;0.673076331615448;0.4896717965602875;0.33453261852264404
0.19260871410369873;0.672907829284668;0.48989781737327576;0.3360954225063324
0.19387714564800262;0.6723293662071228;0.48916205763816833;0.3353096544742584
0.19300924241542816;0.6738801002502441;0.49128466844558716;0.3337894380092621
0.1930350512266159;0.6753012537956238;0.4920782744884491;0.3335748016834259
0.19393055140972137;0.6744946837425232;0.49321720004081726;0.33431175351142883
0.19353118538856506;0.6749947667121887;0.4943346083164215;0.3308403193950653
0.1935468465089798;0.6733803153038025;0.4912768304347992;0.3350299000740051
0.19550718367099762;0.6750973463058472;0.49408039450645447;0.3358682096004486
0.1959071159362793;0.6748785376548767;0.4940721094608307;0.33339908719062805
0.19439376890659332;0.6755039095878601;0.49535900354385376;0.332730233669281
0.19450625777244568;0.6747729778289795;0.4927843511104584;0.3312871754169464
0.19502374529838562;0.6744889616966248;0.4918929636478424;0.3331705927848816
0.19577144086360931;0.6749892234802246;0.49293333292007446;0.334602028131485
0.19526641070842743;0.675224781036377;0.4931275546550751;0.33502864837646484
0.1941358894109726;0.6748386025428772;0.49225273728370667;0.33544689416885376
0.19519156217575073;0.6742860674858093;0.49198469519615173;0.3347451984882355
0.19537487626075745;0.6750456094741821;0.4950265884399414;0.33433130383491516
0.19432425498962402;0.6759458780288696;0.4955543577671051;0.3342238664627075
0.19327175617218018;0.6756468415260315;0.4930470585823059;0.33196786046028137
0.19407819211483002;0.6750589609146118;0.4932869076728821;0.3326919376850128
0.194491907954216;0.6752180457115173;0.4933321177959442;0.3296292722225189
0.1941426545381546;0.6748968362808228;0.49416348338127136;0.3279089033603668
0.19386567175388336;0.6759092211723328;0.4954569339752197;0.33070722222328186
0.19428282976150513;0.6754699349403381;0.4947488009929657;0.33210489153862
0.1930655539035797;0.6753294467926025;0.49305057525634766;0.3335181772708893
0.19521693885326385;0.6747925877571106;0.49328309297561646;0.33369287848472595
0.194102942943573;0.6755965352058411;0.4942207932472229;0.3352116048336029
0.19111083447933197;0.674437940120697;0.49259278178215027;0.3320525288581848
0.19301040470600128;0.6752581000328064;0.49457964301109314;0.33315354585647583
0.19285598397254944;0.6748210191726685;0.4938058853149414;0.3337293565273285
0.19344739615917206;0.6755647659301758;0.4931153953075409;0.3352215886116028
0.19617436826229095;0.674704372882843;0.4931553304195404;0.3356793522834778
0.194768026471138;0.6750694513320923;0.49482280015945435;0.33509552478790283
0.19416877627372742;0.6746422052383423;0.4929385185241699;0.3357296884059906
0.1942364126443863;0.6745902299880981;0.49141231179237366;0.3351132869720459
0.19380389153957367;0.6754330396652222;0.49594172835350037;0.33225926756858826
0.19449785351753235;0.6764177083969116;0.4955357611179352;0.33399897813796997
0.19400165975093842;0.6755485534667969;0.4943262040615082;0.3347279131412506
0.19481752812862396;0.6762880086898804;0.49743887782096863;0.3328576683998108
0.19581077992916107;0.6759118437767029;0.49491196870803833;0.3325667083263397
0.19615371525287628;0.6764541864395142;0.49833497405052185;0.3326682150363922
0.19502948224544525;0.6755163073539734;0.4936861991882324;0.33550724387168884
0.19501592218875885;0.6743929386138916;0.49362650513648987;0.33046191930770874
0.19555768370628357;0.6742040514945984;0.4923861622810364;0.3343946039676666
0.19583836197853088;0.6751972436904907;0.4929022789001465;0.3351604640483856
0.19562019407749176;0.6750733256340027;0.49273404479026794;0.33292537927627563
0.1942329704761505;0.6744788289070129;0.49195441603660583;0.335242360830307
0.19185541570186615;0.6747914552688599;0.4918856620788574;0.33669471740722656
0.1945239156484604;0.6751364469528198;0.49437791109085083;0.33283695578575134
0.1949865072965622;0.6757221221923828;0.49539095163345337;0.33321523666381836
0.1949857920408249;0.6750431060791016;0.49368295073509216;0.3327181339263916
0.19497232139110565;0.6754787564277649;0.4938947856426239;0.33479079604148865
0.19367818534374237;0.6758961081504822;0.49446889758110046;0.3381206691265106
0.19423344731330872;0.6741464734077454;0.4918156564235687;0.334457129240036
0.19311074912548065;0.6755863428115845;0.4924575984477997;0.33560582995414734
0.1942441761493683;0.6744646430015564;0.4915756285190582;0.3339831233024597
0.1935141235589981;0.6747869849205017;0.4917834401130676;0.33419111371040344
0.194544717669487;0.6747248768806458;0.49198684096336365;0.3327144682407379
0.1936260312795639;0.6753538250923157;0.49232393503189087;0.33451539278030396
0.19424860179424286;0.6754093170166016;0.49481090903282166;0.3360082805156708
0.19482988119125366;0.6747115254402161;0.4944491982460022;0.33391138911247253
0.19496549665927887;0.6747340559959412;0.4948948323726654;0.3355594277381897
0.19430534541606903;0.6742379069328308;0.4936470091342926;0.33354267477989197
0.19426323473453522;0.674869179725647;0.49469882249832153;0.33441823720932007
0.19399520754814148;0.675322949886322;0.49479004740715027;0.3334093987941742
0.19411545991897583;0.6750098466873169;0.4938228726387024;0.33197256922721863
0.19416843354701996;0.675422728061676;0.49409350752830505;0.331862211227417
0.19611726701259613;0.6741510629653931;0.4921899735927582;0.3360724449157715
0.19493210315704346;0.6741289496421814;0.4900352656841278;0.3374154567718506
0.19427786767482758;0.6742357015609741;0.49114057421684265;0.33299633860588074
0.19386938214302063;0.6740853190422058;0.4932897984981537;0.32995837926864624
0.19475840032100677;0.6738563776016235;0.4919418394565582;0.3366534113883972
0.19394230842590332;0.6727575659751892;0.4893953502178192;0.3344671428203583
0.194678395986557;0.6742353439331055;0.4928540289402008;0.3320405185222626
0.19418075680732727;0.6745049953460693;0.4908004403114319;0.33417901396751404
0.19369855523109436;0.6741107106208801;0.4915706217288971;0.33493897318840027
0.193373903632164;0.6746146082878113;0.4923769533634186;0.3346574604511261
0.19479821622371674;0.6742230653762817;0.49192315340042114;0.3336988091468811
0.19213591516017914;0.6744542121887207;0.49172958731651306;0.3335126042366028
0.19338177144527435;0.6749290823936462;0.4935775697231293;0.3316898047924042
0.19234254956245422;0.673846423625946;0.49185577034950256;0.33101192116737366
0.19310183823108673;0.674876868724823;0.492134153842926;0.3347574770450592
0.1919693797826767;0.6747154593467712;0.4927111566066742;0.3336860239505768
0.1934274435043335;0.6761482357978821;0.49446845054626465;0.33246129751205444
0.19270241260528564;0.6754127144813538;0.49189454317092896;0.3355429172515869
0.19180448353290558;0.6744153499603271;0.4912603497505188;0.333820641040802
0.19236579537391663;0.6742150187492371;0.4910244047641754;0.3341071605682373
0.19381998479366302;0.6751821041107178;0.49339428544044495;0.3295201361179352
0.19454249739646912;0.6756666898727417;0.49291154742240906;0.3336685299873352
0.19407828152179718;0.6747393608093262;0.4924193024635315;0.33383235335350037
0.19268298149108887;0.674053430557251;0.4910742938518524;0.3356318473815918
0.19182035326957703;0.6736396551132202;0.49016913771629333;0.3330604135990143
0.19442147016525269;0.6752565503120422;0.49309417605400085;0.33604729175567627
0.19544455409049988;0.6749105453491211;0.49290990829467773;0.3341865539550781
0.19524319469928741;0.6744114756584167;0.4936090409755707;0.3303588926792145
0.19474898278713226;0.6746755242347717;0.49279579520225525;0.32976946234703064
0.1950925886631012;0.6747729778289795;0.4948670566082001;0.3345280587673187
0.19428394734859467;0.6747257709503174;0.4928092956542969;0.33473119139671326
0.19488249719142914;0.6749907732009888;0.4944056570529938;0.3339860141277313
0.19238466024398804;0.6738452315330505;0.49183589220046997;0.3332974910736084
0.1936246007680893;0.6746460199356079;0.4933896064758301;0.33354243636131287
0.19343721866607666;0.6749635934829712;0.49302583932876587;0.3319668173789978
0.19199047982692719;0.6745223999023438;0.4935174584388733;0.33100876212120056
0.19360554218292236;0.6753236055374146;0.49426794052124023;0.33213043212890625
0.19287560880184174;0.6746485233306885;0.4938969612121582;0.33490192890167236
0.19434933364391327;0.675843358039856;0.4935358464717865;0.33341580629348755
0.19646039605140686;0.6762388348579407;0.4953273832798004;0.33484992384910583
0.19373129308223724;0.6754446625709534;0.4957750737667084;0.33035609126091003
0.19290392100811005;0.6746346354484558;0.49249982833862305;0.33474600315093994
0.19340012967586517;0.6751310229301453;0.4947119653224945;0.3325786292552948
0.1937863528728485;0.6756525635719299;0.4942069947719574;0.3314952254295349
0.19506870210170746;0.6754022836685181;0.49454060196876526;0.332152783870697
0.19500863552093506;0.6756230592727661;0.49502888321876526;0.3319062292575836
0.19417767226696014;0.6745027303695679;0.4931885302066803;0.3293241560459137
0.19364693760871887;0.6748151183128357;0.49168798327445984;0.33392801880836487
0.1939682960510254;0.6742302775382996;0.4919176995754242;0.3360336422920227
0.19423528015613556;0.6740195751190186;0.4927377700805664;0.3277883231639862
0.1937313824892044;0.6746682524681091;0.49341487884521484;0.3298508822917938
0.19307157397270203;0.6739333271980286;0.4916169345378876;0.3338284194469452
0.19356119632720947;0.6746336817741394;0.4925062358379364;0.3334343135356903
0.19502270221710205;0.6745879650115967;0.4926338195800781;0.3349890410900116
0.19485987722873688;0.6744429469108582;0.4917074739933014;0.33545732498168945
0.19603121280670166;0.6751378178596497;0.49513837695121765;0.33168211579322815
0.19739174842834473;0.6752275824546814;0.4955524504184723;0.3300137221813202
0.1946077048778534;0.6754423975944519;0.49161767959594727;0.3328796923160553
0.19593925774097443;0.6749357581138611;0.493938684463501;0.3277134299278259
0.19293712079524994;0.6749722361564636;0.49288997054100037;0.33362793922424316
0.19363944232463837;0.6755017638206482;0.493213951587677;0.33009353280067444
0.19452165067195892;0.6748770475387573;0.4927320182323456;0.3301542401313782
0.19371910393238068;0.6756360530853271;0.4934522807598114;0.3321492075920105
0.1930723637342453;0.6748725175857544;0.49320727586746216;0.3335464894771576
0.19392402470111847;0.6739382743835449;0.49199366569519043;0.3340282142162323
0.19341760873794556;0.673212468624115;0.4893428385257721;0.33307552337646484
0.19376987218856812;0.6737968325614929;0.49001479148864746;0.33660006523132324
0.19458003342151642;0.6730654239654541;0.49007606506347656;0.3386116623878479
0.1937905251979828;0.6732172966003418;0.4901774525642395;0.3344345688819885
0.19422811269760132;0.6729251742362976;0.489352285861969;0.33445286750793457
0.19339501857757568;0.6743070483207703;0.4921819865703583;0.33295783400535583
0.19496512413024902;0.6740303635597229;0.49204739928245544;0.33029210567474365
0.19542697072029114;0.6744772791862488;0.49307557940483093;0.3322332203388214
0.19488631188869476;0.6754030585289001;0.49325281381607056;0.33282768726348877
0.19233249127864838;0.6745291948318481;0.4926508069038391;0.3304874897003174
0.19413164258003235;0.6759960055351257;0.4950253665447235;0.33352184295654297
0.19499626755714417;0.6755818724632263;0.49603673815727234;0.32974863052368164
0.19624735414981842;0.6756739616394043;0.4956953525543213;0.3316230773925781
0.19701717793941498;0.6755741238594055;0.495941162109375;0.33193784952163696
0.19552868604660034;0.6755295395851135;0.494962215423584;0.33198627829551697
0.19610629975795746;0.6745486855506897;0.49371930956840515;0.33278027176856995
0.19622305035591125;0.6738166213035583;0.491042822599411;0.33702126145362854
0.19370989501476288;0.6736502051353455;0.4895988404750824;0.3338336646556854
0.1947900503873825;0.6747574806213379;0.4925290048122406;0.3312370479106903
0.19563965499401093;0.675064742565155;0.49360838532447815;0.3325721025466919
0.19556687772274017;0.6752709150314331;0.49357300996780396;0.335306853055954
0.19789759814739227;0.6747947931289673;0.49506545066833496;0.3330579400062561
0.19673848152160645;0.6752430200576782;0.49485334753990173;0.332614541053772
0.19444291293621063;0.6749941110610962;0.4937259256839752;0.3336505889892578
0.1960168182849884;0.6754110455513;0.4957226812839508;0.33086565136909485
0.1964656561613083;0.6763344407081604;0.49802786111831665;0.3335643410682678
0.19582499563694;0.6763091087341309;0.49674344062805176;0.33137527108192444
0.1961214393377304;0.675467848777771;0.49529942870140076;0.3342140018939972
0.19349756836891174;0.675078809261322;0.49364233016967773;0.331959068775177
0.19363124668598175;0.6751700639724731;0.4935130774974823;0.3318084180355072
0.19260668754577637;0.6743864417076111;0.49194127321243286;0.3344264030456543
0.1932118982076645;0.6762159466743469;0.49493899941444397;0.3337370753288269
0.19339552521705627;0.6740902066230774;0.4917782247066498;0.3337577283382416
0.19305337965488434;0.6753768920898438;0.49297839403152466;0.33303362131118774
0.19196072220802307;0.6738463640213013;0.49091845750808716;0.333948016166687
0.19384151697158813;0.6748766899108887;0.49288082122802734;0.33276352286338806
0.19309571385383606;0.6755383610725403;0.4942178726196289;0.3320537209510803
0.19358870387077332;0.674669086933136;0.4931802749633789;0.33379697799682617
0.19311799108982086;0.6745535135269165;0.49232539534568787;0.333750456571579
0.19412845373153687;0.6738976240158081;0.4909948408603668;0.3362589478492737
0.1934634894132614;0.6754758954048157;0.4931514263153076;0.3356744050979614
0.19276300072669983;0.6738367080688477;0.49048587679862976;0.33337244391441345
0.1921301782131195;0.674942672252655;0.491579532623291;0.33440300822257996
0.19222772121429443;0.6736459136009216;0.49125853180885315;0.3361840546131134
0.1919223666191101;0.674613893032074;0.4911186695098877;0.3331873118877411
0.1927196979522705;0.6749386191368103;0.49271154403686523;0.3324310779571533
0.19364681839942932;0.6759204268455505;0.49283847212791443;0.33136796951293945
0.1940384954214096;0.6764208078384399;0.4948974549770355;0.33193978667259216
0.1931666135787964;0.675074577331543;0.4938705861568451;0.3340000808238983
0.19407504796981812;0.675984799861908;0.49584507942199707;0.3312462270259857
0.19211390614509583;0.674724280834198;0.4936561584472656;0.33114656805992126
0.19369715452194214;0.6748534440994263;0.4922696053981781;0.3302457928657532
0.1946231722831726;0.6743812561035156;0.4924367070198059;0.3345319926738739
0.19494672119617462;0.6752461791038513;0.492904394865036;0.33252549171447754
0.19368667900562286;0.6756085157394409;0.49426230788230896;0.33384808897972107
0.19454514980316162;0.675815761089325;0.4954560399055481;0.33208659291267395
0.19597089290618896;0.6762444972991943;0.49500399827957153;0.3334561288356781
0.19518347084522247;0.676243007183075;0.4957919120788574;0.33105528354644775
0.19563791155815125;0.6752166152000427;0.49524736404418945;0.3315630853176117
0.19401822984218597;0.6748024225234985;0.49253731966018677;0.33356162905693054
0.19390787184238434;0.6734142899513245;0.4918215870857239;0.33468595147132874
0.19407907128334045;0.6740912795066833;0.4905014932155609;0.33561021089553833
0.19450359046459198;0.6732286810874939;0.4901956617832184;0.333902508020401
0.19398841261863708;0.673917829990387;0.48937439918518066;0.3361397683620453
0.19325099885463715;0.6746835112571716;0.49128562211990356;0.3351952135562897
0.19327501952648163;0.6743268370628357;0.49335581064224243;0.3327195942401886
0.1957945078611374;0.6746865510940552;0.4937075674533844;0.33680200576782227
0.19607092440128326;0.6755775213241577;0.49517449736595154;0.3355281352996826
0.19652824103832245;0.6755014061927795;0.4952579438686371;0.33546531200408936
0.19361716508865356;0.6741152405738831;0.493213951587677;0.3336234390735626
0.19374151527881622;0.6751014590263367;0.49404191970825195;0.3318793773651123
0.194593608379364;0.6743073463439941;0.49384862184524536;0.3329217731952667
0.19397111237049103;0.6748828887939453;0.4944092929363251;0.33047017455101013
0.19320189952850342;0.6746492385864258;0.4928397238254547;0.3316083252429962
0.19333314895629883;0.6742071509361267;0.4924015700817108;0.33462318778038025
0.19456787407398224;0.6759377121925354;0.49542924761772156;0.3372504413127899
0.19514527916908264;0.674909234046936;0.4947381019592285;0.332731157541275
0.19316808879375458;0.6753811836242676;0.4938381314277649;0.3352418839931488
0.19399946928024292;0.6753026247024536;0.49458345770835876;0.3327327370643616
0.1960783749818802;0.6752251982688904;0.4951028525829315;0.33067411184310913
0.1969023197889328;0.6753576397895813;0.49411049485206604;0.33381515741348267
0.1964261531829834;0.6754063963890076;0.4948819577693939;0.33467909693717957
0.1961042732000351;0.6755610704421997;0.49535804986953735;0.3360779285430908
0.19516415894031525;0.6746382713317871;0.4935046136379242;0.33364763855934143
0.1939956098794937;0.6747756004333496;0.49358081817626953;0.3351835310459137
0.19589371979236603;0.6748293042182922;0.4933182895183563;0.3344407379627228
0.196191668510437;0.6749480366706848;0.49334707856178284;0.33365198969841003
0.19470582902431488;0.6739620566368103;0.49250099062919617;0.3312005400657654
0.19499471783638;0.6746308207511902;0.4903410077095032;0.3338330090045929
0.1939031183719635;0.6742599010467529;0.4908030033111572;0.33501386642456055
0.19455361366271973;0.6752426028251648;0.4945128560066223;0.33549410104751587
0.19452817738056183;0.6754202842712402;0.49321433901786804;0.3361876308917999
0.19457724690437317;0.6746308207511902;0.49300262331962585;0.33415260910987854
0.19528986513614655;0.6750698685646057;0.49416589736938477;0.33580800890922546
0.19372215867042542;0.6750493049621582;0.4933500289916992;0.33450135588645935
0.19348405301570892;0.6755419969558716;0.49541807174682617;0.3311983346939087
0.19301436841487885;0.6749207377433777;0.49311327934265137;0.3314695954322815
0.1932222545146942;0.6742839217185974;0.49261388182640076;0.33055439591407776
0.19223053753376007;0.6750392317771912;0.4922195374965668;0.33600950241088867
0.19183437526226044;0.6746692657470703;0.49225130677223206;0.33320364356040955
0.19353531301021576;0.6753568053245544;0.49375906586647034;0.33512863516807556
0.19403155148029327;0.6753128170967102;0.4943816363811493;0.3331000506877899
0.1951492726802826;0.6756958365440369;0.4944007992744446;0.33364126086235046
0.19631342589855194;0.6756046414375305;0.4952768385410309;0.3346410393714905
0.19553600251674652;0.6759718656539917;0.4951477646827698;0.33302849531173706
0.19514547288417816;0.6749891638755798;0.4931250214576721;0.3350382149219513
