err_mean;err_cos1;err_cos2;err_cos3
0.9424840807914734;0.5363560318946838;0.42069536447525024;0.9856593012809753
0.6980878114700317;0.1778208315372467;0.045377686619758606;0.05606141313910484
0.7007175087928772;0.17320173978805542;0.04769262671470642;0.05463841184973717
0.6998692154884338;0.17016057670116425;0.04837309941649437;0.05801127105951309
0.7017955183982849;0.16998408734798431;0.05245143175125122;0.05701683834195137
0.7050337195396423;0.16595344245433807;0.05544824153184891;0.05755012854933739
0.7035781145095825;0.16674946248531342;0.05522793531417847;0.05956270918250084
0.7035470008850098;0.16511639952659607;0.05071500688791275;0.06496273726224899
0.703577995300293;0.1647300273180008;0.05086414888501167;0.06611331552267075
0.7060670256614685;0.16024284064769745;0.0512734055519104;0.06446883827447891
0.7047936320304871;0.161432683467865;0.04980417713522911;0.05884167551994324
0.7021735906600952;0.16230888664722443;0.05154019594192505;0.06228989362716675
0.7010123133659363;0.1633412390947342;0.04991612955927849;0.062293436378240585
0.6991926431655884;0.1640622764825821;0.05055006965994835;0.05936851724982262
0.6967013478279114;0.16427651047706604;0.05047278478741646;0.06035585328936577
0.6960902214050293;0.1633055955171585;0.05093735456466675;0.06536232680082321
0.6970630884170532;0.1640610247850418;0.04796862602233887;0.06738612055778503
0.6979923248291016;0.1643337905406952;0.04759092256426811;0.06608358025550842
0.6983650922775269;0.16333137452602386;0.052340127527713776;0.0641249343752861
0.7014173865318298;0.163599893450737;0.0564451590180397;0.06087745353579521
0.7024593353271484;0.16389046609401703;0.05401543900370598;0.062457021325826645
0.701995313167572;0.16426776349544525;0.0549129843711853;0.06329140812158585
0.7020554542541504;0.16463600099086761;0.05437169224023819;0.06035180017352104
0.7032338976860046;0.16591700911521912;0.05365821719169617;0.06091736629605293
0.7014786601066589;0.16446112096309662;0.05295607075095177;0.06281612068414688
0.7012138366699219;0.1640906184911728;0.05464717373251915;0.06533639878034592
0.7020502090454102;0.16577273607254028;0.052947282791137695;0.06364813446998596
0.7015915513038635;0.1632048487663269;0.05334612354636192;0.05996590480208397
0.7001188397407532;0.16145148873329163;0.051772113889455795;0.060605622828006744
0.7008391618728638;0.1614709347486496;0.055166095495224;0.06742244958877563
0.7006691694259644;0.1619585007429123;0.05293412134051323;0.0656309649348259
0.701726496219635;0.1619689017534256;0.051081545650959015;0.06584808230400085
0.7020723819732666;0.16310498118400574;0.05355415865778923;0.06675276905298233
0.700020968914032;0.1640651673078537;0.05360075458884239;0.06455093622207642
0.7004644274711609;0.1627451628446579;0.05618272349238396;0.06682881712913513
0.6995053887367249;0.16147427260875702;0.05464218184351921;0.06636942923069
0.6996914148330688;0.16204601526260376;0.05365738272666931;0.06617897003889084
0.6975677609443665;0.16177426278591156;0.05323965474963188;0.06309018284082413
0.6979135870933533;0.16147130727767944;0.05326611548662186;0.06766550987958908
0.6998348236083984;0.16188986599445343;0.05338025093078613;0.06875009834766388
0.701657235622406;0.16258779168128967;0.05521205812692642;0.06148886680603027
0.7024306654930115;0.16231988370418549;0.055577170103788376;0.060980428010225296
0.7013931274414062;0.16144469380378723;0.05351649597287178;0.06600594520568848
0.7004556655883789;0.161091610789299;0.050986167043447495;0.06739190965890884
0.6992144584655762;0.1600532978773117;0.04964974522590637;0.06494850665330887
0.6981608867645264;0.16251592338085175;0.04628949239850044;0.0657903179526329
0.6986434459686279;0.16234837472438812;0.04814448580145836;0.06883855164051056
0.7004603743553162;0.16248199343681335;0.04944970831274986;0.06992034614086151
0.6980500221252441;0.1642804592847824;0.04942905530333519;0.06768500804901123
0.7003617286682129;0.1643056869506836;0.049164485186338425;0.062441326677799225
0.7024868130683899;0.1632862091064453;0.05198480561375618;0.06461683660745621
0.7043585181236267;0.1616305559873581;0.050493646413087845;0.06265091150999069
0.7061443328857422;0.1612647920846939;0.04949157312512398;0.06388222426176071
0.7058629393577576;0.16125550866127014;0.04872242361307144;0.0694764032959938
0.7065746188163757;0.16052232682704926;0.04925016686320305;0.06620075553655624
0.7070940732955933;0.16059055924415588;0.051203977316617966;0.06391429156064987
0.7068924307823181;0.16223810613155365;0.05225977301597595;0.06570401042699814
0.706112802028656;0.1622752994298935;0.049745555967092514;0.0671808049082756
0.7077519297599792;0.16158515214920044;0.04989403858780861;0.062497593462467194
0.707787036895752;0.1618346869945526;0.05169082432985306;0.0631028488278389
0.7076841592788696;0.16042163968086243;0.05244043469429016;0.06343606114387512
0.7073971033096313;0.15861831605434418;0.054267942905426025;0.06194229796528816
0.7063286900520325;0.16063335537910461;0.053056180477142334;0.06304256618022919
0.7054104208946228;0.1618618220090866;0.0539793036878109;0.06286405771970749
0.7020971179008484;0.1614949107170105;0.05693105608224869;0.059027936309576035
0.701915442943573;0.16095668077468872;0.05692831799387932;0.06344877928495407
0.7026180624961853;0.16109971702098846;0.05573207139968872;0.0679430291056633
0.703238308429718;0.1621181070804596;0.05855801701545715;0.06210179254412651
0.7060279250144958;0.16194108128547668;0.05739157274365425;0.0625523254275322
0.708183765411377;0.16281573474407196;0.0543629415333271;0.0630735456943512
0.7093910574913025;0.1610410511493683;0.053075458854436874;0.06519114226102829
0.7062720060348511;0.1622115820646286;0.05548287555575371;0.06582723557949066
0.7068838477134705;0.16200017929077148;0.053632140159606934;0.06482640653848648
0.7105333209037781;0.16412095725536346;0.053125184029340744;0.06612471491098404
0.7087282538414001;0.16346313059329987;0.0501345656812191;0.0711609274148941
0.7058878540992737;0.16302421689033508;0.05078154429793358;0.06639570742845535
0.7067332863807678;0.1617969125509262;0.04996991157531738;0.06926443427801132
0.7067911624908447;0.16209255158901215;0.04913939908146858;0.06389980763196945
0.7093667984008789;0.16246554255485535;0.04654588922858238;0.06082896515727043
0.7066930532455444;0.16193976998329163;0.047246284782886505;0.06223287805914879
0.7064946293830872;0.16108670830726624;0.04905591532588005;0.05797574669122696
0.7080559730529785;0.16103437542915344;0.0482310950756073;0.06021011993288994
0.7082458138465881;0.16084368526935577;0.04800805076956749;0.06274155527353287
0.7074100375175476;0.16257122159004211;0.045875389128923416;0.06390726566314697
0.7060968279838562;0.16285084187984467;0.04634272679686546;0.06420651078224182
0.7055959701538086;0.16368873417377472;0.04773605987429619;0.05936967208981514
0.7068752646446228;0.16248534619808197;0.04526849463582039;0.06151371821761131
0.7052316069602966;0.1625785082578659;0.0494968518614769;0.06513260304927826
0.7062914371490479;0.1618133783340454;0.05058637261390686;0.0652671679854393
0.7045285105705261;0.16202415525913239;0.049046289175748825;0.06791798025369644
0.704436182975769;0.1623593121767044;0.04984789714217186;0.06169179826974869
0.7045376896858215;0.16255968809127808;0.04716381058096886;0.06034893915057182
0.7042361497879028;0.16167208552360535;0.050072550773620605;0.061492037028074265
0.7038094997406006;0.16162636876106262;0.05037238076329231;0.06121984124183655
0.7038576006889343;0.16090109944343567;0.05023518204689026;0.06278814375400543
0.70150226354599;0.16230395436286926;0.04985016956925392;0.06433573365211487
0.7012063264846802;0.16268205642700195;0.04836076870560646;0.06064779311418533
0.7032443881034851;0.16429804265499115;0.04867604374885559;0.06576471775770187
0.7033421397209167;0.1627117097377777;0.04957255721092224;0.06640253216028214
0.7032908797264099;0.1642756462097168;0.05045636370778084;0.06825747340917587
0.7014377117156982;0.1656670719385147;0.05001192167401314;0.06608014553785324
0.7017355561256409;0.16550683975219727;0.04607183858752251;0.06421063095331192
0.7006046175956726;0.16721689701080322;0.05198081210255623;0.06460777670145035
0.7044661641120911;0.16699795424938202;0.05207691714167595;0.06465794891119003
0.7032052278518677;0.16722680628299713;0.05199494957923889;0.0679301843047142
0.7039439082145691;0.16635677218437195;0.0515168271958828;0.06567693501710892
0.7051281929016113;0.165629580616951;0.05132748559117317;0.0667959600687027
0.7060272097587585;0.16534696519374847;0.0512177050113678;0.06636841595172882
0.7070347666740417;0.16458137333393097;0.05381188541650772;0.06829322129487991
0.7086046934127808;0.16488215327262878;0.05272091552615166;0.06965517997741699
0.7102953195571899;0.16533170640468597;0.04956508427858353;0.0666331797838211
0.7090908885002136;0.16710935533046722;0.050944071263074875;0.06791571527719498
0.7083584070205688;0.16749270260334015;0.04967580363154411;0.06677370518445969
0.7064985036849976;0.16564397513866425;0.049161892384290695;0.06199337914586067
0.7075140476226807;0.1678871512413025;0.05003511905670166;0.05708286911249161
0.7093604803085327;0.1687108874320984;0.050928737968206406;0.062081437557935715
0.7087075114250183;0.16932491958141327;0.05122355744242668;0.0570489764213562
0.7077851295471191;0.16910885274410248;0.05358891561627388;0.06238918378949165
0.7040310502052307;0.16943980753421783;0.05240817740559578;0.06314804404973984
0.704891562461853;0.1698208600282669;0.0529857873916626;0.062365174293518066
0.705673336982727;0.16950659453868866;0.05276370048522949;0.06638183444738388
0.7053567171096802;0.16824299097061157;0.05295715853571892;0.06446263939142227
0.7032579183578491;0.16825826466083527;0.05246599391102791;0.06347107887268066
0.7018302083015442;0.16941885650157928;0.052554745227098465;0.060369111597537994
0.7025291323661804;0.1688479632139206;0.053217072039842606;0.062344908714294434
0.7030875086784363;0.16743157804012299;0.054249364882707596;0.066533662378788
0.702481210231781;0.16910314559936523;0.053981680423021317;0.07006487250328064
0.697955310344696;0.16763390600681305;0.05357889458537102;0.0700865313410759
0.7008095383644104;0.16713404655456543;0.05571621283888817;0.0681157037615776
0.6991081237792969;0.16700950264930725;0.05467347055673599;0.06466193497180939
0.6953890919685364;0.16749422252178192;0.053456861525774;0.06434895843267441
0.6949867606163025;0.16828764975070953;0.05353432521224022;0.06279977411031723
0.6940603256225586;0.16754288971424103;0.05426831170916557;0.06384251266717911
0.6928389668464661;0.1672680824995041;0.054560400545597076;0.062081851065158844
0.6912745833396912;0.16684702038764954;0.05031801387667656;0.06660472601652145
0.690854549407959;0.1683768481016159;0.0508357398211956;0.06893008202314377
0.6894356608390808;0.16876649856567383;0.047143470495939255;0.0627814307808876
0.6875764727592468;0.1688259094953537;0.04897136241197586;0.06414928287267685
0.6876752972602844;0.1692953109741211;0.05311223492026329;0.06125600263476372
0.6879383325576782;0.16751517355442047;0.05110729858279228;0.06382348388433456
0.6867990493774414;0.16708914935588837;0.05237724259495735;0.065279021859169
0.685975968837738;0.16624079644680023;0.052928563207387924;0.06259125471115112
0.6869807839393616;0.16449549794197083;0.05387277156114578;0.06149459630250931
0.6865985989570618;0.1654478758573532;0.052596259862184525;0.06596046686172485
0.6856074929237366;0.16487158834934235;0.05067771300673485;0.06947066634893417
0.684317409992218;0.16433273255825043;0.051885928958654404;0.066981241106987
0.6840130090713501;0.16533911228179932;0.051017772406339645;0.0651647076010704
0.6848330497741699;0.16546066105365753;0.05026000365614891;0.061874594539403915
0.6858035922050476;0.16537094116210938;0.05078619718551636;0.06339497119188309
0.6862830519676208;0.16483156383037567;0.049544211477041245;0.0626549944281578
0.6869013905525208;0.1648603230714798;0.05126466229557991;0.0634731650352478
0.6888050436973572;0.16379709541797638;0.049758609384298325;0.06471944600343704
0.6860741376876831;0.1635904163122177;0.04863934591412544;0.06421760469675064
0.6855177283287048;0.1623782515525818;0.04998612403869629;0.062368035316467285
0.6878386735916138;0.16195562481880188;0.05183267593383789;0.06321612745523453
0.6857404708862305;0.1627255231142044;0.057053662836551666;0.06502018123865128
0.6857821345329285;0.16361109912395477;0.053358472883701324;0.06416203081607819
0.6860339045524597;0.16528213024139404;0.05302023887634277;0.061737000942230225
0.6876430511474609;0.16566824913024902;0.052015721797943115;0.06490805000066757
0.6871792674064636;0.16740837693214417;0.05052924156188965;0.06781492382287979
0.6886117458343506;0.16673867404460907;0.049670349806547165;0.06689383834600449
0.6893203258514404;0.1679726392030716;0.05294087156653404;0.06785575300455093
0.6906652450561523;0.16686603426933289;0.05094621330499649;0.06826909631490707
0.6904997229576111;0.16754533350467682;0.05049240216612816;0.07088272273540497
0.6889989972114563;0.16513054072856903;0.04978758841753006;0.06956266611814499
0.6893503665924072;0.16553322970867157;0.05028883367776871;0.06379374116659164
0.6860683560371399;0.16565820574760437;0.04910187050700188;0.06434640288352966
0.6858620643615723;0.16405831277370453;0.050924014300107956;0.06441771984100342
0.6862565279006958;0.16328947246074677;0.04971883445978165;0.06429972499608994
0.6868723630905151;0.16331830620765686;0.04999405890703201;0.0620393343269825
0.6872273087501526;0.16272856295108795;0.04853803664445877;0.06292536854743958
0.6870445013046265;0.16338501870632172;0.04995914176106453;0.06420844048261642
0.6880865097045898;0.16363264620304108;0.050695449113845825;0.064559705555439
0.6824347376823425;0.16345711052417755;0.04928886890411377;0.064350426197052
0.6814919114112854;0.16350185871124268;0.04888388141989708;0.06527245044708252
0.6811084151268005;0.16459141671657562;0.04841408133506775;0.06391306221485138
0.6819097995758057;0.16654591262340546;0.050482507795095444;0.06322241574525833
0.6830245852470398;0.16731701791286469;0.05138134956359863;0.060082923620939255
0.685691773891449;0.16648559272289276;0.05400136113166809;0.05742045119404793
0.686661422252655;0.16714510321617126;0.05303749069571495;0.06529591232538223
0.6863271594047546;0.16699223220348358;0.0549907460808754;0.06711257249116898
0.6862425208091736;0.16550631821155548;0.05285663157701492;0.06457382440567017
0.6877736449241638;0.16664540767669678;0.05223948881030083;0.06613524258136749
0.6891467571258545;0.16611012816429138;0.049588192254304886;0.06539449095726013
0.6895735859870911;0.16421352326869965;0.04695149138569832;0.06594958156347275
0.6891919374465942;0.16309094429016113;0.046089597046375275;0.06652706116437912
0.6871668696403503;0.1637222021818161;0.04991523548960686;0.06395070999860764
0.6882716417312622;0.16450798511505127;0.04925881698727608;0.06446366757154465
0.6890058517456055;0.16427984833717346;0.048470672219991684;0.06676488369703293
0.6883179545402527;0.16578957438468933;0.048504143953323364;0.06540819257497787
0.6886705756187439;0.16699205338954926;0.051415424793958664;0.06348253041505814
0.6882883310317993;0.16590555012226105;0.050362832844257355;0.0659981369972229
0.6872530579566956;0.16607214510440826;0.049335185438394547;0.0630384013056755
0.6894516348838806;0.16770605742931366;0.04914237931370735;0.06290539354085922
0.6892858147621155;0.16662167012691498;0.048662733286619186;0.06360576301813126
0.6901842355728149;0.16631938517093658;0.04670287296175957;0.06364449113607407
0.6899129152297974;0.16546866297721863;0.04890942946076393;0.06623207032680511
0.689655601978302;0.16608184576034546;0.05442057177424431;0.06417883187532425
0.6904595494270325;0.1669127196073532;0.05259915068745613;0.06096851825714111
0.6907438635826111;0.1669374704360962;0.05438774451613426;0.060858793556690216
0.6888976097106934;0.16541524231433868;0.05545627698302269;0.062231358140707016
0.6885983943939209;0.16566787660121918;0.053715694695711136;0.06364012509584427
0.6870980262756348;0.16651426255702972;0.05291879177093506;0.05991058424115181
0.6882064938545227;0.1692088544368744;0.054171036928892136;0.062482524663209915
0.6892926096916199;0.16725720465183258;0.052926190197467804;0.058161284774541855
0.6934241652488708;0.16839522123336792;0.05134179815649986;0.057870496064424515
0.6922052502632141;0.16686733067035675;0.05207285284996033;0.06393855065107346
0.6920090913772583;0.16780415177345276;0.053782302886247635;0.06091415882110596
0.689635694026947;0.16737249493598938;0.052104752510786057;0.05782502889633179
0.6920165419578552;0.16867226362228394;0.052845973521471024;0.058725666254758835
0.6895418763160706;0.16845761239528656;0.05100572854280472;0.059426117688417435
0.6879866719245911;0.16729076206684113;0.0517016239464283;0.0628768652677536
0.6873607635498047;0.16630762815475464;0.05213583633303642;0.06140667200088501
0.6869742274284363;0.1651405543088913;0.05035349354147911;0.06169956922531128
0.686102569103241;0.16493485867977142;0.048643238842487335;0.0609288327395916
0.688152551651001;0.16579745709896088;0.04914604499936104;0.059286680072546005
0.6863715052604675;0.16555093228816986;0.0492650531232357;0.063991479575634
0.6868018507957458;0.16646519303321838;0.048285968601703644;0.06194664165377617
0.6851384043693542;0.1661231815814972;0.04955416917800903;0.06496230512857437
0.685582160949707;0.16648343205451965;0.050714410841464996;0.06453048437833786
0.6846572756767273;0.16647951304912567;0.05179789289832115;0.06474607437849045
0.6868197321891785;0.16678082942962646;0.05390545353293419;0.06723406910896301
0.6834020018577576;0.16519206762313843;0.05375639349222183;0.06503476947546005
0.6822721362113953;0.1650819331407547;0.05391848832368851;0.06378383934497833
0.6815564036369324;0.16464252769947052;0.051865626126527786;0.06365444511175156
0.6818993091583252;0.16399644315242767;0.05130920931696892;0.060638427734375
0.6825479865074158;0.16378635168075562;0.05166778713464737;0.06381654739379883
0.6812095642089844;0.16341106593608856;0.054605092853307724;0.06468218564987183
0.6805998682975769;0.16204041242599487;0.055118538439273834;0.0617789626121521
0.6829879879951477;0.16135792434215546;0.05546063184738159;0.06150459125638008
0.6799625158309937;0.16194647550582886;0.05596477910876274;0.06366486847400665
0.6807944178581238;0.16288353502750397;0.05477399751543999;0.06220535188913345
0.6783837676048279;0.1617782860994339;0.054222263395786285;0.06482679396867752
0.6791763305664062;0.16127032041549683;0.05258146673440933;0.06377562135457993
0.6796154975891113;0.16054357588291168;0.05147571116685867;0.06773041933774948
0.6802349090576172;0.159555122256279;0.051504116505384445;0.06742731481790543
0.6805331110954285;0.1600959748029709;0.05244416743516922;0.06300821900367737
0.6780313849449158;0.15871208906173706;0.051364876329898834;0.06560947000980377
0.6769158840179443;0.15774904191493988;0.051314618438482285;0.06431633234024048
0.6783159375190735;0.1570359766483307;0.052576299756765366;0.05941630154848099
0.6786975860595703;0.15696750581264496;0.05056892707943916;0.06340409815311432
0.6778357625007629;0.15904875099658966;0.04891723394393921;0.06392701715230942
0.679013192653656;0.16007769107818604;0.04748956486582756;0.06524603068828583
0.6798695921897888;0.16068081557750702;0.04695773124694824;0.06276845186948776
0.6824538111686707;0.16116684675216675;0.046405550092458725;0.05689513310790062
0.6821874976158142;0.1606956273317337;0.04844311624765396;0.0649668350815773
0.6808902621269226;0.16327452659606934;0.04942917451262474;0.06645991653203964
0.6800493597984314;0.1616216003894806;0.04979060962796211;0.06487724930047989
0.6820140480995178;0.16205108165740967;0.05080430582165718;0.06524628400802612
0.684185266494751;0.15986287593841553;0.05180150270462036;0.06372387707233429
0.6847720146179199;0.15980760753154755;0.0460718609392643;0.06519660353660583
0.681940495967865;0.16110824048519135;0.04467269405722618;0.06331020593643188
0.6820060610771179;0.1610591858625412;0.04596254974603653;0.06328240782022476
0.6813420653343201;0.16197679936885834;0.04705529287457466;0.06456512957811356
0.6786209940910339;0.16208414733409882;0.05057728290557861;0.06621130555868149
0.6800279021263123;0.16362278163433075;0.050696082413196564;0.06731075048446655
0.6786617636680603;0.16335242986679077;0.052134376019239426;0.06507086008787155
0.6789975166320801;0.16265380382537842;0.04967464134097099;0.06413266807794571
0.6779806017875671;0.16296857595443726;0.047599632292985916;0.06535356491804123
0.6799339652061462;0.16226164996623993;0.05042605474591255;0.061581965535879135
0.6790367364883423;0.16269077360630035;0.05161155015230179;0.066151462495327
0.678942859172821;0.16202856600284576;0.05443831905722618;0.0658533126115799
0.6790784001350403;0.16166594624519348;0.05413360521197319;0.06577954441308975
0.6765179634094238;0.16357599198818207;0.05479095131158829;0.0670737475156784
0.6791468858718872;0.1619543582201004;0.0493013858795166;0.06499744206666946
0.6781304478645325;0.16126902401447296;0.05049852281808853;0.06383227556943893
0.6800202131271362;0.16161319613456726;0.05076458677649498;0.06704073399305344
0.6784775257110596;0.16273906826972961;0.05142445117235184;0.0616326704621315
0.6787447929382324;0.16462379693984985;0.05022610351443291;0.06387095898389816
0.6800037622451782;0.16311776638031006;0.05292161926627159;0.0632062703371048
0.6805161833763123;0.1653801053762436;0.05131876468658447;0.06282962113618851
0.6843315362930298;0.16336193680763245;0.050442613661289215;0.0675574317574501
0.683311402797699;0.1629178375005722;0.05275166779756546;0.06671152263879776
0.6836134791374207;0.16146960854530334;0.0508609302341938;0.06602642685174942
0.6838480234146118;0.1601976603269577;0.04900117591023445;0.06456033885478973
0.6852679252624512;0.1605936586856842;0.04575326666235924;0.06338166445493698
0.6852795481681824;0.16050785779953003;0.04563211649656296;0.06629106402397156
0.6836854815483093;0.16037273406982422;0.0491008386015892;0.0667203813791275
0.6823448538780212;0.16047246754169464;0.049162693321704865;0.06561920791864395
0.6791607737541199;0.16071054339408875;0.04884259030222893;0.06490567326545715
0.6815396547317505;0.15973781049251556;0.048465922474861145;0.06168542057275772
0.6776887774467468;0.15998831391334534;0.04812874272465706;0.06362356245517731
0.6788909435272217;0.15988314151763916;0.050943922251462936;0.0667642280459404
0.6802802085876465;0.1594228297472;0.05118663236498833;0.06253360211849213
0.6784958243370056;0.1596524566411972;0.052619196474552155;0.06246495246887207
0.6801940202713013;0.16029201447963715;0.05383555218577385;0.06510650366544724
0.6781756281852722;0.16149722039699554;0.0517205186188221;0.06351710855960846
0.6787185668945312;0.16039548814296722;0.05382118374109268;0.06282564252614975
0.677534282207489;0.1597829908132553;0.056462258100509644;0.06849461048841476
0.6791664958000183;0.15984494984149933;0.0554639995098114;0.06406328082084656
0.677773118019104;0.15917901694774628;0.05287569761276245;0.0628880187869072
0.6775352954864502;0.1602967232465744;0.05101241543889046;0.0647922083735466
0.6756085157394409;0.16165204346179962;0.051876455545425415;0.06596561521291733
0.6760052442550659;0.1618713140487671;0.04982725903391838;0.06225099787116051
0.6784273982048035;0.16275998950004578;0.051795244216918945;0.0649123340845108
0.6755681037902832;0.16345496475696564;0.05093718692660332;0.06527989357709885
0.6764141321182251;0.16367579996585846;0.05197102576494217;0.06817267835140228
0.6753910779953003;0.16230420768260956;0.04854488745331764;0.0683988556265831
0.6770783066749573;0.1606566607952118;0.04571310803294182;0.066932812333107
0.6762160658836365;0.16014157235622406;0.04790063574910164;0.06151948496699333
0.6757104992866516;0.16007068753242493;0.04958106949925423;0.06157863140106201
0.674769401550293;0.16110703349113464;0.050863731652498245;0.06703005731105804
0.6724680662155151;0.16060447692871094;0.04895956814289093;0.06540708988904953
0.6729011535644531;0.16052618622779846;0.05140000209212303;0.06447048485279083
0.6725251078605652;0.15958833694458008;0.05080489069223404;0.06693266332149506
0.6705726981163025;0.1609209030866623;0.05015833303332329;0.06423088908195496
0.6719362735748291;0.16129501163959503;0.05141253396868706;0.06302086263895035
0.6707881093025208;0.1621205061674118;0.0509219728410244;0.06317406892776489
0.6685804724693298;0.15973371267318726;0.05160241946578026;0.06504218280315399
0.6669639945030212;0.15890757739543915;0.05147168040275574;0.06369975954294205
0.6675664782524109;0.15789742767810822;0.051130618900060654;0.06344226747751236
0.6708194613456726;0.15868256986141205;0.048738688230514526;0.06483026593923569
0.6717237234115601;0.15859858691692352;0.049874771386384964;0.06235603243112564
0.6731449961662292;0.15822134912014008;0.0519232451915741;0.060237038880586624
0.6730708479881287;0.15811572968959808;0.05091261491179466;0.05755665525794029
0.6698877811431885;0.1580222100019455;0.05213239789009094;0.06397642940282822
0.6694604754447937;0.15849392116069794;0.05354877933859825;0.06617729365825653
0.6708909869194031;0.16038091480731964;0.052406299859285355;0.06593846529722214
0.6687299013137817;0.15967385470867157;0.05141552910208702;0.06709276884794235
0.6711340546607971;0.16029247641563416;0.05273023247718811;0.07205134630203247
0.6708824038505554;0.16048173606395721;0.052984654903411865;0.07164385169744492
0.6724641919136047;0.1599329560995102;0.05397803708910942;0.06433741748332977
0.6723446249961853;0.15961016714572906;0.05224860459566116;0.0637560710310936
0.6718046069145203;0.15950077772140503;0.05021465942263603;0.06397831439971924
0.674289345741272;0.15966057777404785;0.05010287091135979;0.06716511398553848
0.6754480600357056;0.15996411442756653;0.05005032941699028;0.06594796478748322
0.6731507182121277;0.16091428697109222;0.04871467500925064;0.06503834575414658
0.6731566786766052;0.1598195731639862;0.04901852458715439;0.06332371383905411
0.6727197170257568;0.15997277200222015;0.050769686698913574;0.06370636075735092
0.6702392101287842;0.1606059968471527;0.0512721911072731;0.06152210384607315
0.6696444153785706;0.1596391648054123;0.05152973160147667;0.06273223459720612
0.6690664887428284;0.15886321663856506;0.051465000957250595;0.0617399588227272
0.6704394221305847;0.16057562828063965;0.052635081112384796;0.06526163220405579
0.6725285649299622;0.1588829755783081;0.051254045218229294;0.0654393807053566
0.6716979146003723;0.1603236198425293;0.048011865466833115;0.06529932469129562
0.6729835271835327;0.16158510744571686;0.04868323355913162;0.06561371684074402
0.6717191934585571;0.16120289266109467;0.04839916527271271;0.05965479835867882
0.6713400483131409;0.16174347698688507;0.050842370837926865;0.06115581467747688
0.672508716583252;0.16200314462184906;0.052665699273347855;0.06222578510642052
0.6715348362922668;0.1630225032567978;0.05178867653012276;0.0626685619354248
0.6717625856399536;0.1632947325706482;0.05363640934228897;0.0631101056933403
0.6694248914718628;0.162241131067276;0.054353028535842896;0.061938803642988205
0.6698124408721924;0.16384093463420868;0.05152198299765587;0.06151358038187027
0.6685774326324463;0.1629134863615036;0.05170610174536705;0.06402941793203354
0.669348418712616;0.16192448139190674;0.05146285891532898;0.06651025265455246
0.6681346297264099;0.1620364487171173;0.051246482878923416;0.062172677367925644
0.669438898563385;0.16283415257930756;0.04904024675488472;0.05886037275195122
0.6688769459724426;0.1626039296388626;0.050173353403806686;0.0602908730506897
0.6675000190734863;0.16219359636306763;0.05132085829973221;0.057121772319078445
0.6655880808830261;0.16139660775661469;0.05261455848813057;0.059972263872623444
0.6642007231712341;0.16033634543418884;0.05528271198272705;0.059689342975616455
0.6653159856796265;0.1601770967245102;0.056212570518255234;0.06362680345773697
0.6630580425262451;0.16194872558116913;0.05756942555308342;0.06560545414686203
0.6620674729347229;0.16102388501167297;0.05771615728735924;0.0630015954375267
0.6631540060043335;0.16044841706752777;0.05720972642302513;0.06043754145503044
0.6638687252998352;0.16031068563461304;0.05873068794608116;0.06414908915758133
0.6647243499755859;0.15997277200222015;0.058941569179296494;0.06550700962543488
0.6649836301803589;0.1607591211795807;0.058115482330322266;0.06784897297620773
0.6639334559440613;0.16089002788066864;0.052412331104278564;0.06528221070766449
0.6643937826156616;0.1601661890745163;0.049254681915044785;0.0643077865242958
0.6630010008811951;0.1596207469701767;0.045276280492544174;0.06393644213676453
0.6615795493125916;0.1592341959476471;0.045789849013090134;0.06631655991077423
0.6612302660942078;0.15747331082820892;0.04630139470100403;0.06166430935263634
0.6610676646232605;0.15821623802185059;0.04819298908114433;0.06921791285276413
0.6601095199584961;0.15857653319835663;0.04805444926023483;0.07116196304559708
0.6624311804771423;0.15788866579532623;0.04918861761689186;0.06631816923618317
0.6602783799171448;0.1583280712366104;0.05214853957295418;0.06420328468084335
0.6621589660644531;0.15758875012397766;0.05434328317642212;0.06638449430465698
0.6629218459129333;0.15736182034015656;0.05431520938873291;0.06587959825992584
0.6652548313140869;0.15511107444763184;0.05685349926352501;0.06456702202558517
0.6669179797172546;0.15568430721759796;0.05483716353774071;0.06383002549409866
0.6657389402389526;0.15740595757961273;0.05614370107650757;0.06463877111673355
0.667717456817627;0.15675561130046844;0.05752449110150337;0.06500454246997833
0.668034017086029;0.15722906589508057;0.05822991207242012;0.06569720059633255
0.6689915657043457;0.1558418869972229;0.05560540035367012;0.06407514959573746
0.6708064675331116;0.15827634930610657;0.05463885888457298;0.05987892299890518
0.6713014245033264;0.15820540487766266;0.056261610239744186;0.05961666628718376
0.6713069677352905;0.15885920822620392;0.054369956254959106;0.060680367052555084
0.6734976768493652;0.15892641246318817;0.053988050669431686;0.06258057057857513
0.6739358305931091;0.1601526290178299;0.04818115010857582;0.06639135628938675
0.6711573004722595;0.16015015542507172;0.05138850957155228;0.061869729310274124
0.6709116101264954;0.161957785487175;0.051937468349933624;0.0610099732875824
0.6708037853240967;0.1620929092168808;0.05365632101893425;0.0647989884018898
0.6711256504058838;0.16107623279094696;0.05302053689956665;0.06414557993412018
0.6717880368232727;0.16129980981349945;0.05222231149673462;0.06442534178495407
0.6731688380241394;0.1616368293762207;0.053200770169496536;0.06536741554737091
0.6696795225143433;0.16246278584003448;0.051584191620349884;0.06283404678106308
0.6689821481704712;0.16329745948314667;0.047677505761384964;0.06416226923465729
0.6706581115722656;0.16403143107891083;0.05140366777777672;0.06478071212768555
0.6719615459442139;0.16421917080879211;0.0503583662211895;0.06499622762203217
0.6704058051109314;0.16290228068828583;0.051802437752485275;0.061586737632751465
0.6734301447868347;0.16347351670265198;0.050662923604249954;0.061863698065280914
0.6743819117546082;0.1629408448934555;0.05075196549296379;0.060228317975997925
0.6745706796646118;0.1631045788526535;0.05275693163275719;0.06444264203310013
0.6746346354484558;0.16252949833869934;0.049244966357946396;0.06025921180844307
0.6738243103027344;0.16431359946727753;0.04926827549934387;0.06432147324085236
0.6723960041999817;0.16527511179447174;0.04911435395479202;0.06149144098162651
0.6747543215751648;0.16418373584747314;0.052464235574007034;0.060816239565610886
0.6752210855484009;0.16386723518371582;0.05253642424941063;0.06581355631351471
0.676183819770813;0.16229292750358582;0.05165937542915344;0.06274139136075974
0.6768231391906738;0.16387490928173065;0.053956784307956696;0.06643310189247131
0.6754800081253052;0.16529597342014313;0.05873141437768936;0.0663716197013855
0.6738197207450867;0.16487130522727966;0.054237235337495804;0.06705466657876968
0.6711037755012512;0.16735808551311493;0.05692373588681221;0.06910376995801926
0.6723954081535339;0.16754589974880219;0.05458745360374451;0.0646730288863182
0.6686282157897949;0.16693468391895294;0.05549788102507591;0.0643049031496048
0.6683500409126282;0.16927146911621094;0.05529297515749931;0.060320403426885605
0.6681840419769287;0.1674150675535202;0.05532219633460045;0.06554784625768661
0.6669256091117859;0.16725240647792816;0.05545879527926445;0.06550158560276031
0.6692039370536804;0.16667045652866364;0.05194426700472832;0.06556513160467148
0.6707246899604797;0.1654828041791916;0.054329920560121536;0.06637092679738998
0.6718032360076904;0.16776886582374573;0.05302181467413902;0.06763387471437454
0.6729151606559753;0.1676476001739502;0.05239970237016678;0.06415440142154694
0.6724454164505005;0.16652731597423553;0.05375862121582031;0.06410054117441177
0.6711944937705994;0.1666020303964615;0.05345190688967705;0.06356429308652878
0.670271098613739;0.1660730540752411;0.05461590364575386;0.06455313414335251
0.6706733107566833;0.16498741507530212;0.050573136657476425;0.06323277205228806
0.6685046553611755;0.16243024170398712;0.05384981632232666;0.061164189130067825
0.6662508249282837;0.16208915412425995;0.05273855850100517;0.06556463986635208
0.6669089198112488;0.162835031747818;0.052983857691287994;0.06695573776960373
0.6669546961784363;0.16417567431926727;0.0528780035674572;0.0668015405535698
0.6663421392440796;0.163765549659729;0.05296764895319939;0.06612109392881393
0.6666821241378784;0.16315515339374542;0.052204545587301254;0.060367245227098465
0.6669296622276306;0.16342994570732117;0.052862949669361115;0.06670736521482468
0.6653324365615845;0.16545219719409943;0.05058596283197403;0.06470134109258652
0.6661787033081055;0.16490700840950012;0.04926693066954613;0.06350663304328918
0.6675634980201721;0.1637537181377411;0.04894603416323662;0.06467130035161972
0.668540894985199;0.16473470628261566;0.0491635762155056;0.06060671806335449
0.6687700748443604;0.16533777117729187;0.05260463431477547;0.06006605178117752
0.6680272221565247;0.16355577111244202;0.05184431001543999;0.06373994797468185
0.6689093112945557;0.16443128883838654;0.05106102302670479;0.0632118284702301
0.6703019142150879;0.16383782029151917;0.049189578741788864;0.06732865422964096
0.6684040427207947;0.16448108851909637;0.05145043879747391;0.06614299863576889
0.6674396395683289;0.1631009429693222;0.04984318092465401;0.06375237554311752
0.6679515838623047;0.1640152782201767;0.04887258633971214;0.06491891294717789
0.6650949716567993;0.16281886398792267;0.04923342168331146;0.06799393892288208
0.6660043597221375;0.16300693154335022;0.04559360072016716;0.06597974896430969
0.6648271083831787;0.16242244839668274;0.04699142649769783;0.06791116297245026
0.6638717651367188;0.16205041110515594;0.050403892993927;0.0644935742020607
0.6638633608818054;0.16290903091430664;0.049408577382564545;0.06463415920734406
0.6633023619651794;0.16348175704479218;0.05073070153594017;0.06500103324651718
0.6604556441307068;0.16457413136959076;0.050450827926397324;0.06339569389820099
0.6618196964263916;0.16511492431163788;0.05180959776043892;0.06073490530252457
0.6603543162345886;0.16702288389205933;0.05356370285153389;0.05777135491371155
0.6641473174095154;0.16552963852882385;0.05414555221796036;0.054732322692871094
0.6624285578727722;0.1642303615808487;0.050719209015369415;0.05807417258620262
0.6635578274726868;0.16259101033210754;0.052543580532073975;0.060274459421634674
0.6609131693840027;0.1622990071773529;0.051880378276109695;0.06309378147125244
0.6620413064956665;0.16242961585521698;0.053482528775930405;0.06214865669608116
0.662860631942749;0.162301167845726;0.05270371586084366;0.06074976548552513
0.6653403639793396;0.16133730113506317;0.05310800299048424;0.061588119715452194
0.6662949323654175;0.16260071098804474;0.05330594256520271;0.06382468342781067
0.6640393137931824;0.1610678881406784;0.05347378924489021;0.0636470690369606
0.6645471453666687;0.1614513397216797;0.052720315754413605;0.06490374356508255
0.6641934514045715;0.16316117346286774;0.05210772901773453;0.06141742691397667
0.6634855270385742;0.16182218492031097;0.05085933208465576;0.06687051802873611
0.6651821732521057;0.16241466999053955;0.05045117065310478;0.0721140056848526
0.6659430861473083;0.16305620968341827;0.050281036645174026;0.0690949559211731
0.663737952709198;0.16442719101905823;0.048607733100652695;0.06750676780939102
0.6632310748100281;0.16357474029064178;0.048232194036245346;0.06580986082553864
0.6634638905525208;0.16417060792446136;0.0475936122238636;0.0626261830329895
0.6621786952018738;0.16552899777889252;0.049469444900751114;0.0672469288110733
0.663443922996521;0.16616371273994446;0.04618095979094505;0.06422050297260284
0.6614879965782166;0.166068896651268;0.047444142401218414;0.06338833272457123
0.6640176773071289;0.1660841852426529;0.04711022600531578;0.06788747012615204
0.6629993319511414;0.16616880893707275;0.0506579764187336;0.0670371875166893
0.6621941924095154;0.1643972396850586;0.04885226860642433;0.06858543306589127
0.6628408432006836;0.163881316781044;0.049337927252054214;0.06723210215568542
0.6612538695335388;0.16481129825115204;0.05234197899699211;0.0629114881157875
0.6595825552940369;0.16470114886760712;0.05483958125114441;0.06123333051800728
0.656964898109436;0.16535869240760803;0.05508750304579735;0.06412754952907562
0.6545979976654053;0.16767360270023346;0.05675440654158592;0.06655412912368774
0.6560091972351074;0.166584774851799;0.05489414930343628;0.06729170680046082
0.6544166207313538;0.1651371866464615;0.054848771542310715;0.06581810861825943
0.6547034978866577;0.164826437830925;0.054731596261262894;0.06728078424930573
0.6547730565071106;0.16371269524097443;0.053118862211704254;0.06527059525251389
0.6566784381866455;0.16611981391906738;0.05325939878821373;0.05987318977713585
0.6571143269538879;0.16683237254619598;0.05604972317814827;0.060708608478307724
0.6563712358474731;0.16899167001247406;0.05564943701028824;0.05922216176986694
0.6566604375839233;0.16852600872516632;0.056855667382478714;0.06440891325473785
0.6572503447532654;0.16870684921741486;0.05518963560461998;0.06549429893493652
0.6593499183654785;0.16773615777492523;0.053637243807315826;0.06304420530796051
0.6597298979759216;0.1669887900352478;0.05422138050198555;0.061054956167936325
0.6572237610816956;0.16670039296150208;0.05295149236917496;0.06011449173092842
0.6571522355079651;0.16641680896282196;0.05010407790541649;0.0597219243645668
0.6566556692123413;0.16593746840953827;0.05341087654232979;0.06349145621061325
0.6560699939727783;0.1669297069311142;0.0519118569791317;0.07063233107328415
0.6559951901435852;0.16562381386756897;0.05435502529144287;0.06780362874269485
0.6580485701560974;0.1645372211933136;0.053636133670806885;0.06292221695184708
0.6565801501274109;0.16423028707504272;0.0531071200966835;0.06417220830917358
0.6570416688919067;0.16446736454963684;0.050779979676008224;0.06515081226825714
0.6554780006408691;0.16454122960567474;0.05054160952568054;0.0667342022061348
0.6566555500030518;0.1644834578037262;0.04822803661227226;0.06806939095258713
0.6572714447975159;0.16510039567947388;0.046190038323402405;0.06456881016492844
0.6558336615562439;0.16562214493751526;0.04583238437771797;0.06801839917898178
0.6557455062866211;0.1653876155614853;0.04714125022292137;0.06663844734430313
0.6563989520072937;0.1651800125837326;0.05107918009161949;0.06673513352870941
0.6560003161430359;0.16512413322925568;0.04984027519822121;0.06550321727991104
0.6583508849143982;0.1637265533208847;0.04883911833167076;0.06368377804756165
0.6557494401931763;0.16423486173152924;0.05102164298295975;0.06468240171670914
0.6521868705749512;0.16308924555778503;0.0482192300260067;0.06501856446266174
0.6554183959960938;0.16192905604839325;0.04637596756219864;0.06583107262849808
0.6560773253440857;0.1616850346326828;0.04722859337925911;0.06511405855417252
0.6568774580955505;0.16198328137397766;0.04922151193022728;0.059829987585544586
0.6592841744422913;0.1628018468618393;0.0489206537604332;0.060337115079164505
0.6614023447036743;0.16246262192726135;0.04866860806941986;0.06508499383926392
0.6603533029556274;0.16262324154376984;0.05070928484201431;0.06542681902647018
0.6593469381332397;0.16259056329727173;0.0465882383286953;0.06431403756141663
0.6586640477180481;0.16246913373470306;0.050279345363378525;0.05999856814742088
0.6591455340385437;0.1620512455701828;0.050437260419130325;0.05983540043234825
0.6579762697219849;0.16100120544433594;0.049289241433143616;0.06039828062057495
0.6610768437385559;0.1616324484348297;0.05165061354637146;0.06528422981500626
0.661316454410553;0.16207726299762726;0.049890000373125076;0.06273438781499863
0.6607128977775574;0.16314025223255157;0.053986191749572754;0.058569032698869705
0.6586481332778931;0.1629091501235962;0.05641314387321472;0.05888032913208008
0.6590401530265808;0.1639217585325241;0.05287368223071098;0.058244671672582626
0.6613230109214783;0.1645822376012802;0.05571329593658447;0.05907509848475456
0.6621034741401672;0.16474463045597076;0.05521435663104057;0.06060604006052017
0.6616969108581543;0.16204515099525452;0.05397992953658104;0.06448855251073837
0.6623731851577759;0.16443125903606415;0.05571151524782181;0.06755563616752625
0.6620432138442993;0.16552701592445374;0.05988432094454765;0.06523536890745163
0.662584125995636;0.16512957215309143;0.05481084808707237;0.060663945972919464
0.6667417883872986;0.1651611477136612;0.052900005131959915;0.06346346437931061
0.6651359796524048;0.16439251601696014;0.05047781392931938;0.06715861707925797
0.6667355895042419;0.16483180224895477;0.05044050142168999;0.06860315799713135
0.6675170063972473;0.1645299643278122;0.04962895065546036;0.07040192186832428
0.6661282777786255;0.16274681687355042;0.0489153228700161;0.06771502643823624
0.6667308807373047;0.16378211975097656;0.048949338495731354;0.06772974878549576
0.6636420488357544;0.164917454123497;0.05182904005050659;0.07019354403018951
0.6629849076271057;0.16370056569576263;0.051292967051267624;0.06769965589046478
0.664829671382904;0.1635599136352539;0.05506162717938423;0.06319033354520798
0.666860044002533;0.16251219809055328;0.05038219690322876;0.061455994844436646
0.6663001179695129;0.1623757928609848;0.04670729115605354;0.05854223296046257
0.6649357676506042;0.16194230318069458;0.05134332925081253;0.06286033242940903
0.66485196352005;0.16283540427684784;0.05072472244501114;0.0657963678240776
0.6647704243659973;0.1628858745098114;0.049509454518556595;0.06447140872478485
0.6686647534370422;0.16454480588436127;0.051209934055805206;0.0638233944773674
0.6683552861213684;0.16493986546993256;0.04920244216918945;0.06930411607027054
0.6701703071594238;0.16425512731075287;0.04770808294415474;0.06995337456464767
0.6687114834785461;0.16350825130939484;0.050890762358903885;0.06520780175924301
0.6675167083740234;0.16461196541786194;0.0511004813015461;0.06356263160705566
0.6653639674186707;0.16375607252120972;0.050658464431762695;0.06505294889211655
0.6664676070213318;0.1623496264219284;0.04921365901827812;0.06251939386129379
0.666922390460968;0.1622418612241745;0.05353084206581116;0.06337802857160568
0.6632202863693237;0.16155940294265747;0.052704524248838425;0.066192626953125
0.6623098850250244;0.1643810272216797;0.053846586495637894;0.06734683364629745
0.6641365885734558;0.16534923017024994;0.053968559950590134;0.06247986480593681
0.6662851572036743;0.16310660541057587;0.05315832048654556;0.0668078288435936
0.6644488573074341;0.16356968879699707;0.05702812597155571;0.06240605190396309
0.6630071997642517;0.16292503476142883;0.05382956191897392;0.05972086265683174
0.663221538066864;0.1629798859357834;0.05021200701594353;0.06197750195860863
0.6639766097068787;0.16563279926776886;0.05179676413536072;0.06567569077014923
0.6648210883140564;0.16621990501880646;0.05261293053627014;0.06698668748140335
0.6632294654846191;0.1664726883172989;0.05027768760919571;0.06893064826726913
0.6641789674758911;0.16608332097530365;0.05447577312588692;0.06704797595739365
0.6640669107437134;0.16617614030838013;0.05416679382324219;0.06576988101005554
0.6638779640197754;0.16756394505500793;0.05598507076501846;0.06529044359922409
0.663969874382019;0.16765299439430237;0.059666719287633896;0.06229519844055176
0.6665298342704773;0.16773833334445953;0.057116176933050156;0.06008328124880791
0.6625680327415466;0.16889844834804535;0.05737045034766197;0.05960254743695259
0.6633931994438171;0.16863682866096497;0.05759403109550476;0.06517165899276733
0.6616305112838745;0.16963081061840057;0.058313753455877304;0.06663644313812256
0.6636457443237305;0.16880129277706146;0.056567590683698654;0.06617556512355804
0.664230227470398;0.16890941560268402;0.05739692598581314;0.06528893113136292
0.6658082008361816;0.1679171472787857;0.05391436815261841;0.06423906981945038
0.665229320526123;0.16849295794963837;0.05466429144144058;0.06526581197977066
0.6672013401985168;0.1668810099363327;0.05819655582308769;0.06605711579322815
0.6655619144439697;0.16717663407325745;0.05462652072310448;0.06473454087972641
0.6673322916030884;0.1676005721092224;0.050628822296857834;0.06674094498157501
0.6680042147636414;0.16684380173683167;0.048855919390916824;0.06193595752120018
0.6684682965278625;0.16669055819511414;0.04703205078840256;0.062090057879686356
0.6690253615379333;0.16578075289726257;0.048116981983184814;0.06154436990618706
0.6686830520629883;0.16376836597919464;0.04996361956000328;0.05962356925010681
0.6668986678123474;0.16516511142253876;0.04978853091597557;0.05785321071743965
0.6695858240127563;0.16417062282562256;0.05092494562268257;0.06251553446054459
0.6689066290855408;0.16308099031448364;0.04921149089932442;0.06137987598776817
0.6673018336296082;0.1627044975757599;0.05137676000595093;0.061277199536561966
0.6679851412773132;0.16300055384635925;0.05383628234267235;0.06578842550516129
0.6668156385421753;0.16361747682094574;0.05519147589802742;0.06398610025644302
0.6696497797966003;0.1633763313293457;0.05415909364819527;0.060395725071430206
0.670954167842865;0.16397951543331146;0.05256497859954834;0.059964776039123535
0.6689047813415527;0.16394610702991486;0.053264059126377106;0.05991612747311592
0.6678417921066284;0.16462722420692444;0.05190776661038399;0.06264644861221313
0.6652675867080688;0.1652601957321167;0.0501200333237648;0.06215576082468033
0.6677232384681702;0.16384775936603546;0.04894793778657913;0.060794293880462646
0.6695467829704285;0.16357912123203278;0.05176384001970291;0.06503333896398544
0.6694327592849731;0.16327063739299774;0.0526752769947052;0.06379620730876923
0.6691786646842957;0.1611010581254959;0.05299193784594536;0.06003627926111221
0.666369616985321;0.15960915386676788;0.05138685181736946;0.062367994338274
0.6648473739624023;0.15866969525814056;0.054326921701431274;0.0649011880159378
0.666529655456543;0.1587524265050888;0.0555577389895916;0.06528729200363159
0.6675767302513123;0.160055473446846;0.05881309136748314;0.0652366653084755
0.6674119830131531;0.1598549336194992;0.055143412202596664;0.06047765165567398
0.6667566299438477;0.16127653419971466;0.055432260036468506;0.06351732462644577
0.6684265732765198;0.16029296815395355;0.05308249592781067;0.06449966877698898
0.6689363718032837;0.16159789264202118;0.05272778496146202;0.06959950923919678
0.6667684316635132;0.16091816127300262;0.05310514196753502;0.06758903712034225
0.6654254794120789;0.16028954088687897;0.05295649915933609;0.0667227953672409
0.667165994644165;0.15909820795059204;0.054194409400224686;0.06522253155708313
0.6662513017654419;0.16072392463684082;0.05135523900389671;0.06484868377447128
0.666151762008667;0.1613360494375229;0.051287949085235596;0.060613907873630524
0.6655448079109192;0.1624051183462143;0.05095043405890465;0.06493742763996124
0.6651650667190552;0.16168005764484406;0.05288516357541084;0.06668116897344589
0.6654946208000183;0.16190896928310394;0.05171309784054756;0.06286787986755371
0.6675262451171875;0.16222111880779266;0.05047105625271797;0.06101250648498535
0.6650947332382202;0.1616039127111435;0.051018357276916504;0.06311272829771042
0.6651527285575867;0.16181813180446625;0.0471189022064209;0.06204339489340782
0.6647821068763733;0.16137021780014038;0.04730798676609993;0.06441465765237808
0.6671783328056335;0.1602325737476349;0.04845161363482475;0.06363224983215332
0.6661583781242371;0.1594506949186325;0.04698125645518303;0.06363178789615631
0.66618812084198;0.1592818945646286;0.047129370272159576;0.06234550476074219
0.6640719771385193;0.16023699939250946;0.046039879322052;0.06649231165647507
0.6637522578239441;0.15783773362636566;0.04805503040552139;0.06059679388999939
0.6639286875724792;0.15835760533809662;0.05178805813193321;0.06202015280723572
0.6629996299743652;0.157924085855484;0.05024946853518486;0.0620725043118
0.6605450510978699;0.15739445388317108;0.05279277637600899;0.06210888549685478
0.6593291163444519;0.1575072705745697;0.053834110498428345;0.05944586917757988
0.6597097516059875;0.1572265923023224;0.05091863498091698;0.06360598653554916
0.658681333065033;0.1572655737400055;0.05473718047142029;0.06082960590720177
0.6598700881004333;0.1577025055885315;0.05155780538916588;0.05707089975476265
0.6612483263015747;0.15754163265228271;0.05307815596461296;0.06369782984256744
0.6619105935096741;0.15635542571544647;0.051816511899232864;0.061654116958379745
0.6650287508964539;0.15559904277324677;0.04915095120668411;0.06466177850961685
0.6663019061088562;0.15698695182800293;0.04887660965323448;0.06158727407455444
0.6659687757492065;0.15796518325805664;0.04789012670516968;0.0639774426817894
0.6644722819328308;0.15811236202716827;0.04674844816327095;0.0628824457526207
0.666159451007843;0.15892159938812256;0.04986075684428215;0.06595484167337418
0.6667487025260925;0.15807417035102844;0.05108970031142235;0.06512796133756638
0.6669325232505798;0.15755800902843475;0.050006069242954254;0.06709617376327515
0.6667767763137817;0.15734079480171204;0.04811444506049156;0.06814482808113098
0.6666980981826782;0.15787793695926666;0.05145605280995369;0.06320643424987793
0.6666489839553833;0.15589720010757446;0.051498543471097946;0.06497909128665924
0.6698378920555115;0.1575140655040741;0.05151866748929024;0.06227073818445206
0.6679758429527283;0.15674269199371338;0.05320896580815315;0.06244465336203575
0.6686293482780457;0.15606938302516937;0.051268089562654495;0.06416783481836319
0.668752908706665;0.15644116699695587;0.04957131668925285;0.06437516212463379
0.666914165019989;0.1591643989086151;0.05087431147694588;0.061447467654943466
0.6663346290588379;0.16052009165287018;0.052943479269742966;0.06349629163742065
0.6665293574333191;0.16023604571819305;0.05221514776349068;0.0630713477730751
0.6652669310569763;0.16040754318237305;0.049752410501241684;0.06691821664571762
0.6657546758651733;0.16024541854858398;0.04893117398023605;0.06363760679960251
0.6636791229248047;0.15861406922340393;0.04763327166438103;0.06309106200933456
0.6626270413398743;0.1610718071460724;0.049547258764505386;0.06676081568002701
0.662816047668457;0.16118530929088593;0.04820820316672325;0.06627076119184494
0.6639147996902466;0.16201777756214142;0.05132366344332695;0.06403489410877228
0.6625028252601624;0.16281254589557648;0.05415239557623863;0.06243496015667915
0.6622013449668884;0.1626494973897934;0.05392364785075188;0.0640452429652214
0.6629095673561096;0.1618555784225464;0.052726853638887405;0.06543562561273575
0.6618958115577698;0.1620967835187912;0.05366067960858345;0.06324075907468796
0.6603490114212036;0.16261617839336395;0.054018259048461914;0.06912844628095627
0.6612066626548767;0.16172650456428528;0.05443727597594261;0.06084004044532776
0.6602078676223755;0.1621672511100769;0.05580611154437065;0.05915879085659981
0.6609509587287903;0.1606481969356537;0.05618908628821373;0.0628630742430687
0.6602975726127625;0.1625053733587265;0.056585174053907394;0.06230006366968155
0.6620983481407166;0.16304314136505127;0.057149019092321396;0.0630548819899559
0.6596683859825134;0.16360501945018768;0.05683109164237976;0.06407414376735687
0.6569191813468933;0.16400845348834991;0.055963195860385895;0.06518968939781189
0.6584936380386353;0.16308355331420898;0.05210058018565178;0.06368496268987656
0.6609377861022949;0.16314081847667694;0.05092977359890938;0.05960538610816002
0.6600223779678345;0.16202671825885773;0.04881325736641884;0.06084054708480835
0.6582016944885254;0.16400067508220673;0.05102446302771568;0.06510227173566818
0.6592556834220886;0.16438525915145874;0.05022566393017769;0.06399611383676529
0.660704493522644;0.16491328179836273;0.051033616065979004;0.05938556417822838
0.6601716876029968;0.16613265872001648;0.05091935396194458;0.06053934246301651
0.65854811668396;0.16827020049095154;0.05241378769278526;0.06442074477672577
0.6582381129264832;0.167484849691391;0.055199384689331055;0.06470077484846115
0.658610463142395;0.16596664488315582;0.051633864641189575;0.0624048113822937
0.6589838862419128;0.16626165807247162;0.051889367401599884;0.060610365122556686
0.6571094393730164;0.16672824323177338;0.05042263865470886;0.06227666139602661
0.6544016003608704;0.16716347634792328;0.056243039667606354;0.06197572499513626
0.6559635400772095;0.16755016148090363;0.05472666025161743;0.06203098222613335
0.6568159461021423;0.16733871400356293;0.050376664847135544;0.060744475573301315
0.6557362675666809;0.16852839291095734;0.04991806298494339;0.05879217013716698
0.6530523896217346;0.16825063526630402;0.04889599233865738;0.060035672038793564
0.6526429057121277;0.16784389317035675;0.05079285055398941;0.06714105606079102
0.654203474521637;0.166691854596138;0.05087673291563988;0.0624123178422451
0.6541792154312134;0.1671791821718216;0.05205870792269707;0.06778215616941452
0.6553057432174683;0.16762016713619232;0.0503060482442379;0.0634889230132103
0.6578354835510254;0.16780923306941986;0.05055806040763855;0.06500089168548584
0.6592750549316406;0.16576793789863586;0.050178349018096924;0.0605972595512867
0.6591061949729919;0.16517506539821625;0.04939133673906326;0.06063200160861015
