TV;KL
1.999972939491272;13.90775203704834
1.4017512798309326;1.2506568431854248
1.4009205102920532;1.2109633684158325
1.400908350944519;1.2106101512908936
1.4010552167892456;1.210160493850708
1.4009565114974976;1.2091730833053589
1.400956630706787;1.210021734237671
1.401124358177185;1.2106411457061768
1.4010552167892456;1.2107677459716797
1.400988221168518;1.2105226516723633
1.4008841514587402;1.2107282876968384
1.40109384059906;1.209180474281311
1.4012013673782349;1.209449052810669
1.400956630706787;1.2083613872528076
1.4008994102478027;1.2102712392807007
1.401078462600708;1.212079405784607
1.4009950160980225;1.2090601921081543
1.400956630706787;1.210121512413025
1.4010341167449951;1.2103614807128906
1.400956630706787;1.2096205949783325
1.4011149406433105;1.2098345756530762
1.4012036323547363;1.2114012241363525
1.4013409614562988;1.2098910808563232
1.400956630706787;1.209391713142395
1.4014025926589966;1.2123281955718994
1.4013043642044067;1.2096771001815796
1.4009981155395508;1.210412859916687
1.4009355306625366;1.209651231765747
1.4009740352630615;1.2106951475143433
1.4008961915969849;1.2088642120361328
1.4013043642044067;1.2101030349731445
1.400956630706787;1.2098772525787354
1.4010790586471558;1.2107704877853394
1.4008996486663818;1.2111601829528809
1.4010552167892456;1.2103248834609985
1.400956630706787;1.2102190256118774
1.400896430015564;1.2096315622329712
1.4010192155838013;1.2109609842300415
1.4008963108062744;1.2086974382400513
1.400956630706787;1.2104305028915405
1.40086030960083;1.210875391960144
1.4009205102920532;1.2098774909973145
1.4009205102920532;1.2086046934127808
1.4011534452438354;1.2110005617141724
1.4012807607650757;1.2106099128723145
1.400956630706787;1.2087693214416504
1.4011149406433105;1.2100402116775513
1.4011027812957764;1.209328532218933
1.401018738746643;1.2089155912399292
1.4010337591171265;1.209476351737976
1.4008753299713135;1.2080838680267334
1.4008604288101196;1.2103345394134521
1.4010339975357056;1.2096631526947021
1.4010218381881714;1.21104896068573
1.400935411453247;1.210509181022644
1.4010192155838013;1.2101155519485474
1.4013792276382446;1.2114145755767822
1.4014416933059692;1.211417555809021
1.4014416933059692;1.210921287536621
1.400956630706787;1.2105811834335327
1.4011775255203247;1.2094851732254028
1.4010192155838013;1.209667682647705
1.400935411453247;1.2113220691680908
1.4010552167892456;1.20962655544281
1.400956630706787;1.2114181518554688
1.401100754737854;1.2105891704559326
1.401161551475525;1.2108099460601807
1.4009950160980225;1.2105340957641602
1.4008896350860596;1.2098109722137451
1.4010869264602661;1.2109771966934204
1.4009950160980225;1.2105488777160645
1.4010553359985352;1.2121456861495972
1.4011998176574707;1.2098417282104492
1.4008994102478027;1.2085522413253784
1.4009590148925781;1.2121261358261108
1.4008841514587402;1.21004319190979
1.4009565114974976;1.2100988626480103
1.400956630706787;1.2099041938781738
1.400952935218811;1.2102854251861572
1.4009950160980225;1.2103790044784546
1.4010069370269775;1.2101030349731445
1.4009227752685547;1.2090221643447876
1.4011149406433105;1.2090864181518555
1.400956630706787;1.2098523378372192
1.401223063468933;1.2107445001602173
1.4012057781219482;1.2111377716064453
1.40105140209198;1.2096220254898071
1.4012136459350586;1.2093532085418701
1.4008604288101196;1.2096015214920044
1.4013793468475342;1.211368441581726
1.401214838027954;1.2095004320144653
1.4008963108062744;1.2091550827026367
1.401192545890808;1.2110239267349243
1.4009737968444824;1.2096149921417236
1.400935411453247;1.2114768028259277
1.4009206295013428;1.2110259532928467
1.4010341167449951;1.209138035774231
1.4012826681137085;1.2115107774734497
1.4008896350860596;1.2111464738845825
1.4009206295013428;1.2081294059753418
1.400896430015564;1.2098506689071655
1.401412010192871;1.209890365600586
1.4008842706680298;1.2087681293487549
1.4011266231536865;1.2104448080062866
1.4011149406433105;1.210025668144226
1.4012057781219482;1.209503412246704
1.4009168148040771;1.2104804515838623
1.4009950160980225;1.2093695402145386
1.4010341167449951;1.2092278003692627
1.4011534452438354;1.2103006839752197
1.400937795639038;1.2098580598831177
1.401096224784851;1.211986780166626
1.400935411453247;1.2102452516555786
1.4010939598083496;1.2101560831069946
1.4009950160980225;1.2092536687850952
1.400956630706787;1.2098543643951416
1.400956630706787;1.2085267305374146
1.4012136459350586;1.2092822790145874
1.4010341167449951;1.2111543416976929
1.4010553359985352;1.2108324766159058
1.400896430015564;1.2096799612045288
1.4009135961532593;1.2108027935028076
1.4008601903915405;1.2106025218963623
1.4009205102920532;1.2089186906814575
1.4009205102920532;1.2097584009170532
1.401213526725769;1.2096391916275024
1.4010546207427979;1.2123388051986694
1.4013642072677612;1.2098835706710815
1.4009944200515747;1.2098777294158936
1.4008393287658691;1.2109087705612183
1.4008961915969849;1.2132412195205688
1.4010553359985352;1.2103668451309204
1.401403546333313;1.209932804107666
1.4009206295013428;1.2091288566589355
1.4009950160980225;1.2103487253189087
1.4012843370437622;1.21146559715271
1.4009565114974976;1.209094524383545
1.4009565114974976;1.21150541305542
1.4012058973312378;1.2112698554992676
1.4013582468032837;1.2111458778381348
1.4010547399520874;1.2096608877182007
1.401158094406128;1.2098499536514282
1.4009950160980225;1.210015892982483
1.4009565114974976;1.2098884582519531
1.4012136459350586;1.210072636604309
1.401206612586975;1.2112154960632324
1.4011534452438354;1.2113639116287231
1.4009950160980225;1.2096238136291504
1.4010339975357056;1.2107921838760376
1.401033639907837;1.2100425958633423
1.4010553359985352;1.2087639570236206
1.4011150598526;1.2094553709030151
1.4009203910827637;1.2098075151443481
1.4013043642044067;1.2098830938339233
1.4016417264938354;1.2125999927520752
1.4009521007537842;1.2100372314453125
1.400973916053772;1.2105934619903564
1.4010552167892456;1.2109652757644653
1.401138424873352;1.2103118896484375
1.4010971784591675;1.2117273807525635
1.4012081623077393;1.2117483615875244
1.4008604288101196;1.2116944789886475
1.400956630706787;1.211273431777954
1.4010157585144043;1.2094690799713135
1.400994896888733;1.2086070775985718
1.4011534452438354;1.208647608757019
1.400956630706787;1.2089277505874634
1.40109384059906;1.2092578411102295
1.4009286165237427;1.2095427513122559
1.4010552167892456;1.2089331150054932
1.401213526725769;1.2103122472763062
1.4010552167892456;1.2108149528503418
1.4008963108062744;1.2100354433059692
1.4010192155838013;1.2110499143600464
1.40086030960083;1.2097034454345703
1.4010190963745117;1.2103445529937744
1.4011534452438354;1.210762858390808
1.400973916053772;1.2091937065124512
1.4009205102920532;1.2085797786712646
1.4009206295013428;1.209786057472229
1.4010552167892456;1.2115055322647095
1.4009591341018677;1.2088059186935425
1.4012057781219482;1.211269736289978
1.400896430015564;1.210886001586914
1.4008842706680298;1.2100898027420044
1.4011173248291016;1.2092400789260864
1.4009950160980225;1.207999587059021
1.4011534452438354;1.2103341817855835
1.400995135307312;1.209237813949585
1.4011465311050415;1.2107415199279785
1.400973916053772;1.2100964784622192
1.4013043642044067;1.2105827331542969
1.4011534452438354;1.2089537382125854
1.4009205102920532;1.210827112197876
1.4011149406433105;1.2088890075683594
1.4009950160980225;1.208726167678833
1.4012136459350586;1.2096208333969116
1.4011534452438354;1.2102112770080566
1.400956630706787;1.2105298042297363
1.4014993906021118;1.2102999687194824
1.401153564453125;1.2110588550567627
1.4008995294570923;1.2107737064361572
1.401145577430725;1.2109344005584717
1.400896430015564;1.2084604501724243
1.401054859161377;1.2103431224822998
1.4010069370269775;1.2103092670440674
1.4016162157058716;1.2115074396133423
1.4009740352630615;1.2105846405029297
1.4008753299713135;1.2094736099243164
1.4011744260787964;1.210150957107544
1.4011534452438354;1.210023045539856
1.4012051820755005;1.210059642791748
1.4010547399520874;1.2096049785614014
1.400896430015564;1.2106808423995972
1.400908350944519;1.211355447769165
1.4013136625289917;1.2107990980148315
1.4008601903915405;1.210127353668213
1.4010789394378662;1.2099725008010864
1.400995135307312;1.2101120948791504
1.4010193347930908;1.2088260650634766
1.4010339975357056;1.2097746133804321
1.4009205102920532;1.2098093032836914
1.4013524055480957;1.2103803157806396
1.4011322259902954;1.2108359336853027
1.400875210762024;1.2108887434005737
1.400908350944519;1.2099230289459229
1.4010192155838013;1.211233377456665
1.400944471359253;1.2121440172195435
1.4011924266815186;1.2106081247329712
1.4009206295013428;1.2101528644561768
1.400896430015564;1.2107570171356201
1.4008842706680298;1.2105076313018799
1.4011989831924438;1.2098461389541626
1.4009552001953125;1.2099899053573608
1.401145577430725;1.2091213464736938
1.4011924266815186;1.2101658582687378
1.401114821434021;1.2100117206573486
1.401432752609253;1.2108410596847534
1.4011112451553345;1.2112629413604736
1.4009760618209839;1.210672378540039
1.4010188579559326;1.2113595008850098
1.401136875152588;1.2120225429534912
1.4009352922439575;1.210317850112915
1.4010547399520874;1.2098761796951294
1.4011558294296265;1.2119947671890259
1.4008994102478027;1.2113984823226929
1.4009590148925781;1.2101068496704102
1.4014036655426025;1.2098500728607178
1.4010552167892456;1.211789846420288
1.401213526725769;1.2094550132751465
1.4011532068252563;1.2092034816741943
1.401111125946045;1.2108975648880005
1.4010552167892456;1.2099499702453613
1.4011775255203247;1.2096930742263794
1.4009590148925781;1.208548665046692
1.4009205102920532;1.2105259895324707
1.4010154008865356;1.2097272872924805
1.4018349647521973;1.212153673171997
1.4010552167892456;1.208329439163208
1.400956630706787;1.2106094360351562
1.400994896888733;1.2091716527938843
1.400896430015564;1.209341049194336
1.4012136459350586;1.2097852230072021
1.4011149406433105;1.208717703819275
1.401076078414917;1.2100721597671509
1.4008604288101196;1.20957612991333
1.4009590148925781;1.2098830938339233
1.4010552167892456;1.2108454704284668
1.4009565114974976;1.2111122608184814
1.4009981155395508;1.2097601890563965
1.401253342628479;1.209551215171814
1.4011095762252808;1.21060049533844
1.4009495973587036;1.2106589078903198
1.4014055728912354;1.2107521295547485
1.4008322954177856;1.2095173597335815
1.4011696577072144;1.2090227603912354
1.4010341167449951;1.2098109722137451
1.4012442827224731;1.2117925882339478
1.401055097579956;1.210286259651184
1.400896430015564;1.2088760137557983
1.400887370109558;1.210233449935913
1.4017149209976196;1.2101401090621948
1.401004672050476;1.2101953029632568
1.4010154008865356;1.2101764678955078
1.4010547399520874;1.208813190460205
1.401292324066162;1.2103501558303833
1.4009737968444824;1.210554838180542
1.4008604288101196;1.2085617780685425
1.400995135307312;1.2097498178482056
1.401007056236267;1.2095366716384888
1.400896430015564;1.2085000276565552
1.401055097579956;1.2118910551071167
1.4014030694961548;1.209832787513733
1.4010552167892456;1.21023690700531
1.4013475179672241;1.2109907865524292
1.4010789394378662;1.2116516828536987
1.40109384059906;1.2098305225372314
1.4010190963745117;1.2103227376937866
1.400956630706787;1.2085438966751099
1.4009565114974976;1.2103747129440308
1.400956630706787;1.2099241018295288
1.401304841041565;1.2106298208236694
1.400896430015564;1.2093843221664429
1.4009567499160767;1.209820032119751
1.4011027812957764;1.2112078666687012
1.4013433456420898;1.2104711532592773
1.4012683629989624;1.2112046480178833
1.4011669158935547;1.2125848531723022
1.4009206295013428;1.2103910446166992
1.4009590148925781;1.2103900909423828
1.4008965492248535;1.2103400230407715
1.4010553359985352;1.21144700050354
1.4012136459350586;1.2089215517044067
1.400995135307312;1.2099248170852661
1.4012467861175537;1.2107347249984741
1.4012137651443481;1.210837483406067
1.4009567499160767;1.2082865238189697
1.4009950160980225;1.2100481986999512
1.401055097579956;1.2098952531814575
1.4008753299713135;1.209027647972107
1.4009950160980225;1.2090662717819214
1.4010509252548218;1.2102622985839844
1.4012956619262695;1.2103577852249146
1.4015618562698364;1.2106491327285767
1.401007056236267;1.20927095413208
1.400896430015564;1.2095996141433716
1.4010546207427979;1.2090606689453125
1.400896430015564;1.2091569900512695
1.401153326034546;1.2102359533309937
1.4011534452438354;1.210250973701477
1.4009588956832886;1.2096855640411377
1.4012857675552368;1.2116100788116455
1.4008896350860596;1.2104686498641968
1.4010552167892456;1.209970235824585
1.4010547399520874;1.210240364074707
1.4009976387023926;1.2113150358200073
1.4010425806045532;1.2100108861923218
1.401033639907837;1.2100000381469727
1.401102900505066;1.209673285484314
1.4010552167892456;1.2093359231948853
1.4011081457138062;1.2109869718551636
1.4008601903915405;1.2102917432785034
1.4013038873672485;1.2101329565048218
1.401055097579956;1.2099800109863281
1.4008994102478027;1.2098901271820068
1.401048183441162;1.211432933807373
1.4010554552078247;1.2113463878631592
1.400896430015564;1.2099816799163818
1.4010193347930908;1.2098865509033203
1.4009950160980225;1.2080626487731934
1.4011774063110352;1.2101526260375977
1.4011081457138062;1.211055040359497
1.4008963108062744;1.2108092308044434
1.401213526725769;1.211241602897644
1.4008961915969849;1.2082349061965942
1.401331901550293;1.2124563455581665
1.4010789394378662;1.210166573524475
1.400944471359253;1.2098661661148071
1.400896430015564;1.2106382846832275
1.4009445905685425;1.2113680839538574
1.401213526725769;1.2137093544006348
1.4008963108062744;1.2093943357467651
1.4009590148925781;1.214336633682251
1.4009205102920532;1.2099535465240479
1.4011585712432861;1.2116303443908691
1.4009206295013428;1.2097796201705933
1.4009827375411987;1.2112512588500977
1.4011173248291016;1.2106260061264038
1.4009567499160767;1.211054801940918
1.4009950160980225;1.210051417350769
1.4015157222747803;1.2113490104675293
1.4010192155838013;1.2097340822219849
1.400956630706787;1.2094899415969849
1.401610255241394;1.2112003564834595
1.4008973836898804;1.2115976810455322
1.4009205102920532;1.2086259126663208
1.4011775255203247;1.210944652557373
1.4008963108062744;1.2105973958969116
1.401213526725769;1.2110356092453003
1.40086030960083;1.2102303504943848
1.4010483026504517;1.2115644216537476
1.401222825050354;1.21119225025177
1.4010192155838013;1.2105278968811035
1.4010547399520874;1.2104970216751099
1.4009206295013428;1.2087767124176025
1.4011924266815186;1.2102934122085571
1.400956630706787;1.2112473249435425
1.4011150598526;1.208890438079834
1.4011774063110352;1.2109203338623047
1.4009590148925781;1.208906888961792
1.400937795639038;1.209555745124817
1.4012136459350586;1.2098205089569092
1.4009740352630615;1.211218237876892
1.4009206295013428;1.2114394903182983
1.4011150598526;1.2098373174667358
1.4012832641601562;1.2111754417419434
1.4010192155838013;1.2104912996292114
1.4012136459350586;1.2100379467010498
1.4012136459350586;1.2103947401046753
1.4010552167892456;1.2086858749389648
1.401213526725769;1.2111588716506958
1.4008963108062744;1.2119115591049194
1.4009443521499634;1.2103307247161865
1.4009135961532593;1.2101352214813232
1.4014121294021606;1.210424542427063
1.4013038873672485;1.2141823768615723
1.4017770290374756;1.2120683193206787
1.4010272026062012;1.211615800857544
1.4009355306625366;1.210336685180664
1.4010071754455566;1.2116258144378662
1.4010387659072876;1.2111510038375854
1.4009205102920532;1.2100403308868408
1.400956630706787;1.2085371017456055
1.4010192155838013;1.2109445333480835
1.400956630706787;1.20900559425354
1.401631474494934;1.2109289169311523
1.4012742042541504;1.2104138135910034
1.400956630706787;1.2091102600097656
1.4008840322494507;1.2103404998779297
1.4009407758712769;1.2103980779647827
1.4013049602508545;1.2115082740783691
1.4010339975357056;1.2106198072433472
1.401169776916504;1.21044921875
1.401145577430725;1.2104727029800415
1.4009584188461304;1.210834264755249
1.4011698961257935;1.2110893726348877
1.401213526725769;1.210912823677063
1.4010192155838013;1.2094335556030273
1.4012807607650757;1.2094682455062866
1.4010552167892456;1.2121899127960205
1.4011150598526;1.2083685398101807
1.400875210762024;1.2100332975387573
1.4010552167892456;1.2096107006072998
1.400935411453247;1.2100108861923218
1.4008963108062744;1.2105967998504639
1.4009565114974976;1.210037350654602
1.400956630706787;1.2093818187713623
1.4011776447296143;1.210111141204834
1.4009498357772827;1.2100472450256348
1.4008963108062744;1.2093708515167236
1.4010341167449951;1.2094898223876953
1.401043176651001;1.2095931768417358
1.4008963108062744;1.2102174758911133
1.401115894317627;1.2109533548355103
1.4013482332229614;1.2101631164550781
1.4012088775634766;1.2094966173171997
1.4009355306625366;1.2115579843521118
1.401169776916504;1.2126133441925049
1.4013582468032837;1.209382176399231
1.4014626741409302;1.2097660303115845
1.4008631706237793;1.2107372283935547
1.4009588956832886;1.209460973739624
1.4008841514587402;1.2101260423660278
1.401171326637268;1.2098418474197388
1.4010552167892456;1.2090033292770386
1.4010547399520874;1.2091578245162964
1.4012947082519531;1.2107056379318237
1.401145577430725;1.2105064392089844
1.400896430015564;1.2113642692565918
1.4014395475387573;1.2098991870880127
1.401213526725769;1.2088003158569336
1.4008914232254028;1.2099436521530151
1.4017654657363892;1.2111378908157349
1.4009950160980225;1.2116230726242065
1.401136875152588;1.2095669507980347
1.401076316833496;1.2109782695770264
1.4010790586471558;1.2089053392410278
1.4010818004608154;1.2099920511245728
1.400944471359253;1.2106175422668457
1.4009445905685425;1.2096625566482544
1.400868535041809;1.2106093168258667
1.4012013673782349;1.2096424102783203
1.4008963108062744;1.2094329595565796
1.400956630706787;1.2095838785171509
1.4009588956832886;1.209337830543518
1.4010937213897705;1.2102930545806885
1.4010552167892456;1.2100164890289307
1.4009737968444824;1.2105828523635864
1.400923252105713;1.2108807563781738
1.4011150598526;1.209477186203003
1.401100754737854;1.2099428176879883
1.4011775255203247;1.2104501724243164
1.401055097579956;1.2079038619995117
1.4009495973587036;1.2111188173294067
1.4009137153625488;1.208812952041626
1.4009565114974976;1.2107468843460083
1.4012678861618042;1.2084020376205444
1.400896430015564;1.2093473672866821
1.4013410806655884;1.2095215320587158
1.4010552167892456;1.2093976736068726
1.4010552167892456;1.2101434469223022
1.4009565114974976;1.2093130350112915
1.4010553359985352;1.2105226516723633
1.4008963108062744;1.2098894119262695
1.400918960571289;1.2113147974014282
1.4009567499160767;1.2086410522460938
1.4008630514144897;1.2102501392364502
1.400956630706787;1.21058189868927
1.4014273881912231;1.2109763622283936
1.4011565446853638;1.2096620798110962
1.400944471359253;1.2090529203414917
1.4009590148925781;1.2096807956695557
1.4009498357772827;1.2099597454071045
1.400956630706787;1.2087159156799316
1.400956630706787;1.2101056575775146
1.4009950160980225;1.2102575302124023
1.400935411453247;1.2089688777923584
1.400956630706787;1.210761547088623
1.400956630706787;1.2087056636810303
1.4010552167892456;1.2115757465362549
1.4010788202285767;1.209791660308838
1.4010546207427979;1.2093071937561035
1.4012808799743652;1.2109785079956055
1.4012134075164795;1.2109835147857666
1.400956630706787;1.2095229625701904
1.4010905027389526;1.2112431526184082
1.401033639907837;1.2109159231185913
1.4008604288101196;1.2100290060043335
1.4012013673782349;1.2093205451965332
1.4009590148925781;1.2095427513122559
1.4008753299713135;1.208790898323059
1.401192545890808;1.209426999092102
1.400955080986023;1.2103508710861206
1.4009828567504883;1.2116873264312744
1.4011372327804565;1.2090669870376587
1.4008604288101196;1.2092896699905396
1.4010553359985352;1.2096052169799805
1.4009947776794434;1.2109018564224243
1.4011304378509521;1.2094191312789917
1.400956630706787;1.2096803188323975
1.4010553359985352;1.210954189300537
1.401055097579956;1.2087987661361694
1.4012057781219482;1.2126426696777344
1.400956630706787;1.2106399536132812
1.4009565114974976;1.2097927331924438
1.401018738746643;1.2103019952774048
1.4009828567504883;1.2118006944656372
1.4010483026504517;1.2109767198562622
1.4009950160980225;1.210219383239746
1.4009528160095215;1.2101383209228516
1.4013320207595825;1.2102497816085815
1.4010547399520874;1.2095180749893188
1.4010788202285767;1.2089660167694092
1.4011149406433105;1.2102992534637451
1.4010552167892456;1.2089911699295044
1.401018738746643;1.2117172479629517
1.4009950160980225;1.2107255458831787
1.40086030960083;1.209972858428955
1.4013603925704956;1.2129442691802979
1.4010553359985352;1.2105358839035034
1.4011534452438354;1.2096916437149048
1.4009565114974976;1.2085461616516113
1.400956630706787;1.2108668088912964
1.4009565114974976;1.2106763124465942
1.4009205102920532;1.2091090679168701
1.4008842706680298;1.2119948863983154
1.400896430015564;1.208923578262329
1.4011775255203247;1.2093174457550049
1.400944471359253;1.2094793319702148
1.40109384059906;1.2099019289016724
1.4010653495788574;1.2108947038650513
1.4010225534439087;1.2115319967269897
1.4009567499160767;1.2095625400543213
1.401007056236267;1.2118107080459595
1.4009978771209717;1.2114970684051514
1.4010192155838013;1.209851861000061
1.4009376764297485;1.2096567153930664
1.400980830192566;1.2112025022506714
1.400956630706787;1.209214210510254
1.401576042175293;1.2101466655731201
1.401192545890808;1.2111973762512207
1.4009881019592285;1.2100416421890259
1.4009950160980225;1.2089431285858154
1.4012136459350586;1.209944486618042
1.4012681245803833;1.2102558612823486
1.400944471359253;1.2106021642684937
1.4016162157058716;1.2114912271499634
1.400956630706787;1.211695909500122
1.4009310007095337;1.2107325792312622
1.4014395475387573;1.2091615200042725
1.4009590148925781;1.2087352275848389
1.4012057781219482;1.2096612453460693
1.4010335206985474;1.2100766897201538
1.400896430015564;1.2093336582183838
1.4008843898773193;1.2106479406356812
1.4010547399520874;1.2089027166366577
1.400956630706787;1.210377812385559
1.400956630706787;1.2099422216415405
1.4012327194213867;1.2099010944366455
1.4009565114974976;1.211021065711975
1.4013794660568237;1.2094004154205322
1.4010883569717407;1.211251974105835
1.4011285305023193;1.2109136581420898
1.4010553359985352;1.2113667726516724
1.400944471359253;1.2101927995681763
1.400995135307312;1.2099281549453735
1.401054859161377;1.2087655067443848
1.400956630706787;1.2110785245895386
1.400944471359253;1.209625482559204
1.4011150598526;1.2091234922409058
1.4010192155838013;1.208939790725708
1.4011149406433105;1.2106680870056152
1.4010552167892456;1.2102357149124146
1.400875210762024;1.2131377458572388
1.400956630706787;1.2094049453735352
1.401145577430725;1.2100032567977905
1.4010661840438843;1.2107797861099243
1.4013043642044067;1.2104039192199707
1.4011080265045166;1.2107570171356201
1.4009206295013428;1.2081316709518433
1.4010552167892456;1.209662675857544
1.4011094570159912;1.211018443107605
1.4009443521499634;1.2089738845825195
1.4008753299713135;1.2115437984466553
1.4011133909225464;1.212581753730774
1.4012153148651123;1.2110317945480347
1.4012261629104614;1.2101556062698364
1.4012014865875244;1.2114710807800293
1.4008961915969849;1.2098519802093506
1.400946855545044;1.2115299701690674
1.4010155200958252;1.2106698751449585
1.4011082649230957;1.210130214691162
1.4010788202285767;1.2093942165374756
1.4009203910827637;1.2128227949142456
1.4009478092193604;1.2103840112686157
1.4010552167892456;1.208897352218628
1.4011961221694946;1.2098363637924194
1.401033639907837;1.2085200548171997
1.4009206295013428;1.209778070449829
1.400896430015564;1.2091407775878906
1.4008963108062744;1.208977460861206
1.4009950160980225;1.2097293138504028
1.4009206295013428;1.2088892459869385
1.401055097579956;1.2111085653305054
1.4010578393936157;1.210206389427185
1.400935411453247;1.2113186120986938
1.4008896350860596;1.2118206024169922
1.4010193347930908;1.209641695022583
1.4013049602508545;1.2098388671875
1.4008995294570923;1.210384726524353
1.4009588956832886;1.2094722986221313
1.4010158777236938;1.2096061706542969
1.4012136459350586;1.2094154357910156
1.401018500328064;1.2094568014144897
1.4011989831924438;1.2102540731430054
1.4010552167892456;1.2085591554641724
1.400956630706787;1.2093170881271362
1.400973916053772;1.2090001106262207
1.4010553359985352;1.2117100954055786
1.4010335206985474;1.2110422849655151
1.4012540578842163;1.209128975868225
1.4008995294570923;1.2117410898208618
1.4010341167449951;1.209479808807373
1.4010190963745117;1.2099995613098145
1.401403546333313;1.2096816301345825
1.4008630514144897;1.2098554372787476
1.401382565498352;1.2107027769088745
1.4012137651443481;1.2106940746307373
1.4010552167892456;1.2104504108428955
1.4009950160980225;1.211047649383545
1.400956630706787;1.209363579750061
1.400994896888733;1.211177945137024
1.4010552167892456;1.2122716903686523
1.400956630706787;1.2087661027908325
1.4010341167449951;1.2132755517959595
1.4011937379837036;1.2098345756530762
1.401304006576538;1.2110769748687744
1.4010547399520874;1.2098150253295898
1.4010268449783325;1.2102810144424438
1.4009981155395508;1.210841417312622
1.4010552167892456;1.2094203233718872
1.400956630706787;1.2093068361282349
1.4010552167892456;1.2104215621948242
1.4008963108062744;1.2092574834823608
1.4009205102920532;1.2091162204742432
1.4011149406433105;1.2083017826080322
1.4011412858963013;1.2116453647613525
1.400994896888733;1.2094459533691406
1.4009565114974976;1.2099814414978027
1.4008963108062744;1.2104870080947876
1.4010553359985352;1.209632158279419
1.4011150598526;1.209986925125122
1.4010553359985352;1.2090702056884766
1.4010789394378662;1.212041974067688
1.400988221168518;1.2100967168807983
1.4009205102920532;1.2104262113571167
1.4009205102920532;1.2080001831054688
1.401213526725769;1.2127172946929932
1.400944471359253;1.2107394933700562
1.400956630706787;1.209648609161377
1.4011150598526;1.2107805013656616
1.4008926153182983;1.2112122774124146
1.4008392095565796;1.2103692293167114
1.4008963108062744;1.2104036808013916
1.4010553359985352;1.2088371515274048
1.4013019800186157;1.2115414142608643
1.4009935855865479;1.2108190059661865
1.4013376235961914;1.2091927528381348
1.4012354612350464;1.2099491357803345
1.4010552167892456;1.2099864482879639
1.4010553359985352;1.210191011428833
1.40086030960083;1.2092143297195435
1.400956630706787;1.2098236083984375
1.4011869430541992;1.2110846042633057
1.400956630706787;1.2110316753387451
1.4009521007537842;1.2100610733032227
1.4008896350860596;1.2103500366210938
1.400956630706787;1.2104237079620361
1.4009205102920532;1.2097980976104736
1.4008994102478027;1.209473729133606
1.4009565114974976;1.2098358869552612
1.4010552167892456;1.210383415222168
1.4009567499160767;1.2104313373565674
1.4011754989624023;1.210292935371399
1.4010761976242065;1.2112518548965454
1.4010192155838013;1.2089869976043701
1.4012832641601562;1.2100284099578857
1.4010547399520874;1.2082891464233398
1.4009686708450317;1.2103809118270874
1.400935411453247;1.2101686000823975
1.4008842706680298;1.2105741500854492
1.4010342359542847;1.2099297046661377
1.401054859161377;1.2103471755981445
1.4012136459350586;1.2102864980697632
1.400956630706787;1.210527777671814
1.4011989831924438;1.2090880870819092
1.4008963108062744;1.208718180656433
1.4009820222854614;1.213058590888977
1.4017406702041626;1.2100141048431396
1.4010359048843384;1.211634874343872
1.4009443521499634;1.2112923860549927
1.4008392095565796;1.2100253105163574
1.4009084701538086;1.2098225355148315
1.400908350944519;1.2106577157974243
1.4014506340026855;1.210890531539917
1.4010484218597412;1.209811806678772
1.4011454582214355;1.2090647220611572
1.4011149406433105;1.210469365119934
1.4012928009033203;1.2117018699645996
1.4010341167449951;1.2107826471328735
1.4013820886611938;1.2109894752502441
1.4009565114974976;1.2088255882263184
1.4010552167892456;1.2086352109909058
1.400896430015564;1.2096091508865356
1.4014602899551392;1.2107000350952148
1.4008750915527344;1.2094593048095703
1.4009528160095215;1.2099642753601074
1.4008753299713135;1.2083635330200195
1.401117205619812;1.210201382637024
1.400956630706787;1.209375023841858
1.4011149406433105;1.2103259563446045
1.400973916053772;1.209564208984375
1.4008965492248535;1.2119101285934448
1.4009979963302612;1.2096956968307495
1.4012441635131836;1.2099298238754272
1.4009407758712769;1.2104934453964233
1.401118278503418;1.212978482246399
1.4009981155395508;1.210584044456482
1.4009950160980225;1.2087963819503784
1.4012441635131836;1.2106740474700928
1.400956630706787;1.2096154689788818
1.4008684158325195;1.2104142904281616
1.4013137817382812;1.2129802703857422
1.4012144804000854;1.210049033164978
1.4008963108062744;1.209402322769165
1.4011924266815186;1.2111583948135376
1.4010547399520874;1.2092164754867554
1.4009355306625366;1.2099822759628296
1.4009206295013428;1.2095870971679688
1.400956630706787;1.2092397212982178
1.4010190963745117;1.2119418382644653
1.4012351036071777;1.2113014459609985
1.4009205102920532;1.2092058658599854
1.401213526725769;1.2110031843185425
1.4009205102920532;1.2088490724563599
1.4009565114974976;1.210963249206543
1.4010190963745117;1.2096294164657593
1.4012442827224731;1.2110025882720947
1.4012057781219482;1.2101919651031494
1.401036262512207;1.2106976509094238
1.4011387825012207;1.2115827798843384
1.4010552167892456;1.210647702217102
1.4011173248291016;1.210632085800171
1.4014390707015991;1.21000337600708
1.401033639907837;1.2126286029815674
1.400875210762024;1.210903525352478
1.4009979963302612;1.209755778312683
1.4010425806045532;1.2114051580429077
1.4012097120285034;1.2100738286972046
1.4008841514587402;1.2106789350509644
1.400956630706787;1.2112739086151123
1.4011149406433105;1.2099546194076538
1.400896430015564;1.2101837396621704
1.4009565114974976;1.2088205814361572
1.401007056236267;1.2112669944763184
1.4010552167892456;1.208998441696167
1.400908350944519;1.2100545167922974
1.4009206295013428;1.210175633430481
1.4010193347930908;1.2086515426635742
1.4009379148483276;1.2102216482162476
1.401169776916504;1.2106267213821411
1.4010552167892456;1.2106307744979858
1.4008750915527344;1.2110611200332642
1.400973916053772;1.2108017206192017
1.4010552167892456;1.2111191749572754
1.4012655019760132;1.2100166082382202
1.4011753797531128;1.2093875408172607
1.4013038873672485;1.2113033533096313
1.401218056678772;1.2110780477523804
1.4008753299713135;1.210392951965332
1.400995135307312;1.2118381261825562
1.4010322093963623;1.2118639945983887
1.4010553359985352;1.209298014640808
1.4009565114974976;1.2086973190307617
1.4010484218597412;1.2114241123199463
1.4009565114974976;1.2096140384674072
1.4010547399520874;1.209521770477295
1.4011706113815308;1.2102490663528442
1.4012467861175537;1.2116448879241943
1.4011763334274292;1.210860252380371
1.4010515213012695;1.2094428539276123
1.4009565114974976;1.209930419921875
1.400956630706787;1.2102713584899902
1.4008482694625854;1.210082769393921
1.4009355306625366;1.2094101905822754
1.401145577430725;1.21077561378479
1.4012151956558228;1.210396647453308
1.4010430574417114;1.2114146947860718
1.4011149406433105;1.2118234634399414
1.4010672569274902;1.2100601196289062
1.4010552167892456;1.209557294845581
1.4009590148925781;1.2095903158187866
1.4008604288101196;1.2099322080612183
1.4013038873672485;1.208959698677063
1.400875210762024;1.210843563079834
1.4010552167892456;1.209043264389038
1.4010788202285767;1.2101022005081177
1.4009499549865723;1.2110285758972168
1.400944471359253;1.2091904878616333
1.4010186195373535;1.2110239267349243
1.400908350944519;1.2094049453735352
1.4013642072677612;1.2104014158248901
1.4009981155395508;1.2102770805358887
1.4009352922439575;1.2103499174118042
1.4011774063110352;1.2104235887527466
1.4008842706680298;1.208251953125
1.400956630706787;1.208999514579773
1.4010552167892456;1.2099257707595825
1.4014395475387573;1.2099907398223877
1.4008535146713257;1.2104018926620483
1.4011321067810059;1.212105631828308
1.4010552167892456;1.2105679512023926
1.4011534452438354;1.2088892459869385
1.40086030960083;1.2095460891723633
1.40109384059906;1.2115612030029297
1.400956630706787;1.2089823484420776
1.4009950160980225;1.2088992595672607
1.4010272026062012;1.2128783464431763
1.400875210762024;1.2095509767532349
1.4010578393936157;1.2095181941986084
1.4009233713150024;1.211545705795288
1.400896430015564;1.2084002494812012
1.400896430015564;1.2111825942993164
1.401734709739685;1.2111607789993286
1.4014626741409302;1.2102937698364258
1.4010193347930908;1.2088274955749512
1.4008562564849854;1.2100706100463867
1.401303768157959;1.2100496292114258
1.400956630706787;1.210594654083252
1.4009737968444824;1.2114958763122559
1.400923252105713;1.2107478380203247
1.4011244773864746;1.211403489112854
1.4012353420257568;1.2103204727172852
1.4009565114974976;1.2090212106704712
1.4012037515640259;1.2102593183517456
1.4010884761810303;1.2104324102401733
1.4010553359985352;1.208634853363037
1.4011095762252808;1.209980845451355
1.4009565114974976;1.209416151046753
1.4010547399520874;1.211297869682312
1.4010190963745117;1.2110518217086792
1.4010552167892456;1.2088775634765625
1.4009565114974976;1.211498737335205
1.4009760618209839;1.2096402645111084
1.400908350944519;1.2117074728012085
1.4013038873672485;1.211037278175354
1.4010553359985352;1.209531307220459
1.40129816532135;1.2102247476577759
1.4009205102920532;1.209716558456421
1.401015281677246;1.2106503248214722
1.400988221168518;1.2091678380966187
1.4012013673782349;1.2091147899627686
1.4009950160980225;1.2102805376052856
1.4008963108062744;1.2104976177215576
1.4009207487106323;1.2091610431671143
1.4014395475387573;1.2095242738723755
1.4010553359985352;1.2083427906036377
1.400956630706787;1.208709955215454
1.401033639907837;1.2096227407455444
1.4012136459350586;1.2085281610488892
1.400896430015564;1.2100576162338257
1.4011095762252808;1.2108951807022095
1.4010339975357056;1.2117880582809448
1.4009205102920532;1.2094963788986206
1.4008535146713257;1.2119855880737305
1.4013044834136963;1.2097257375717163
1.4013640880584717;1.2098064422607422
1.400956630706787;1.2097331285476685
1.4009443521499634;1.2107374668121338
1.4009567499160767;1.208764672279358
1.4012320041656494;1.2103135585784912
1.4010552167892456;1.2103111743927002
1.40086030960083;1.2097915410995483
1.4012056589126587;1.2114368677139282
1.4010484218597412;1.209856629371643
1.4010553359985352;1.2095153331756592
1.4011995792388916;1.2102034091949463
1.4009950160980225;1.2096692323684692
1.401021957397461;1.2102595567703247
1.400995135307312;1.2103675603866577
1.4009565114974976;1.2092136144638062
1.4009950160980225;1.2087105512619019
1.4013409614562988;1.2104437351226807
1.4009443521499634;1.2111711502075195
1.4011775255203247;1.2106027603149414
1.4012352228164673;1.209962248802185
1.4009950160980225;1.2111632823944092
1.4011770486831665;1.2108370065689087
1.4008842706680298;1.2100245952606201
1.4010553359985352;1.2097972631454468
1.400875210762024;1.2109631299972534
1.4009828567504883;1.210048794746399
1.4009344577789307;1.2122498750686646
1.4011149406433105;1.2090184688568115
1.4009137153625488;1.208975911140442
1.4012678861618042;1.2099857330322266
1.4010789394378662;1.2109930515289307
1.4008482694625854;1.2117751836776733
1.4010553359985352;1.2104750871658325
1.4013043642044067;1.2117726802825928
1.400994896888733;1.2100379467010498
1.401078701019287;1.2107899188995361
1.4010553359985352;1.2101950645446777
1.4009552001953125;1.2091883420944214
1.4009206295013428;1.2097141742706299
1.4008535146713257;1.21271550655365
1.4011173248291016;1.210451364517212
1.4011150598526;1.2110280990600586
1.400896430015564;1.2109811305999756
1.4009206295013428;1.2104412317276
1.4010547399520874;1.20949387550354
1.4010218381881714;1.2106906175613403
1.400956630706787;1.208177089691162
1.4010547399520874;1.2109142541885376
1.401296854019165;1.2104249000549316
1.400994896888733;1.2112518548965454
1.4009356498718262;1.210431456565857
1.400956630706787;1.2083401679992676
1.400937557220459;1.2095927000045776
1.4010552167892456;1.209310531616211
1.4010789394378662;1.2100051641464233
1.4009565114974976;1.2085931301116943
1.4010186195373535;1.2101051807403564
1.400896430015564;1.2126998901367188
1.4011534452438354;1.2091761827468872
1.4014183282852173;1.21147882938385
1.4010547399520874;1.210748553276062
1.4013640880584717;1.2108412981033325
1.4009590148925781;1.210042119026184
1.401018738746643;1.2093875408172607
1.4010553359985352;1.209623098373413
1.4010430574417114;1.2100845575332642
1.4009591341018677;1.2099426984786987
1.4010554552078247;1.2101898193359375
1.4010483026504517;1.2120091915130615
1.400956630706787;1.2092386484146118
1.400896430015564;1.2114059925079346
1.4012080430984497;1.2094790935516357
1.400956630706787;1.209297776222229
1.4010425806045532;1.2097049951553345
1.4009950160980225;1.209928035736084
1.4013665914535522;1.208749771118164
1.400956630706787;1.2098214626312256
1.401078701019287;1.2111250162124634
1.401145577430725;1.209647297859192
1.4011149406433105;1.2106696367263794
1.401114821434021;1.2103887796401978
1.4009590148925781;1.2086762189865112
1.4010553359985352;1.2121344804763794
1.400956630706787;1.209765076637268
1.4011924266815186;1.2111847400665283
1.4010547399520874;1.210501790046692
1.4011095762252808;1.2104345560073853
1.4014896154403687;1.212424874305725
1.4011775255203247;1.2092750072479248
1.4011576175689697;1.2106609344482422
1.4010552167892456;1.2085262537002563
1.4013665914535522;1.2108485698699951
1.4011696577072144;1.2101953029632568
1.400896430015564;1.210123062133789
1.4009565114974976;1.2105084657669067
1.401066780090332;1.2090339660644531
1.40109384059906;1.2095704078674316
1.4008392095565796;1.210494041442871
1.4009206295013428;1.2093147039413452
1.400875210762024;1.2087849378585815
1.4010169506072998;1.2105309963226318
1.400973916053772;1.209745168685913
1.4011532068252563;1.2090651988983154
1.4010341167449951;1.2110199928283691
1.4012058973312378;1.2094783782958984
1.4012099504470825;1.2103835344314575
1.4009588956832886;1.208728313446045
1.4010515213012695;1.2102453708648682
1.4010069370269775;1.2095263004302979
1.4011523723602295;1.2099220752716064
1.4012442827224731;1.2109432220458984
1.4010193347930908;1.2093079090118408
1.4010683298110962;1.2118189334869385
1.400956630706787;1.2078543901443481
1.4010552167892456;1.2099707126617432
1.401043176651001;1.2095911502838135
1.4009137153625488;1.2109769582748413
1.4009828567504883;1.2110114097595215
1.4011150598526;1.2107560634613037
1.4009206295013428;1.21078622341156
1.4014395475387573;1.2093561887741089
1.400937795639038;1.209055781364441
1.40089750289917;1.2114777565002441
1.400875210762024;1.2094473838806152
1.4008965492248535;1.2114410400390625
1.4010789394378662;1.2092913389205933
1.4010341167449951;1.2108385562896729
1.4009590148925781;1.2089025974273682
1.4009947776794434;1.2105872631072998
1.4009981155395508;1.2099839448928833
1.4014394283294678;1.2105510234832764
1.400956630706787;1.2079155445098877
1.4013044834136963;1.21005380153656
1.4012137651443481;1.20943284034729
1.4010335206985474;1.2098146677017212
1.4010552167892456;1.2099014520645142
1.4010547399520874;1.2102688550949097
1.4011534452438354;1.2089861631393433
1.4009590148925781;1.2096593379974365
1.401054859161377;1.2105062007904053
1.4012136459350586;1.2086315155029297
1.4010430574417114;1.2097675800323486
1.401224136352539;1.2117165327072144
1.4010577201843262;1.2106709480285645
1.4014626741409302;1.2111332416534424
1.4010553359985352;1.2114055156707764
1.400908350944519;1.2098815441131592
1.4010339975357056;1.210374116897583
1.401213526725769;1.2108721733093262
1.400935411453247;1.210215449333191
1.4010552167892456;1.2105515003204346
1.400956630706787;1.2091203927993774
1.4011149406433105;1.2098060846328735
1.4012359380722046;1.2126305103302002
1.4010870456695557;1.211013674736023
1.4011149406433105;1.2104464769363403
1.400935411453247;1.210058331489563
1.4009565114974976;1.210515022277832
1.4009205102920532;1.2097516059875488
1.4009168148040771;1.2117046117782593
1.4010430574417114;1.2114667892456055
1.401124358177185;1.210993766784668
1.4010149240493774;1.2103277444839478
1.400972843170166;1.211243748664856
1.4010552167892456;1.20918607711792
1.400896430015564;1.2104967832565308
1.4011149406433105;1.2095482349395752
1.400956630706787;1.21187162399292
1.400956630706787;1.2098581790924072
1.4012442827224731;1.2107822895050049
1.401021957397461;1.2102797031402588
1.4010430574417114;1.2114044427871704
1.4010553359985352;1.2093837261199951
1.401055097579956;1.210140347480774
1.4009565114974976;1.2091330289840698
1.4010721445083618;1.208634614944458
1.400956630706787;1.2097861766815186
1.4012442827224731;1.2100697755813599
1.4010790586471558;1.2086682319641113
1.4010789394378662;1.2115015983581543
1.400956630706787;1.2110769748687744
1.4011143445968628;1.2089036703109741
1.400896430015564;1.2112913131713867
1.4010547399520874;1.2099881172180176
1.4009912014007568;1.2096036672592163
1.4008604288101196;1.210530161857605
1.4010663032531738;1.2103793621063232
1.4009565114974976;1.2117457389831543
1.4012683629989624;1.2099858522415161
1.4010552167892456;1.209307074546814
1.4011150598526;1.209380865097046
1.4011149406433105;1.2106001377105713
1.4012136459350586;1.2104295492172241
1.400956630706787;1.2100450992584229
1.4008963108062744;1.2099703550338745
1.4010778665542603;1.2106045484542847
1.4011094570159912;1.2105040550231934
1.4009560346603394;1.2114671468734741
1.4011043310165405;1.2117429971694946
1.4008842706680298;1.2093043327331543
1.4008926153182983;1.2098007202148438
1.4011526107788086;1.2107446193695068
1.400956630706787;1.211740493774414
1.400956630706787;1.209648847579956
1.4008715152740479;1.2103021144866943
1.4014030694961548;1.2105658054351807
1.4010154008865356;1.2094770669937134
1.4008753299713135;1.212548851966858
1.400956630706787;1.2107906341552734
1.4012057781219482;1.2129921913146973
1.401051640510559;1.209765911102295
1.401018738746643;1.2107932567596436
1.401021957397461;1.211995244026184
1.4010789394378662;1.209471344947815
1.4010552167892456;1.208676815032959
1.4010552167892456;1.209450125694275
1.4017391204833984;1.2109177112579346
1.4009205102920532;1.2099918127059937
1.400896430015564;1.2089061737060547
1.400935411453247;1.2091494798660278
1.400994896888733;1.2109605073928833
1.4011149406433105;1.2091660499572754
1.4010536670684814;1.2094132900238037
1.4010751247406006;1.2088500261306763
1.400956630706787;1.2102036476135254
1.4009206295013428;1.20895254611969
1.4011751413345337;1.2096501588821411
1.4012136459350586;1.2096110582351685
1.400956630706787;1.2103219032287598
1.4009206295013428;1.2096346616744995
1.401055097579956;1.2116379737854004
1.4009206295013428;1.2101120948791504
1.400956630706787;1.2097240686416626
1.400956630706787;1.2088292837142944
1.4009555578231812;1.2103544473648071
1.401043176651001;1.2111384868621826
1.4011534452438354;1.2090545892715454
1.4010552167892456;1.2100989818572998
1.4011775255203247;1.2090201377868652
1.4009565114974976;1.20929753780365
1.4009588956832886;1.2094577550888062
1.4009950160980225;1.211204171180725
1.4008533954620361;1.2099635601043701
1.401192307472229;1.2089588642120361
1.4010339975357056;1.2084945440292358
1.4009950160980225;1.2099517583847046
1.4010119438171387;1.2093085050582886
1.4008753299713135;1.2113139629364014
1.400856614112854;1.210265874862671
1.4011129140853882;1.2090920209884644
1.400952935218811;1.2110167741775513
1.400896430015564;1.2096493244171143
1.4009950160980225;1.2114202976226807
1.4009588956832886;1.2099684476852417
1.4009950160980225;1.20805025100708
1.4009206295013428;1.2079426050186157
1.4010552167892456;1.20870840549469
1.400908350944519;1.2104841470718384
1.4009565114974976;1.2103207111358643
1.4010789394378662;1.2107051610946655
1.4010552167892456;1.2122743129730225
1.4010552167892456;1.210120439529419
1.4009565114974976;1.2101629972457886
1.4011484384536743;1.2110347747802734
1.400944471359253;1.2103235721588135
1.400997519493103;1.209298849105835
1.40086030960083;1.210597276687622
1.4008842706680298;1.208919644355774
1.4011149406433105;1.2092639207839966
1.4012682437896729;1.2102115154266357
1.4009939432144165;1.2107011079788208
1.4010552167892456;1.2100173234939575
1.401260495185852;1.2124128341674805
1.4008715152740479;1.2108633518218994
1.4008926153182983;1.2099729776382446
1.4009950160980225;1.2122377157211304
1.4009588956832886;1.2094796895980835
1.4013043642044067;1.2088637351989746
1.4009950160980225;1.2086068391799927
1.4010552167892456;1.2105073928833008
1.4010192155838013;1.209909439086914
1.400956630706787;1.208493709564209
1.400956630706787;1.2080481052398682
1.4013636112213135;1.2124073505401611
1.4010341167449951;1.210113525390625
1.40086030960083;1.2093055248260498
1.400956630706787;1.2089368104934692
1.4010767936706543;1.2093746662139893
1.400896430015564;1.2101776599884033
1.4013453722000122;1.2116273641586304
1.40086030960083;1.2100750207901
1.4012014865875244;1.2105034589767456
1.4009590148925781;1.2084108591079712
1.401145577430725;1.2096829414367676
1.4009565114974976;1.2109887599945068
1.401169776916504;1.211691975593567
1.401192545890808;1.2109980583190918
1.4012833833694458;1.212227463722229
1.4015401601791382;1.2106890678405762
1.401055097579956;1.2116726636886597
1.4008712768554688;1.2105804681777954
1.400875210762024;1.208467721939087
1.400956630706787;1.2101755142211914
1.4009565114974976;1.210008978843689
1.4009138345718384;1.2107512950897217
1.400995135307312;1.2101318836212158
1.4009591341018677;1.2110000848770142
1.4010552167892456;1.2113995552062988
1.4009981155395508;1.2104300260543823
1.400994896888733;1.2105342149734497
1.4011776447296143;1.2099179029464722
1.401007056236267;1.210599660873413
1.4008963108062744;1.2090939283370972
1.4010071754455566;1.2107515335083008
1.4010190963745117;1.2109304666519165
1.4011338949203491;1.2097389698028564
1.4009588956832886;1.2083349227905273
1.401043176651001;1.2098913192749023
1.401688814163208;1.2096306085586548
1.4009590148925781;1.210140347480774
1.401169776916504;1.210405945777893
1.401033639907837;1.211169719696045
1.4008604288101196;1.2112689018249512
1.4012595415115356;1.2093982696533203
1.4010789394378662;1.2099074125289917
1.4009565114974976;1.2108571529388428
1.4009590148925781;1.212147831916809
1.4009205102920532;1.2111659049987793
1.4009203910827637;1.2099888324737549
1.4008842706680298;1.2092970609664917
1.4010188579559326;1.2099807262420654
1.4010164737701416;1.2102012634277344
1.4011150598526;1.2093372344970703
1.4010546207427979;1.2109724283218384
1.4010341167449951;1.2100878953933716
1.400935411453247;1.210068941116333
1.4011534452438354;1.2102290391921997
1.4013043642044067;1.2109977006912231
1.400896430015564;1.2107435464859009
1.400896430015564;1.2091577053070068
1.4011150598526;1.209485411643982
1.4010553359985352;1.2107621431350708
1.401213526725769;1.2091765403747559
1.400896430015564;1.2117595672607422
1.401055097579956;1.2093442678451538
1.4012807607650757;1.2096351385116577
1.4009206295013428;1.209630012512207
1.400896430015564;1.2089325189590454
1.40083909034729;1.2097347974777222
1.4012154340744019;1.209881067276001
1.400944471359253;1.211283564567566
1.400994896888733;1.2106846570968628
1.4008961915969849;1.210257887840271
1.400935411453247;1.2096636295318604
1.4010430574417114;1.2087759971618652
1.4012442827224731;1.2113808393478394
1.401096224784851;1.2111082077026367
1.4012057781219482;1.2095516920089722
1.4010553359985352;1.211225152015686
1.4010576009750366;1.2118169069290161
1.4009950160980225;1.2124906778335571
1.4012058973312378;1.2111908197402954
1.4009379148483276;1.2104566097259521
1.4009950160980225;1.209542989730835
1.4012057781219482;1.209486961364746
1.4008841514587402;1.2109071016311646
1.4014447927474976;1.2114202976226807
1.400956630706787;1.2103893756866455
1.4010552167892456;1.2114285230636597
1.4011081457138062;1.2123574018478394
1.4009497165679932;1.2092955112457275
1.4011775255203247;1.210260272026062
1.4013044834136963;1.2107748985290527
1.4012136459350586;1.2094851732254028
1.4013429880142212;1.2106584310531616
1.4012362957000732;1.2118607759475708
1.4013019800186157;1.2126520872116089
1.400956630706787;1.2091745138168335
1.4010553359985352;1.2094323635101318
1.400896430015564;1.2095956802368164
1.400956630706787;1.2101575136184692
1.4008564949035645;1.2095551490783691
1.4012806415557861;1.2102570533752441
1.4012683629989624;1.2098037004470825
1.4014415740966797;1.2103750705718994
1.4011465311050415;1.211363673210144
1.400956630706787;1.2092949151992798
1.4011150598526;1.211439609527588
1.4009565114974976;1.2102538347244263
1.4010547399520874;1.2104302644729614
1.4008995294570923;1.2099535465240479
1.4012057781219482;1.2098371982574463
1.4014229774475098;1.209194302558899
1.400895595550537;1.2094889879226685
1.4008994102478027;1.209012746810913
1.4009981155395508;1.2094428539276123
1.4011454582214355;1.2110023498535156
1.4010576009750366;1.2087986469268799
1.400956630706787;1.2092921733856201
1.4008630514144897;1.210701584815979
1.4009590148925781;1.2100245952606201
1.400956630706787;1.211026906967163
1.4009590148925781;1.2112019062042236
1.401206612586975;1.2110451459884644
1.4012441635131836;1.2094722986221313
1.4014381170272827;1.210960030555725
1.4009950160980225;1.2106726169586182
1.40086030960083;1.2091916799545288
1.4010553359985352;1.2107667922973633
1.4009205102920532;1.2099708318710327
1.400956630706787;1.2102751731872559
1.4013190269470215;1.2105096578598022
1.4008924961090088;1.209539532661438
1.400956630706787;1.2100938558578491
1.4009205102920532;1.2092268466949463
1.4011924266815186;1.2099714279174805
1.4011149406433105;1.2088403701782227
1.4010553359985352;1.2109872102737427
1.400935411453247;1.2095023393630981
1.4010341167449951;1.2082726955413818
1.401603102684021;1.2121846675872803
1.4008482694625854;1.2105613946914673
1.4008963108062744;1.2100955247879028
1.4009205102920532;1.2092891931533813
1.4010181427001953;1.212316870689392
1.4010552167892456;1.2098853588104248
1.4008994102478027;1.2098793983459473
1.4009205102920532;1.210244059562683
1.4008604288101196;1.209509015083313
1.4010342359542847;1.2093857526779175
1.4008773565292358;1.209654688835144
1.4008604288101196;1.2110114097595215
1.4010552167892456;1.2094179391860962
1.400956630706787;1.2120082378387451
1.4010341167449951;1.211499810218811
1.4008393287658691;1.212196707725525
1.401258945465088;1.2085270881652832
1.400956630706787;1.208205223083496
1.400956630706787;1.2094721794128418
1.4013361930847168;1.2117646932601929
1.4008963108062744;1.2091822624206543
1.4009565114974976;1.2104135751724243
1.4012808799743652;1.2095922231674194
1.4009495973587036;1.2104564905166626
