TV;KL
1.9999852180480957;14.606426239013672
1.784996747970581;6.082239151000977
1.3740228414535522;1.575795292854309
1.3203622102737427;1.0823179483413696
1.3203837871551514;1.0368412733078003
1.3205671310424805;1.0329893827438354
1.3203147649765015;1.0297937393188477
1.3204615116119385;1.0315402746200562
1.3207030296325684;1.0317422151565552
1.3207836151123047;1.033902645111084
1.3205331563949585;1.0321919918060303
1.3204729557037354;1.0322520732879639
1.320359468460083;1.0315816402435303
1.3206928968429565;1.0314491987228394
1.3204439878463745;1.0313342809677124
1.3207321166992188;1.033451795578003
1.320302963256836;1.031463623046875
1.3206409215927124;1.0324764251708984
1.320623517036438;1.0309972763061523
1.320776104927063;1.0314712524414062
1.3204309940338135;1.0312280654907227
1.3204301595687866;1.0329383611679077
1.3204174041748047;1.0298031568527222
1.3204257488250732;1.031166911125183
1.320834994316101;1.0319818258285522
1.3203463554382324;1.0309795141220093
1.3203632831573486;1.0317877531051636
1.3210328817367554;1.0314809083938599
1.3204177618026733;1.0310148000717163
1.3207197189331055;1.033710241317749
1.3204618692398071;1.0315309762954712
1.320473074913025;1.0317890644073486
1.3207257986068726;1.0345582962036133
1.3214592933654785;1.0335235595703125
1.3206508159637451;1.0337958335876465
1.3205047845840454;1.032341480255127
1.3205592632293701;1.031180500984192
1.3204277753829956;1.0305684804916382
1.3204902410507202;1.0316739082336426
1.3205260038375854;1.0323741436004639
1.3209302425384521;1.0331509113311768
1.3202686309814453;1.0323693752288818
1.3205589056015015;1.032219648361206
1.3206384181976318;1.033950686454773
1.3202979564666748;1.0334628820419312
1.3208115100860596;1.0331313610076904
1.3206543922424316;1.0295159816741943
1.3206183910369873;1.0303212404251099
1.3205680847167969;1.0314358472824097
1.3202710151672363;1.0321332216262817
1.3206006288528442;1.031843900680542
1.3210067749023438;1.0316600799560547
1.3204156160354614;1.0311564207077026
1.320831537246704;1.0320526361465454
1.3207979202270508;1.0309090614318848
1.3205225467681885;1.0315792560577393
1.320657730102539;1.0325170755386353
1.3204779624938965;1.0314252376556396
1.320587158203125;1.0324504375457764
1.3210381269454956;1.032546043395996
1.3207169771194458;1.0322121381759644
1.3205101490020752;1.0332932472229004
1.3206720352172852;1.0345885753631592
1.321314811706543;1.0324794054031372
1.3206312656402588;1.0332756042480469
1.3203470706939697;1.0313819646835327
1.3205907344818115;1.0331343412399292
1.3206467628479004;1.033068060874939
1.3207453489303589;1.0355992317199707
1.3206523656845093;1.0326719284057617
1.3205103874206543;1.0318406820297241
1.3204779624938965;1.0310752391815186
1.320988416671753;1.0303475856781006
1.320989727973938;1.032605767250061
1.3205972909927368;1.0320460796356201
1.3203251361846924;1.032517671585083
1.3206562995910645;1.0346906185150146
1.3206989765167236;1.0310781002044678
1.3203816413879395;1.0333764553070068
1.3205536603927612;1.0323734283447266
1.3207266330718994;1.0309605598449707
1.3203916549682617;1.034752607345581
1.3207284212112427;1.0328733921051025
1.3203954696655273;1.0310723781585693
1.3206346035003662;1.033852458000183
1.3204379081726074;1.0316417217254639
1.320664882659912;1.0296189785003662
1.320441484451294;1.0320426225662231
1.3203352689743042;1.0310232639312744
1.3202667236328125;1.0326600074768066
1.3203110694885254;1.0315289497375488
1.3204419612884521;1.0326266288757324
1.3207510709762573;1.0320762395858765
1.3203147649765015;1.0314909219741821
1.3203356266021729;1.0310564041137695
1.320415735244751;1.0324854850769043
1.3204600811004639;1.0304570198059082
1.3205513954162598;1.033918023109436
1.3209768533706665;1.0335224866867065
1.3203582763671875;1.0316932201385498
1.320273756980896;1.0332496166229248
1.321204662322998;1.0318851470947266
1.3204015493392944;1.0322567224502563
1.3204257488250732;1.032792329788208
1.3204941749572754;1.033004641532898
1.3203675746917725;1.0306928157806396
1.320397973060608;1.0345604419708252
1.3203315734863281;1.0312567949295044
1.3207544088363647;1.0317821502685547
1.320676565170288;1.031469702720642
1.3204071521759033;1.0333786010742188
1.3209381103515625;1.0334010124206543
1.3204277753829956;1.033131718635559
1.3203234672546387;1.033394694328308
1.3205840587615967;1.0318766832351685
1.3206405639648438;1.030560851097107
1.3204549551010132;1.0339696407318115
1.3208063840866089;1.0325170755386353
1.3210368156433105;1.034785509109497
1.3211287260055542;1.032801628112793
1.3208695650100708;1.032774806022644
1.320536494255066;1.0322636365890503
1.320574402809143;1.032120704650879
1.3204823732376099;1.0318524837493896
1.3209269046783447;1.0329424142837524
1.3204662799835205;1.0319246053695679
1.3205761909484863;1.0354362726211548
1.3207261562347412;1.0313762426376343
1.3204278945922852;1.0300910472869873
1.3203595876693726;1.0328068733215332
1.3204931020736694;1.0320461988449097
1.3211458921432495;1.0304949283599854
1.3203809261322021;1.0327023267745972
1.3206253051757812;1.031785011291504
1.3207298517227173;1.0325210094451904
1.3206455707550049;1.031984806060791
1.320608377456665;1.0324379205703735
1.3205108642578125;1.0320261716842651
1.3205602169036865;1.0314637422561646
1.3204761743545532;1.033036708831787
1.3204439878463745;1.030593991279602
1.3206355571746826;1.0330018997192383
1.320868968963623;1.0310472249984741
1.3203332424163818;1.03224515914917
1.3206827640533447;1.0309492349624634
1.3203470706939697;1.0307285785675049
1.3206889629364014;1.0332671403884888
1.3202831745147705;1.0317091941833496
1.320449709892273;1.0337294340133667
1.320473074913025;1.0306495428085327
1.320953607559204;1.0313082933425903
1.320650577545166;1.0330392122268677
1.3204209804534912;1.0323370695114136
1.3205540180206299;1.0317411422729492
1.320302963256836;1.030239462852478
1.320602297782898;1.0322837829589844
1.320580005645752;1.0313990116119385
1.3206955194473267;1.0323100090026855
1.3203794956207275;1.031201958656311
1.320367455482483;1.0327212810516357
1.3210666179656982;1.0351920127868652
1.3205366134643555;1.0330675840377808
1.3203922510147095;1.0295557975769043
1.3208622932434082;1.032119870185852
1.3203068971633911;1.0323340892791748
1.320387601852417;1.0306618213653564
1.3204096555709839;1.0304391384124756
1.3203482627868652;1.0318354368209839
1.3204302787780762;1.0321755409240723
1.320669412612915;1.034867286682129
1.3207480907440186;1.0318325757980347
1.320845603942871;1.0319008827209473
1.3209569454193115;1.032826542854309
1.3205598592758179;1.0301979780197144
1.3204779624938965;1.0314826965332031
1.3204779624938965;1.0315250158309937
1.3205537796020508;1.0342210531234741
1.3212370872497559;1.032726526260376
1.3203272819519043;1.0314326286315918
1.3204116821289062;1.0317047834396362
1.3208520412445068;1.0336445569992065
1.320385456085205;1.031754732131958
1.3210994005203247;1.0342705249786377
1.3204567432403564;1.032590627670288
1.3203526735305786;1.0329934358596802
1.3203110694885254;1.0324734449386597
1.3204725980758667;1.0321779251098633
1.3202221393585205;1.031925916671753
1.320478081703186;1.0319926738739014
1.3202881813049316;1.0295461416244507
1.320590853691101;1.0319513082504272
1.3209069967269897;1.0329804420471191
1.3207125663757324;1.0342156887054443
1.3202961683273315;1.0336651802062988
1.3205968141555786;1.0321284532546997
1.3203449249267578;1.0310864448547363
1.3208394050598145;1.0314960479736328
1.3205400705337524;1.0327064990997314
1.320906400680542;1.0346179008483887
1.3205580711364746;1.0332801342010498
1.3204624652862549;1.032443642616272
1.3203353881835938;1.0317909717559814
1.3205130100250244;1.0325239896774292
1.3208189010620117;1.0308489799499512
1.3205209970474243;1.0329065322875977
1.320397973060608;1.0309836864471436
1.3206570148468018;1.0322940349578857
1.3208024501800537;1.030348300933838
1.3205748796463013;1.0305663347244263
1.3206565380096436;1.0325002670288086
1.3203630447387695;1.0299198627471924
1.320302963256836;1.0302455425262451
1.320684790611267;1.0320208072662354
1.320456862449646;1.03206467628479
1.3202868700027466;1.0309815406799316
1.3205586671829224;1.0329957008361816
1.3211612701416016;1.0347414016723633
1.3204278945922852;1.0331916809082031
1.3203999996185303;1.0304443836212158
1.3203030824661255;1.0306707620620728
1.3203773498535156;1.030502438545227
1.3205561637878418;1.0308033227920532
1.320602297782898;1.0339150428771973
1.3206580877304077;1.0322703123092651
1.3209402561187744;1.031551480293274
1.3206989765167236;1.0306968688964844
1.3204437494277954;1.030165195465088
1.3203352689743042;1.0329890251159668
1.3203632831573486;1.03011155128479
1.3203556537628174;1.0303571224212646
1.3206777572631836;1.0323636531829834
1.3205015659332275;1.0326260328292847
1.3207706212997437;1.0335768461227417
1.3207017183303833;1.0310224294662476
1.3204941749572754;1.033851146697998
1.3204431533813477;1.0341447591781616
1.3204941749572754;1.0302495956420898
1.3206183910369873;1.033513069152832
1.3204843997955322;1.032788634300232
1.3202965259552002;1.0306293964385986
1.320359468460083;1.0330499410629272
1.3205804824829102;1.0320308208465576
1.3204296827316284;1.0318794250488281
1.3207679986953735;1.0313777923583984
1.3206076622009277;1.0327634811401367
1.3207123279571533;1.0319207906723022
1.3205854892730713;1.0329166650772095
1.3204618692398071;1.0324640274047852
1.3205463886260986;1.0328482389450073
1.320359468460083;1.0351682901382446
1.3204420804977417;1.0319806337356567
1.320478081703186;1.0322201251983643
1.3203954696655273;1.0313494205474854
1.3206907510757446;1.0320059061050415
1.320399522781372;1.0336730480194092
1.320611596107483;1.0327644348144531
1.3202941417694092;1.032199501991272
1.3209823369979858;1.0355361700057983
1.320466160774231;1.030531644821167
1.3203353881835938;1.0340328216552734
1.3206045627593994;1.032246708869934
1.3204691410064697;1.0315748453140259
1.3207221031188965;1.0321146249771118
1.3206446170806885;1.0347225666046143
1.320343255996704;1.031782627105713
1.320473074913025;1.0312963724136353
1.3206727504730225;1.0320619344711304
1.3204729557037354;1.0311342477798462
1.3204779624938965;1.032273769378662
1.3208413124084473;1.0328184366226196
1.3205046653747559;1.0309826135635376
1.320401668548584;1.0317163467407227
1.320380449295044;1.0313704013824463
1.320525050163269;1.0329084396362305
1.3207093477249146;1.0322153568267822
1.32069730758667;1.0311086177825928
1.3203965425491333;1.033759355545044
1.320443868637085;1.0312986373901367
1.3208030462265015;1.0323443412780762
1.320454716682434;1.0347545146942139
1.3205326795578003;1.0327012538909912
1.3205368518829346;1.0309908390045166
1.3209604024887085;1.032464623451233
1.3206523656845093;1.0318856239318848
1.3208640813827515;1.031793236732483
1.3204822540283203;1.0309690237045288
1.3204065561294556;1.032602310180664
1.3206895589828491;1.0319535732269287
1.320681095123291;1.0319076776504517
1.3204760551452637;1.0313260555267334
1.3203470706939697;1.0320239067077637
1.3204853534698486;1.0345206260681152
1.3207471370697021;1.0332767963409424
1.3209121227264404;1.0347540378570557
1.3209662437438965;1.0330697298049927
1.3204457759857178;1.0316989421844482
1.3203837871551514;1.0309346914291382
1.3206021785736084;1.0300394296646118
1.3206325769424438;1.0330504179000854
1.3206325769424438;1.0304938554763794
1.3208482265472412;1.0337203741073608
1.3204779624938965;1.0345938205718994
1.320725917816162;1.0339665412902832
1.3203222751617432;1.0317187309265137
1.320302963256836;1.0315483808517456
1.3204413652420044;1.030007243156433
1.3209139108657837;1.0314801931381226
1.3206744194030762;1.0324095487594604
1.3204338550567627;1.0328890085220337
1.3203794956207275;1.030624270439148
1.320322036743164;1.031975507736206
1.3204684257507324;1.0342820882797241
1.320418119430542;1.0313496589660645
1.3204939365386963;1.0326128005981445
1.3212870359420776;1.0327744483947754
1.3207740783691406;1.0333218574523926
1.3203896284103394;1.031092643737793
1.3207358121871948;1.0313692092895508
1.3204607963562012;1.0333964824676514
1.3209210634231567;1.031877040863037
1.320367693901062;1.0309852361679077
1.320814609527588;1.0308938026428223
1.320351481437683;1.0301685333251953
1.3204240798950195;1.0323131084442139
1.320630431175232;1.0324716567993164
1.3205944299697876;1.0308176279067993
1.3206177949905396;1.0320478677749634
1.320486068725586;1.0330134630203247
1.3205654621124268;1.0337753295898438
1.320281744003296;1.0323994159698486
1.320700764656067;1.0316911935806274
1.320286750793457;1.0320755243301392
1.3203582763671875;1.031692624092102
1.3205815553665161;1.0322638750076294
1.3202985525131226;1.0328797101974487
1.3203530311584473;1.0302842855453491
1.3208454847335815;1.0316096544265747
1.320395588874817;1.0340063571929932
1.3208171129226685;1.0326895713806152
1.3206403255462646;1.0323961973190308
1.3205883502960205;1.0320146083831787
1.320443868637085;1.0322868824005127
1.32045316696167;1.0330443382263184
1.3204681873321533;1.0319961309432983
1.3206124305725098;1.0333163738250732
1.3203470706939697;1.030861258506775
1.3204419612884521;1.0328407287597656
1.320760726928711;1.0330772399902344
1.3206363916397095;1.0326145887374878
1.320652961730957;1.0328208208084106
1.3204320669174194;1.0316267013549805
1.3204209804534912;1.0319572687149048
1.3203582763671875;1.0315295457839966
1.3205742835998535;1.0314490795135498
1.3204618692398071;1.0318195819854736
1.3204673528671265;1.0335636138916016
1.320517897605896;1.0317864418029785
1.3203998804092407;1.0333247184753418
1.3206312656402588;1.031583309173584
1.3203206062316895;1.033686876296997
1.320719838142395;1.031478762626648
1.3208978176116943;1.0324313640594482
1.3204439878463745;1.030676245689392
1.32041597366333;1.0320091247558594
1.320616364479065;1.0339139699935913
1.3204209804534912;1.0309089422225952
1.3203308582305908;1.031682014465332
1.3204141855239868;1.0313516855239868
1.320346474647522;1.0328402519226074
1.320735216140747;1.0329278707504272
1.3205024003982544;1.0315394401550293
1.3206202983856201;1.0327751636505127
1.3204617500305176;1.0309804677963257
1.3203516006469727;1.0316194295883179
1.3202991485595703;1.0318671464920044
1.3206084966659546;1.0316623449325562
1.3205974102020264;1.0299335718154907
1.320517897605896;1.0319764614105225
1.3204801082611084;1.0314304828643799
1.3206558227539062;1.0309513807296753
1.3203271627426147;1.0321011543273926
1.3210712671279907;1.0317606925964355
1.3205586671829224;1.0310454368591309
1.320443868637085;1.0315697193145752
1.3204096555709839;1.0313286781311035
1.321038007736206;1.0323758125305176
1.320471167564392;1.0326279401779175
1.3204240798950195;1.0321836471557617
1.3202985525131226;1.0315014123916626
1.320520281791687;1.030303716659546
1.320438027381897;1.0324335098266602
1.3206818103790283;1.033773422241211
1.3205548524856567;1.0334208011627197
1.3206777572631836;1.0316407680511475
1.3206276893615723;1.0322178602218628
1.3203481435775757;1.0332196950912476
1.3213746547698975;1.0344159603118896
1.3203954696655273;1.032271146774292
1.3209953308105469;1.035363793373108
1.3204967975616455;1.0319757461547852
1.3204779624938965;1.0335527658462524
1.3208364248275757;1.030795931816101
1.3204500675201416;1.0331920385360718
1.3211761713027954;1.0330958366394043
1.3205482959747314;1.029766321182251
1.3207545280456543;1.0309271812438965
1.3203647136688232;1.031534194946289
1.320406436920166;1.031620979309082
1.320526361465454;1.031345009803772
1.3204419612884521;1.0306211709976196
1.32064688205719;1.0298091173171997
1.3204097747802734;1.0295438766479492
1.3212140798568726;1.0327402353286743
1.3205804824829102;1.0310190916061401
1.3208560943603516;1.0324848890304565
1.3209913969039917;1.0323686599731445
1.3205006122589111;1.0306931734085083
1.3203308582305908;1.031765103340149
1.3204439878463745;1.0301772356033325
1.3204941749572754;1.0350618362426758
1.32123601436615;1.031927466392517
1.320375680923462;1.0306892395019531
1.3206617832183838;1.0321708917617798
1.320515751838684;1.0323354005813599
1.3206167221069336;1.0335872173309326
1.3205811977386475;1.0309696197509766
1.320393443107605;1.034214973449707
1.3205052614212036;1.0311486721038818
1.3207283020019531;1.0321552753448486
1.3206095695495605;1.03372323513031
1.3205400705337524;1.03303861618042
1.3202868700027466;1.0305225849151611
1.3203469514846802;1.0311278104782104
1.3206804990768433;1.0323015451431274
1.3206042051315308;1.031308889389038
1.3205586671829224;1.0326751470565796
1.320351481437683;1.02903151512146
1.3205103874206543;1.0327128171920776
1.3204067945480347;1.03270423412323
1.3211513757705688;1.0335367918014526
1.3205841779708862;1.033883810043335
1.3209586143493652;1.0323458909988403
1.3204412460327148;1.032082438468933
1.320401668548584;1.03118896484375
1.3205127716064453;1.0321812629699707
1.3209789991378784;1.0314136743545532
1.3203954696655273;1.0298396348953247
1.3204940557479858;1.0314568281173706
1.3204822540283203;1.0298246145248413
1.3207310438156128;1.0318421125411987
1.3204737901687622;1.0324907302856445
1.3203513622283936;1.0318934917449951
1.3207359313964844;1.0328009128570557
1.3206462860107422;1.0306564569473267
1.32106614112854;1.032554268836975
1.3205760717391968;1.031938910484314
1.3205264806747437;1.031808614730835
1.3203468322753906;1.0311853885650635
1.3208290338516235;1.0338268280029297
1.3204437494277954;1.031679391860962
1.3205631971359253;1.0354715585708618
1.3203792572021484;1.0312104225158691
1.3204115629196167;1.030930519104004
1.3206684589385986;1.0307470560073853
1.3203191757202148;1.033927083015442
1.3207861185073853;1.032701849937439
1.3204320669174194;1.0298709869384766
1.320282220840454;1.0305287837982178
1.3203675746917725;1.0315008163452148
1.3208590745925903;1.0307165384292603
1.3207271099090576;1.0318548679351807
1.3206846714019775;1.0297284126281738
1.3210785388946533;1.033444881439209
1.3206684589385986;1.030260443687439
1.3206558227539062;1.0309226512908936
1.3205699920654297;1.0308454036712646
1.3205468654632568;1.0320186614990234
1.3203836679458618;1.029773473739624
1.3205511569976807;1.0340895652770996
1.3203675746917725;1.029287576675415
1.3207423686981201;1.0312591791152954
1.3206666707992554;1.0329103469848633
1.3202948570251465;1.0317583084106445
1.3204405307769775;1.0296708345413208
1.3208950757980347;1.0351299047470093
1.3204240798950195;1.0308310985565186
1.320259690284729;1.0308183431625366
1.320355772972107;1.0287731885910034
1.3205437660217285;1.030644416809082
1.3208856582641602;1.0324902534484863
1.3205971717834473;1.0319080352783203
1.3204115629196167;1.0305566787719727
1.3209706544876099;1.032724380493164
1.3205584287643433;1.0321600437164307
1.3204456567764282;1.0327683687210083
1.3208355903625488;1.0316776037216187
1.320608139038086;1.0324621200561523
1.3203351497650146;1.0302318334579468
1.3202332258224487;1.0308395624160767
1.3207169771194458;1.031684160232544
1.321014165878296;1.0328092575073242
1.320530891418457;1.0309709310531616
1.3203787803649902;1.0336453914642334
1.320363163948059;1.0314812660217285
1.3212779760360718;1.0327262878417969
1.3207026720046997;1.0340800285339355
1.3205082416534424;1.0334948301315308
1.3206523656845093;1.0314295291900635
1.3206530809402466;1.0319310426712036
1.320302963256836;1.0303858518600464
1.3210368156433105;1.0318665504455566
1.3203997611999512;1.0302412509918213
1.3203837871551514;1.0314298868179321
1.3204617500305176;1.032578468322754
1.3205424547195435;1.0327599048614502
1.3206603527069092;1.0323851108551025
1.3207405805587769;1.0315736532211304
1.3205268383026123;1.0318472385406494
1.320887804031372;1.0334213972091675
1.3204116821289062;1.0329939126968384
1.3208835124969482;1.0341273546218872
1.320509672164917;1.0306410789489746
1.3204251527786255;1.0311757326126099
1.3205146789550781;1.0315580368041992
1.3208857774734497;1.032495141029358
1.3204741477966309;1.0315343141555786
1.3204917907714844;1.03162682056427
1.320615291595459;1.03156316280365
1.3208868503570557;1.0323413610458374
1.3203544616699219;1.031968355178833
1.32042396068573;1.0338164567947388
1.320471167564392;1.031179666519165
1.320754051208496;1.0326377153396606
1.32088041305542;1.0310686826705933
1.3202669620513916;1.031122088432312
1.3203792572021484;1.0321142673492432
1.3203301429748535;1.0317946672439575
1.3204377889633179;1.0314608812332153
1.3205212354660034;1.0334341526031494
1.321175217628479;1.0327446460723877
1.320608377456665;1.0321102142333984
1.3203191757202148;1.031835913658142
1.3204741477966309;1.032982587814331
1.3204294443130493;1.0328843593597412
1.3206865787506104;1.033074140548706
1.3208791017532349;1.033422589302063
1.3204176425933838;1.0315968990325928
1.3205759525299072;1.0302681922912598
1.3203513622283936;1.0307056903839111
1.3206958770751953;1.0325943231582642
1.3206071853637695;1.0326154232025146
1.32059645652771;1.0300925970077515
1.3203903436660767;1.0328688621520996
1.3206511735916138;1.030712366104126
1.3204779624938965;1.030727744102478
1.3206565380096436;1.0333197116851807
1.3205400705337524;1.0309062004089355
1.3203675746917725;1.0301733016967773
1.3203028440475464;1.0306854248046875
1.320446252822876;1.0303195714950562
1.3203953504562378;1.0311503410339355
1.3203449249267578;1.0303255319595337
1.320542335510254;1.0338265895843506
1.320885181427002;1.033854365348816
1.3204772472381592;1.0313851833343506
1.3203468322753906;1.0315953493118286
1.320573091506958;1.0301645994186401
1.3209195137023926;1.030791163444519
1.3204495906829834;1.030219554901123
1.3202059268951416;1.029145359992981
1.3203954696655273;1.0304625034332275
1.320700764656067;1.0310885906219482
1.3202660083770752;1.0325441360473633
1.320379376411438;1.030758261680603
1.3208860158920288;1.0335655212402344
1.3207168579101562;1.0303698778152466
1.320302963256836;1.0292125940322876
1.3207716941833496;1.0307368040084839
1.320385456085205;1.0289239883422852
1.3205747604370117;1.0333387851715088
1.320684552192688;1.0319979190826416
1.3204407691955566;1.0348516702651978
1.3204127550125122;1.0297472476959229
1.320664644241333;1.0344146490097046
1.3205585479736328;1.0332049131393433
1.3206028938293457;1.031414270401001
1.3209820985794067;1.033427119255066
1.320430040359497;1.032355785369873
1.3209280967712402;1.0310626029968262
1.3212804794311523;1.033384919166565
1.3204867839813232;1.031933307647705
1.3203181028366089;1.031202793121338
1.320320725440979;1.0319058895111084
1.3206443786621094;1.0314202308654785
1.3205034732818604;1.030511498451233
1.3207473754882812;1.0302356481552124
1.3204741477966309;1.03038489818573
1.320343255996704;1.0312883853912354
1.320347547531128;1.0312464237213135
1.3205630779266357;1.032161831855774
1.3205047845840454;1.0304937362670898
1.3205397129058838;1.0317115783691406
1.3205028772354126;1.0311295986175537
1.3205262422561646;1.0308579206466675
1.3205715417861938;1.0310941934585571
1.320820689201355;1.0323805809020996
1.3203743696212769;1.0316730737686157
1.3207015991210938;1.031078815460205
1.3207271099090576;1.0317158699035645
1.3208625316619873;1.0322638750076294
1.320663332939148;1.0322948694229126
1.3205052614212036;1.0311987400054932
1.3208444118499756;1.0304709672927856
1.3209266662597656;1.0324734449386597
1.3207356929779053;1.0339312553405762
1.3202221393585205;1.0323373079299927
1.320357322692871;1.030134677886963
1.3209185600280762;1.032088041305542
1.3204680681228638;1.0326614379882812
1.3204600811004639;1.0307101011276245
1.3208470344543457;1.0322269201278687
1.320509672164917;1.0297518968582153
1.3206803798675537;1.0300874710083008
1.3203513622283936;1.0302373170852661
1.3203513622283936;1.030460238456726
1.320427656173706;1.0333479642868042
1.3207114934921265;1.031324863433838
1.3206226825714111;1.032150387763977
1.3203833103179932;1.029533863067627
1.3204177618026733;1.0320844650268555
1.3205052614212036;1.030544638633728
1.3202946186065674;1.0315548181533813
1.3211820125579834;1.0323960781097412
1.3208214044570923;1.0334341526031494
1.3207157850265503;1.0322223901748657
1.3206263780593872;1.0328199863433838
1.3204822540283203;1.0333774089813232
1.3205833435058594;1.0314218997955322
1.320530891418457;1.03317391872406
1.3207138776779175;1.0322487354278564
1.3206846714019775;1.0322188138961792
1.3204320669174194;1.0318704843521118
1.3203978538513184;1.0320336818695068
1.3203933238983154;1.0315029621124268
1.320654273033142;1.0316780805587769
1.3205658197402954;1.030771255493164
1.3209367990493774;1.0322134494781494
1.3204612731933594;1.031967043876648
1.320493459701538;1.0332973003387451
1.3205952644348145;1.0321869850158691
1.320745825767517;1.0338069200515747
1.3204115629196167;1.0316060781478882
1.3202935457229614;1.0323421955108643
1.320320725440979;1.0301991701126099
1.320934772491455;1.0320334434509277
1.3207266330718994;1.0322635173797607
1.3205113410949707;1.032717227935791
1.3205738067626953;1.0308148860931396
1.3211634159088135;1.0339736938476562
1.3205437660217285;1.0310800075531006
1.3202611207962036;1.029503345489502
1.3206707239151;1.0309793949127197
1.3204095363616943;1.0306191444396973
1.3206182718276978;1.0324112176895142
1.3207231760025024;1.0330581665039062
1.320864200592041;1.0310114622116089
1.320401906967163;1.0329620838165283
1.3208000659942627;1.0317885875701904
1.3206727504730225;1.0316548347473145
1.320604681968689;1.0343356132507324
1.3207522630691528;1.033096194267273
1.320702075958252;1.0319137573242188
1.3204294443130493;1.0297324657440186
1.320709228515625;1.0301508903503418
1.320330262184143;1.0330042839050293
1.320702314376831;1.0332255363464355
1.3205747604370117;1.0321646928787231
1.3203957080841064;1.0331493616104126
1.3207470178604126;1.028901219367981
1.3203206062316895;1.0322750806808472
1.320322036743164;1.0319312810897827
1.3204600811004639;1.0306247472763062
1.3203308582305908;1.0328253507614136
1.3204176425933838;1.029118537902832
1.3206454515457153;1.031825304031372
1.3204940557479858;1.0307642221450806
1.3204782009124756;1.0303328037261963
1.3204854726791382;1.0306484699249268
1.3202705383300781;1.03242826461792
1.3205257654190063;1.032568097114563
1.3203469514846802;1.0309505462646484
1.3203109502792358;1.0312397480010986
1.320751428604126;1.034393310546875
1.320443868637085;1.0318905115127563
1.320517659187317;1.0313022136688232
1.320514440536499;1.0324113368988037
1.3203140497207642;1.02959144115448
1.3207319974899292;1.031165361404419
1.320694923400879;1.033002495765686
1.3203191757202148;1.031556248664856
1.3209235668182373;1.032508373260498
1.3202062845230103;1.031686544418335
1.3213576078414917;1.0335073471069336
1.3202171325683594;1.0332826375961304
1.3206086158752441;1.0298700332641602
1.3203110694885254;1.0303653478622437
1.3202829360961914;1.0319674015045166
1.3206112384796143;1.0327041149139404
1.3205974102020264;1.0325500965118408
1.320664644241333;1.0322506427764893
1.3207148313522339;1.0323939323425293
1.3207924365997314;1.0331157445907593
1.3205177783966064;1.0291740894317627
1.3209621906280518;1.0326043367385864
1.3203691244125366;1.03139066696167
1.3204149007797241;1.0337053537368774
1.3207838535308838;1.0305758714675903
1.320449948310852;1.0306841135025024
1.3210028409957886;1.0328823328018188
1.3203994035720825;1.0309408903121948
1.3207314014434814;1.031735897064209
1.3207533359527588;1.0301635265350342
1.3206496238708496;1.0319886207580566
1.32088041305542;1.0339435338974
1.320542335510254;1.032190203666687
1.3203625679016113;1.032991647720337
1.3207496404647827;1.0302447080612183
1.3204984664916992;1.032207727432251
1.32041335105896;1.0302752256393433
1.3210303783416748;1.033280611038208
1.3205424547195435;1.0308120250701904
1.3204293251037598;1.0309640169143677
1.3210387229919434;1.0311816930770874
1.3210868835449219;1.0316122770309448
1.320197343826294;1.0324678421020508
1.3205643892288208;1.0314743518829346
1.3207647800445557;1.0333598852157593
1.3208673000335693;1.0291404724121094
1.3207917213439941;1.0335503816604614
1.320443868637085;1.0312856435775757
1.320446252822876;1.0322046279907227
1.3205859661102295;1.0308425426483154
1.3205679655075073;1.0330190658569336
1.3206326961517334;1.0318485498428345
1.321143627166748;1.0326316356658936
1.3206417560577393;1.035395622253418
1.320620059967041;1.0308973789215088
1.3209747076034546;1.0319193601608276
1.32051420211792;1.030896544456482
1.3205950260162354;1.0323340892791748
1.3202991485595703;1.0318154096603394
1.320411205291748;1.0316792726516724
1.3204176425933838;1.0312808752059937
1.3204779624938965;1.03005850315094
1.3202990293502808;1.0301388502120972
1.3204293251037598;1.0303186178207397
1.3204612731933594;1.032390832901001
1.3202948570251465;1.0318701267242432
1.3204301595687866;1.0305149555206299
1.3205983638763428;1.0335899591445923
1.3213393688201904;1.0352965593338013
1.3203785419464111;1.0303025245666504
1.3208041191101074;1.0317635536193848
1.320526361465454;1.0331608057022095
1.3204054832458496;1.0321985483169556
1.3205375671386719;1.0314927101135254
1.3213289976119995;1.031822919845581
1.320328712463379;1.030829668045044
1.320875644683838;1.0328562259674072
1.3203966617584229;1.0308623313903809
1.320588231086731;1.0314112901687622
1.3203352689743042;1.0313751697540283
1.3206615447998047;1.033972978591919
1.3204115629196167;1.0316213369369507
1.320407748222351;1.0345960855484009
1.321061134338379;1.0317367315292358
1.320777177810669;1.032434344291687
1.3205878734588623;1.0327706336975098
1.3204047679901123;1.0302189588546753
1.3208532333374023;1.0306780338287354
1.3206446170806885;1.0330919027328491
1.3205660581588745;1.033299446105957
1.3203308582305908;1.032379388809204
1.3205896615982056;1.03318190574646
1.320931077003479;1.0320008993148804
1.3203108310699463;1.029698133468628
1.3206778764724731;1.0316472053527832
1.3204989433288574;1.0326201915740967
1.3204983472824097;1.0319702625274658
1.3209547996520996;1.0318328142166138
1.3205242156982422;1.033628225326538
1.3204600811004639;1.0320727825164795
1.3206250667572021;1.0313376188278198
1.3203917741775513;1.0313389301300049
1.3204244375228882;1.0311524868011475
1.3204984664916992;1.0300986766815186
1.320492148399353;1.0288472175598145
1.3205487728118896;1.0307624340057373
1.320385456085205;1.0324817895889282
1.3206846714019775;1.032281756401062
1.320765495300293;1.0309958457946777
1.3205090761184692;1.0338376760482788
1.3203792572021484;1.0310122966766357
1.320666790008545;1.0321968793869019
1.3204662799835205;1.0296235084533691
1.320525884628296;1.030316948890686
1.320351243019104;1.030717372894287
1.3206285238265991;1.032805323600769
1.320443868637085;1.0313262939453125
1.3206079006195068;1.032175898551941
1.320664644241333;1.0307153463363647
1.32046639919281;1.0346015691757202
1.3204618692398071;1.0329608917236328
1.320367455482483;1.0300178527832031
1.3210113048553467;1.0308165550231934
1.3203222751617432;1.0316823720932007
1.321175456047058;1.0323930978775024
1.3204318284988403;1.0319201946258545
1.3204243183135986;1.0337389707565308
1.3205468654632568;1.0299324989318848
1.3207052946090698;1.0335543155670166
1.320526361465454;1.0313971042633057
1.320526361465454;1.0310066938400269
1.3205270767211914;1.0314537286758423
1.320312261581421;1.035046935081482
1.320355772972107;1.0310263633728027
1.3210957050323486;1.0310238599777222
1.3205100297927856;1.031142234802246
1.3208588361740112;1.0324325561523438
1.3203109502792358;1.029436707496643
1.320663571357727;1.0319194793701172
1.3204658031463623;1.0340306758880615
1.3205101490020752;1.0312297344207764
1.3204500675201416;1.032358169555664
1.3208447694778442;1.0302417278289795
1.3205559253692627;1.0316143035888672
1.3204132318496704;1.0316588878631592
1.3207753896713257;1.0318102836608887
1.3204617500305176;1.0311869382858276
1.321029543876648;1.0331950187683105
1.3208038806915283;1.03214693069458
1.3206336498260498;1.031900405883789
1.3206405639648438;1.0320426225662231
1.320430040359497;1.030598759651184
1.3202979564666748;1.0317394733428955
1.3205914497375488;1.0327094793319702
1.3205747604370117;1.031653642654419
1.320770025253296;1.031440258026123
1.320457935333252;1.033503770828247
1.3207916021347046;1.0335420370101929
1.3206462860107422;1.0316249132156372
1.3204662799835205;1.0310006141662598
1.320749044418335;1.0314480066299438
1.3203930854797363;1.0304169654846191
1.320726990699768;1.0329707860946655
1.320703148841858;1.0320457220077515
1.32102632522583;1.0320767164230347
1.3204548358917236;1.0319092273712158
1.320748209953308;1.0322418212890625
1.3205147981643677;1.0329018831253052
1.3204617500305176;1.0316896438598633
1.3203835487365723;1.031021237373352
1.3203352689743042;1.03162682056427
1.3206182718276978;1.0325572490692139
1.3202908039093018;1.0327118635177612
1.3206684589385986;1.0330151319503784
1.3204418420791626;1.031427025794983
1.320833444595337;1.032616376876831
1.3206006288528442;1.031001091003418
1.320544719696045;1.0329704284667969
1.3209214210510254;1.0352683067321777
1.320586085319519;1.034193992614746
1.320516586303711;1.0293328762054443
1.32050621509552;1.033203125
1.3209893703460693;1.033369779586792
1.3204530477523804;1.0327742099761963
1.3210394382476807;1.0320584774017334
1.3204892873764038;1.0308948755264282
1.3212194442749023;1.0342215299606323
1.3204437494277954;1.0311286449432373
1.32041597366333;1.0311120748519897
1.3206567764282227;1.0317392349243164
1.3206524848937988;1.0331346988677979
1.320758581161499;1.032777190208435
1.3211075067520142;1.0322669744491577
1.320604681968689;1.029508113861084
1.3206787109375;1.0312678813934326
1.3206663131713867;1.0312843322753906
1.3202507495880127;1.0320969820022583
1.3204411268234253;1.0322520732879639
1.3203816413879395;1.030544400215149
1.3206254243850708;1.0294033288955688
1.3204126358032227;1.0306202173233032
1.320507287979126;1.0307198762893677
1.320418357849121;1.0328842401504517
1.320401668548584;1.0304290056228638
1.3204760551452637;1.031955599784851
1.3202786445617676;1.0322571992874146
1.3203802108764648;1.0301635265350342
1.320709228515625;1.0308146476745605
1.320354700088501;1.0302479267120361
1.320664882659912;1.030322551727295
1.3203271627426147;1.033957600593567
1.3209447860717773;1.032353162765503
1.3205547332763672;1.0298562049865723
1.32041335105896;1.0309319496154785
1.3203191757202148;1.0319160223007202
1.3204940557479858;1.030017375946045
1.3203741312026978;1.0307790040969849
1.3203445672988892;1.0317009687423706
1.3206777572631836;1.0310040712356567
1.3206300735473633;1.0331087112426758
1.3208036422729492;1.0320286750793457
1.320302963256836;1.0308012962341309
1.3202992677688599;1.0298486948013306
1.3205177783966064;1.0340532064437866
1.3204574584960938;1.0310516357421875
1.320785641670227;1.0326751470565796
1.3208361864089966;1.032557487487793
1.3204437494277954;1.0312705039978027
1.3204114437103271;1.0309003591537476
1.320892572402954;1.0327545404434204
1.3207528591156006;1.032690405845642
1.3205698728561401;1.0318615436553955
1.3213449716567993;1.0329773426055908
1.3203632831573486;1.0341097116470337
1.3204336166381836;1.0290229320526123
1.3206201791763306;1.032720923423767
1.3203630447387695;1.0317376852035522
1.3203853368759155;1.0348273515701294
1.3206522464752197;1.029017686843872
1.3207476139068604;1.0333147048950195
1.3208262920379639;1.0312039852142334
1.3206764459609985;1.032009482383728
1.3207186460494995;1.0310707092285156
1.3206405639648438;1.0337841510772705
1.3203994035720825;1.0321723222732544
1.3206462860107422;1.031878113746643
1.320427656173706;1.030505895614624
1.3204114437103271;1.0319714546203613
1.320336937904358;1.0309488773345947
1.3204782009124756;1.0328214168548584
1.320265531539917;1.0344524383544922
1.3204096555709839;1.0321073532104492
1.320430040359497;1.031420111656189
1.3207706212997437;1.034102201461792
1.3204277753829956;1.030611276626587
1.3202786445617676;1.0326910018920898
1.3204456567764282;1.0292390584945679
1.320526361465454;1.0316269397735596
1.320363163948059;1.0309556722640991
1.3203792572021484;1.032249093055725
1.3207979202270508;1.0330524444580078
1.3204773664474487;1.0328716039657593
1.3203351497650146;1.0320416688919067
1.320753812789917;1.033294677734375
1.3208781480789185;1.0326186418533325
1.320466160774231;1.0313268899917603
1.3201390504837036;1.0354453325271606
1.320743203163147;1.029842734336853
1.3204749822616577;1.0317399501800537
1.320539951324463;1.0330106019973755
1.320303201675415;1.0313236713409424
1.320526361465454;1.0323867797851562
1.3204941749572754;1.0317296981811523
1.3208280801773071;1.029729962348938
1.3204044103622437;1.0305241346359253
1.3204939365386963;1.0315513610839844
1.3208627700805664;1.0298629999160767
1.3206021785736084;1.0323002338409424
1.3205845355987549;1.0338215827941895
1.3208556175231934;1.0321489572525024
1.3203598260879517;1.0303919315338135
1.3205225467681885;1.0302191972732544
1.3203190565109253;1.0307941436767578
1.3203799724578857;1.0324652194976807
1.3206043243408203;1.0328134298324585
1.320575475692749;1.033232569694519
1.32045316696167;1.0326366424560547
1.32063627243042;1.0339975357055664
1.3206175565719604;1.0298895835876465
1.3203917741775513;1.0305122137069702
1.3209989070892334;1.0311592817306519
1.3206803798675537;1.0322329998016357
1.320314645767212;1.0339385271072388
1.3206150531768799;1.0321990251541138
1.3207528591156006;1.0310546159744263
1.3209569454193115;1.0326504707336426
1.3204294443130493;1.0293599367141724
1.3204773664474487;1.0322034358978271
1.3207476139068604;1.0323188304901123
1.3210357427597046;1.0315427780151367
1.3204823732376099;1.0299251079559326
1.321115255355835;1.033882975578308
1.3207428455352783;1.0322704315185547
1.3206968307495117;1.030892014503479
1.3205673694610596;1.0309116840362549
1.3204139471054077;1.0299406051635742
1.3203235864639282;1.0310685634613037
1.3206273317337036;1.0313187837600708
1.3202868700027466;1.0309839248657227
1.3207297325134277;1.0319219827651978
1.3204216957092285;1.028256893157959
1.3211618661880493;1.033228874206543
1.3204984664916992;1.031880497932434
1.3204402923583984;1.0317671298980713
1.3204903602600098;1.0320731401443481
1.320461392402649;1.0291547775268555
1.3207437992095947;1.0312329530715942
1.320302963256836;1.0327565670013428
1.3208534717559814;1.0324616432189941
1.3204538822174072;1.028506875038147
1.3207308053970337;1.0304619073867798
1.3203471899032593;1.0297003984451294
1.3204500675201416;1.0314898490905762
1.3205699920654297;1.0307691097259521
1.320364236831665;1.0306737422943115
1.3202677965164185;1.033913254737854
1.3204295635223389;1.0299464464187622
1.3207056522369385;1.0326101779937744
1.3206156492233276;1.03261137008667
1.320765733718872;1.0298595428466797
1.3206011056900024;1.0322619676589966
1.320427656173706;1.0324583053588867
1.3202660083770752;1.0302884578704834
1.3204779624938965;1.0311377048492432
1.3205143213272095;1.0327314138412476
1.3204622268676758;1.0299464464187622
1.3204915523529053;1.0306217670440674
1.3204901218414307;1.0316318273544312
1.3204227685928345;1.031790018081665
1.320266842842102;1.029937982559204
1.3203524351119995;1.031679391860962
1.3207521438598633;1.0317374467849731
1.320595145225525;1.0325971841812134
1.3210490942001343;1.0317937135696411
1.320717215538025;1.0317051410675049
1.3207091093063354;1.0327739715576172
1.3213772773742676;1.0323231220245361
1.3205904960632324;1.031833291053772
1.3206278085708618;1.0330424308776855
1.3205859661102295;1.0316308736801147
1.3205592632293701;1.029502511024475
1.320501446723938;1.0299512147903442
1.320489764213562;1.0331785678863525
1.3206404447555542;1.0315196514129639
1.3208283185958862;1.0291433334350586
1.3205214738845825;1.0305789709091187
1.321092128753662;1.031421184539795
1.320974588394165;1.0321061611175537
1.3207573890686035;1.0304874181747437
1.320487380027771;1.0315887928009033
1.320347547531128;1.030578374862671
1.32041597366333;1.0325708389282227
1.3204337358474731;1.0302709341049194
1.3205903768539429;1.0317325592041016
1.3206720352172852;1.0317500829696655
1.3207039833068848;1.0299546718597412
1.3202781677246094;1.031185269355774
1.320395588874817;1.0306448936462402
1.320567011833191;1.0313613414764404
1.320590853691101;1.030544400215149
1.3205922842025757;1.031517505645752
1.3206183910369873;1.0315136909484863
1.3203849792480469;1.029856562614441
1.3208649158477783;1.03340744972229
1.3206501007080078;1.029328465461731
1.320298433303833;1.0303698778152466
1.3205376863479614;1.0295103788375854
1.3203673362731934;1.0322363376617432
1.3202611207962036;1.0303771495819092
1.3204224109649658;1.0308470726013184
1.3203904628753662;1.0320407152175903
1.321467638015747;1.0323742628097534
1.320427656173706;1.0313804149627686
1.3203109502792358;1.0301235914230347
1.3204660415649414;1.0316450595855713
1.3203836679458618;1.031823754310608
1.3204401731491089;1.0316002368927002
1.3203147649765015;1.0319287776947021
1.3204288482666016;1.030885100364685
1.3203620910644531;1.0311970710754395
1.320608377456665;1.0315237045288086
1.3206619024276733;1.0332947969436646
1.3207831382751465;1.0320602655410767
1.3205723762512207;1.031878113746643
1.3205424547195435;1.0329421758651733
1.3202462196350098;1.0315104722976685
1.320380449295044;1.0285718441009521
1.320620059967041;1.030325174331665
1.3203271627426147;1.0303832292556763
1.3201775550842285;1.0323938131332397
1.3206493854522705;1.0304499864578247
1.3204612731933594;1.0309139490127563
1.3204761743545532;1.028971791267395
1.3205267190933228;1.0317631959915161
1.3203704357147217;1.031850814819336
1.3202548027038574;1.029809832572937
1.320359468460083;1.0329296588897705
1.3205772638320923;1.0321394205093384
1.3206185102462769;1.03285813331604
1.3203948736190796;1.032078504562378
1.3206408023834229;1.030798316001892
1.3211514949798584;1.031620740890503
1.3203784227371216;1.0319314002990723
1.3203269243240356;1.030805230140686
1.3203023672103882;1.0303988456726074
1.3204294443130493;1.0300819873809814
1.320522665977478;1.0319938659667969
1.3202831745147705;1.031300663948059
1.3204774856567383;1.032963752746582
1.3206253051757812;1.0315327644348145
1.3204078674316406;1.0331356525421143
1.3204599618911743;1.0306134223937988
1.3203742504119873;1.0309487581253052
1.3205903768539429;1.0313451290130615
1.3205760717391968;1.0311518907546997
1.3210058212280273;1.032353401184082
1.3204753398895264;1.0322468280792236
1.3204889297485352;1.0324960947036743
1.3204742670059204;1.0304566621780396
1.3206777572631836;1.0311813354492188
1.3206616640090942;1.0318905115127563
1.320343255996704;1.031571626663208
1.3209891319274902;1.0324440002441406
1.3213202953338623;1.0353052616119385
1.3204538822174072;1.0321532487869263
1.3204293251037598;1.0325353145599365
1.320443868637085;1.0298329591751099
1.3206968307495117;1.0319899320602417
1.320347785949707;1.0312831401824951
1.3204724788665771;1.0321201086044312
1.3205581903457642;1.0295532941818237
1.320725440979004;1.0313197374343872
1.3205878734588623;1.0310107469558716
1.3206006288528442;1.0323430299758911
1.3203320503234863;1.0302573442459106
1.3207838535308838;1.0320837497711182
1.3206865787506104;1.0311177968978882
1.3204829692840576;1.0313981771469116
1.3203978538513184;1.0300257205963135
1.320310354232788;1.0312573909759521
1.3203637599945068;1.0323231220245361
1.3205376863479614;1.0317938327789307
1.3206892013549805;1.0314671993255615
1.3205418586730957;1.0301121473312378
1.3205538988113403;1.0315724611282349
1.3204529285430908;1.0315603017807007
1.320666790008545;1.0297380685806274
1.3203791379928589;1.0306177139282227
1.320526361465454;1.0310206413269043
1.320565104484558;1.0289450883865356
1.32088303565979;1.0305609703063965
1.3207169771194458;1.0309937000274658
1.3206112384796143;1.0330880880355835
1.3206003904342651;1.0328174829483032
1.320590853691101;1.0311952829360962
1.3203792572021484;1.0316541194915771
1.3207978010177612;1.0296257734298706
1.320648431777954;1.0308630466461182
1.3205595016479492;1.0301703214645386
1.3204290866851807;1.0302913188934326
1.3205101490020752;1.0296591520309448
1.320446252822876;1.0314018726348877
1.320586085319519;1.0291805267333984
1.3204174041748047;1.028200626373291
1.3209880590438843;1.0321252346038818
1.3203307390213013;1.0310125350952148
1.3207234144210815;1.0295430421829224
1.3210914134979248;1.030905842781067
1.3206045627593994;1.0315841436386108
1.3205424547195435;1.0322151184082031
1.3205039501190186;1.0327839851379395
1.3202868700027466;1.0312169790267944
1.3205699920654297;1.030529260635376
1.3205275535583496;1.0303107500076294
1.3205468654632568;1.0315537452697754
1.3204867839813232;1.030630350112915
1.32051420211792;1.0321530103683472
1.3203141689300537;1.0305317640304565
1.3204500675201416;1.030959963798523
1.3206735849380493;1.0316503047943115
1.3204929828643799;1.0327163934707642
1.320360779762268;1.0310142040252686
1.3208000659942627;1.0313196182250977
1.3203792572021484;1.030258297920227
1.3206039667129517;1.0311743021011353
1.3205028772354126;1.031636357307434
1.3202664852142334;1.0303548574447632
1.3204140663146973;1.0294294357299805
1.320662260055542;1.0320494174957275
1.3206021785736084;1.0300945043563843
1.3204139471054077;1.0308773517608643
1.3204518556594849;1.0314860343933105
1.3206709623336792;1.0313491821289062
1.320372462272644;1.0303738117218018
1.320525884628296;1.031097173690796
1.3202992677688599;1.0316402912139893
1.3205761909484863;1.0293389558792114
1.3205536603927612;1.030212640762329
1.320798635482788;1.033823847770691
1.320664882659912;1.0332541465759277
1.3205386400222778;1.0302270650863647
1.3204245567321777;1.0325334072113037
1.3207190036773682;1.029120683670044
1.3207309246063232;1.0310981273651123
1.3204822540283203;1.0333924293518066
1.320931077003479;1.0319536924362183
1.320516586303711;1.0314853191375732
1.320369005203247;1.0309385061264038
1.3212229013442993;1.031447172164917
1.3207473754882812;1.0309200286865234
1.3204456567764282;1.0294727087020874
1.3203930854797363;1.0326917171478271
1.320474624633789;1.0305806398391724
1.320638656616211;1.0288456678390503
1.3205424547195435;1.0301978588104248
1.320427656173706;1.0301010608673096
1.3203593492507935;1.0304092168807983
1.3204174041748047;1.0304993391036987
1.3207848072052002;1.0314711332321167
1.3204116821289062;1.0302759408950806
1.32053542137146;1.0344984531402588
1.3203153610229492;1.0313012599945068
1.32050621509552;1.0328943729400635
1.320526361465454;1.0302964448928833
1.3207143545150757;1.0315905809402466
1.3206061124801636;1.0319148302078247
1.3207471370697021;1.0313388109207153
1.3204115629196167;1.0324187278747559
1.3203792572021484;1.030601978302002
1.3217757940292358;1.0332951545715332
1.3205188512802124;1.0314182043075562
1.3203970193862915;1.029991626739502
1.3203632831573486;1.0329444408416748
1.3204618692398071;1.0324229001998901
1.3203028440475464;1.0321905612945557
1.3207950592041016;1.0311497449874878
1.320702314376831;1.0303120613098145
1.3204892873764038;1.0315195322036743
1.320684790611267;1.031849980354309
1.3205101490020752;1.0305824279785156
1.3202543258666992;1.0329258441925049
1.3210058212280273;1.0347635746002197
1.3205859661102295;1.0304452180862427
1.3205102682113647;1.0324281454086304
1.3203816413879395;1.0296252965927124
1.3205596208572388;1.0311474800109863
1.320743203163147;1.031443476676941
1.3204762935638428;1.029466152191162
1.3207800388336182;1.031266450881958
1.3211723566055298;1.0331578254699707
1.320385456085205;1.0314130783081055
1.3203508853912354;1.0328058004379272
1.3204983472824097;1.0309841632843018
1.3204174041748047;1.031996726989746
1.3202624320983887;1.0302369594573975
1.3208097219467163;1.030847191810608
1.3205262422561646;1.0339264869689941
1.3204624652862549;1.032405138015747
1.3208369016647339;1.031679630279541
1.3203948736190796;1.0314594507217407
1.320635437965393;1.0314064025878906
1.321004867553711;1.0311365127563477
1.3203513622283936;1.0295052528381348
1.3207098245620728;1.0315097570419312
1.3205102682113647;1.0308656692504883
1.3203351497650146;1.0305876731872559
1.3206021785736084;1.0314604043960571
1.320772409439087;1.0340633392333984
1.320542573928833;1.031788945198059
1.3206146955490112;1.0305174589157104
1.320412039756775;1.0304938554763794
1.3207706212997437;1.0303195714950562
1.320616364479065;1.031057357788086
1.3208622932434082;1.030314326286316
1.3206706047058105;1.031704068183899
1.3206607103347778;1.0327270030975342
1.3208386898040771;1.0306793451309204
1.320237398147583;1.0307172536849976
1.3204338550567627;1.0309878587722778
1.32065749168396;1.0329740047454834
1.320282220840454;1.0319230556488037
1.3204586505889893;1.0312060117721558
1.3204116821289062;1.030064582824707
1.3204293251037598;1.0292668342590332
1.320689082145691;1.0312179327011108
1.320458173751831;1.0300050973892212
1.3205015659332275;1.0341222286224365
1.3207271099090576;1.0302149057388306
1.3206455707550049;1.030351996421814
1.3205173015594482;1.0312724113464355
1.3203320503234863;1.0319178104400635
1.3205859661102295;1.030918002128601
1.3203692436218262;1.029474139213562
1.3202494382858276;1.0311774015426636
1.3207147121429443;1.0326883792877197
1.320494294166565;1.0333846807479858
1.3203314542770386;1.0316225290298462
1.3209211826324463;1.0321465730667114
1.3204975128173828;1.0326534509658813
1.3204894065856934;1.0304287672042847
1.3205465078353882;1.0314786434173584
1.3207755088806152;1.0331858396530151
1.3205015659332275;1.0320020914077759
1.3204736709594727;1.030631184577942
1.32036554813385;1.0308283567428589
1.3203271627426147;1.0313388109207153
1.3205046653747559;1.0309025049209595
1.320587158203125;1.0322246551513672
1.3204624652862549;1.0300602912902832
1.3204681873321533;1.0332977771759033
1.3207802772521973;1.0323861837387085
1.3206455707550049;1.0297839641571045
1.3204729557037354;1.0323470830917358
1.3202745914459229;1.031811237335205
1.320721983909607;1.030236840248108
1.3206603527069092;1.0323079824447632
1.3208996057510376;1.031401515007019
1.320258617401123;1.0312964916229248
1.3206524848937988;1.0299837589263916
1.32063627243042;1.0312049388885498
1.3204742670059204;1.0311119556427002
1.3204281330108643;1.032019853591919
1.3209598064422607;1.03057861328125
1.320458173751831;1.0305416584014893
1.3205952644348145;1.031970739364624
1.3202821016311646;1.0301249027252197
1.3210158348083496;1.0314708948135376
1.3206971883773804;1.0305144786834717
1.3203816413879395;1.0333914756774902
1.3205699920654297;1.0289695262908936
1.3209669589996338;1.0317004919052124
1.3204295635223389;1.033427119255066
1.3202619552612305;1.0320918560028076
1.320393443107605;1.0295650959014893
1.3204455375671387;1.030943751335144
1.320458173751831;1.0320029258728027
1.3205264806747437;1.0298542976379395
1.3203794956207275;1.029502272605896
1.3203314542770386;1.0314075946807861
1.3209367990493774;1.032726526260376
1.3207371234893799;1.0323110818862915
1.3210909366607666;1.0310450792312622
1.3203270435333252;1.030649185180664
1.3214854001998901;1.0322575569152832
1.320338249206543;1.0299674272537231
1.320397138595581;1.0307462215423584
1.3203675746917725;1.0321834087371826
1.320343255996704;1.03131902217865
