TV;KL
1.9999850988388062;14.564724922180176
1.8221752643585205;5.225881099700928
1.4249539375305176;1.5818185806274414
1.3840121030807495;1.2046996355056763
1.3841699361801147;1.1665782928466797
1.3840794563293457;1.1612043380737305
1.384105920791626;1.1601107120513916
1.384062647819519;1.1593551635742188
1.3841263055801392;1.1612402200698853
1.3840335607528687;1.1622393131256104
1.384062647819519;1.1598255634307861
1.3842182159423828;1.1597431898117065
1.3840761184692383;1.1630487442016602
1.3844836950302124;1.1627917289733887
1.38455069065094;1.1610445976257324
1.3843761682510376;1.1626222133636475
1.3842114210128784;1.1601924896240234
1.3843224048614502;1.1625970602035522
1.3843731880187988;1.1607569456100464
1.3842180967330933;1.1604560613632202
1.3842315673828125;1.1606736183166504
1.3840335607528687;1.1603615283966064
1.384929895401001;1.1628916263580322
1.3841006755828857;1.1622140407562256
1.3840234279632568;1.1599464416503906
1.3841906785964966;1.159563660621643
1.384113073348999;1.1621233224868774
1.384041666984558;1.1613612174987793
1.38422429561615;1.1619929075241089
1.3840593099594116;1.1611659526824951
1.3842601776123047;1.1613396406173706
1.3841198682785034;1.161616563796997
1.3843729496002197;1.1627306938171387
1.384299397468567;1.1600574254989624
1.384648084640503;1.1601113080978394
1.3842147588729858;1.160275936126709
1.3842792510986328;1.1599383354187012
1.3840868473052979;1.159956932067871
1.3842248916625977;1.1588754653930664
1.3846434354782104;1.160286784172058
1.3841478824615479;1.162314534187317
1.3841781616210938;1.1611380577087402
1.3843834400177002;1.1601409912109375
1.384109377861023;1.1604764461517334
1.3844561576843262;1.1612350940704346
1.3840559720993042;1.1601139307022095
1.3840622901916504;1.1602507829666138
1.38454270362854;1.1626535654067993
1.3841884136199951;1.1611284017562866
1.3843165636062622;1.1603529453277588
1.3842036724090576;1.1616348028182983
1.3843475580215454;1.1605079174041748
1.3840515613555908;1.1605209112167358
1.3841580152511597;1.1588685512542725
1.384592056274414;1.1607236862182617
1.3841160535812378;1.1611950397491455
1.384042501449585;1.1614664793014526
1.3847858905792236;1.1621217727661133
1.3841173648834229;1.1621276140213013
1.3842095136642456;1.1616653203964233
1.384132981300354;1.1619021892547607
1.3840725421905518;1.1596852540969849
1.3840267658233643;1.1615192890167236
1.3842182159423828;1.1614539623260498
1.3842689990997314;1.1618525981903076
1.384484887123108;1.161068081855774
1.384430170059204;1.1618578433990479
1.384290337562561;1.164156436920166
1.3844152688980103;1.1610846519470215
1.3846145868301392;1.1619311571121216
1.384340524673462;1.1611920595169067
1.3841917514801025;1.162556767463684
1.3843296766281128;1.1623958349227905
1.3843799829483032;1.1618132591247559
1.3842182159423828;1.1607564687728882
1.384413242340088;1.1617927551269531
1.3841153383255005;1.159900426864624
1.3844563961029053;1.1624377965927124
1.3841478824615479;1.1594983339309692
1.3840694427490234;1.160797357559204
1.3840728998184204;1.1618163585662842
1.3845980167388916;1.1625144481658936
1.3843698501586914;1.1634697914123535
1.3840516805648804;1.1581529378890991
1.3841074705123901;1.1636641025543213
1.3840869665145874;1.1600284576416016
1.384605884552002;1.1610236167907715
1.3840970993041992;1.1613489389419556
1.3841229677200317;1.1604279279708862
1.3842318058013916;1.1597710847854614
1.3840935230255127;1.1618549823760986
1.3844436407089233;1.1618705987930298
1.3842637538909912;1.1600112915039062
1.3843148946762085;1.1632845401763916
1.3849916458129883;1.1613777875900269
1.3841626644134521;1.1624605655670166
1.3842148780822754;1.1615248918533325
1.384131908416748;1.1616721153259277
1.3842487335205078;1.1625598669052124
1.3844671249389648;1.1602479219436646
1.3840608596801758;1.1624571084976196
1.384125828742981;1.1614333391189575
1.3842451572418213;1.1600486040115356
1.3842182159423828;1.160796046257019
1.384136438369751;1.1600301265716553
1.3840539455413818;1.1611605882644653
1.3842003345489502;1.1598706245422363
1.384062647819519;1.1609386205673218
1.384271264076233;1.160697340965271
1.384271264076233;1.1623003482818604
1.384667992591858;1.1629269123077393
1.3844139575958252;1.161980390548706
1.3842025995254517;1.1615302562713623
1.3841956853866577;1.161136507987976
1.3841116428375244;1.1608158349990845
1.384109377861023;1.1598187685012817
1.3841193914413452;1.1613245010375977
1.3849421739578247;1.1605265140533447
1.384059190750122;1.1622706651687622
1.3840949535369873;1.159852385520935
1.3841478824615479;1.1585551500320435
1.3841142654418945;1.1626008749008179
1.3840835094451904;1.1602623462677002
1.3842746019363403;1.159012794494629
1.3841118812561035;1.1606508493423462
1.384073257446289;1.1622812747955322
1.3842978477478027;1.1617056131362915
1.3842178583145142;1.1627092361450195
1.384305715560913;1.1635624170303345
1.3845328092575073;1.1616142988204956
1.3842052221298218;1.1601881980895996
1.3842144012451172;1.1603964567184448
1.384171485900879;1.1583915948867798
1.384609580039978;1.1630910634994507
1.3841075897216797;1.1594362258911133
1.3843687772750854;1.1626466512680054
1.3845388889312744;1.1612095832824707
1.384062647819519;1.160284399986267
1.3840665817260742;1.1618852615356445
1.3841060400009155;1.1612303256988525
1.3844640254974365;1.165320634841919
1.3840936422348022;1.1623069047927856
1.3843833208084106;1.1589245796203613
1.3842074871063232;1.1612787246704102
1.3844773769378662;1.1604528427124023
1.384297490119934;1.1614373922348022
1.3841196298599243;1.1604773998260498
1.3840166330337524;1.1609344482421875
1.3844022750854492;1.1610761880874634
1.3842040300369263;1.157647728919983
1.3842061758041382;1.1617977619171143
1.384062647819519;1.1621394157409668
1.3843586444854736;1.1596678495407104
1.3842220306396484;1.161657452583313
1.3842889070510864;1.1637018918991089
1.3842915296554565;1.160358190536499
1.3844702243804932;1.1623677015304565
1.3842623233795166;1.1612437963485718
1.384161353111267;1.1604537963867188
1.3840526342391968;1.1593753099441528
1.3840903043746948;1.1604138612747192
1.3841850757598877;1.1620932817459106
1.3841297626495361;1.1615525484085083
1.38405179977417;1.1610407829284668
1.3841922283172607;1.1616592407226562
1.3842445611953735;1.1608374118804932
1.3840694427490234;1.1626801490783691
1.3841989040374756;1.1622090339660645
1.384326457977295;1.1603567600250244
1.384080171585083;1.1608386039733887
1.3841887712478638;1.1632133722305298
1.3841661214828491;1.1632412672042847
1.3841578960418701;1.162163496017456
1.3841886520385742;1.160072922706604
1.384523630142212;1.1612757444381714
1.384480357170105;1.162209391593933
1.3843753337860107;1.162795901298523
1.384062647819519;1.1602007150650024
1.3846352100372314;1.1607608795166016
1.3841124773025513;1.1599040031433105
1.3841229677200317;1.1609721183776855
1.384212851524353;1.1620665788650513
1.384080171585083;1.160254955291748
1.384069561958313;1.1604212522506714
1.3841888904571533;1.1604887247085571
1.3840903043746948;1.1617587804794312
1.3841228485107422;1.1583842039108276
1.384294867515564;1.160607099533081
1.384321928024292;1.1605015993118286
1.384401798248291;1.160903811454773
1.3841478824615479;1.1586651802062988
1.3840597867965698;1.161239743232727
1.3842419385910034;1.1611286401748657
1.384375810623169;1.1624304056167603
1.3844895362854004;1.1604701280593872
1.3843085765838623;1.163024663925171
1.3847054243087769;1.161462426185608
1.3841195106506348;1.1598663330078125
1.3841627836227417;1.1615004539489746
1.38401460647583;1.1587822437286377
1.384232521057129;1.1619341373443604
1.3842458724975586;1.162117600440979
1.3842942714691162;1.160712718963623
1.3840903043746948;1.1630524396896362
1.384837031364441;1.1614807844161987
1.384507179260254;1.1608830690383911
1.3840961456298828;1.163048505783081
1.3843297958374023;1.1598467826843262
1.3842142820358276;1.1606029272079468
1.3842787742614746;1.163498044013977
1.3840868473052979;1.162079095840454
1.3842575550079346;1.1601176261901855
1.384191632270813;1.160250186920166
1.3841160535812378;1.1618120670318604
1.3844773769378662;1.1610928773880005
1.3843441009521484;1.1606683731079102
1.3841116428375244;1.1602247953414917
1.3848024606704712;1.1613131761550903
1.3840762376785278;1.1614583730697632
1.3841252326965332;1.1603786945343018
1.3840937614440918;1.160352349281311
1.3842353820800781;1.1602391004562378
1.3840728998184204;1.1597689390182495
1.3841822147369385;1.1626629829406738
1.3843419551849365;1.1597621440887451
1.384228229522705;1.1601368188858032
1.384036898612976;1.161009669303894
1.3841252326965332;1.160383939743042
1.3841700553894043;1.161993145942688
1.3841195106506348;1.1607322692871094
1.384227991104126;1.1613776683807373
1.3841841220855713;1.1614793539047241
1.3841512203216553;1.1617085933685303
1.3842248916625977;1.1637426614761353
1.3843554258346558;1.161799669265747
1.3844105005264282;1.1623618602752686
1.3841331005096436;1.161618709564209
1.3842600584030151;1.1586532592773438
1.3841142654418945;1.163377046585083
1.3840763568878174;1.1615321636199951
1.38411283493042;1.1609292030334473
1.3840491771697998;1.1606218814849854
1.384430170059204;1.1609512567520142
1.3841091394424438;1.1597118377685547
1.3848271369934082;1.1636829376220703
1.3844740390777588;1.161252737045288
1.384269118309021;1.1613248586654663
1.3844003677368164;1.162584900856018
1.38435697555542;1.1634912490844727
1.3845311403274536;1.1626554727554321
1.3840538263320923;1.1611038446426392
1.3840768337249756;1.1611993312835693
1.3841025829315186;1.158435583114624
1.3842277526855469;1.162095308303833
1.3843934535980225;1.1598162651062012
1.3841347694396973;1.159828782081604
1.384368658065796;1.1641687154769897
1.3842594623565674;1.1621549129486084
1.384100317955017;1.1605594158172607
1.3842079639434814;1.1642100811004639
1.3841876983642578;1.1623419523239136
1.3841683864593506;1.1628201007843018
1.3841991424560547;1.1610918045043945
1.384316325187683;1.1631425619125366
1.384026050567627;1.161170482635498
1.384122610092163;1.161455750465393
1.3842215538024902;1.1600489616394043
1.384102702140808;1.1629170179367065
1.3844937086105347;1.1617509126663208
1.3841323852539062;1.1616324186325073
1.3843830823898315;1.1649783849716187
1.384425401687622;1.161277174949646
1.3841361999511719;1.161724328994751
1.3843731880187988;1.1598243713378906
1.384271264076233;1.1623188257217407
1.384423851966858;1.162331461906433
1.3841253519058228;1.1599836349487305
1.3842074871063232;1.1592615842819214
1.3841261863708496;1.160208821296692
1.3844578266143799;1.1616839170455933
1.3844456672668457;1.1621581315994263
1.3844279050827026;1.1603196859359741
1.3841580152511597;1.160064458847046
1.384469985961914;1.1608378887176514
1.3841229677200317;1.1606594324111938
1.3841259479522705;1.162065029144287
1.3842148780822754;1.1595021486282349
1.3842074871063232;1.1625006198883057
1.384438157081604;1.161369800567627
1.3840903043746948;1.160314917564392
1.3842180967330933;1.1611946821212769
1.384110450744629;1.1610479354858398
1.3841580152511597;1.1597899198532104
1.384175419807434;1.1616853475570679
1.3843822479248047;1.1621307134628296
1.3840993642807007;1.1605478525161743
1.3842074871063232;1.1614917516708374
1.3841862678527832;1.1597850322723389
1.3841017484664917;1.1607379913330078
1.384033441543579;1.1586267948150635
1.3845449686050415;1.1647799015045166
1.3842244148254395;1.160744309425354
1.3842215538024902;1.160930871963501
1.3841888904571533;1.1601308584213257
1.3840333223342896;1.1601893901824951
1.3840903043746948;1.1619337797164917
1.384291648864746;1.159325361251831
1.384276032447815;1.1606051921844482
1.384386658668518;1.16091787815094
1.3841094970703125;1.1610429286956787
1.384212851524353;1.1635466814041138
1.3841646909713745;1.160361647605896
1.3844517469406128;1.1632574796676636
1.3840696811676025;1.1598079204559326
1.3841161727905273;1.1614145040512085
1.3842300176620483;1.1604164838790894
1.3844537734985352;1.160648226737976
1.3846243619918823;1.1622363328933716
1.384069561958313;1.1606496572494507
1.3847702741622925;1.1639933586120605
1.3840382099151611;1.1618070602416992
1.3845057487487793;1.1616562604904175
1.3842144012451172;1.1618051528930664
1.3843402862548828;1.1616889238357544
1.384404182434082;1.160099744796753
1.384493350982666;1.1637516021728516
1.3848367929458618;1.163901925086975
1.3840234279632568;1.1618791818618774
1.3842248916625977;1.1598021984100342
1.3842847347259521;1.1611002683639526
1.3842110633850098;1.161647081375122
1.3842248916625977;1.161897897720337
1.3842014074325562;1.1605567932128906
1.3841513395309448;1.162183403968811
1.384228229522705;1.1606305837631226
1.384220838546753;1.1607356071472168
1.3840742111206055;1.1637697219848633
1.384228229522705;1.1620861291885376
1.3841074705123901;1.1587754487991333
1.3845833539962769;1.161489486694336
1.3845895528793335;1.1624675989151
1.3845007419586182;1.1616445779800415
1.3841228485107422;1.1610207557678223
1.3840593099594116;1.1608811616897583
1.3841263055801392;1.1614034175872803
1.384316325187683;1.1616406440734863
1.3842012882232666;1.160165548324585
1.3842839002609253;1.160560965538025
1.384181261062622;1.1635823249816895
1.3840727806091309;1.1600849628448486
1.384221076965332;1.1607067584991455
1.3840526342391968;1.1609972715377808
1.3841817378997803;1.1606028079986572
1.384080171585083;1.1637786626815796
1.3840471506118774;1.1607978343963623
1.3843015432357788;1.1597813367843628
1.3844572305679321;1.1601966619491577
1.384460210800171;1.1633154153823853
1.3843733072280884;1.1610980033874512
1.3840768337249756;1.1617445945739746
1.3842893838882446;1.1605418920516968
1.3845000267028809;1.1614751815795898
1.384599208831787;1.1597204208374023
1.3840733766555786;1.1632999181747437
1.384138822555542;1.161665678024292
1.3841010332107544;1.16158926486969
1.384221076965332;1.162533164024353
1.3842778205871582;1.1604609489440918
1.3840700387954712;1.1608984470367432
1.384360671043396;1.1611521244049072
1.384135365486145;1.1620745658874512
1.3843128681182861;1.1614766120910645
1.3845171928405762;1.1613965034484863
1.3845921754837036;1.162163257598877
1.3842869997024536;1.1626592874526978
1.3840593099594116;1.1607204675674438
1.3847181797027588;1.161594271659851
1.3841230869293213;1.1601758003234863
1.385075330734253;1.161169409751892
1.384112000465393;1.1619359254837036
1.3842816352844238;1.1605198383331299
1.3840299844741821;1.16139817237854
1.384202480316162;1.1589720249176025
1.3841681480407715;1.1625856161117554
1.3843719959259033;1.1624224185943604
1.384134292602539;1.1601260900497437
1.3841243982315063;1.161070704460144
1.3841469287872314;1.1638686656951904
1.3840090036392212;1.163741111755371
1.3841681480407715;1.1593196392059326
1.384211540222168;1.1620198488235474
1.3840267658233643;1.1622368097305298
1.384066104888916;1.1593881845474243
1.3843765258789062;1.1619261503219604
1.3840526342391968;1.1598796844482422
1.3845064640045166;1.1614530086517334
1.3842486143112183;1.1624770164489746
1.3840904235839844;1.161481499671936
1.3840694427490234;1.1610006093978882
1.3841973543167114;1.1611424684524536
1.3847341537475586;1.162642240524292
1.3841978311538696;1.1620854139328003
1.3842709064483643;1.1617687940597534
1.3840559720993042;1.160585880279541
1.3845174312591553;1.161647081375122
1.384476900100708;1.1622766256332397
1.3844143152236938;1.1629887819290161
1.3843722343444824;1.1625860929489136
1.3841156959533691;1.1627947092056274
1.3841923475265503;1.161099910736084
1.3841161727905273;1.1602658033370972
1.384211540222168;1.1616441011428833
1.3846168518066406;1.1628727912902832
1.3842744827270508;1.1596150398254395
1.3843061923980713;1.161169409751892
1.3843884468078613;1.162916660308838
1.3841253519058228;1.1630059480667114
1.3841524124145508;1.1606258153915405
1.3841888904571533;1.1619797945022583
1.3841228485107422;1.162535309791565
1.3841626644134521;1.1616829633712769
1.3842113018035889;1.1598987579345703
1.384114146232605;1.1634827852249146
1.3843722343444824;1.1597625017166138
1.3842114210128784;1.1603296995162964
1.3842248916625977;1.1598851680755615
1.3842195272445679;1.1624730825424194
1.3841063976287842;1.160946011543274
1.3849047422409058;1.1626728773117065
1.3846137523651123;1.1627434492111206
1.3841286897659302;1.1613781452178955
1.3840246200561523;1.1596436500549316
1.3841848373413086;1.1618156433105469
1.3840491771697998;1.1598317623138428
1.3843765258789062;1.1629844903945923
1.3842555284500122;1.1599127054214478
1.384519338607788;1.1604864597320557
1.3841888904571533;1.159692406654358
1.384133219718933;1.159807801246643
1.3843687772750854;1.1618530750274658
1.3841261863708496;1.16045081615448
1.384100317955017;1.1600580215454102
1.3844647407531738;1.1615068912506104
1.3840526342391968;1.1619279384613037
1.3841263055801392;1.161827802658081
1.384238362312317;1.1605511903762817
1.384574055671692;1.1627471446990967
1.3841195106506348;1.1592806577682495
1.384066104888916;1.161162257194519
1.3844201564788818;1.161116600036621
1.3843181133270264;1.162239670753479
1.3842252492904663;1.1630752086639404
1.3847308158874512;1.1622803211212158
1.384171485900879;1.1620301008224487
1.3840968608856201;1.1629316806793213
1.3840727806091309;1.1600000858306885
1.384208083152771;1.1603888273239136
1.384076714515686;1.1602445840835571
1.384069561958313;1.1597843170166016
1.384108543395996;1.1611459255218506
1.3845045566558838;1.1595925092697144
1.3842533826828003;1.1613044738769531
1.3842027187347412;1.1615989208221436
1.3841478824615479;1.161327838897705
1.3841286897659302;1.1602544784545898
1.384161353111267;1.1604629755020142
1.3842735290527344;1.1593748331069946
1.3841161727905273;1.1599637269973755
1.3845244646072388;1.1614469289779663
1.3841512203216553;1.1609445810317993
1.3840768337249756;1.1618629693984985
1.3846064805984497;1.16152024269104
1.3841286897659302;1.1606805324554443
1.384136438369751;1.1594750881195068
1.3844369649887085;1.1611467599868774
1.3841578960418701;1.1587138175964355
1.384224534034729;1.1614532470703125
1.3840701580047607;1.1625850200653076
1.3840112686157227;1.162114143371582
1.3840558528900146;1.160369634628296
1.3840594291687012;1.1600608825683594
1.3843032121658325;1.1621307134628296
1.38419508934021;1.161440372467041
1.384231686592102;1.1597517728805542
1.3846290111541748;1.1599644422531128
1.3840916156768799;1.1610784530639648
1.3845187425613403;1.1605756282806396
1.3843293190002441;1.161170244216919
1.3842676877975464;1.1613667011260986
1.3842175006866455;1.161588191986084
1.3840628862380981;1.1610726118087769
1.3844529390335083;1.1614547967910767
1.3841674327850342;1.1592319011688232
1.3840968608856201;1.1622295379638672
1.3841936588287354;1.1602494716644287
1.3848986625671387;1.1619876623153687
1.38408625125885;1.1619975566864014
1.3840458393096924;1.160340666770935
1.3842037916183472;1.1599193811416626
1.3842452764511108;1.1596763134002686
1.3841028213500977;1.1607736349105835
1.3840382099151611;1.1605546474456787
1.3845679759979248;1.163484811782837
1.3842624425888062;1.1600762605667114
1.384102702140808;1.1604773998260498
1.3840835094451904;1.158348560333252
1.3842182159423828;1.1612017154693604
1.3841294050216675;1.1615564823150635
1.3840053081512451;1.1633448600769043
1.3841816186904907;1.1627700328826904
1.384476900100708;1.1596025228500366
1.3841545581817627;1.1588557958602905
1.384368658065796;1.1619949340820312
1.3841073513031006;1.1610476970672607
1.384837031364441;1.162902593612671
1.3841512203216553;1.1600470542907715
1.384182095527649;1.1602421998977661
1.3843586444854736;1.1603503227233887
1.3841074705123901;1.1599518060684204
1.3840314149856567;1.1592833995819092
1.3840235471725464;1.1603188514709473
1.3845078945159912;1.162596583366394
1.384048342704773;1.1613008975982666
1.3841230869293213;1.1609327793121338
1.3841118812561035;1.160119652748108
1.3843111991882324;1.1604249477386475
1.3841060400009155;1.1607755422592163
1.384119987487793;1.1608271598815918
1.3842836618423462;1.1618465185165405
1.3840656280517578;1.1613460779190063
1.3842417001724243;1.1592706441879272
1.3841161727905273;1.160874366760254
1.3843553066253662;1.1610580682754517
1.3841544389724731;1.1603728532791138
1.38405179977417;1.1583223342895508
1.3843013048171997;1.1608575582504272
1.3843311071395874;1.1622915267944336
1.3844809532165527;1.1611511707305908
1.3842248916625977;1.1613004207611084
1.3844337463378906;1.1621510982513428
1.384228229522705;1.161165475845337
1.3840246200561523;1.1620451211929321
1.384061574935913;1.161974549293518
1.38454008102417;1.1617578268051147
1.384108543395996;1.161957859992981
1.3841609954833984;1.1619969606399536
1.3842836618423462;1.160164475440979
1.3842350244522095;1.1610496044158936
1.3840233087539673;1.1605839729309082
1.3840748071670532;1.1599841117858887
1.3840559720993042;1.1611417531967163
1.3841185569763184;1.161064863204956
1.3842214345932007;1.1596848964691162
1.384102702140808;1.161635398864746
1.3841421604156494;1.162545919418335
1.3842283487319946;1.1630486249923706
1.3840492963790894;1.1588542461395264
1.3842792510986328;1.1611672639846802
1.3842244148254395;1.1618982553482056
1.38413667678833;1.1603622436523438
1.384710669517517;1.1611377000808716
1.3842743635177612;1.1625220775604248
1.3842610120773315;1.1615664958953857
1.3841297626495361;1.1609386205673218
1.3840551376342773;1.161911964416504
1.3841297626495361;1.1598960161209106
1.3842413425445557;1.1630808115005493
1.3841578960418701;1.1596232652664185
1.384316086769104;1.1604300737380981
1.3840936422348022;1.159452199935913
1.3841619491577148;1.1604398488998413
1.3841001987457275;1.1630243062973022
1.3843653202056885;1.162480354309082
1.3841946125030518;1.1612995862960815
1.3843467235565186;1.1625295877456665
1.3850423097610474;1.161372423171997
1.3845789432525635;1.1607871055603027
1.3841755390167236;1.160443663597107
1.384209394454956;1.1627202033996582
1.3842182159423828;1.1599215269088745
1.3840768337249756;1.1592077016830444
1.3843636512756348;1.1642248630523682
1.3842277526855469;1.1592024564743042
1.384319543838501;1.1644288301467896
1.3842108249664307;1.1608456373214722
1.3843090534210205;1.1631742715835571
1.3842113018035889;1.16092050075531
1.384129285812378;1.1596359014511108
1.384119987487793;1.160627841949463
1.384129524230957;1.1602658033370972
1.3841512203216553;1.1603100299835205
1.3841423988342285;1.1629743576049805
1.384196400642395;1.1611504554748535
1.3841110467910767;1.1607434749603271
1.3843283653259277;1.1615688800811768
1.3842929601669312;1.1611167192459106
1.384109377861023;1.161376953125
1.3843128681182861;1.1609251499176025
1.3842031955718994;1.1598409414291382
1.3841989040374756;1.159981608390808
1.3841040134429932;1.1619906425476074
1.3845407962799072;1.1629619598388672
1.384171485900879;1.1607998609542847
1.3842744827270508;1.1606018543243408
1.3841716051101685;1.1610760688781738
1.3846521377563477;1.1608631610870361
1.3841127157211304;1.1618419885635376
1.3840969800949097;1.159895896911621
1.384009838104248;1.1622925996780396
1.384372353553772;1.1626896858215332
1.3841094970703125;1.1617285013198853
1.3841887712478638;1.1610850095748901
1.3840901851654053;1.159760594367981
1.3841545581817627;1.1622077226638794
1.3841990232467651;1.163079023361206
1.3846418857574463;1.1608928442001343
1.3847694396972656;1.1637663841247559
1.3841376304626465;1.1630080938339233
1.384300947189331;1.164366364479065
1.384383201599121;1.1630719900131226
1.3841310739517212;1.161324381828308
1.3840692043304443;1.1599514484405518
1.384231686592102;1.1608898639678955
1.3842980861663818;1.1623930931091309
1.3842244148254395;1.1618834733963013
1.3840694427490234;1.1612927913665771
1.3841578960418701;1.1608471870422363
1.3841228485107422;1.1608872413635254
1.3841185569763184;1.1602388620376587
1.3841052055358887;1.1621023416519165
1.3841196298599243;1.160632848739624
1.3844707012176514;1.1625224351882935
1.3841229677200317;1.1603686809539795
1.3842666149139404;1.161900281906128
1.3843382596969604;1.1617505550384521
1.384222388267517;1.1605987548828125
1.3842114210128784;1.159757375717163
1.3841328620910645;1.1626362800598145
1.3842757940292358;1.1611446142196655
1.3843653202056885;1.1605199575424194
1.3842567205429077;1.1593737602233887
1.3841289281845093;1.1598397493362427
1.384289026260376;1.160813808441162
1.3843225240707397;1.1595066785812378
1.3840935230255127;1.160967469215393
1.3840525150299072;1.1623724699020386
1.3841264247894287;1.1595622301101685
1.3842183351516724;1.161965250968933
1.3840584754943848;1.1601732969284058
1.3841431140899658;1.1582084894180298
1.3842384815216064;1.1611580848693848
1.3846664428710938;1.1617978811264038
1.3841161727905273;1.160092830657959
1.3842147588729858;1.1611860990524292
1.3842215538024902;1.1590046882629395
1.3840548992156982;1.1633044481277466
1.384469985961914;1.1631358861923218
1.384143590927124;1.1615163087844849
1.3840762376785278;1.1608232259750366
1.3845655918121338;1.1604751348495483
1.3840657472610474;1.1620160341262817
1.384164810180664;1.1606215238571167
1.3840593099594116;1.160418152809143
1.3841511011123657;1.1611515283584595
1.3844414949417114;1.1608896255493164
1.384221076965332;1.1631654500961304
1.3840625286102295;1.1624447107315063
1.384383201599121;1.161550760269165
1.3846324682235718;1.1626232862472534
1.3847246170043945;1.163130521774292
1.3844540119171143;1.1620463132858276
1.3845099210739136;1.1620478630065918
1.3841814994812012;1.1616815328598022
1.384178876876831;1.1600470542907715
1.3845125436782837;1.1604849100112915
1.384103775024414;1.1625055074691772
1.3842144012451172;1.1614656448364258
1.3842138051986694;1.1611579656600952
1.3841544389724731;1.1615476608276367
1.3841161727905273;1.161465048789978
1.3842859268188477;1.1595442295074463
1.3845908641815186;1.1616591215133667
1.3845765590667725;1.1618294715881348
1.3841402530670166;1.1608166694641113
1.3842947483062744;1.1615372896194458
1.3841512203216553;1.1624091863632202
1.3846545219421387;1.1604299545288086
1.3843677043914795;1.1603994369506836
1.3842778205871582;1.1601389646530151
1.3840938806533813;1.1634241342544556
1.3844774961471558;1.1623852252960205
1.3843764066696167;1.16095769405365
1.3842144012451172;1.1644080877304077
1.3842180967330933;1.1618435382843018
1.384356141090393;1.1617436408996582
1.3841884136199951;1.1599717140197754
1.3841052055358887;1.161500334739685
1.3841228485107422;1.1614525318145752
1.3841263055801392;1.1617928743362427
1.3840484619140625;1.163120985031128
1.3841252326965332;1.1610708236694336
1.38411283493042;1.1592589616775513
1.3840904235839844;1.1613538265228271
1.384109377861023;1.1600892543792725
1.384295105934143;1.1619677543640137
1.3843128681182861;1.16078782081604
1.3841263055801392;1.1599968671798706
1.3844242095947266;1.1606899499893188
1.384582281112671;1.1621003150939941
1.3844212293624878;1.1611475944519043
1.3841016292572021;1.1624003648757935
1.3842350244522095;1.162724494934082
1.3841285705566406;1.1618866920471191
1.3841681480407715;1.1599136590957642
1.384291410446167;1.1591286659240723
1.384129524230957;1.1626663208007812
1.384055733680725;1.1620956659317017
1.3840627670288086;1.1610493659973145
1.3843117952346802;1.161137580871582
1.3841512203216553;1.1624475717544556
1.384043574333191;1.1589800119400024
1.384118914604187;1.1597274541854858
1.3845003843307495;1.1618717908859253
1.3842533826828003;1.1610829830169678
1.3840796947479248;1.1604983806610107
1.3842244148254395;1.1597226858139038
1.3841253519058228;1.1610664129257202
1.384070873260498;1.1633487939834595
1.3843255043029785;1.1603143215179443
1.3841958045959473;1.160852074623108
1.3840527534484863;1.1608020067214966
1.3841971158981323;1.1623468399047852
1.384140968322754;1.1626641750335693
1.384221076965332;1.1638920307159424
1.3843798637390137;1.162057638168335
1.3841229677200317;1.1610877513885498
1.3842812776565552;1.1604053974151611
1.3841979503631592;1.161535382270813
1.38442063331604;1.1630017757415771
1.3845610618591309;1.1610934734344482
1.3840457201004028;1.160083532333374
1.3841196298599243;1.1613198518753052
1.3846588134765625;1.1630595922470093
1.3841161727905273;1.1619946956634521
1.3841578960418701;1.1600896120071411
1.384228229522705;1.1602044105529785
1.3847225904464722;1.1627981662750244
1.384378433227539;1.1629613637924194
1.3842384815216064;1.1613152027130127
1.3842880725860596;1.159934401512146
1.384291648864746;1.1600806713104248
1.3842215538024902;1.161562442779541
1.3846641778945923;1.1612145900726318
1.384163737297058;1.1608970165252686
1.3845585584640503;1.1608121395111084
1.3840134143829346;1.1634620428085327
1.3840593099594116;1.1622098684310913
1.384405255317688;1.164413332939148
1.3841512203216553;1.1608037948608398
1.384222388267517;1.1602158546447754
1.3843730688095093;1.1607420444488525
1.3840895891189575;1.1611812114715576
1.3841321468353271;1.1617099046707153
1.3842099905014038;1.1612573862075806
1.3842248916625977;1.1600456237792969
1.384109377861023;1.1594295501708984
1.3842670917510986;1.1619267463684082
1.3844177722930908;1.1637510061264038
1.384044885635376;1.1598254442214966
1.3842432498931885;1.1606501340866089
1.3841854333877563;1.1624069213867188
1.384135365486145;1.1597388982772827
1.3841681480407715;1.1609551906585693
1.3842811584472656;1.1634048223495483
1.384009838104248;1.1608588695526123
1.3842812776565552;1.1612797975540161
1.3841334581375122;1.1604013442993164
1.3843687772750854;1.1637024879455566
1.3842148780822754;1.1633247137069702
1.3844273090362549;1.1602940559387207
1.3841142654418945;1.1616370677947998
1.3843019008636475;1.1622710227966309
1.3844878673553467;1.161475419998169
1.3844105005264282;1.161504864692688
1.3848538398742676;1.1639509201049805
1.3841784000396729;1.1609944105148315
1.3847324848175049;1.1618010997772217
1.3842343091964722;1.161154866218567
1.3842568397521973;1.1610324382781982
1.384118676185608;1.1598988771438599
1.3842480182647705;1.160150408744812
1.3844410181045532;1.1598196029663086
1.3841558694839478;1.1619715690612793
1.3840458393096924;1.1601582765579224
1.3841263055801392;1.1613529920578003
1.3841118812561035;1.1595932245254517
1.3840458393096924;1.161124348640442
1.384516954421997;1.1641587018966675
1.3841936588287354;1.1601169109344482
1.3842947483062744;1.1590580940246582
1.3842277526855469;1.1614385843276978
1.3840748071670532;1.1606974601745605
1.384231686592102;1.1603292226791382
1.3840882778167725;1.162216067314148
1.3840234279632568;1.1600161790847778
1.3842072486877441;1.1608021259307861
1.3842406272888184;1.1603974103927612
1.3841880559921265;1.163272738456726
1.3841004371643066;1.1590778827667236
1.3840546607971191;1.1614692211151123
1.3840489387512207;1.1618576049804688
1.3840551376342773;1.160959243774414
1.3844809532165527;1.1615360975265503
1.3843798637390137;1.1606028079986572
1.3840758800506592;1.162311315536499
1.3840198516845703;1.1610651016235352
1.3841297626495361;1.1615506410598755
1.3841040134429932;1.1607847213745117
1.3842384815216064;1.1615070104599
1.3845140933990479;1.1620286703109741
1.3842037916183472;1.1609008312225342
1.3843235969543457;1.1620392799377441
1.384199857711792;1.1630111932754517
1.3842846155166626;1.161791443824768
1.3840901851654053;1.1612786054611206
1.3840559720993042;1.162050485610962
1.3842216730117798;1.160978078842163
1.3842668533325195;1.1619489192962646
1.384131908416748;1.161043405532837
1.3843744993209839;1.1606321334838867
1.384645938873291;1.160331130027771
1.3844572305679321;1.1622029542922974
1.3842779397964478;1.1630562543869019
1.3842644691467285;1.1607332229614258
1.3841967582702637;1.1613216400146484
1.3840525150299072;1.1629849672317505
1.3841547966003418;1.1601444482803345
1.3842076063156128;1.159523367881775
1.3840869665145874;1.1621686220169067
1.3847051858901978;1.1616754531860352
1.3842546939849854;1.159844160079956
1.3843730688095093;1.1604570150375366
1.3842350244522095;1.1612930297851562
1.384129524230957;1.1608401536941528
1.3842127323150635;1.1619938611984253
1.3844105005264282;1.161714792251587
1.384093999862671;1.1612308025360107
1.3843215703964233;1.1619635820388794
1.3842614889144897;1.161228895187378
1.3841094970703125;1.1625312566757202
1.3842179775238037;1.1628289222717285
1.3841888904571533;1.1592978239059448
1.384340763092041;1.1604957580566406
1.3841545581817627;1.1619441509246826
1.3842105865478516;1.1614799499511719
1.3841971158981323;1.160801649093628
1.3840241432189941;1.1596122980117798
1.384211540222168;1.1611682176589966
1.3843196630477905;1.1607636213302612
1.384066104888916;1.1625126600265503
1.3840482234954834;1.1627732515335083
1.3843486309051514;1.1607842445373535
1.3841164112091064;1.1625466346740723
1.3841031789779663;1.16171395778656
1.3843697309494019;1.1625186204910278
1.3843998908996582;1.1628189086914062
1.3841228485107422;1.1598328351974487
1.3841888904571533;1.1603286266326904
1.3843731880187988;1.1631113290786743
1.384231686592102;1.1590750217437744
1.3841475248336792;1.1613959074020386
1.384066104888916;1.160082459449768
1.384326457977295;1.1625981330871582
1.3845689296722412;1.161430835723877
1.384121298789978;1.1623090505599976
1.3846147060394287;1.1611250638961792
1.384018063545227;1.1602809429168701
1.3840818405151367;1.1615129709243774
1.3843947649002075;1.1613985300064087
1.384080171585083;1.160811185836792
1.3843302726745605;1.1615490913391113
1.384171485900879;1.159460425376892
1.3841545581817627;1.1621674299240112
1.384368658065796;1.1605573892593384
1.3840911388397217;1.1624284982681274
1.384359359741211;1.161036729812622
1.384270191192627;1.1614469289779663
1.3840985298156738;1.159055233001709
1.3840693235397339;1.1622834205627441
1.3841887712478638;1.1599853038787842
1.3841228485107422;1.16066312789917
1.3844707012176514;1.1598118543624878
1.384221076965332;1.1613844633102417
1.3841533660888672;1.1607439517974854
1.384110689163208;1.1617751121520996
1.3843789100646973;1.1621052026748657
1.384202480316162;1.1625051498413086
1.3844482898712158;1.1613984107971191
1.3842835426330566;1.1608530282974243
1.3841421604156494;1.162255883216858
1.3840657472610474;1.1617438793182373
1.38429856300354;1.162169337272644
1.3842350244522095;1.1621956825256348
1.3842018842697144;1.160628318786621
1.384464979171753;1.1612898111343384
1.384190320968628;1.1599699258804321
1.3843560218811035;1.1638253927230835
1.3849663734436035;1.1623921394348145
1.384363055229187;1.1609543561935425
1.3842277526855469;1.16019868850708
1.3842047452926636;1.1608808040618896
1.3842107057571411;1.1601895093917847
1.3841160535812378;1.1598844528198242
1.3842811584472656;1.1612346172332764
1.3842215538024902;1.1598514318466187
1.3841931819915771;1.1610069274902344
1.38431978225708;1.161435842514038
1.3840633630752563;1.160407304763794
1.3840789794921875;1.1615976095199585
1.3843152523040771;1.1601126194000244
1.3846020698547363;1.160662293434143
1.3841605186462402;1.1606115102767944
1.3841140270233154;1.1628344058990479
1.3840882778167725;1.1602418422698975
1.384021282196045;1.1592974662780762
1.3841264247894287;1.160355806350708
1.3840868473052979;1.1597901582717896
1.3840266466140747;1.1607969999313354
1.3844847679138184;1.1604877710342407
1.3841922283172607;1.1615614891052246
1.3843412399291992;1.1608989238739014
1.3841904401779175;1.162300705909729
1.3844038248062134;1.161602258682251
1.3844408988952637;1.163009524345398
1.3840453624725342;1.1619226932525635
1.3842759132385254;1.1642338037490845
1.384141445159912;1.1611926555633545
1.3841681480407715;1.1607635021209717
1.3841955661773682;1.1628485918045044
1.3843648433685303;1.1625417470932007
1.3842743635177612;1.1644717454910278
1.38408362865448;1.162345290184021
1.3845828771591187;1.1632970571517944
1.3841193914413452;1.1602405309677124
1.3840727806091309;1.1612924337387085
1.3842672109603882;1.1624207496643066
1.3842146396636963;1.161358118057251
1.3841397762298584;1.1606076955795288
1.3843345642089844;1.1610944271087646
1.3844335079193115;1.1629064083099365
1.384143352508545;1.1633152961730957
1.3841060400009155;1.160237193107605
1.3841127157211304;1.1625357866287231
1.3840959072113037;1.160556435585022
1.384800672531128;1.1621127128601074
1.3842127323150635;1.161610722541809
1.3843183517456055;1.1631215810775757
1.3847665786743164;1.1604279279708862
1.3843591213226318;1.1617931127548218
1.384273648262024;1.1624983549118042
1.384115219116211;1.1613266468048096
1.384102702140808;1.1583255529403687
1.384178876876831;1.162827491760254
1.3840795755386353;1.161407709121704
1.3842109441757202;1.1613600254058838
1.3843950033187866;1.1604818105697632
1.3840266466140747;1.1613417863845825
1.3842182159423828;1.1595914363861084
1.3841331005096436;1.1618918180465698
1.3842105865478516;1.1601715087890625
1.3840627670288086;1.164392113685608
1.3841993808746338;1.1627840995788574
1.3840556144714355;1.1610420942306519
1.3842946290969849;1.162221074104309
1.3840882778167725;1.1612251996994019
1.384265661239624;1.1624563932418823
1.384460210800171;1.1625052690505981
1.3841297626495361;1.1613996028900146
1.3845270872116089;1.16055428981781
1.3844584226608276;1.161615014076233
1.3847227096557617;1.1618249416351318
1.3841617107391357;1.1599715948104858
1.3841922283172607;1.1609803438186646
1.384204626083374;1.1607567071914673
1.3843697309494019;1.1596447229385376
1.3841391801834106;1.1627026796340942
1.3841196298599243;1.1614640951156616
1.3846404552459717;1.1616731882095337
1.3843917846679688;1.1637636423110962
1.3840630054473877;1.1615986824035645
1.384182095527649;1.1622810363769531
1.3840982913970947;1.1602586507797241
1.3841094970703125;1.1605947017669678
1.3841108083724976;1.1619728803634644
1.384132981300354;1.1606042385101318
1.384463906288147;1.1598912477493286
1.3840768337249756;1.1594535112380981
1.3841979503631592;1.1622120141983032
1.3842284679412842;1.1597942113876343
1.384182095527649;1.1650917530059814
1.384129524230957;1.1609550714492798
1.3840088844299316;1.1610032320022583
1.3840696811676025;1.1613000631332397
1.3843817710876465;1.1619081497192383
1.3841328620910645;1.161454200744629
1.384231686592102;1.1613856554031372
1.3842177391052246;1.1600022315979004
1.3841196298599243;1.1616419553756714
1.3840593099594116;1.1607576608657837
1.38408362865448;1.162266492843628
1.3841580152511597;1.1617826223373413
1.3841264247894287;1.1611578464508057
1.3843249082565308;1.1617509126663208
1.3843494653701782;1.1596029996871948
1.3841228485107422;1.1620534658432007
1.384105920791626;1.1598999500274658
1.3842417001724243;1.1597204208374023
1.3842756748199463;1.162841796875
1.384323000907898;1.16135573387146
1.3845422267913818;1.1619327068328857
1.384441614151001;1.1599854230880737
1.3841009140014648;1.1598180532455444
1.3842066526412964;1.159987449645996
1.384132981300354;1.1604247093200684
1.384212851524353;1.1608047485351562
1.3842277526855469;1.1602891683578491
1.3846485614776611;1.1619045734405518
1.3843131065368652;1.160914659500122
1.3845525979995728;1.1611802577972412
1.384089708328247;1.1600490808486938
1.3841701745986938;1.162156343460083
1.3843779563903809;1.1609264612197876
1.3841884136199951;1.1610528230667114
1.3848387002944946;1.161507487297058
1.3840746879577637;1.1602983474731445
1.3843793869018555;1.1617448329925537
1.3843677043914795;1.1621174812316895
1.3843587636947632;1.1602765321731567
1.3842180967330933;1.1610586643218994
1.3840904235839844;1.1603071689605713
1.3842079639434814;1.1616419553756714
1.384476900100708;1.1626663208007812
1.384217381477356;1.1604793071746826
1.3845162391662598;1.1624841690063477
1.3842520713806152;1.160241961479187
1.3841264247894287;1.1591928005218506
1.3842836618423462;1.1616191864013672
1.3844139575958252;1.1613467931747437
1.3842637538909912;1.1619763374328613
1.3842744827270508;1.1619994640350342
1.384016513824463;1.1615492105484009
1.3842206001281738;1.1606762409210205
1.3841712474822998;1.1610826253890991
1.3841936588287354;1.161126732826233
1.384228229522705;1.1600096225738525
1.384244441986084;1.1624654531478882
1.3847416639328003;1.1616275310516357
1.3840556144714355;1.1606075763702393
1.3843472003936768;1.1613881587982178
1.3842408657073975;1.1616904735565186
1.3841750621795654;1.161435604095459
1.384093999862671;1.162818431854248
1.3842744827270508;1.1611818075180054
1.3841922283172607;1.1612424850463867
1.3841502666473389;1.1614384651184082
1.3840848207473755;1.160803198814392
1.3840491771697998;1.1614079475402832
1.3841233253479004;1.1623127460479736
1.3841972351074219;1.1630302667617798
1.3841609954833984;1.1628925800323486
1.3842284679412842;1.1610852479934692
1.384033441543579;1.1620862483978271
1.3842215538024902;1.1605596542358398
1.3840916156768799;1.162902593612671
1.3840659856796265;1.1607186794281006
1.3842148780822754;1.1604312658309937
1.384106159210205;1.1611398458480835
1.3840816020965576;1.1619566679000854
1.3840606212615967;1.1609491109848022
1.3840525150299072;1.1607229709625244
1.3843731880187988;1.161144495010376
1.3840762376785278;1.1592681407928467
1.384041666984558;1.1601526737213135
1.3843421936035156;1.1648129224777222
1.3841261863708496;1.161874771118164
1.3841748237609863;1.1592360734939575
1.3847525119781494;1.1609638929367065
1.384185552597046;1.161577820777893
1.3842175006866455;1.1621997356414795
1.3844701051712036;1.1607048511505127
1.384421944618225;1.1619439125061035
1.3844114542007446;1.1629289388656616
1.3841402530670166;1.1603666543960571
1.3842175006866455;1.1614972352981567
1.3841580152511597;1.1609408855438232
1.3842195272445679;1.1610491275787354
1.3841297626495361;1.1611098051071167
1.3840267658233643;1.1621342897415161
1.3841193914413452;1.1616767644882202
1.384369134902954;1.162408471107483
1.3840725421905518;1.1613203287124634
1.384108543395996;1.1613516807556152
1.3844568729400635;1.1611719131469727
1.3841161727905273;1.160697102546692
1.3842012882232666;1.162186861038208
1.3844033479690552;1.1594959497451782
1.3840993642807007;1.164686679840088
1.3840982913970947;1.1615408658981323
1.3844562768936157;1.1623115539550781
1.3842161893844604;1.1600357294082642
1.3844321966171265;1.1654301881790161
1.3840924501419067;1.159653902053833
1.3841050863265991;1.1613860130310059
1.3844375610351562;1.1608258485794067
1.3843786716461182;1.161502718925476
1.3842315673828125;1.160343885421753
1.384114384651184;1.1634656190872192
1.3840659856796265;1.1597820520401
1.3842846155166626;1.1607692241668701
1.3840527534484863;1.1606076955795288
1.3840097188949585;1.1599797010421753
1.384140968322754;1.1597979068756104
1.3843812942504883;1.1608529090881348
1.384066104888916;1.159962773323059
1.3840694427490234;1.1597886085510254
1.384204626083374;1.161994218826294
1.3841979503631592;1.1607921123504639
1.3843119144439697;1.1614106893539429
1.3843108415603638;1.1609117984771729
1.3841681480407715;1.1623910665512085
1.3840581178665161;1.1618205308914185
1.3841229677200317;1.1617414951324463
1.3840713500976562;1.1622439622879028
1.384259819984436;1.1620521545410156
1.3846791982650757;1.1624047756195068
1.3841261863708496;1.1613386869430542
1.3841545581817627;1.160589575767517
1.3841365575790405;1.1604417562484741
1.384136438369751;1.164116621017456
1.384217619895935;1.1617310047149658
1.3840299844741821;1.161741018295288
1.3844558000564575;1.1609383821487427
1.3842737674713135;1.1605151891708374
1.3840694427490234;1.1606366634368896
1.3841888904571533;1.1612473726272583
1.384213924407959;1.1602784395217896
1.3842759132385254;1.1637327671051025
1.384066104888916;1.1602951288223267
1.3840827941894531;1.162895679473877
1.384102702140808;1.1589618921279907
1.384147047996521;1.1624066829681396
1.3842825889587402;1.1613552570343018
1.3840930461883545;1.1616790294647217
1.3842644691467285;1.1609928607940674
1.3842146396636963;1.160818338394165
1.3842746019363403;1.1607177257537842
1.3840469121932983;1.1614967584609985
1.3844808340072632;1.163905382156372
1.384066104888916;1.1611772775650024
1.3840727806091309;1.1577367782592773
1.3842248916625977;1.1605327129364014
1.3841266632080078;1.1622556447982788
1.3843662738800049;1.1608532667160034
1.384527325630188;1.161592721939087
1.3841108083724976;1.1620538234710693
1.384109377861023;1.159286379814148
1.384168028831482;1.1608946323394775
1.3843382596969604;1.1604039669036865
1.3841681480407715;1.1607013940811157
1.384228229522705;1.162825107574463
1.3843505382537842;1.1605232954025269
1.38442063331604;1.1626570224761963
1.3845610618591309;1.1623388528823853
1.3845975399017334;1.1623820066452026
1.3842318058013916;1.1595890522003174
1.3840728998184204;1.1597840785980225
1.3841209411621094;1.1620306968688965
1.384287714958191;1.1604377031326294
1.3842589855194092;1.1617158651351929
1.3844239711761475;1.163451910018921
1.384276032447815;1.1619869470596313
1.384073257446289;1.1595048904418945
1.384171485900879;1.1613688468933105
1.3841614723205566;1.1600481271743774
1.3840367794036865;1.1620062589645386
1.3843719959259033;1.1616182327270508
1.3843857049942017;1.1616567373275757
1.3844951391220093;1.1629509925842285
1.3843764066696167;1.1633046865463257
1.3841936588287354;1.1617845296859741
1.3840994834899902;1.1628222465515137
1.3843162059783936;1.1622600555419922
1.3841142654418945;1.160131573677063
1.3843560218811035;1.161242961883545
1.3843263387680054;1.1616374254226685
1.3842147588729858;1.1615177392959595
1.3841825723648071;1.1596410274505615
1.3843302726745605;1.1625605821609497
1.3842847347259521;1.1600368022918701
1.3840863704681396;1.1593278646469116
1.3840936422348022;1.1610939502716064
1.384089708328247;1.160857081413269
1.3846324682235718;1.163179874420166
1.3840869665145874;1.1609500646591187
1.384106159210205;1.1638432741165161
1.3840763568878174;1.1602565050125122
1.3843355178833008;1.1618279218673706
1.3843533992767334;1.1598544120788574
1.38422429561615;1.1613725423812866
1.3842922449111938;1.1631097793579102
1.3840746879577637;1.1605669260025024
1.3840560913085938;1.1601102352142334
1.3846768140792847;1.1624114513397217
1.3840694427490234;1.1596198081970215
1.3842113018035889;1.1599628925323486
1.3844548463821411;1.1614460945129395
1.384161353111267;1.1592587232589722
1.3844661712646484;1.1607393026351929
1.384764313697815;1.1609848737716675
1.3840694427490234;1.1624155044555664
1.3842215538024902;1.1599591970443726
1.3840010166168213;1.1621750593185425
1.3843891620635986;1.1634304523468018
1.3846452236175537;1.1631910800933838
1.3843677043914795;1.1629924774169922
1.3844741582870483;1.1606965065002441
1.3845579624176025;1.1631379127502441
1.3845558166503906;1.1602493524551392
1.3841354846954346;1.1629738807678223
1.384216070175171;1.161678433418274
1.3841782808303833;1.161261796951294
1.3841545581817627;1.1606377363204956
1.3840303421020508;1.1620067358016968
1.384556531906128;1.161595344543457
1.3840382099151611;1.1597907543182373
1.3842214345932007;1.1602914333343506
1.3841578960418701;1.159369707107544
1.384161353111267;1.16061532497406
1.3841975927352905;1.1614621877670288
1.3844115734100342;1.1603909730911255
1.3841218948364258;1.160870909690857
1.3840728998184204;1.16049325466156
1.3842250108718872;1.1592566967010498
1.384405255317688;1.1614797115325928
1.3842542171478271;1.1628388166427612
1.384507179260254;1.1622085571289062
1.384291410446167;1.1625217199325562
1.38423752784729;1.1617918014526367
1.384562611579895;1.159967064857483
1.3843194246292114;1.1613622903823853
1.3840891122817993;1.1636043787002563
1.3840560913085938;1.1620181798934937
1.3843119144439697;1.1609535217285156
1.3845186233520508;1.1612530946731567
1.384272575378418;1.1613545417785645
1.3840558528900146;1.1608563661575317
1.3843766450881958;1.1634414196014404
1.3847495317459106;1.16282057762146
1.3848475217819214;1.1639328002929688
1.3843228816986084;1.1629588603973389
1.3842244148254395;1.1622405052185059
1.3840734958648682;1.160536766052246
1.3841263055801392;1.162247896194458
1.38430655002594;1.1634691953659058
1.3843833208084106;1.160679817199707
1.3848366737365723;1.1617469787597656
1.384186863899231;1.1626521348953247
1.3843183517456055;1.1628518104553223
1.3842277526855469;1.1607540845870972
1.3840906620025635;1.1600279808044434
1.384087085723877;1.1611032485961914
1.3840539455413818;1.1619250774383545
1.3841969966888428;1.1618149280548096
1.3843541145324707;1.1607080698013306
1.3840903043746948;1.1623135805130005
1.3840835094451904;1.1598358154296875
1.3842074871063232;1.160865306854248
1.3841001987457275;1.162279725074768
1.3843586444854736;1.1605647802352905
1.3843915462493896;1.1613414287567139
1.3842079639434814;1.1617143154144287
1.384081482887268;1.1616077423095703
1.384354829788208;1.1634563207626343
1.3842554092407227;1.1613601446151733
1.384390115737915;1.1628934144973755
1.3840166330337524;1.1604467630386353
1.3845436573028564;1.1610502004623413
1.3841209411621094;1.1617016792297363
1.3842144012451172;1.1610651016235352
1.3845747709274292;1.162192463874817
1.384574055671692;1.1601179838180542
1.3840299844741821;1.1601914167404175
1.3842836618423462;1.1598268747329712
1.3841215372085571;1.1616765260696411
1.3840762376785278;1.1607236862182617
1.3842307329177856;1.16301691532135
1.3844207525253296;1.1621394157409668
1.384269118309021;1.1615265607833862
1.3846760988235474;1.1628859043121338
1.3842079639434814;1.163051962852478
1.3842177391052246;1.161902666091919
1.3842344284057617;1.161361575126648
1.3844175338745117;1.161069393157959
1.3848580121994019;1.1606265306472778
1.3841261863708496;1.1613287925720215
1.3844584226608276;1.1611005067825317
1.3842500448226929;1.1635825634002686
1.3841816186904907;1.1625639200210571
1.3842180967330933;1.1607685089111328
1.3842384815216064;1.1605764627456665
1.3841118812561035;1.162684679031372
1.3843399286270142;1.1607542037963867
1.385377287864685;1.16289222240448
1.384289264678955;1.1628984212875366
1.384033441543579;1.1628304719924927
1.3841572999954224;1.160508155822754
1.3842551708221436;1.163807988166809
1.3840458393096924;1.1631683111190796
1.3842082023620605;1.1605825424194336
1.384108543395996;1.1598488092422485
1.3848726749420166;1.1609441041946411
1.3842486143112183;1.161726951599121
1.3841310739517212;1.1614041328430176
1.3840991258621216;1.16045343875885
1.3843485116958618;1.1648961305618286
1.3841431140899658;1.1613837480545044
1.384084939956665;1.1618430614471436
1.384185552597046;1.1615967750549316
1.3839991092681885;1.1593422889709473
1.3842812776565552;1.160077452659607
1.3840728998184204;1.162123203277588
1.384069561958313;1.1597861051559448
1.3840335607528687;1.1635469198226929
1.3840795755386353;1.1600264310836792
1.3845409154891968;1.1623106002807617
1.384087324142456;1.1604422330856323
1.3843598365783691;1.1615415811538696
1.384300708770752;1.1619821786880493
1.3842543363571167;1.1618971824645996
1.3842177391052246;1.1632192134857178
1.384118676185608;1.1620140075683594
1.3841209411621094;1.1622017621994019
1.3840606212615967;1.1611883640289307
1.3841544389724731;1.1623682975769043
1.3842283487319946;1.1605151891708374
1.3843063116073608;1.1621145009994507
1.3843673467636108;1.1602791547775269
1.384080171585083;1.1591863632202148
1.3840594291687012;1.1601204872131348
1.384221076965332;1.161156177520752
