TV;KL
1.9999850988388062;14.583769798278809
1.684159278869629;9.025434494018555
1.288191556930542;4.891467571258545
0.8166659474372864;1.4429798126220703
0.6088429689407349;0.5405493974685669
0.6066477298736572;0.3867705762386322
0.6014581918716431;0.370500385761261
0.6108405590057373;0.370454341173172
0.6098191738128662;0.37122032046318054
0.6069482564926147;0.36997658014297485
0.6041215658187866;0.3677099347114563
0.6045972108840942;0.3687777519226074
0.6040183305740356;0.36809736490249634
0.6085090041160583;0.3677610456943512
0.610079288482666;0.3697309195995331
0.6059435606002808;0.3684142231941223
0.603211522102356;0.36667194962501526
0.606282114982605;0.36899805068969727
0.6130706071853638;0.3688197731971741
0.606948971748352;0.36937248706817627
0.6065038442611694;0.36857277154922485
0.6044324636459351;0.3692949414253235
0.6097208261489868;0.3687874376773834
0.6067109704017639;0.37067773938179016
0.6171627044677734;0.3725484609603882
0.6055921316146851;0.3673694431781769
0.6058266162872314;0.3706735372543335
0.6047297716140747;0.36767303943634033
0.602761447429657;0.36462175846099854
0.6007058620452881;0.3659072518348694
0.6027973890304565;0.36787140369415283
0.6041560769081116;0.3672060966491699
0.6037110686302185;0.367201566696167
0.6063625812530518;0.36634570360183716
0.608389139175415;0.36719924211502075
0.6097397804260254;0.3674704134464264
0.5988298654556274;0.3670903146266937
0.6053074598312378;0.3661315143108368
0.6037843227386475;0.36492884159088135
0.6064763069152832;0.3677372336387634
0.606438159942627;0.3687686622142792
0.6011331677436829;0.36701610684394836
0.6039437651634216;0.3662738800048828
0.6066417098045349;0.3702528178691864
0.6042362451553345;0.368238627910614
0.6041537523269653;0.3685263395309448
0.6016743183135986;0.3671101927757263
0.601866602897644;0.3657855987548828
0.6094295382499695;0.3677595257759094
0.6034595966339111;0.3692696690559387
0.6046562194824219;0.3682132363319397
0.6036593914031982;0.3661523163318634
0.6032919883728027;0.3669009804725647
0.6058416366577148;0.3652866780757904
0.605048418045044;0.36669793725013733
0.6038960218429565;0.3686046302318573
0.6121466159820557;0.36992815136909485
0.6039905548095703;0.36746811866760254
0.6054832935333252;0.36871135234832764
0.6066458821296692;0.36983537673950195
0.6038691401481628;0.36458373069763184
0.6088292598724365;0.37046465277671814
0.602617621421814;0.36658114194869995
0.609383225440979;0.36758098006248474
0.6056549549102783;0.3663455843925476
0.6057800054550171;0.3667256832122803
0.6106891632080078;0.3681237995624542
0.6105837821960449;0.3692720830440521
0.6074293851852417;0.36690467596054077
0.6074495315551758;0.3672831952571869
0.6068983674049377;0.36968210339546204
0.6086100339889526;0.3691367208957672
0.6053922772407532;0.36702531576156616
0.6039340496063232;0.3658463954925537
0.6008425951004028;0.3690056800842285
0.6063915491104126;0.36679455637931824
0.6026180982589722;0.3678538203239441
0.6089518070220947;0.36713355779647827
0.6087071895599365;0.3677580952644348
0.6064573526382446;0.36708739399909973
0.6057412028312683;0.36725521087646484
0.6046831607818604;0.3662834167480469
0.6023188829421997;0.36762735247612
0.5998824238777161;0.36499667167663574
0.6068993806838989;0.36869943141937256
0.6018654704093933;0.3644430935382843
0.6065953969955444;0.3678087592124939
0.6027007102966309;0.3679198920726776
0.6067497730255127;0.3669758141040802
0.6076289415359497;0.3677580654621124
0.605381965637207;0.3674152195453644
0.6004379987716675;0.36585643887519836
0.6062577962875366;0.3665013611316681
0.6042410135269165;0.3672623336315155
0.6095867156982422;0.3690490126609802
0.6057208776473999;0.36603713035583496
0.6025757193565369;0.3670671582221985
0.6069954633712769;0.3684719204902649
0.6006397008895874;0.36674147844314575
0.6056921482086182;0.36569270491600037
0.6076221466064453;0.36903002858161926
0.6076706647872925;0.3672935664653778
0.6027671098709106;0.366467148065567
0.6014358997344971;0.3680858910083771
0.6056102514266968;0.3663209080696106
0.6018696427345276;0.3653492033481598
0.6004799604415894;0.36413389444351196
0.6023409366607666;0.36648106575012207
0.6038278341293335;0.3694310188293457
0.6025344133377075;0.36572951078414917
0.6079541444778442;0.36773279309272766
0.6079407930374146;0.367622435092926
0.6056996583938599;0.3681195378303528
0.6037644147872925;0.36633947491645813
0.602577805519104;0.36622294783592224
0.6100404262542725;0.36761367321014404
0.6036403179168701;0.3668936491012573
0.6081974506378174;0.36982929706573486
0.6089568138122559;0.36833590269088745
0.6044849157333374;0.36700955033302307
0.6016800403594971;0.36721259355545044
0.6047014594078064;0.3683309257030487
0.6062586903572083;0.36573344469070435
0.6033833026885986;0.3694223463535309
0.6037110090255737;0.3657844066619873
0.6041061878204346;0.3676210641860962
0.5997821688652039;0.3664337992668152
0.6068145036697388;0.3659359812736511
0.6099318265914917;0.36765384674072266
0.5993918180465698;0.3662886321544647
0.6036565899848938;0.36657628417015076
0.605846107006073;0.36692121624946594
0.6013157963752747;0.36683493852615356
0.6055054664611816;0.3672902286052704
0.6057298183441162;0.36585158109664917
0.6044924259185791;0.36789050698280334
0.6101111173629761;0.36694085597991943
0.6063908338546753;0.3690161108970642
0.6048290729522705;0.366877943277359
0.6021443605422974;0.36636367440223694
0.6065311431884766;0.3656376004219055
0.6067565083503723;0.37007439136505127
0.602496862411499;0.3649521768093109
0.605629026889801;0.3652498126029968
0.6056828498840332;0.36546167731285095
0.6043161153793335;0.3663812279701233
0.609665036201477;0.36699390411376953
0.5992685556411743;0.364631712436676
0.6001960039138794;0.3644402027130127
0.6024047136306763;0.3652975857257843
0.6008857488632202;0.3634544909000397
0.6019330024719238;0.36593377590179443
0.6044111251831055;0.36737746000289917
0.6013248562812805;0.3645564019680023
0.5998744964599609;0.36494681239128113
0.6050177812576294;0.36539191007614136
0.6035118103027344;0.3645062744617462
0.6065671443939209;0.36431464552879333
0.6017667055130005;0.36121493577957153
0.610039472579956;0.3663081228733063
0.6024700403213501;0.3641367554664612
0.6094540357589722;0.36604994535446167
0.6005054712295532;0.3617742955684662
0.6026749610900879;0.36251479387283325
0.5983824729919434;0.3617474436759949
0.606560230255127;0.36227181553840637
0.6054774522781372;0.3632839322090149
0.5990690588951111;0.36308538913726807
0.6014422178268433;0.36364108324050903
0.6062015891075134;0.3631930351257324
0.601426362991333;0.36413437128067017
0.6087477207183838;0.36440223455429077
0.6049703359603882;0.3631451427936554
0.6074297428131104;0.36428648233413696
0.6037753820419312;0.36131390929222107
0.5977639555931091;0.36230337619781494
0.6036369800567627;0.3605559468269348
0.6039813756942749;0.3665388226509094
0.6129029989242554;0.3638339042663574
0.6072325706481934;0.36185121536254883
0.6041610240936279;0.36081454157829285
0.605077862739563;0.36324343085289
0.6066458225250244;0.36319294571876526
0.6016454696655273;0.3622908294200897
0.6063836812973022;0.3630950152873993
0.5979851484298706;0.362560898065567
0.6037006378173828;0.3631293475627899
0.6054600477218628;0.3631516695022583
0.6053537130355835;0.36445847153663635
0.6041443347930908;0.36205196380615234
0.6085457801818848;0.3642716407775879
0.6057528257369995;0.3624311685562134
0.6094651222229004;0.36409080028533936
0.6056162714958191;0.36068761348724365
0.6049032211303711;0.3643387258052826
0.6051009893417358;0.3630371391773224
0.6107950210571289;0.36484038829803467
0.6021130681037903;0.36001938581466675
0.6026793718338013;0.3614286184310913
0.6059625148773193;0.3644239008426666
0.6049215793609619;0.3619357943534851
0.6077436208724976;0.3629235625267029
0.6002862453460693;0.36118844151496887
0.6029616594314575;0.3638756275177002
0.6031695008277893;0.36355775594711304
0.604988157749176;0.3625105023384094
0.601073145866394;0.36070510745048523
0.6038677096366882;0.3627881705760956
0.6025186777114868;0.3616894781589508
0.6067951321601868;0.36055371165275574
0.6083084344863892;0.3644152879714966
0.6056964993476868;0.36524564027786255
0.6009221076965332;0.3613755404949188
0.6038234233856201;0.36203739047050476
0.6032971143722534;0.3617401123046875
0.598816990852356;0.36160650849342346
0.6106562614440918;0.3630821406841278
0.6101406812667847;0.36368802189826965
0.6057162880897522;0.36212030053138733
0.6054099798202515;0.36111071705818176
0.5996837615966797;0.3615869879722595
0.6008877754211426;0.3611764907836914
0.6043060421943665;0.3635243773460388
0.6003806591033936;0.3606264889240265
0.6102702617645264;0.3623918890953064
0.6001687049865723;0.3605690002441406
0.6047929525375366;0.36241841316223145
0.601091742515564;0.3606620132923126
0.6059744358062744;0.362934410572052
0.598474383354187;0.36074453592300415
0.6043037176132202;0.36461755633354187
0.600486159324646;0.36590030789375305
0.6062760949134827;0.36345574259757996
0.6080230474472046;0.36380839347839355
0.6073756217956543;0.3626318573951721
0.6007378101348877;0.36064690351486206
0.6050800085067749;0.3660241961479187
0.6019502878189087;0.3611472249031067
0.6054743528366089;0.36240583658218384
0.601610541343689;0.36030441522598267
0.6091233491897583;0.36488983035087585
0.6069989800453186;0.36214619874954224
0.601855993270874;0.36196669936180115
0.6064196825027466;0.36404725909233093
0.6046937108039856;0.36237820982933044
0.6004744172096252;0.3614659607410431
0.6033052206039429;0.3638598322868347
0.5986195206642151;0.363127738237381
0.6047390699386597;0.3633537292480469
0.5966060161590576;0.3590618371963501
0.5964616537094116;0.36290204524993896
0.6063674688339233;0.3610458970069885
0.601929783821106;0.36257651448249817
0.604192852973938;0.35932353138923645
0.6047597527503967;0.35926902294158936
0.6048117876052856;0.3611104488372803
0.6006309986114502;0.35912516713142395
0.5991615056991577;0.35862237215042114
0.5990812182426453;0.36205366253852844
0.6002028584480286;0.36011433601379395
0.6007242202758789;0.3591575026512146
0.6020244359970093;0.3599500060081482
0.607642650604248;0.3620176315307617
0.5983594059944153;0.3587140738964081
0.6031806468963623;0.36005979776382446
0.6014072299003601;0.3589181900024414
0.6027709245681763;0.35968971252441406
0.6052826046943665;0.35864558815956116
0.6012487411499023;0.3569507896900177
0.6080318689346313;0.3595355451107025
0.5979089736938477;0.3574375510215759
0.6058905124664307;0.36195501685142517
0.601211428642273;0.35740360617637634
0.6036729216575623;0.35925328731536865
0.6000712513923645;0.35711759328842163
0.6037468910217285;0.3592641055583954
0.600475549697876;0.35856497287750244
0.5994698405265808;0.35854336619377136
0.599410891532898;0.35710564255714417
0.6072934865951538;0.3622586131095886
0.6048734188079834;0.3594215214252472
0.6060513854026794;0.36086222529411316
0.6031937599182129;0.3596150577068329
0.5978042483329773;0.3579091429710388
0.6013489365577698;0.35748544335365295
0.5959348678588867;0.35566699504852295
0.6003733277320862;0.35802605748176575
0.6020236611366272;0.35893869400024414
0.6017378568649292;0.3602343499660492
0.6069076061248779;0.3587999939918518
0.6009716987609863;0.35885730385780334
0.6024529337882996;0.3574400246143341
0.5987284183502197;0.3547818660736084
0.5973630547523499;0.3551796078681946
0.6057111024856567;0.357318639755249
0.6031630039215088;0.35859695076942444
0.5987508296966553;0.3563367426395416
0.6003410816192627;0.3560795187950134
0.6098464727401733;0.35868626832962036
0.6000901460647583;0.35503819584846497
0.6044716835021973;0.35833975672721863
0.6020337343215942;0.3597858250141144
0.5990440845489502;0.35789039731025696
0.6022802591323853;0.3577807545661926
0.5979145765304565;0.3568825125694275
0.5972565412521362;0.3573128581047058
0.6022584438323975;0.3592394292354584
0.6067880392074585;0.36086130142211914
0.6012333631515503;0.3553958535194397
0.5965242385864258;0.3564041554927826
0.6005427241325378;0.356475293636322
0.5992224216461182;0.3554643988609314
0.6019918918609619;0.35756146907806396
0.602911651134491;0.356802374124527
0.5969517230987549;0.3550775647163391
0.6038179397583008;0.3579743206501007
0.5988327264785767;0.35650259256362915
0.5993629693984985;0.35680899024009705
0.5989288091659546;0.3553149998188019
0.6003751754760742;0.35881444811820984
0.6020025014877319;0.35896193981170654
0.5976046323776245;0.35585615038871765
0.5983201265335083;0.35587456822395325
0.5987129211425781;0.35830673575401306
0.5985763669013977;0.358852356672287
0.60527503490448;0.35781610012054443
0.5940439701080322;0.3549691438674927
0.6012046337127686;0.35690706968307495
0.6033527851104736;0.357439786195755
0.5978474617004395;0.35735535621643066
0.6036077737808228;0.3602243661880493
0.60219806432724;0.35930708050727844
0.6073776483535767;0.36074429750442505
0.6013502478599548;0.356180876493454
0.6054797172546387;0.3595888018608093
0.5978847742080688;0.35517337918281555
0.605455219745636;0.35691535472869873
0.5977326035499573;0.3574792444705963
0.5958114266395569;0.3554858863353729
0.5998250246047974;0.3573703169822693
0.5976278781890869;0.35527098178863525
0.6028256416320801;0.3591722548007965
0.5937243700027466;0.35566532611846924
0.60385662317276;0.35674381256103516
0.6028990149497986;0.3586166203022003
0.6021708250045776;0.3557480573654175
0.6001077890396118;0.3573097884654999
0.6011542081832886;0.3559659719467163
0.5995005369186401;0.3562251925468445
0.5970538854598999;0.3581640124320984
0.5968400239944458;0.3573996126651764
0.6039407253265381;0.3556813597679138
0.6003847718238831;0.3545927405357361
0.5969235897064209;0.35965174436569214
0.597449004650116;0.35780438780784607
0.6065471172332764;0.36004969477653503
0.6063541173934937;0.35775870084762573
0.6005517244338989;0.3564378023147583
0.6028499603271484;0.3579227030277252
0.6006085276603699;0.3574204742908478
0.6018972992897034;0.3567548990249634
0.6027482748031616;0.35706275701522827
0.600283682346344;0.3572854995727539
0.6047555804252625;0.3579248785972595
0.6056873798370361;0.3588408827781677
0.6058412790298462;0.3584187626838684
0.6044921875;0.35849690437316895
0.599624752998352;0.35662469267845154
0.5954707860946655;0.3550553619861603
0.6083087921142578;0.3586353063583374
0.6016218662261963;0.3568643033504486
0.5948064923286438;0.3586294949054718
0.6081897616386414;0.3600809574127197
0.6029562950134277;0.35687702894210815
0.6020433902740479;0.35867923498153687
0.6048595905303955;0.35810336470603943
0.6047377586364746;0.3575401306152344
0.6035842895507812;0.3582295775413513
0.5983926057815552;0.3557646870613098
0.6104221343994141;0.3583240211009979
0.5994560718536377;0.35772958397865295
0.6006805300712585;0.3565331995487213
0.6039241552352905;0.3584440052509308
0.6080937385559082;0.358816921710968
0.6014772653579712;0.3542918860912323
0.5987337827682495;0.3532155156135559
0.5986417531967163;0.3570002317428589
0.6035163402557373;0.35602667927742004
0.6073185801506042;0.3566674590110779
0.5990755558013916;0.35499492287635803
0.5986896753311157;0.3571237325668335
0.6028655767440796;0.3578486442565918
0.5944377183914185;0.35721057653427124
0.5981487035751343;0.3562259376049042
0.5972705483436584;0.3568856418132782
0.5999191999435425;0.3568263053894043
0.5967512726783752;0.3563472032546997
0.6041966676712036;0.3565106689929962
0.602470874786377;0.3574252128601074
0.599931538105011;0.3555275797843933
0.6040209531784058;0.3564493954181671
0.60174161195755;0.3555763065814972
0.6057529449462891;0.36053410172462463
0.601190447807312;0.35816675424575806
0.6048891544342041;0.3596111536026001
0.6068403720855713;0.360164999961853
0.604143500328064;0.35925763845443726
0.6005799770355225;0.3585076332092285
0.5977552533149719;0.35664817690849304
0.5989596843719482;0.35527503490448
0.5989626049995422;0.355707049369812
0.5992661118507385;0.3562256693840027
0.6010347604751587;0.357402503490448
0.6015743613243103;0.35487914085388184
0.599625825881958;0.35750532150268555
0.598259449005127;0.35589778423309326
0.5972315073013306;0.35496461391448975
0.594967246055603;0.3559848368167877
0.6053749918937683;0.35691484808921814
0.598601222038269;0.3587193787097931
0.5995820164680481;0.35634613037109375
0.5967698097229004;0.35484591126441956
0.5987513065338135;0.3549807071685791
0.5975453853607178;0.3547922372817993
0.6009691953659058;0.35575294494628906
0.598869800567627;0.35651955008506775
0.6019099950790405;0.35518014430999756
0.597069263458252;0.3557046055793762
0.5962396264076233;0.3567805588245392
0.5936800241470337;0.354547381401062
0.5999083518981934;0.35482317209243774
0.5956414341926575;0.3539344370365143
0.6019420623779297;0.3547289967536926
0.5967388153076172;0.35438424348831177
0.6080567836761475;0.3580905795097351
0.6005758047103882;0.3585401773452759
0.5971317291259766;0.3536292612552643
0.6011031866073608;0.3558962345123291
0.5972517728805542;0.3564137816429138
0.5965350866317749;0.35697153210639954
0.5997389554977417;0.3553456962108612
0.5993812680244446;0.35374531149864197
0.6031070947647095;0.3557164669036865
0.5979560017585754;0.35320737957954407
0.6046271324157715;0.3553760051727295
0.5998777151107788;0.35680627822875977
0.602266252040863;0.35380667448043823
0.6034640073776245;0.3567338287830353
0.6040709018707275;0.35578665137290955
0.5951828360557556;0.35449713468551636
0.6004244685173035;0.3574352264404297
0.6015470623970032;0.3552919030189514
0.5982303619384766;0.35442662239074707
0.5979529619216919;0.35484907031059265
0.6019249558448792;0.35631993412971497
0.5976060628890991;0.3520633280277252
0.6006343364715576;0.36027953028678894
0.5960375070571899;0.3538746237754822
0.603037416934967;0.3545044958591461
0.5938762426376343;0.352955162525177
0.6008102893829346;0.35554322600364685
0.6003809571266174;0.3556520342826843
0.596772313117981;0.35399311780929565
0.5969197750091553;0.3585713505744934
0.6056797504425049;0.35698819160461426
0.6042932271957397;0.3570072650909424
0.6038899421691895;0.3555881083011627
0.602779746055603;0.35360637307167053
0.5983971357345581;0.35661086440086365
0.6047775745391846;0.35534000396728516
0.6058068871498108;0.3561009168624878
0.5993682146072388;0.3546302318572998
0.5969699621200562;0.352675199508667
0.5960044264793396;0.35350051522254944
0.5994157791137695;0.35808971524238586
0.6022059917449951;0.35482656955718994
0.599979817867279;0.3529149889945984
0.5971499085426331;0.3543086051940918
0.6000398397445679;0.3550640940666199
0.5995482802391052;0.3546196222305298
0.5984904170036316;0.3544464409351349
0.5987899303436279;0.3543672561645508
0.5979137420654297;0.3548864424228668
0.6009848117828369;0.35483691096305847
0.5977683067321777;0.35594892501831055
0.5942701101303101;0.3523375988006592
0.6004583835601807;0.3562089204788208
0.6069044470787048;0.35339510440826416
0.6057233810424805;0.35630321502685547
0.6051072478294373;0.35498714447021484
0.6068918704986572;0.35720837116241455
0.6028347611427307;0.3535860478878021
0.5960299968719482;0.353199303150177
0.5969250202178955;0.3553376793861389
0.6006914377212524;0.35238194465637207
0.6002047061920166;0.3560575842857361
0.5988713502883911;0.35464760661125183
0.5979899168014526;0.35391268134117126
0.5995110273361206;0.3529907763004303
0.601930558681488;0.3559960126876831
0.5994735360145569;0.3531760275363922
0.6005032062530518;0.35689017176628113
0.6005528569221497;0.35467666387557983
0.5968785285949707;0.3531550168991089
0.5999789834022522;0.3559171259403229
0.6008113622665405;0.3545621931552887
0.5949037075042725;0.3526788651943207
0.59714674949646;0.3538632392883301
0.6007850170135498;0.3530811071395874
0.5995571613311768;0.35159024596214294
0.597226083278656;0.3539283275604248
0.605499267578125;0.35657525062561035
0.5968682765960693;0.3550797998905182
0.5962632894515991;0.3523399233818054
0.6001249551773071;0.3545493483543396
0.6066867709159851;0.3595421016216278
0.5972684025764465;0.3574678897857666
0.5957198143005371;0.35477811098098755
0.6049083471298218;0.35348039865493774
0.595483660697937;0.3542616367340088
0.5983560681343079;0.3553556799888611
0.6035912036895752;0.3561175763607025
0.6004557609558105;0.35480403900146484
0.6017999649047852;0.35491693019866943
0.596625566482544;0.3534016013145447
0.5977165699005127;0.3565438389778137
0.6020990610122681;0.3541676104068756
0.5965721607208252;0.35427239537239075
0.6006028652191162;0.3543395400047302
0.5963106751441956;0.3530123829841614
0.5968426465988159;0.353048712015152
0.5993536114692688;0.35370367765426636
0.6052624583244324;0.35451528429985046
0.5989707708358765;0.35346803069114685
0.5957576036453247;0.3572807013988495
0.5982595682144165;0.35491907596588135
0.5980556011199951;0.3534336984157562
0.5988799929618835;0.3539113700389862
0.5963712930679321;0.35270899534225464
0.5988808274269104;0.3524215519428253
0.5997639894485474;0.3532979488372803
0.6027927398681641;0.35603755712509155
0.5972328782081604;0.3529306650161743
0.6002547144889832;0.35414549708366394
0.6038859486579895;0.35554271936416626
0.6034532785415649;0.3566402196884155
0.5988052487373352;0.35568687319755554
0.5985466837882996;0.35470765829086304
0.5990583300590515;0.35631832480430603
0.5968704223632812;0.35462671518325806
0.6000630259513855;0.3562256395816803
0.5986713171005249;0.3536030054092407
0.5974469184875488;0.35308781266212463
0.598580002784729;0.35551801323890686
0.5974255800247192;0.35166919231414795
0.602479100227356;0.3560924530029297
0.5945560336112976;0.3540089726448059
0.5975611209869385;0.3534145951271057
0.6015360355377197;0.35527363419532776
0.6030521392822266;0.3539483845233917
0.6038252115249634;0.3530811369419098
0.5978844165802002;0.3558974266052246
0.5970977544784546;0.3499443531036377
0.5994278192520142;0.3538118600845337
0.600902259349823;0.352974534034729
0.5981752872467041;0.3541841208934784
0.5979472398757935;0.35408714413642883
0.5999374389648438;0.3557453155517578
0.6042429804801941;0.3556468188762665
0.60401451587677;0.3531380295753479
0.6004468202590942;0.3548601269721985
0.5996345281600952;0.3532542586326599
0.5986917018890381;0.35454168915748596
0.597312331199646;0.35191020369529724
0.5994570851325989;0.3531171381473541
0.5997568964958191;0.35470694303512573
0.5957551002502441;0.35145634412765503
0.602845311164856;0.35343635082244873
0.5970072746276855;0.3537895083427429
0.5925784111022949;0.3515090346336365
0.5947973728179932;0.35305893421173096
0.595813512802124;0.3540976643562317
0.5989196300506592;0.35547125339508057
0.6077526211738586;0.35794350504875183
0.5996102690696716;0.35296404361724854
0.5992574691772461;0.3539988398551941
0.5974829792976379;0.35163336992263794
0.6096183061599731;0.35775884985923767
0.5974471569061279;0.35470592975616455
0.6002163290977478;0.35497093200683594
0.5984927415847778;0.3542446196079254
0.5953576564788818;0.35412663221359253
0.5984262228012085;0.35229527950286865
0.5997761487960815;0.3532513678073883
0.5984692573547363;0.35375460982322693
0.598861575126648;0.35321667790412903
0.5979459285736084;0.3509675860404968
0.5964443683624268;0.35334280133247375
0.6002293229103088;0.3523590862751007
0.6036630272865295;0.35311922430992126
0.6003170013427734;0.35570675134658813
0.5979925394058228;0.35309216380119324
0.5998805165290833;0.3543205261230469
0.5940324664115906;0.3526080846786499
0.5937891006469727;0.3542962670326233
0.5943083763122559;0.3514736294746399
0.5948810577392578;0.35565340518951416
0.5920887589454651;0.3519320785999298
0.5941804647445679;0.35392922163009644
0.6011650562286377;0.3542135953903198
0.599663496017456;0.35367655754089355
0.5987284183502197;0.3516380190849304
0.6021038293838501;0.3544798791408539
0.5965189933776855;0.3529171943664551
0.5998485088348389;0.35245051980018616
0.5976608991622925;0.35116124153137207
0.5983868837356567;0.35229599475860596
0.5995703935623169;0.3526158332824707
0.6022332906723022;0.3536640405654907
0.6039137244224548;0.35632041096687317
0.5924823880195618;0.35250410437583923
0.596596360206604;0.35027360916137695
0.5972587466239929;0.3511483669281006
0.598239004611969;0.35197797417640686
0.597357451915741;0.3534424304962158
0.5937930941581726;0.3492249846458435
0.5928118824958801;0.34840863943099976
0.6001569032669067;0.35403862595558167
0.5972253680229187;0.3530479073524475
0.5975461006164551;0.35127800703048706
0.5957217216491699;0.35022470355033875
0.5921787023544312;0.3501940667629242
0.5959826707839966;0.3508138656616211
0.5953599214553833;0.35199761390686035
0.5990448594093323;0.35091492533683777
0.5984992384910583;0.35136616230010986
0.6007436513900757;0.35279932618141174
0.599228024482727;0.3528924584388733
0.6002471446990967;0.3528733253479004
0.5951711535453796;0.34961041808128357
0.5954797267913818;0.35012495517730713
0.5993335247039795;0.350460410118103
0.5963007211685181;0.35189729928970337
0.5981817245483398;0.3524702787399292
0.5976659059524536;0.3498545289039612
0.6015834808349609;0.3570488691329956
0.5979741811752319;0.34849220514297485
0.6020416617393494;0.3520551323890686
0.5966308116912842;0.3503040373325348
0.5948550701141357;0.35106194019317627
0.5994303226470947;0.35168910026550293
0.5980015993118286;0.3523448705673218
0.5951906442642212;0.34840038418769836
0.602500855922699;0.35260191559791565
0.5982720255851746;0.35030895471572876
0.5977762341499329;0.3525628447532654
0.596709132194519;0.35127413272857666
0.5960835814476013;0.3505035638809204
0.5962746143341064;0.3515549302101135
0.6032460331916809;0.3517989218235016
0.5946413278579712;0.34885141253471375
0.5969908237457275;0.3499346077442169
0.6026160717010498;0.3546610176563263
0.6052865982055664;0.3548819422721863
0.6016114950180054;0.35043907165527344
0.5961624383926392;0.3503066897392273
0.5975281000137329;0.34775471687316895
0.5926705598831177;0.3489427864551544
0.5990472435951233;0.35189706087112427
0.5937274694442749;0.350900799036026
0.5978648662567139;0.35027679800987244
0.5934043526649475;0.35027480125427246
0.5958077311515808;0.35311782360076904
0.5982416868209839;0.3512530028820038
0.5972848534584045;0.35127168893814087
0.6002510786056519;0.3511284589767456
0.5957722663879395;0.3510154187679291
0.6013730764389038;0.3506755530834198
0.5995256900787354;0.3532399833202362
0.5969208478927612;0.35000085830688477
0.5952845811843872;0.3498498499393463
0.5982459783554077;0.3510388731956482
0.5980958938598633;0.3514039218425751
0.5961660146713257;0.34927406907081604
0.6064473390579224;0.3536909818649292
0.5961242914199829;0.35143983364105225
0.5977126955986023;0.3504118323326111
0.5924801826477051;0.34968483448028564
0.5994181632995605;0.3495770990848541
0.5927432775497437;0.35006099939346313
0.591505765914917;0.34851664304733276
0.5928549766540527;0.35022181272506714
0.5958912372589111;0.35152721405029297
0.5975888967514038;0.3496282398700714
0.5970393419265747;0.348762571811676
0.5978862643241882;0.3502624034881592
0.595281720161438;0.3475268483161926
0.5936731696128845;0.34918418526649475
0.5991878509521484;0.3513847589492798
0.5926774740219116;0.35077613592147827
0.5971840620040894;0.3510240316390991
0.5916189551353455;0.3494326174259186
0.5989377498626709;0.34956493973731995
0.5933138132095337;0.35116294026374817
0.5967057943344116;0.3486858904361725
0.5952675938606262;0.34830135107040405
0.599564254283905;0.3510969579219818
0.5960545539855957;0.34756824374198914
0.5908471345901489;0.34582582116127014
0.5939297676086426;0.3505461812019348
0.5927597284317017;0.3447135090827942
0.6010118722915649;0.34801578521728516
0.594209611415863;0.34664595127105713
0.5946857929229736;0.346364289522171
0.5929567217826843;0.34791669249534607
0.5986322164535522;0.3468194305896759
0.5955916047096252;0.3484462797641754
0.5994396209716797;0.34822240471839905
0.5951089859008789;0.3487185537815094
0.5936430096626282;0.3456639349460602
0.5959494113922119;0.3474368155002594
0.599340558052063;0.34782031178474426
0.5947905778884888;0.3480851650238037
0.5998324155807495;0.34763023257255554
0.5964471697807312;0.3479496240615845
0.5953125953674316;0.34868720173835754
0.5979131460189819;0.3464890420436859
0.5974220037460327;0.3498219847679138
0.5993795394897461;0.34883785247802734
0.597995400428772;0.3472813367843628
0.5925120115280151;0.3495453894138336
0.5945546627044678;0.3489872217178345
0.5949344038963318;0.34765905141830444
0.600853443145752;0.34818339347839355
0.5953136086463928;0.34866997599601746
0.6083929538726807;0.35269826650619507
0.6016387939453125;0.34710121154785156
0.602368175983429;0.35113298892974854
0.5936446189880371;0.34736865758895874
0.5944762229919434;0.3482843339443207
0.5928493142127991;0.3461737334728241
0.5964146256446838;0.349937379360199
0.6041578054428101;0.3501446843147278
0.5923143625259399;0.34564241766929626
0.5904538631439209;0.34654831886291504
0.5965497493743896;0.34684285521507263
0.5973788499832153;0.3480645418167114
0.5937626957893372;0.3458024263381958
0.5937023162841797;0.34511440992355347
0.5983141660690308;0.3502863049507141
0.5967413783073425;0.3459358215332031
0.6010615825653076;0.34955334663391113
0.5941590666770935;0.34927207231521606
0.5930519104003906;0.34660857915878296
0.6079621315002441;0.350859671831131
0.5993344187736511;0.3479134738445282
0.6045340895652771;0.3503515124320984
0.5957236289978027;0.3473212718963623
0.596815824508667;0.3508368134498596
0.6031097173690796;0.34796929359436035
0.5964728593826294;0.3471389412879944
0.5949320793151855;0.34701067209243774
0.5938009023666382;0.3472941219806671
0.5946969389915466;0.3470209538936615
0.5945693254470825;0.3464747965335846
0.5945370197296143;0.34820184111595154
0.5901755690574646;0.34717482328414917
0.6019859313964844;0.34863823652267456
0.5964650511741638;0.34781506657600403
0.6001468896865845;0.34713080525398254
0.5998786687850952;0.34886878728866577
0.5998178720474243;0.3512656092643738
0.5978240966796875;0.3482745587825775
0.5941685438156128;0.3473278880119324
0.5963837504386902;0.3482297956943512
0.5998024940490723;0.34773707389831543
0.5981111526489258;0.34633898735046387
0.5961899161338806;0.34861621260643005
0.5941152572631836;0.3462679982185364
0.5987948179244995;0.3477098345756531
0.5985808372497559;0.3484852910041809
0.5986586809158325;0.35076791048049927
0.6010318994522095;0.34815073013305664
0.6005048751831055;0.34837329387664795
0.5938433408737183;0.3454890847206116
0.5924632549285889;0.3471314311027527
0.5970709323883057;0.349290132522583
0.5946692824363708;0.3466520309448242
0.5973812341690063;0.34765440225601196
0.5923812389373779;0.3471962511539459
0.6010744571685791;0.34977078437805176
0.5955173969268799;0.3473174571990967
0.5920661091804504;0.3465714454650879
0.5897701978683472;0.3447800874710083
0.5953799486160278;0.3479319214820862
0.5968886017799377;0.3507826328277588
0.6000375151634216;0.3473917841911316
0.5948270559310913;0.35015004873275757
0.5934938192367554;0.3477858603000641
0.594484806060791;0.3482087552547455
0.5944677591323853;0.3468315303325653
0.5983582139015198;0.35000500082969666
0.5917455554008484;0.34978029131889343
0.5950250029563904;0.3491060137748718
0.6026120781898499;0.34999656677246094
0.6008405089378357;0.34964436292648315
0.5910820960998535;0.344318687915802
0.5928525924682617;0.34626850485801697
0.5955867767333984;0.346373975276947
0.5962417125701904;0.3461911082267761
0.5975395441055298;0.34711724519729614
0.5994778871536255;0.34706535935401917
0.5905565619468689;0.34673207998275757
0.6003422737121582;0.3481340706348419
0.5987368822097778;0.3456059396266937
0.5935835838317871;0.34601449966430664
0.5995805263519287;0.3460986614227295
0.5969398617744446;0.34579646587371826
0.5906848907470703;0.3432314693927765
0.594643771648407;0.34475621581077576
0.5946559906005859;0.34418147802352905
0.5928195118904114;0.34733131527900696
0.596901535987854;0.34697845578193665
0.5956345796585083;0.34581732749938965
0.5990674495697021;0.3457082509994507
0.5970903635025024;0.3428924083709717
0.5885328650474548;0.3435352146625519
0.5964040160179138;0.34707745909690857
0.5947575569152832;0.34459537267684937
0.59361732006073;0.34461286664009094
0.5935523509979248;0.34834322333335876
0.5938742160797119;0.347300261259079
0.5952286720275879;0.3432048261165619
0.5964944362640381;0.34314969182014465
0.5977574586868286;0.3457699716091156
0.5948662161827087;0.34632211923599243
0.6011969447135925;0.3475211560726166
0.5918805599212646;0.3440065085887909
0.5964199304580688;0.3450104892253876
0.5982642769813538;0.3433210849761963
0.5957628488540649;0.3433683514595032
0.5884991884231567;0.3424893617630005
0.5907917618751526;0.34357237815856934
0.6025900840759277;0.3459399938583374
0.5964634418487549;0.34738561511039734
0.5989810228347778;0.3449316918849945
0.5896729230880737;0.34389328956604004
0.597830057144165;0.34669145941734314
0.5960940718650818;0.34254395961761475
0.5914983749389648;0.34352609515190125
0.6001482009887695;0.34625762701034546
0.599345326423645;0.3446912169456482
0.5973884463310242;0.34239283204078674
0.593099057674408;0.3411225974559784
0.5931483507156372;0.3440282940864563
0.5977529287338257;0.3439655900001526
0.594685971736908;0.34284859895706177
0.5950524806976318;0.34404656291007996
0.5907319188117981;0.3439619839191437
0.5940146446228027;0.34444230794906616
0.5997523665428162;0.34605199098587036
0.5976468920707703;0.3450351059436798
0.6012773513793945;0.34305739402770996
0.5931094288825989;0.3425179719924927
0.5925248861312866;0.344916433095932
0.5935584902763367;0.34268563985824585
0.5896334052085876;0.3448694944381714
0.5908293724060059;0.3445357084274292
0.5947607159614563;0.3451603651046753
0.5898874998092651;0.3435649275779724
0.595496654510498;0.346340537071228
0.5973186492919922;0.34442853927612305
0.5961779356002808;0.3442508578300476
0.5952106714248657;0.3440034091472626
0.5902383327484131;0.3435439467430115
0.5979808568954468;0.3439054787158966
0.5922738909721375;0.3427567481994629
0.5930939316749573;0.3437952399253845
0.5932535529136658;0.34281212091445923
0.5937511324882507;0.3441395163536072
0.5973827242851257;0.3458806276321411
0.5918499231338501;0.3420588970184326
0.594239354133606;0.3418348431587219
0.6014164686203003;0.3463323414325714
0.5905392169952393;0.34179553389549255
0.5920608043670654;0.34451916813850403
0.5962440967559814;0.344177782535553
0.5914256572723389;0.344367116689682
0.5908575057983398;0.3454568386077881
0.5935205221176147;0.34242144227027893
0.5961509943008423;0.344557523727417
0.5956489443778992;0.34608379006385803
0.5952179431915283;0.3419125974178314
0.5927435159683228;0.3443491756916046
0.5915595293045044;0.34333616495132446
0.5948009490966797;0.34252220392227173
0.5911077857017517;0.3418428301811218
0.5936225652694702;0.3461390733718872
0.5944556593894958;0.34255820512771606
0.5980517864227295;0.3438863158226013
0.5922507643699646;0.3440711498260498
0.5947319865226746;0.3453782796859741
0.5913418531417847;0.34255450963974
0.5982567071914673;0.3450597822666168
0.5883647203445435;0.3425336182117462
0.6003550887107849;0.34385451674461365
0.5905830264091492;0.3411613702774048
0.5902526378631592;0.3421381711959839
0.5918689966201782;0.34394335746765137
0.5944344401359558;0.3431217670440674
0.5892230868339539;0.3429628610610962
0.5958024859428406;0.3426845073699951
0.5938540697097778;0.34131765365600586
0.597327470779419;0.3420472741127014
0.5988947153091431;0.3455042839050293
0.5915917754173279;0.34347596764564514
0.6025731563568115;0.3430734872817993
0.593893826007843;0.3438068628311157
0.5912522077560425;0.3415335416793823
0.5928831100463867;0.33950942754745483
0.5899463295936584;0.3418627977371216
0.5896633267402649;0.34259656071662903
0.597325325012207;0.34204959869384766
0.5953937768936157;0.34122395515441895
0.5921609401702881;0.34156182408332825
0.589070737361908;0.3404782712459564
0.591695249080658;0.3427256643772125
0.5918084383010864;0.3431212902069092
0.594485342502594;0.3421190083026886
0.5875714421272278;0.3401370346546173
0.5951356887817383;0.3396376967430115
0.5896710753440857;0.34075936675071716
0.5968765020370483;0.34253376722335815
0.5945749878883362;0.3428959846496582
0.5900108814239502;0.3418893814086914
0.5944542288780212;0.3449989855289459
0.5975143313407898;0.3448870778083801
0.5929960012435913;0.3429226279258728
0.5956459045410156;0.3428362309932709
0.5925984382629395;0.34101513028144836
0.5965626239776611;0.33884197473526
0.5936861038208008;0.3429305851459503
0.5938602685928345;0.34235289692878723
0.5912339091300964;0.34353581070899963
0.5945237278938293;0.34109950065612793
0.5970629453659058;0.34423553943634033
0.5919467806816101;0.34153926372528076
0.5969330072402954;0.34147369861602783
0.5921652317047119;0.34205329418182373
0.588617205619812;0.34189528226852417
0.5964587926864624;0.3426160514354706
0.5925009846687317;0.3410908579826355
0.596315860748291;0.3420512080192566
0.5967920422554016;0.3435245454311371
0.5992580652236938;0.34354469180107117
0.5939503908157349;0.3414905369281769
0.5928206443786621;0.34007692337036133
0.5927028656005859;0.34368231892585754
0.5925384163856506;0.34023383259773254
0.5943312644958496;0.3424794375896454
0.5961270928382874;0.3453029990196228
0.5948190689086914;0.34441712498664856
0.5918930172920227;0.34207528829574585
0.6029542684555054;0.34716230630874634
0.6013624668121338;0.34303247928619385
0.5883740782737732;0.3404448926448822
0.592056930065155;0.3413962423801422
0.59181147813797;0.34568169713020325
0.5930761694908142;0.3418729901313782
0.593820333480835;0.342953085899353
0.599634051322937;0.34358111023902893
0.5919054746627808;0.34113043546676636
0.5979636907577515;0.34306883811950684
0.5941714644432068;0.3428533673286438
0.5980452299118042;0.3429325819015503
0.6023988723754883;0.3462430536746979
0.5950770378112793;0.3427601158618927
0.5970209836959839;0.341951459646225
0.5955790281295776;0.3407430946826935
0.594592809677124;0.34170445799827576
0.5879946351051331;0.3428305685520172
0.5980055332183838;0.3439130485057831
0.5932308435440063;0.34252122044563293
0.5910962820053101;0.3394431471824646
0.5929696559906006;0.3425394594669342
0.5949779152870178;0.3423377573490143
0.5937509536743164;0.3397144079208374
0.5904065370559692;0.3410062789916992
0.5917614698410034;0.3409515917301178
0.5934926867485046;0.3409247398376465
0.5892612934112549;0.34178832173347473
0.5928380489349365;0.34398648142814636
0.5951977372169495;0.34146809577941895
0.586829423904419;0.33913323283195496
0.5958248376846313;0.34353703260421753
0.5913947224617004;0.3402913510799408
0.5890978574752808;0.342332124710083
0.5923607349395752;0.3408817946910858
0.5912083387374878;0.33928337693214417
0.5927777290344238;0.34077292680740356
0.5904334187507629;0.3397766649723053
0.591399610042572;0.3401280641555786
0.593551754951477;0.34152448177337646
0.5951352119445801;0.34132206439971924
0.5928893089294434;0.33969515562057495
0.5983296632766724;0.34287595748901367
0.5938687324523926;0.34019482135772705
0.5931178331375122;0.34440281987190247
0.5979145169258118;0.3422035872936249
0.5891028642654419;0.33858656883239746
0.5927002429962158;0.34096086025238037
0.5912225246429443;0.3403279483318329
0.59282386302948;0.33806368708610535
0.590720534324646;0.3414508104324341
0.5898817181587219;0.33955761790275574
0.5946230292320251;0.33922648429870605
0.5945916175842285;0.34234434366226196
0.59287428855896;0.3417742848396301
0.5896790027618408;0.33990615606307983
0.5948055386543274;0.3403283357620239
0.5976036787033081;0.34135568141937256
0.5885536670684814;0.3396194875240326
0.5925502777099609;0.3397570252418518
0.6015661954879761;0.34311211109161377
0.5954872369766235;0.3431784212589264
0.59080970287323;0.34001919627189636
0.6020643711090088;0.34068557620048523
0.5937686562538147;0.3408765494823456
0.5942494869232178;0.34215664863586426
0.5956147909164429;0.3433777689933777
0.5950453281402588;0.341394305229187
0.5893693566322327;0.3388424813747406
0.5947909355163574;0.3416062891483307
0.5956995487213135;0.3401438295841217
0.5900176763534546;0.3411910831928253
0.5954756736755371;0.3421515226364136
0.5872192978858948;0.3383368253707886
0.5953998565673828;0.3412601351737976
0.5912750959396362;0.3400052785873413
0.595365047454834;0.3398819863796234
0.5963635444641113;0.3387874364852905
0.5938432216644287;0.3416700065135956
0.5944986939430237;0.33958661556243896
0.593611478805542;0.3407056927680969
0.5930185317993164;0.3403014838695526
0.5926865339279175;0.33942973613739014
0.5907043218612671;0.34046241641044617
0.5910568237304688;0.3403540253639221
0.5910336375236511;0.3393123745918274
0.5897014141082764;0.3400876522064209
0.5956805944442749;0.34188005328178406
0.5941404700279236;0.3404276371002197
0.5893953442573547;0.3400089740753174
0.5919983386993408;0.3398118317127228
0.5955115556716919;0.34097176790237427
0.5942752361297607;0.3386593163013458
0.5911669731140137;0.3386184275150299
0.5922282934188843;0.34005826711654663
0.5885218977928162;0.33675336837768555
0.5919454097747803;0.3420543968677521
0.5929396152496338;0.3402111828327179
0.5922443866729736;0.33894503116607666
0.59523606300354;0.34102094173431396
0.5921263694763184;0.3369753658771515
0.5906164646148682;0.3418055772781372
0.5921695232391357;0.33916139602661133
0.5938354134559631;0.33901286125183105
0.5939875841140747;0.34167730808258057
0.5877286791801453;0.3377501964569092
0.591001570224762;0.34062322974205017
0.5986009240150452;0.3416352868080139
0.5932636857032776;0.3401615023612976
0.5917301177978516;0.33783912658691406
0.5950245261192322;0.3398737907409668
0.5937229990959167;0.3423275947570801
0.5915592312812805;0.34088215231895447
0.5893720388412476;0.33943745493888855
0.5965951085090637;0.3399716019630432
0.5984399914741516;0.344795286655426
0.5925803780555725;0.33810707926750183
0.5899582505226135;0.3396872580051422
0.5915392637252808;0.33908912539482117
0.5934329628944397;0.3390927314758301
0.5970013737678528;0.34101346135139465
0.5946959257125854;0.3397507667541504
0.5908703804016113;0.34054502844810486
0.5930342674255371;0.34201669692993164
0.5938946008682251;0.339962363243103
0.5912001132965088;0.3404155671596527
0.5892530083656311;0.339432030916214
0.5872541666030884;0.3378085494041443
0.5848246812820435;0.3389611542224884
0.5956913828849792;0.34184738993644714
0.5924959778785706;0.3412242829799652
0.5894261598587036;0.34224992990493774
0.5969516038894653;0.3412095308303833
0.5921947956085205;0.3380568325519562
0.5926368236541748;0.34058624505996704
0.5928384065628052;0.3379945755004883
0.5931993722915649;0.339539110660553
0.5925039649009705;0.3395230770111084
0.5918377637863159;0.33936357498168945
0.589815616607666;0.3390401601791382
0.5916882753372192;0.3392884433269501
0.5903647541999817;0.3410469591617584
0.5890103578567505;0.33847224712371826
0.589597761631012;0.33777904510498047
0.5892982482910156;0.34250107407569885
0.591428279876709;0.33943405747413635
0.5959591865539551;0.34073275327682495
0.5884900093078613;0.3390657901763916
0.5940626263618469;0.34072425961494446
0.5928570628166199;0.3397447168827057
0.592705249786377;0.3396526873111725
0.5964816212654114;0.3420933783054352
0.5902191400527954;0.338230162858963
0.592654287815094;0.33899855613708496
0.5947648286819458;0.3403259813785553
0.5950480699539185;0.3413257896900177
0.5908864736557007;0.34202784299850464
0.5932098031044006;0.34067294001579285
0.5891603231430054;0.3374328911304474
0.5902825593948364;0.3398681879043579
0.5935295224189758;0.34050121903419495
0.592195987701416;0.3390888273715973
0.5966641306877136;0.3430287539958954
0.5967674851417542;0.3397934138774872
0.5984508395195007;0.3394693434238434
0.590700626373291;0.3391057550907135
0.591415524482727;0.33713972568511963
0.6024806499481201;0.33957338333129883
0.5946717262268066;0.34012773633003235
0.5929619669914246;0.33768102526664734
0.5939112901687622;0.3386637270450592
0.591705858707428;0.3377683460712433
0.5904348492622375;0.3382835388183594
0.5897890329360962;0.33755558729171753
0.5913501381874084;0.34005099534988403
0.5930752754211426;0.34067490696907043
0.59459388256073;0.3382694721221924
0.5944228768348694;0.33788779377937317
0.5995761156082153;0.3412582278251648
0.5916396975517273;0.3407423794269562
0.5925835371017456;0.3389189541339874
0.588936448097229;0.33985400199890137
0.5904395580291748;0.33487558364868164
0.5949644446372986;0.340344101190567
0.5949287414550781;0.3387114405632019
0.5884596109390259;0.3377027213573456
0.5916894674301147;0.33752965927124023
0.5948507785797119;0.33969271183013916
0.5930854082107544;0.33701127767562866
0.590264081954956;0.3397342562675476
0.5966527462005615;0.3409665524959564
0.5897663235664368;0.33792030811309814
0.5951604247093201;0.3399457037448883
0.5924983024597168;0.3361312747001648
0.5908392667770386;0.3383306860923767
0.5925832390785217;0.3391292989253998
0.5849392414093018;0.33562856912612915
0.592302143573761;0.34082263708114624
0.5899161696434021;0.3360458314418793
0.5915350914001465;0.33915969729423523
0.5888755321502686;0.3384785056114197
0.5899091362953186;0.3407823443412781
0.5952131152153015;0.33728185296058655
0.5859273672103882;0.33748766779899597
0.5937210321426392;0.3397165834903717
0.5907480716705322;0.3378773629665375
0.5940784215927124;0.33776775002479553
0.5908857583999634;0.3377816677093506
0.5886816382408142;0.3379773795604706
0.5915586948394775;0.3385205566883087
0.5932472944259644;0.3385451138019562
0.5915652513504028;0.33727335929870605
0.5923240780830383;0.33627405762672424
0.5920933485031128;0.33769482374191284
0.5924434661865234;0.33814406394958496
0.5921076536178589;0.33457258343696594
0.5909463167190552;0.33669131994247437
0.5925496816635132;0.3391731083393097
0.5917195081710815;0.33791276812553406
0.5921553373336792;0.3386630415916443
0.5944201350212097;0.3374277353286743
0.5894710421562195;0.336722731590271
0.5953592658042908;0.3392777442932129
0.5844255685806274;0.3375890851020813
0.5887566804885864;0.33785876631736755
0.5907074213027954;0.33834558725357056
0.5880298018455505;0.33679917454719543
0.593740701675415;0.3363629877567291
0.5908005833625793;0.33780437707901
0.591584324836731;0.3376631438732147
0.5905873775482178;0.33814647793769836
0.5870173573493958;0.33913516998291016
0.5902035236358643;0.3362666964530945
0.587490439414978;0.3372005224227905
0.587494432926178;0.33553019165992737
0.590741753578186;0.3363094925880432
0.5875746607780457;0.3382056951522827
0.5934162735939026;0.33506596088409424
0.5884224772453308;0.33542996644973755
0.5937957167625427;0.33696138858795166
0.5897096395492554;0.3363117575645447
0.5892186164855957;0.335910826921463
0.5896375179290771;0.3365526497364044
0.5899497866630554;0.3388090431690216
0.5914441347122192;0.3376172184944153
0.5940771102905273;0.3381436765193939
0.5913715362548828;0.33458277583122253
0.5890029668807983;0.3349451422691345
0.5890946984291077;0.33383435010910034
0.5962494611740112;0.33643603324890137
0.5900806188583374;0.3360387682914734
0.5944843292236328;0.33900001645088196
0.5889206528663635;0.337836891412735
0.589695394039154;0.3358725607395172
0.5927980542182922;0.33725088834762573
0.5909991264343262;0.33763378858566284
0.5970098972320557;0.3357754051685333
0.5866038799285889;0.33456534147262573
0.588003396987915;0.33601027727127075
0.5859498977661133;0.3318799138069153
0.5933623909950256;0.3343256711959839
0.5913464426994324;0.33530542254447937
0.5916781425476074;0.337075412273407
0.5919536352157593;0.334916889667511
0.5907725095748901;0.33564361929893494
0.5932853817939758;0.3355126976966858
0.5901454091072083;0.3361232876777649
0.5903958082199097;0.334278404712677
0.5917198061943054;0.33619898557662964
0.5900722742080688;0.3358970582485199
0.592160701751709;0.3375386595726013
0.5979676842689514;0.33564069867134094
0.5899730324745178;0.33633434772491455
0.5916411280632019;0.3350736200809479
0.5907471179962158;0.3360362648963928
0.5913517475128174;0.33460718393325806
0.5899218320846558;0.3345682621002197
0.5858256220817566;0.33303168416023254
0.5928665399551392;0.3380811810493469
0.5852152109146118;0.33790647983551025
0.5874474048614502;0.3360149562358856
0.5892430543899536;0.3345167338848114
0.5982038974761963;0.3355456292629242
0.5920165181159973;0.33642658591270447
0.593582034111023;0.33548516035079956
0.5875251293182373;0.3335064649581909
0.5873108506202698;0.3340080976486206
0.5975908041000366;0.33582592010498047
0.5907914638519287;0.33516550064086914
0.5951625108718872;0.3362230062484741
0.5935666561126709;0.33505314588546753
0.5935125946998596;0.33686259388923645
0.5846424102783203;0.3366708755493164
0.5873594880104065;0.33598241209983826
0.5896779298782349;0.33661791682243347
0.5864685773849487;0.33357012271881104
0.5901231169700623;0.33681148290634155
0.5912418365478516;0.3342916965484619
0.5955929756164551;0.33624356985092163
0.5873430371284485;0.33583736419677734
0.5874804258346558;0.33688685297966003
0.5891004800796509;0.33400610089302063
0.585021436214447;0.33444178104400635
0.5879034399986267;0.33542951941490173
0.5886545181274414;0.33529502153396606
0.5871336460113525;0.3343052268028259
0.5858074426651001;0.33427372574806213
0.5901238918304443;0.3356611728668213
0.5874065160751343;0.3316614329814911
0.5870751738548279;0.335072785615921
0.5957463383674622;0.33698514103889465
0.5935741662979126;0.3373165726661682
0.5934851169586182;0.33862656354904175
0.5932971239089966;0.3340149521827698
0.5893121361732483;0.3327293395996094
0.5899165272712708;0.33375105261802673
0.5943214893341064;0.3341808319091797
0.5893677473068237;0.3342118263244629
0.5929715633392334;0.33374959230422974
0.586851954460144;0.33483627438545227
0.5870715975761414;0.333889365196228
0.5938781499862671;0.3339424133300781
0.5906662940979004;0.33230212330818176
0.5920282006263733;0.3366534113883972
0.5878602862358093;0.33136895298957825
0.5941650867462158;0.3370257318019867
0.591781735420227;0.3360772728919983
0.5928559303283691;0.3345828354358673
0.5881262421607971;0.3349439799785614
0.5923383235931396;0.33497288823127747
0.5866873264312744;0.33290430903434753
0.5848371982574463;0.33150041103363037
0.5908409953117371;0.3321036100387573
0.5860030651092529;0.3324085474014282
0.5878579020500183;0.33266183733940125
0.5868871212005615;0.33334121108055115
0.5881025195121765;0.3334773778915405
0.5922991633415222;0.3337208926677704
0.5938199162483215;0.332376629114151
0.5933854579925537;0.3321133553981781
0.5872636437416077;0.3325255811214447
0.5881245136260986;0.33254677057266235
0.5860138535499573;0.3328171372413635
0.5893239974975586;0.33267301321029663
0.5924980640411377;0.33411526679992676
0.5911077857017517;0.3317602574825287
0.5848257541656494;0.3313390910625458
0.5906873345375061;0.3327694535255432
0.5860018730163574;0.33311551809310913
0.5868555307388306;0.33192089200019836
0.5847464799880981;0.33361026644706726
0.5898733139038086;0.33367353677749634
0.5847589373588562;0.33171436190605164
0.5907109975814819;0.3335522413253784
0.5878570079803467;0.33303502202033997
0.5936461091041565;0.3323684632778168
0.5860475301742554;0.33156082034111023
0.5832870006561279;0.3317587375640869
0.5858484506607056;0.33204716444015503
0.5967860221862793;0.3364366590976715
0.5917600393295288;0.33464279770851135
0.5871971845626831;0.3324812054634094
0.5848128795623779;0.3312087953090668
0.5935278534889221;0.33391430974006653
0.5932472944259644;0.3334852457046509
0.590038537979126;0.3326415717601776
0.5897166728973389;0.33265694975852966
0.5856899619102478;0.33345985412597656
0.5897393226623535;0.3327343165874481
0.5886762142181396;0.33143213391304016
0.5878483057022095;0.3307088017463684
0.5893556475639343;0.3332335650920868
0.5926637649536133;0.3346302807331085
0.5899008512496948;0.3325097858905792
0.5828202366828918;0.3304005265235901
0.583113431930542;0.33119824528694153
0.5902906060218811;0.33139628171920776
0.5816921591758728;0.33128049969673157
0.5889089703559875;0.33159154653549194
0.5897334814071655;0.33339691162109375
0.5896719098091125;0.3330825865268707
0.5852542519569397;0.3323734402656555
0.5883808135986328;0.3331799805164337
0.5842254757881165;0.3323851227760315
0.5857374668121338;0.32988524436950684
0.5926312208175659;0.3345271348953247
0.5921387672424316;0.3340626358985901
