TV;KL
1.9999849796295166;14.617138862609863
1.7317509651184082;9.022843360900879
1.361621379852295;4.900378704071045
0.8949489593505859;1.4083302021026611
0.6547588109970093;0.509736180305481
0.5992178916931152;0.3823080360889435
0.5977893471717834;0.3683805465698242
0.5974215269088745;0.36362600326538086
0.5965105891227722;0.36332106590270996
0.5967084765434265;0.363527774810791
0.5964177250862122;0.36383798718452454
0.5974277853965759;0.3633267879486084
0.5986866354942322;0.36569660902023315
0.5993648171424866;0.36360111832618713
0.5977888107299805;0.36594611406326294
0.597322940826416;0.36378607153892517
0.5990311503410339;0.36373016238212585
0.5976252555847168;0.36404263973236084
0.5969298481941223;0.36366260051727295
0.5971930027008057;0.3653874397277832
0.5966392159461975;0.3628612160682678
0.5980629920959473;0.3662464916706085
0.5977935194969177;0.3654331564903259
0.5968880653381348;0.3642084002494812
0.5985913276672363;0.36477065086364746
0.5982906818389893;0.36425039172172546
0.5987630486488342;0.3645004332065582
0.5975249409675598;0.362765371799469
0.5962084531784058;0.3635193109512329
0.597165584564209;0.36536043882369995
0.5983754396438599;0.36537808179855347
0.5988683700561523;0.36890992522239685
0.5984824895858765;0.36492234468460083
0.5991387367248535;0.3644596338272095
0.5972222685813904;0.3649781346321106
0.5972720980644226;0.36517277359962463
0.5979409217834473;0.36611050367355347
0.5991014838218689;0.3658177852630615
0.5974621176719666;0.3622683584690094
0.5986523032188416;0.3651546537876129
0.5972239375114441;0.362852543592453
0.5976892113685608;0.36446040868759155
0.5986179113388062;0.36560067534446716
0.5971041321754456;0.36349809169769287
0.5966296195983887;0.3648029565811157
0.5994440913200378;0.36428165435791016
0.5997999310493469;0.366028368473053
0.5989633798599243;0.36453741788864136
0.5975121259689331;0.36539116501808167
0.5983564257621765;0.3631207346916199
0.5970737934112549;0.3648735284805298
0.598759114742279;0.36335062980651855
0.5968136191368103;0.3631947636604309
0.5976830720901489;0.3655150532722473
0.5981979966163635;0.3634415864944458
0.597042441368103;0.3621637523174286
0.599275529384613;0.36352550983428955
0.5962080955505371;0.36342543363571167
0.5973541736602783;0.36655721068382263
0.5988063216209412;0.36513078212738037
0.5980691909790039;0.3641892075538635
0.5993731021881104;0.364810973405838
0.5996080636978149;0.3657306432723999
0.599347710609436;0.3645899295806885
0.6002100706100464;0.36264556646347046
0.5993579030036926;0.36542725563049316
0.5964150428771973;0.3632313907146454
0.5969299674034119;0.36269405484199524
0.598652184009552;0.3652369976043701
0.5976371169090271;0.36280208826065063
0.5962045192718506;0.36206886172294617
0.5974317789077759;0.36449357867240906
0.5979559421539307;0.3639017343521118
0.5995343923568726;0.3636002838611603
0.5996495485305786;0.366495817899704
0.5980494022369385;0.36253178119659424
0.5992811322212219;0.36291927099227905
0.5963723659515381;0.36400023102760315
0.6002515554428101;0.36394038796424866
0.5963924527168274;0.36195388436317444
0.5958532094955444;0.36292070150375366
0.5972640514373779;0.36289703845977783
0.5969667434692383;0.36379024386405945
0.5965796709060669;0.3620004951953888
0.5961276888847351;0.36167892813682556
0.5969599485397339;0.36580514907836914
0.5988758206367493;0.36597740650177
0.598246693611145;0.3639903664588928
0.5974622964859009;0.36365145444869995
0.5976026058197021;0.3645183742046356
0.5956956744194031;0.36494889855384827
0.5972982048988342;0.3626948893070221
0.5985026955604553;0.36396801471710205
0.5966212749481201;0.3638771176338196
0.5964565277099609;0.36079126596450806
0.5978493094444275;0.3673864006996155
0.5980210304260254;0.3647037148475647
0.5996641516685486;0.3655511140823364
0.5981788039207458;0.36467820405960083
0.5979838371276855;0.36331695318222046
0.5996996164321899;0.36198514699935913
0.5977113842964172;0.36438438296318054
0.5964006781578064;0.36155086755752563
0.5975578427314758;0.364510715007782
0.5975791811943054;0.3629533648490906
0.596782922744751;0.3624347448348999
0.596602737903595;0.36545926332473755
0.597422182559967;0.36350345611572266
0.5963766574859619;0.36268720030784607
0.6002971529960632;0.36354947090148926
0.5973993539810181;0.36418384313583374
0.5988171696662903;0.3645917475223541
0.5981729030609131;0.36390650272369385
0.5985696911811829;0.3624146580696106
0.5961651802062988;0.36035823822021484
0.5962099432945251;0.36321309208869934
0.5977206826210022;0.363860160112381
0.597808301448822;0.36132216453552246
0.5985090136528015;0.3645639717578888
0.5989093780517578;0.36705493927001953
0.5969536304473877;0.36497652530670166
0.6012403964996338;0.36449694633483887
0.5960655212402344;0.36514294147491455
0.5995596647262573;0.36457252502441406
0.5961938500404358;0.3628324568271637
0.599143922328949;0.36248260736465454
0.5996668934822083;0.3654545545578003
0.5970611572265625;0.36752909421920776
0.5982195138931274;0.36300739645957947
0.5966748595237732;0.36364611983299255
0.5971718430519104;0.36387407779693604
0.5987150073051453;0.3659084737300873
0.5972499251365662;0.36214715242385864
0.5982162356376648;0.36408618092536926
0.5975302457809448;0.3643275499343872
0.5984470248222351;0.3646428883075714
0.5979874134063721;0.3627864420413971
0.5989055633544922;0.3626253008842468
0.597651481628418;0.36558467149734497
0.5965307950973511;0.36568453907966614
0.6000171303749084;0.3626369833946228
0.5972853899002075;0.3620232939720154
0.5961337685585022;0.3637844920158386
0.5980602502822876;0.36297234892845154
0.5984874963760376;0.36583468317985535
0.5973837971687317;0.3641376495361328
0.6000409126281738;0.3613324463367462
0.596191942691803;0.36323755979537964
0.5968350172042847;0.3637295961380005
0.599346935749054;0.36688363552093506
0.5963845252990723;0.36443930864334106
0.5958248376846313;0.36326661705970764
0.5973252058029175;0.3643670976161957
0.5991525650024414;0.3635138273239136
0.597428560256958;0.3629583716392517
0.5993552803993225;0.36650365591049194
0.5987553000450134;0.36426976323127747
0.5970748662948608;0.36523163318634033
0.5974149703979492;0.36225223541259766
0.5986218452453613;0.36376357078552246
0.5965576171875;0.3630654215812683
0.5985592007637024;0.3630666732788086
0.5974805355072021;0.3654544949531555
0.597135603427887;0.36426854133605957
0.5959661602973938;0.36243656277656555
0.597648561000824;0.3624153137207031
0.5975634455680847;0.3624480366706848
0.5988090634346008;0.3657490611076355
0.5966203808784485;0.3645786643028259
0.5991878509521484;0.3651120364665985
0.5967661142349243;0.36249667406082153
0.5989993810653687;0.3636569380760193
0.597300112247467;0.3640342354774475
0.5988403558731079;0.3648735582828522
0.5991246104240417;0.36353665590286255
0.5967273116111755;0.3639537990093231
0.5978362560272217;0.36269232630729675
0.5965286493301392;0.36443865299224854
0.6002622842788696;0.36663302779197693
0.5960584878921509;0.36363810300827026
0.5981226563453674;0.364471435546875
0.5993056297302246;0.3636765480041504
0.5989872217178345;0.3650992810726166
0.5991827845573425;0.36445343494415283
0.5985609889030457;0.36302393674850464
0.5977069139480591;0.36314767599105835
0.597059965133667;0.36441540718078613
0.5964031219482422;0.36231279373168945
0.5978091955184937;0.3630056381225586
0.5976607203483582;0.36305445432662964
0.5969432592391968;0.3656528890132904
0.5962616801261902;0.36466631293296814
0.5965468883514404;0.36298853158950806
0.5980614423751831;0.3673620820045471
0.5976734161376953;0.363690584897995
0.5983867049217224;0.3634391725063324
0.5982177257537842;0.3617885410785675
0.5978808403015137;0.3665327727794647
0.5969458818435669;0.3616013526916504
0.5979465246200562;0.364971399307251
0.5965607762336731;0.36190611124038696
0.5975332856178284;0.36276793479919434
0.5986876487731934;0.36475324630737305
0.5970510244369507;0.36326155066490173
0.5978958606719971;0.3637244701385498
0.5983815789222717;0.3636768162250519
0.596517026424408;0.36336809396743774
0.5973713397979736;0.36375078558921814
0.603110671043396;0.367664635181427
0.5976482033729553;0.36273592710494995
0.5960176587104797;0.36333373188972473
0.5972787737846375;0.3660893142223358
0.5975913405418396;0.36442217230796814
0.5979717969894409;0.36689913272857666
0.598084568977356;0.36526742577552795
0.5972495675086975;0.362245112657547
0.5978093147277832;0.36662134528160095
0.5965914726257324;0.36655914783477783
0.5989935994148254;0.36387667059898376
0.6016961336135864;0.3652116656303406
0.5981725454330444;0.3679700493812561
0.5972010493278503;0.3630099296569824
0.5969369411468506;0.36134734749794006
0.5979397296905518;0.3644872009754181
0.5972087383270264;0.362566202878952
0.598629355430603;0.3634224534034729
0.6007258892059326;0.36380162835121155
0.5970662832260132;0.3627122640609741
0.6001889705657959;0.3636871576309204
0.5982343554496765;0.36707252264022827
0.5974670648574829;0.3635752499103546
0.5982206463813782;0.36317166686058044
0.5964628458023071;0.3643724322319031
0.5963072776794434;0.36274272203445435
0.5977069735527039;0.3646637797355652
0.5965346693992615;0.36180877685546875
0.5964641571044922;0.3617555797100067
0.5973436236381531;0.3614300787448883
0.5968955755233765;0.3627394735813141
0.5967062711715698;0.36337900161743164
0.5978812575340271;0.36334437131881714
0.5974274277687073;0.36644142866134644
0.5963031053543091;0.3629406690597534
0.5975022912025452;0.3669756054878235
0.5973736047744751;0.36426299810409546
0.5957561731338501;0.36479753255844116
0.5973304510116577;0.3640473783016205
0.5987460613250732;0.365303099155426
0.5967649817466736;0.36310309171676636
0.5965327620506287;0.3654685616493225
0.599334716796875;0.3636879026889801
0.5971071124076843;0.36305660009384155
0.5969991683959961;0.3635740280151367
0.596954345703125;0.3625338077545166
0.5978140830993652;0.36505648493766785
0.5959551334381104;0.3641842007637024
0.5975061058998108;0.3642513155937195
0.5988902449607849;0.36187148094177246
0.599517285823822;0.3625568747520447
0.5960749387741089;0.36376091837882996
0.5970464944839478;0.366845965385437
0.5982015132904053;0.36452680826187134
0.5958737730979919;0.3635612726211548
0.5960195064544678;0.36162886023521423
0.5982848405838013;0.36539483070373535
0.5964707136154175;0.36144736409187317
0.5970038771629333;0.3630906939506531
0.5974884629249573;0.3632737398147583
0.5982117056846619;0.3636900782585144
0.595227062702179;0.3607901930809021
0.5985745191574097;0.36420923471450806
0.5956667065620422;0.36065763235092163
0.5968011617660522;0.36140695214271545
0.5955232977867126;0.3595033288002014
0.5961480140686035;0.3640328645706177
0.5964889526367188;0.3631938695907593
0.5958268642425537;0.3601641058921814
0.5974156856536865;0.36287951469421387
0.5973403453826904;0.3607494533061981
0.597596287727356;0.36087870597839355
0.5956830382347107;0.3603159785270691
0.5958428978919983;0.35977238416671753
0.5955098867416382;0.36037367582321167
0.598051905632019;0.36322200298309326
0.5957643389701843;0.3595704436302185
0.5955891013145447;0.36003607511520386
0.5946983098983765;0.3609095811843872
0.5966833233833313;0.3609143793582916
0.597629964351654;0.3603554964065552
0.596733570098877;0.3617883026599884
0.5961970686912537;0.3594863712787628
0.5970274209976196;0.3588685393333435
0.5964944958686829;0.3614182472229004
0.5961543321609497;0.3607882857322693
0.5945260524749756;0.3598960041999817
0.5944011211395264;0.3602811098098755
0.5968829989433289;0.3596774935722351
0.5955718159675598;0.3616146445274353
0.5944459438323975;0.3589947819709778
0.598774790763855;0.36457961797714233
0.5973255038261414;0.36224204301834106
0.59525465965271;0.35937562584877014
0.5972304344177246;0.3604656457901001
0.5952546000480652;0.35999125242233276
0.6006957292556763;0.36145028471946716
0.5948642492294312;0.35979771614074707
0.5977984070777893;0.36049050092697144
0.595780074596405;0.3585702180862427
0.5972151756286621;0.3588365316390991
0.5954926609992981;0.3629559278488159
0.5956658720970154;0.3616752326488495
0.5978446006774902;0.3609273135662079
0.5968538522720337;0.3581445515155792
0.5961922407150269;0.359844446182251
0.5952913165092468;0.361005574464798
0.5954264998435974;0.35972142219543457
0.5957205295562744;0.35993316769599915
0.5954782366752625;0.360515832901001
0.5960004925727844;0.36201924085617065
0.5948511958122253;0.3616391122341156
0.5954865217208862;0.36118388175964355
0.5964216589927673;0.3591132164001465
0.5961809158325195;0.3586633801460266
0.5950394868850708;0.3601037263870239
0.5974748134613037;0.35900500416755676
0.5962289571762085;0.35933220386505127
0.5945888161659241;0.3594234585762024
0.5979999303817749;0.36191102862358093
0.5940670967102051;0.3621121346950531
0.598439633846283;0.36121201515197754
0.5951262712478638;0.3586806654930115
0.5972592830657959;0.36199164390563965
0.5953704118728638;0.35903921723365784
0.5944617986679077;0.3583594560623169
0.5980383157730103;0.36001014709472656
0.5954265594482422;0.35849425196647644
0.5949625968933105;0.3565717339515686
0.5945225358009338;0.3590237498283386
0.5990654826164246;0.3609723448753357
0.5949955582618713;0.35912424325942993
0.5963606834411621;0.36120104789733887
0.595694899559021;0.3583042323589325
0.5955344438552856;0.36015263199806213
0.5965325832366943;0.359784871339798
0.595024824142456;0.3585870862007141
0.596555233001709;0.3604881167411804
0.5953192114830017;0.3594835102558136
0.5971512198448181;0.36082923412323
0.5954828262329102;0.3617132902145386
0.5960992574691772;0.3599938154220581
0.5959787368774414;0.3616847097873688
0.5975683927536011;0.36229458451271057
0.5968078374862671;0.36241358518600464
0.5962622761726379;0.36001890897750854
0.596430778503418;0.36007896065711975
0.6013979911804199;0.3609864413738251
0.5942467451095581;0.3597748875617981
0.595718264579773;0.3567095398902893
0.5972108840942383;0.3601576089859009
0.5953393578529358;0.3586818277835846
0.5958120226860046;0.36087745428085327
0.59766685962677;0.36170005798339844
0.5980494618415833;0.3611937165260315
0.5968825221061707;0.36067837476730347
0.5950583219528198;0.3591330647468567
0.5956520438194275;0.36061298847198486
0.5954592227935791;0.3582073748111725
0.5957548022270203;0.36173880100250244
0.5942814350128174;0.35968267917633057
0.5974053740501404;0.3615245223045349
0.5953328609466553;0.3606894612312317
0.59502112865448;0.35880351066589355
0.5952097177505493;0.3589375913143158
0.5943540334701538;0.35708802938461304
0.5944076776504517;0.3564407527446747
0.593543529510498;0.3579480051994324
0.5976848602294922;0.35932281613349915
0.5948487520217896;0.35745465755462646
0.594260036945343;0.3561478853225708
0.595114529132843;0.35618293285369873
0.5945348143577576;0.35625582933425903
0.5955737829208374;0.3602948486804962
0.5970968008041382;0.35708028078079224
0.5934650897979736;0.356969952583313
0.5994119644165039;0.35830095410346985
0.5933318138122559;0.35613328218460083
0.596661388874054;0.3587738275527954
0.5973688364028931;0.35873013734817505
0.594247043132782;0.35684043169021606
0.5959259271621704;0.35849496722221375
0.5938772559165955;0.35838598012924194
0.5931234359741211;0.35687288641929626
0.5955727100372314;0.36013805866241455
0.597490668296814;0.3576338291168213
0.5943245887756348;0.35608452558517456
0.5957842469215393;0.35960882902145386
0.5945361852645874;0.35679829120635986
0.5970523357391357;0.36058393120765686
0.595140814781189;0.36053863167762756
0.5943937301635742;0.3574393689632416
0.5938249826431274;0.3569239675998688
0.5949289798736572;0.35859978199005127
0.5937554836273193;0.3603338599205017
0.5965286493301392;0.35864347219467163
0.5937349796295166;0.35631710290908813
0.5946029424667358;0.35546302795410156
0.5952568054199219;0.3579234480857849
0.5949909687042236;0.3553231656551361
0.5946037173271179;0.359039843082428
0.5958166718482971;0.35741889476776123
0.59486985206604;0.35806673765182495
0.5946785807609558;0.3586995601654053
0.594117283821106;0.35956865549087524
0.5927979946136475;0.3556252419948578
0.5934937596321106;0.3566935658454895
0.5968095064163208;0.3600654900074005
0.5936294794082642;0.3574087917804718
0.5965756177902222;0.35758763551712036
0.5967803597450256;0.3576546907424927
0.5944170951843262;0.3584946393966675
0.5944761037826538;0.35690203309059143
0.5932042598724365;0.3546660244464874
0.5941200256347656;0.35570812225341797
0.5950039029121399;0.3560269773006439
0.5943488478660583;0.35653334856033325
0.5956169366836548;0.3586583137512207
0.5949877500534058;0.3576832413673401
0.5964065790176392;0.35888364911079407
0.5948932766914368;0.3592827618122101
0.5969421863555908;0.35724008083343506
0.594079852104187;0.3563586473464966
0.594232439994812;0.35830220580101013
0.5945717096328735;0.3561720550060272
0.5944260358810425;0.3564198911190033
0.5989558696746826;0.35853487253189087
0.5937554836273193;0.3564882278442383
0.5927907824516296;0.3578565716743469
0.5932974219322205;0.3580785393714905
0.5946843028068542;0.3564418852329254
0.5954150557518005;0.3571704030036926
0.5942589044570923;0.35793283581733704
0.594798743724823;0.3577844202518463
0.5930331349372864;0.35632073879241943
0.5939335227012634;0.35721975564956665
0.5945560932159424;0.3546266257762909
0.5941191911697388;0.3563949465751648
0.5962099432945251;0.3570106625556946
0.5935524106025696;0.35529083013534546
0.5954290628433228;0.35952264070510864
0.5957810878753662;0.35794714093208313
0.5946207046508789;0.3563346862792969
0.593860387802124;0.35770925879478455
0.5938424468040466;0.35391002893447876
0.5932725667953491;0.35623082518577576
0.5942372679710388;0.35824131965637207
0.5937873721122742;0.35583680868148804
0.5941428542137146;0.358591228723526
0.595979630947113;0.35799336433410645
0.5974394083023071;0.3571541905403137
0.595969557762146;0.3607381582260132
0.5946094989776611;0.3568475544452667
0.5931111574172974;0.3559541702270508
0.5948473811149597;0.35904234647750854
0.5931626558303833;0.35559168457984924
0.595152735710144;0.3555970788002014
0.5940754413604736;0.35781267285346985
0.595527172088623;0.3547248840332031
0.5948068499565125;0.35897254943847656
0.594437301158905;0.35595160722732544
0.5940096378326416;0.35813701152801514
0.5932483673095703;0.359826922416687
0.5948101282119751;0.35791507363319397
0.5934139490127563;0.35727357864379883
0.5957961082458496;0.3581390976905823
0.593169093132019;0.3545142412185669
0.5928410887718201;0.3568829894065857
0.5946342349052429;0.35989779233932495
0.5947851538658142;0.35962554812431335
0.5954439043998718;0.3591528534889221
0.5951299667358398;0.3594302237033844
0.5937371850013733;0.35888099670410156
0.5956928730010986;0.356906533241272
0.5929742455482483;0.35573989152908325
0.5951489210128784;0.3547171950340271
0.5928750038146973;0.3568742871284485
0.5948272347450256;0.35988175868988037
0.5937325358390808;0.3573061525821686
0.594068706035614;0.35584118962287903
0.5936888456344604;0.3610963225364685
0.5928371548652649;0.35396161675453186
0.5943318605422974;0.3544344902038574
0.5942491888999939;0.3587045669555664
0.5947970151901245;0.3555488586425781
0.5937486290931702;0.3561193346977234
0.594016432762146;0.35609161853790283
0.5928134918212891;0.3550471067428589
0.5957282781600952;0.35706889629364014
0.595041811466217;0.356078565120697
0.5941309332847595;0.35643434524536133
0.5957831144332886;0.3567791283130646
0.5961582064628601;0.3589109778404236
0.592814028263092;0.35638147592544556
0.5950530171394348;0.3559938073158264
0.5960311889648438;0.3562639653682709
0.5961004495620728;0.3579453229904175
0.5951966047286987;0.35736310482025146
0.5938949584960938;0.3564265966415405
0.5955249071121216;0.3571348190307617
0.5957242846488953;0.3565307855606079
0.5941280722618103;0.35720717906951904
0.5940917730331421;0.3581658601760864
0.5939667820930481;0.35787487030029297
0.5932635068893433;0.3581634759902954
0.5942502021789551;0.3576500415802002
0.5934216976165771;0.35904431343078613
0.5942016243934631;0.3568671941757202
0.5952921509742737;0.3565835654735565
0.5934401750564575;0.355344295501709
0.595943808555603;0.3586462140083313
0.5938878655433655;0.35584473609924316
0.5941991806030273;0.35625845193862915
0.5930123925209045;0.3589804470539093
0.5938626527786255;0.35695916414260864
0.5971505641937256;0.35625582933425903
0.5930361747741699;0.35524994134902954
0.5930570363998413;0.35508212447166443
0.5949478149414062;0.35872673988342285
0.5954805612564087;0.3580186367034912
0.5925801396369934;0.356670081615448
0.5938773155212402;0.35617315769195557
0.5932782292366028;0.3562520742416382
0.5949501395225525;0.3543124794960022
0.5957401990890503;0.35628247261047363
0.5934599041938782;0.3571101427078247
0.5924717783927917;0.3579609990119934
0.5929314494132996;0.3556506633758545
0.5944357514381409;0.35838091373443604
0.5936505794525146;0.3556663393974304
0.5943723917007446;0.3583577275276184
0.5935716032981873;0.35808292031288147
0.59385746717453;0.35743236541748047
0.5959603786468506;0.3578309118747711
0.5937724113464355;0.35808277130126953
0.5951868295669556;0.35652291774749756
0.5957657098770142;0.36067384481430054
0.5953980088233948;0.35780930519104004
0.5967081785202026;0.3595860004425049
0.5960479378700256;0.35665392875671387
0.5934591293334961;0.3580596148967743
0.5935280323028564;0.3549976646900177
0.5965376496315002;0.3568737506866455
0.5939683318138123;0.35506606101989746
0.599044680595398;0.35976442694664
0.5954572558403015;0.35884079337120056
0.5943095684051514;0.35579800605773926
0.594264566898346;0.3565264940261841
0.5951268076896667;0.35719209909439087
0.5941016674041748;0.3579326272010803
0.5942192077636719;0.3554607629776001
0.5928491353988647;0.3573479950428009
0.5956497192382812;0.3580878973007202
0.5963607430458069;0.3543911874294281
0.5931858420372009;0.35671430826187134
0.5935050845146179;0.35720759630203247
0.5931256413459778;0.3553977608680725
0.5954951047897339;0.35966017842292786
0.5946263670921326;0.3544836938381195
0.5950597524642944;0.3587631583213806
0.5935609936714172;0.3558356761932373
0.5958991050720215;0.3562113344669342
0.5979534387588501;0.35643690824508667
0.5943265557289124;0.35661575198173523
0.5931200385093689;0.3570304811000824
0.5930103063583374;0.35625365376472473
0.5922836661338806;0.35595232248306274
0.5933030843734741;0.35574424266815186
0.5930304527282715;0.35870569944381714
0.5941455364227295;0.3564318120479584
0.5975449085235596;0.35609376430511475
0.5940537452697754;0.356602281332016
0.5943536162376404;0.35722869634628296
0.5937732458114624;0.3552711606025696
0.594014585018158;0.3577306270599365
0.5928655862808228;0.3594782054424286
0.5928764939308167;0.35434114933013916
0.5934026837348938;0.3560712933540344
0.5935555696487427;0.3539324700832367
0.594683825969696;0.3574010133743286
0.5951353311538696;0.358934223651886
0.5946581959724426;0.35545778274536133
0.5936182737350464;0.3569875657558441
0.5932031869888306;0.3573862910270691
0.5932512879371643;0.3541778326034546
0.5931809544563293;0.3574479818344116
0.5938695073127747;0.3557795286178589
0.5932093858718872;0.3551120162010193
0.5931750535964966;0.35684734582901
0.59403395652771;0.3561551570892334
0.5936112999916077;0.3573754131793976
0.5934929847717285;0.3550569415092468
0.5925483107566833;0.353898823261261
0.5928388237953186;0.35474908351898193
0.5932313203811646;0.35302287340164185
0.5932434797286987;0.3531445264816284
0.591905951499939;0.3552459478378296
0.5917331576347351;0.35306912660598755
0.5954174995422363;0.3553214967250824
0.5937216281890869;0.3555446267127991
0.5935121178627014;0.35469257831573486
0.5931486487388611;0.35397985577583313
0.5929567217826843;0.3550094962120056
0.593332052230835;0.35448676347732544
0.5934122800827026;0.3555563688278198
0.5962126851081848;0.3580111861228943
0.5958923697471619;0.3565751612186432
0.5927807092666626;0.3549225330352783
0.5949764251708984;0.3558105528354645
0.5935647487640381;0.3538091778755188
0.5936964750289917;0.3546990752220154
0.592468798160553;0.3524155616760254
0.5954827666282654;0.356399804353714
0.5927926301956177;0.351811021566391
0.5944306254386902;0.35482802987098694
0.5950960516929626;0.354638934135437
0.5927913784980774;0.3537774682044983
0.5922407507896423;0.3578268587589264
0.5920491814613342;0.35384121537208557
0.5920625329017639;0.3538171648979187
0.5926157236099243;0.35634785890579224
0.5931578874588013;0.35370293259620667
0.5920660495758057;0.35385656356811523
0.5941398739814758;0.3549947142601013
0.5924218893051147;0.3532809019088745
0.5921811461448669;0.35322216153144836
0.5936715602874756;0.35418787598609924
0.5929474830627441;0.3534597158432007
0.5948302149772644;0.35327062010765076
0.595644474029541;0.35633790493011475
0.593501091003418;0.3532678186893463
0.5939276814460754;0.3529362082481384
0.5919299125671387;0.3534819781780243
0.59300297498703;0.3533843755722046
0.5909532904624939;0.3516255021095276
0.5932386517524719;0.35382574796676636
0.5919696688652039;0.3529782295227051
0.5935626029968262;0.35395315289497375
0.592322051525116;0.35353586077690125
0.5923314094543457;0.35454320907592773
0.5932135581970215;0.35160839557647705
0.5912894010543823;0.3533207178115845
0.5917648077011108;0.35203200578689575
0.5956913232803345;0.3565589487552643
0.5928306579589844;0.35216373205184937
0.5940014719963074;0.3536178469657898
0.5934225916862488;0.3534223139286041
0.5934273600578308;0.3534925580024719
0.5930376648902893;0.352542519569397
0.5916398763656616;0.35212740302085876
0.5924125909805298;0.35705041885375977
0.5915611982345581;0.35422927141189575
0.5926716327667236;0.35478469729423523
0.5923661589622498;0.3532324433326721
0.5920725464820862;0.35194098949432373
0.5916361808776855;0.352397620677948
0.5922527313232422;0.35366466641426086
0.5929708480834961;0.35290902853012085
0.5931079983711243;0.3510194420814514
0.5944558382034302;0.35367119312286377
0.5914781093597412;0.35384052991867065
0.5922550559043884;0.35305649042129517
0.5918717384338379;0.3526093065738678
0.5942021608352661;0.35144203901290894
0.5933699607849121;0.35231977701187134
0.5928882360458374;0.35340744256973267
0.5922857522964478;0.35222673416137695
0.5930567979812622;0.35211873054504395
0.5915343761444092;0.35328811407089233
0.5921259522438049;0.35622990131378174
0.5930548310279846;0.3540406823158264
0.59124755859375;0.35286086797714233
0.5942579507827759;0.355003297328949
0.5925216674804688;0.3535701036453247
0.5920116305351257;0.35364899039268494
0.5921472311019897;0.354623943567276
0.5925896167755127;0.35448193550109863
0.5929242372512817;0.353107750415802
0.5920495390892029;0.3553653359413147
0.5930917859077454;0.35249605774879456
0.5914742946624756;0.35145846009254456
0.5923547148704529;0.3521478772163391
0.5923504829406738;0.35423117876052856
0.5919187664985657;0.354034423828125
0.5916242003440857;0.35280975699424744
0.593060314655304;0.3525995910167694
0.5919685959815979;0.3518749475479126
0.5932002663612366;0.3540639877319336
0.5926625728607178;0.3516480028629303
0.5941866636276245;0.3535849452018738
0.5924183130264282;0.3529185652732849
0.5911036729812622;0.3529224097728729
0.5926636457443237;0.3512296676635742
0.5936790108680725;0.35249441862106323
0.5926037430763245;0.3507884442806244
0.5941171646118164;0.35231852531433105
0.5914929509162903;0.35012802481651306
0.5920261740684509;0.35220691561698914
0.5904589295387268;0.35336583852767944
0.5925517082214355;0.3534886837005615
0.5917588472366333;0.3531944155693054
0.5915418863296509;0.3530556559562683
0.5920826196670532;0.3529932200908661
0.5921736359596252;0.35174012184143066
0.5928192138671875;0.35482028126716614
0.5919071435928345;0.3522130250930786
0.5908714532852173;0.3503389060497284
0.5925354957580566;0.3508102297782898
0.5910665392875671;0.35120248794555664
0.5923358201980591;0.3527460992336273
0.5928661823272705;0.3526822626590729
0.5920059680938721;0.3522105813026428
0.5921823978424072;0.35316187143325806
0.594115138053894;0.3530539274215698
0.5913292169570923;0.3522597849369049
0.5922132730484009;0.3536282479763031
0.591738760471344;0.3544789254665375
0.590630292892456;0.3501059114933014
0.5921598076820374;0.3513307571411133
0.5914314985275269;0.35091719031333923
0.5929349064826965;0.35284486413002014
0.5907539129257202;0.34985291957855225
0.592634916305542;0.35330942273139954
0.5914037227630615;0.3524666130542755
0.5931594371795654;0.3509703278541565
0.5925635099411011;0.34876444935798645
0.590503990650177;0.351330429315567
0.5933010578155518;0.35259124636650085
0.5929750204086304;0.35258907079696655
0.5910946130752563;0.3516294062137604
0.5910321474075317;0.3525165319442749
0.5913135409355164;0.3521449863910675
0.5902809500694275;0.35028403997421265
0.5952727794647217;0.3520317077636719
0.5911185145378113;0.3503265082836151
0.593100368976593;0.3569599986076355
0.5913286805152893;0.3532252013683319
0.5907152891159058;0.3527141213417053
0.591107189655304;0.3495291769504547
0.5913708209991455;0.3506871163845062
0.5901353359222412;0.3524327278137207
0.5940776467323303;0.35126906633377075
0.5903266668319702;0.35248228907585144
0.5909376740455627;0.3522477149963379
0.595632791519165;0.3526862859725952
0.594312310218811;0.3532382845878601
0.5918149948120117;0.35102221369743347
0.5950766205787659;0.3533720076084137
0.5937869548797607;0.35118424892425537
0.5916963815689087;0.351349800825119
0.5941927433013916;0.35315558314323425
0.5918973088264465;0.3498779237270355
0.5924878120422363;0.3531073331832886
0.591846227645874;0.3499082624912262
0.5917245745658875;0.35501828789711
0.5926179885864258;0.3529309928417206
0.591688871383667;0.3512977659702301
0.591719388961792;0.35323408246040344
0.5914324522018433;0.35203707218170166
0.5943672060966492;0.35605907440185547
0.5908600091934204;0.351279616355896
0.5912585854530334;0.3524414598941803
0.5916646718978882;0.3503429889678955
0.5925120115280151;0.35311755537986755
0.5930908918380737;0.35154086351394653
0.5912624001502991;0.3513660430908203
0.5916886329650879;0.35195890069007874
0.5909212827682495;0.352791428565979
0.5906099677085876;0.34937822818756104
0.5909238457679749;0.3531472682952881
0.5921639204025269;0.35118013620376587
0.5935788154602051;0.3506990969181061
0.5905196666717529;0.3525235056877136
0.5909110307693481;0.3507603406906128
0.5919058322906494;0.3513508141040802
0.5897839665412903;0.349578320980072
0.5915664434432983;0.35343337059020996
0.5910728573799133;0.3519078493118286
0.5937299132347107;0.35250893235206604
0.5908282399177551;0.3519219160079956
0.5897975564002991;0.35271626710891724
0.5905597805976868;0.35191917419433594
0.593011736869812;0.3523421883583069
0.5901428461074829;0.3509145975112915
0.59065181016922;0.3491048812866211
0.5943758487701416;0.3528340458869934
0.5923519730567932;0.3515591025352478
0.5927159786224365;0.35088708996772766
0.5922874212265015;0.35078635811805725
0.5926645398139954;0.35104674100875854
0.5926523804664612;0.35475438833236694
0.5918499231338501;0.3525656461715698
0.5912950038909912;0.3512880206108093
0.5906994342803955;0.35284027457237244
0.5904623866081238;0.350184828042984
0.5921503901481628;0.3527861535549164
0.5906596183776855;0.35005733370780945
0.5919433832168579;0.3521243631839752
0.5917659997940063;0.3506338596343994
0.5909451842308044;0.35080382227897644
0.5922951698303223;0.3507221043109894
0.5929741263389587;0.35122084617614746
0.5911557674407959;0.35111361742019653
0.592289388179779;0.35042235255241394
0.5905729532241821;0.35013043880462646
0.5904881954193115;0.35107362270355225
0.5912519693374634;0.3507426977157593
0.5908096432685852;0.3495193123817444
0.591411828994751;0.35015541315078735
0.5923057794570923;0.3549165725708008
0.5930786728858948;0.352022647857666
0.594182550907135;0.3515810966491699
0.5942690968513489;0.35382550954818726
0.5933279991149902;0.3514387309551239
0.5897887945175171;0.35064026713371277
0.5910964608192444;0.35084953904151917
0.5930706858634949;0.3529394865036011
0.58985435962677;0.35091632604599
0.5908684134483337;0.34963786602020264
0.5925058126449585;0.35420045256614685
0.593479573726654;0.35275980830192566
0.5914846658706665;0.35255807638168335
0.5901329517364502;0.3503047227859497
0.5924062132835388;0.3519783914089203
0.5917569994926453;0.35183608531951904
0.5895781517028809;0.35158517956733704
0.5918671488761902;0.35211843252182007
0.5910683870315552;0.34877079725265503
0.5917747616767883;0.3507329225540161
0.5914173722267151;0.3500429391860962
0.592410147190094;0.352191299200058
0.590258777141571;0.349850058555603
0.5923925638198853;0.34952324628829956
0.5900685787200928;0.34996241331100464
0.5909004211425781;0.35005491971969604
0.5939574837684631;0.3492530882358551
0.5906940698623657;0.35167166590690613
0.5902525186538696;0.351660817861557
0.5905000567436218;0.35141798853874207
0.5918465256690979;0.35227978229522705
0.5902800559997559;0.35239550471305847
0.5911908149719238;0.3523348569869995
0.5897868871688843;0.3487711250782013
0.5909877419471741;0.351546049118042
0.5915332436561584;0.35699915885925293
0.5904839038848877;0.3511970639228821
0.5908825397491455;0.3502749800682068
0.5923713445663452;0.3527085781097412
0.5912594199180603;0.3528246283531189
0.5901373028755188;0.35279956459999084
0.5911687612533569;0.3509804606437683
0.5920844078063965;0.349126935005188
0.5911433696746826;0.35055670142173767
0.5921192169189453;0.3510235846042633
0.5924463272094727;0.3535759449005127
0.5923870801925659;0.35395896434783936
0.5917820930480957;0.35109031200408936
0.5906258225440979;0.35038432478904724
0.5924888849258423;0.35185253620147705
0.5942769646644592;0.3539486527442932
0.5928357839584351;0.3519839942455292
0.5914098024368286;0.3511067032814026
0.592309832572937;0.3525639474391937
0.5964312553405762;0.3505744934082031
0.5916309356689453;0.34956681728363037
0.5918183922767639;0.3489300608634949
0.5923886299133301;0.3533269464969635
0.5968886613845825;0.3524850010871887
0.5905457735061646;0.34950220584869385
0.5933459997177124;0.35429924726486206
0.5898810029029846;0.3490011692047119
0.5903846025466919;0.3550398349761963
0.591559648513794;0.34970322251319885
0.5914382338523865;0.35142382979393005
0.5911668539047241;0.35047537088394165
0.5917183756828308;0.35240641236305237
0.5951701998710632;0.35338228940963745
0.5911359786987305;0.35016658902168274
0.5929126739501953;0.3510168790817261
0.5919813513755798;0.35328346490859985
0.5932052135467529;0.3502194583415985
0.5916584134101868;0.3512580394744873
0.591546893119812;0.35193783044815063
0.5905916094779968;0.35248494148254395
0.5909005403518677;0.35296231508255005
0.591881275177002;0.35342487692832947
0.595944881439209;0.35460713505744934
0.5918217301368713;0.349869966506958
0.5943459272384644;0.3528655171394348
0.5928927063941956;0.3554214835166931
0.5907872915267944;0.3513287603855133
0.5932431817054749;0.35504624247550964
0.5918676853179932;0.3535718023777008
0.590750515460968;0.35196271538734436
0.5919241309165955;0.35136082768440247
0.593493640422821;0.3530954122543335
0.591608464717865;0.35190555453300476
0.5926513671875;0.3534052073955536
0.5939499735832214;0.3518825173377991
0.5931330323219299;0.3499183654785156
0.5936334133148193;0.3531584143638611
0.590543270111084;0.3504704236984253
0.5906736254692078;0.34945183992385864
0.5925551652908325;0.35081154108047485
0.5948124527931213;0.35453760623931885
0.5943301916122437;0.3509265184402466
0.5948171019554138;0.3515276610851288
0.5911054611206055;0.3528517484664917
0.5907641649246216;0.34995129704475403
0.5911883115768433;0.3523487448692322
0.5904991626739502;0.3505669832229614
0.5931146740913391;0.34999942779541016
0.5919775366783142;0.35007303953170776
0.5907353758811951;0.3506092429161072
0.5911647081375122;0.35048097372055054
0.5897321701049805;0.3488811254501343
0.5927902460098267;0.35041582584381104
0.5906267166137695;0.34764769673347473
0.5895608067512512;0.34949156641960144
0.5898185968399048;0.3499390482902527
0.5925745368003845;0.35098785161972046
0.5937397480010986;0.34891822934150696
0.5899406671524048;0.3506004512310028
0.5907226204872131;0.350320965051651
0.5906108021736145;0.3501933813095093
0.5896221995353699;0.34717273712158203
0.5913524627685547;0.3500489592552185
0.5908448696136475;0.3491688668727875
0.5930097699165344;0.35002484917640686
0.593437671661377;0.3504476249217987
0.5936751961708069;0.3518117666244507
0.5893848538398743;0.3480561375617981
0.59087073802948;0.3464713990688324
0.5898393392562866;0.34871333837509155
0.5908275246620178;0.3475138545036316
0.5923768281936646;0.3510318398475647
0.5936668515205383;0.3482796847820282
0.5925783514976501;0.349884033203125
0.5947953462600708;0.35071396827697754
0.5915313959121704;0.3493730425834656
0.5943413972854614;0.35185718536376953
0.5914621353149414;0.3496665358543396
0.5899494886398315;0.35072562098503113
0.5902099013328552;0.34779441356658936
0.5922452211380005;0.35338133573532104
0.5923829674720764;0.34954312443733215
0.5899617075920105;0.34873077273368835
0.5896522998809814;0.3524455428123474
0.5913082361221313;0.3481941819190979
0.5915873646736145;0.34966689348220825
0.5903443694114685;0.3515191674232483
0.5892324447631836;0.35054507851600647
0.5906944870948792;0.34966912865638733
0.5908151268959045;0.3503800928592682
0.5900841355323792;0.3502855598926544
0.5918664932250977;0.3490354120731354
0.5909484624862671;0.3496730625629425
0.5894107222557068;0.3496936857700348
0.5901421308517456;0.3497803807258606
0.5899418592453003;0.3496125042438507
0.5895330905914307;0.3483533263206482
0.5905047655105591;0.3476809561252594
0.5927668213844299;0.35041338205337524
0.5893328189849854;0.3505168557167053
0.58893221616745;0.3485623896121979
0.5909138321876526;0.3485160171985626
0.5893998742103577;0.34817004203796387
0.5911893844604492;0.3500467836856842
0.5915949940681458;0.350594699382782
0.5909199714660645;0.3509836792945862
0.5907192826271057;0.3491160273551941
0.5915315747261047;0.3495079278945923
0.5935556292533875;0.35083234310150146
0.5897132158279419;0.35198545455932617
0.5902704000473022;0.3504948318004608
0.5912284851074219;0.3505047559738159
0.590842604637146;0.35134559869766235
0.5922163128852844;0.350541353225708
0.589617133140564;0.34888094663619995
0.5908475518226624;0.34904801845550537
0.5891715288162231;0.34839928150177
0.5911151766777039;0.34909141063690186
0.5887453556060791;0.34673890471458435
0.5900354981422424;0.34859058260917664
0.590880811214447;0.35058459639549255
0.5929348468780518;0.3493368923664093
0.5907801985740662;0.3491007089614868
0.591480016708374;0.3476816415786743
0.5899617671966553;0.3492372930049896
0.5928608179092407;0.3482534885406494
0.5886845588684082;0.3468437194824219
0.589698076248169;0.3498300611972809
0.590925931930542;0.3490122854709625
0.5905347466468811;0.34889107942581177
0.5894556045532227;0.34830525517463684
0.5916541814804077;0.34995266795158386
0.5913861393928528;0.3486781120300293
0.5899336338043213;0.3514878749847412
0.5893406867980957;0.3475210964679718
0.5929079055786133;0.3519692122936249
0.5906027555465698;0.3510056734085083
0.5927450656890869;0.34748613834381104
0.5897688269615173;0.3461531102657318
0.5895648002624512;0.3488613963127136
0.5905832052230835;0.3454834520816803
0.5893504619598389;0.34721314907073975
0.5924980640411377;0.34885716438293457
0.5921041369438171;0.3454653024673462
0.5896929502487183;0.346163809299469
0.5893682837486267;0.3475213646888733
0.5919668078422546;0.34987950325012207
0.5889009237289429;0.3475949764251709
0.5903432369232178;0.3472468852996826
0.591942548751831;0.3478250503540039
0.5907011032104492;0.3474462032318115
0.591711699962616;0.34976130723953247
0.5927906632423401;0.34691423177719116
0.5905888676643372;0.35025927424430847
0.5887458324432373;0.3459540009498596
0.5885971784591675;0.3472647964954376
0.5910760760307312;0.3475206196308136
0.5890933275222778;0.34860318899154663
0.5905130505561829;0.35167211294174194
0.5906701683998108;0.3494994640350342
0.5907864570617676;0.35123759508132935
0.59006267786026;0.34867849946022034
0.59030681848526;0.34689974784851074
0.5912690162658691;0.3483746647834778
0.5911502242088318;0.3479940891265869
0.5906227231025696;0.348506897687912
0.5899621844291687;0.35004928708076477
0.5911838412284851;0.3504077196121216
0.5913815498352051;0.34695231914520264
0.5899763703346252;0.3483465015888214
0.5917317271232605;0.35061952471733093
0.5895648002624512;0.34589916467666626
0.5890563726425171;0.3471561074256897
0.5907118320465088;0.35130375623703003
0.5914281606674194;0.35112959146499634
0.590778648853302;0.3481072783470154
0.5906846523284912;0.34798356890678406
0.590762734413147;0.3471384346485138
0.5899705290794373;0.34909820556640625
0.5902737379074097;0.35035714507102966
0.5897233486175537;0.347021222114563
0.5908039808273315;0.34982526302337646
0.5898571610450745;0.3467499017715454
0.5887987017631531;0.3470055162906647
0.5902515649795532;0.34588608145713806
0.5905314087867737;0.34608355164527893
0.5889246463775635;0.3487091660499573
0.5904819965362549;0.34945690631866455
0.5906256437301636;0.346107542514801
0.5904712080955505;0.34735196828842163
0.5927404761314392;0.3497307002544403
0.5906791687011719;0.3484891355037689
0.5901305675506592;0.3480626940727234
0.5899451971054077;0.3488733768463135
0.5911856293678284;0.34802180528640747
0.5899677276611328;0.34808966517448425
0.5898889899253845;0.3509521186351776
0.5887735486030579;0.34737056493759155
0.58869469165802;0.34785664081573486
0.5913358926773071;0.3495088219642639
0.5911810994148254;0.3502287268638611
0.5902585387229919;0.3492693305015564
0.5884433388710022;0.3485945165157318
0.5906721353530884;0.3491244614124298
0.5901453495025635;0.3485405147075653
0.5902272462844849;0.3489863872528076
0.5915438532829285;0.34852296113967896
0.5898783206939697;0.3484373688697815
0.5890865325927734;0.34812039136886597
0.5896560549736023;0.34986239671707153
0.5915308594703674;0.3505844175815582
0.5893512964248657;0.34880343079566956
0.5892307162284851;0.3472060561180115
0.5890833139419556;0.3474019765853882
0.5910628437995911;0.3493094742298126
0.5914513468742371;0.3494422435760498
0.5890483260154724;0.34784260392189026
0.5903679132461548;0.346853107213974
0.5883728265762329;0.3476225733757019
0.5890957117080688;0.34832870960235596
0.5898698568344116;0.34999406337738037
0.5889182090759277;0.3452512323856354
0.5898740887641907;0.35155463218688965
0.5897877812385559;0.34723079204559326
0.5893043875694275;0.3495001196861267
0.5893732905387878;0.3487986624240875
0.5883316993713379;0.3467189073562622
0.5901049375534058;0.3475128412246704
0.5887815952301025;0.34658217430114746
0.5907884836196899;0.34757789969444275
0.5907345414161682;0.34823480248451233
0.5885416865348816;0.34889858961105347
0.588092565536499;0.3448043167591095
0.5910078287124634;0.34840157628059387
0.5889964699745178;0.34596019983291626
0.5902263522148132;0.3488684594631195
0.5897799730300903;0.3445163071155548
0.5899249315261841;0.3476611375808716
0.589827835559845;0.3478052020072937
0.5886862277984619;0.34686046838760376
0.5918046236038208;0.34937694668769836
0.5908049941062927;0.34736305475234985
0.5883824229240417;0.34928256273269653
0.5943235158920288;0.3495837152004242
0.5890147089958191;0.3463971018791199
0.5896742939949036;0.3517357110977173
0.5906007289886475;0.3467559814453125
0.5905891060829163;0.34671550989151
0.5895113945007324;0.3487100899219513
0.590341329574585;0.3470819294452667
0.58902907371521;0.34573280811309814
0.5934908986091614;0.34758394956588745
0.5895068645477295;0.3464924693107605
0.5885187387466431;0.34719687700271606
0.5896294713020325;0.3475876450538635
0.5900580883026123;0.3526763916015625
0.5888738036155701;0.34805598855018616
0.5909032821655273;0.34681448340415955
0.591961145401001;0.3472293019294739
0.5891150236129761;0.3477819561958313
0.5894201397895813;0.3519026041030884
0.5886865854263306;0.3493281900882721
0.588624119758606;0.3453657627105713
0.5897846817970276;0.34622228145599365
0.5894874930381775;0.34567511081695557
0.5892511606216431;0.3471221625804901
0.5887169241905212;0.34727683663368225
0.5890865325927734;0.34836167097091675
0.5888407230377197;0.3459327518939972
0.5887125730514526;0.3464866280555725
0.5872379541397095;0.34675464034080505
0.5889796018600464;0.3478696346282959
0.5890386700630188;0.3442597985267639
0.5889019966125488;0.3456425666809082
0.5886217355728149;0.3502904772758484
0.5894905924797058;0.3467473089694977
0.5889523029327393;0.3439779579639435
0.5913403034210205;0.34659865498542786
0.5901795625686646;0.34731531143188477
0.5891721248626709;0.34458205103874207
0.5924957394599915;0.34999504685401917
0.5880082249641418;0.3463086485862732
0.5886350274085999;0.34723228216171265
0.5889401435852051;0.34699296951293945
0.5882865190505981;0.343715101480484
0.58875972032547;0.34523919224739075
0.5909189581871033;0.3467951714992523
0.5909897089004517;0.3466055989265442
0.5880846977233887;0.347710520029068
0.5889808535575867;0.34449195861816406
0.5931006073951721;0.3475899398326874
0.5902009010314941;0.34732991456985474
0.5881894826889038;0.34591254591941833
0.5908712148666382;0.34748706221580505
0.5903982520103455;0.3477531969547272
0.5892903208732605;0.3451383113861084
0.5918022990226746;0.34571748971939087
0.58798748254776;0.3480220437049866
0.5884127616882324;0.34526365995407104
0.5902577638626099;0.3454222083091736
0.5914098024368286;0.3463766574859619
0.5880452990531921;0.348467081785202
0.588273823261261;0.34507817029953003
0.5878310799598694;0.3445339798927307
0.5942567586898804;0.3480583429336548
0.5895727276802063;0.34534117579460144
0.5883528590202332;0.3455948531627655
0.5955219268798828;0.3482598662376404
0.5901192426681519;0.3472997546195984
0.5884867310523987;0.3448609709739685
0.5893791317939758;0.3468320071697235
0.5943591594696045;0.34998583793640137
0.5904161334037781;0.34888720512390137
0.5888780355453491;0.34500545263290405
0.5892370939254761;0.3484587073326111
0.5912882685661316;0.3474777042865753
0.5901405811309814;0.34416547417640686
0.5909385681152344;0.34697583317756653
0.5893276333808899;0.3455359637737274
0.5888457894325256;0.34489578008651733
0.5892894268035889;0.3458290100097656
0.5885659456253052;0.344404011964798
0.5881009101867676;0.3458566963672638
0.59115070104599;0.34644439816474915
0.5897358059883118;0.34495508670806885
0.5881348848342896;0.344593346118927
0.5919287800788879;0.34794971346855164
0.5886173248291016;0.3468475341796875
0.589995265007019;0.3459005653858185
0.5872021317481995;0.3473581075668335
0.587812602519989;0.3461554944515228
0.5894089937210083;0.34723764657974243
0.5891282558441162;0.34605351090431213
0.588106632232666;0.34450021386146545
0.5887786149978638;0.34632056951522827
0.5899518728256226;0.34608596563339233
0.5882578492164612;0.3468291163444519
0.5904678702354431;0.34658175706863403
0.5883192420005798;0.3448033034801483
0.5879875421524048;0.34644973278045654
0.5888063907623291;0.3442687392234802
0.5894946455955505;0.34524279832839966
0.5891201496124268;0.34743377566337585
0.5906328558921814;0.34803661704063416
0.5883789658546448;0.3439076542854309
0.5899405479431152;0.34927898645401
0.5884562730789185;0.34246236085891724
0.5901852250099182;0.34909215569496155
0.5887570977210999;0.3460174798965454
0.5883689522743225;0.34748366475105286
0.589038074016571;0.3455536365509033
0.5894345641136169;0.3458987772464752
0.5883251428604126;0.348010778427124
0.5874356031417847;0.3457198739051819
0.5899468660354614;0.3469368517398834
0.5881170034408569;0.34664419293403625
0.5883698463439941;0.34522536396980286
0.5886793732643127;0.3439747393131256
0.587684690952301;0.3473905324935913
0.5907279849052429;0.3444834351539612
0.5882276892662048;0.347587525844574
0.5895692110061646;0.343692809343338
0.5896846055984497;0.34556064009666443
0.5885570049285889;0.34389007091522217
0.5883756875991821;0.3484981656074524
0.5873565673828125;0.34502795338630676
0.587790310382843;0.34557849168777466
0.5876999497413635;0.3427049517631531
0.5895299911499023;0.3447076678276062
0.5941942930221558;0.34673839807510376
0.5885461568832397;0.344882071018219
0.5888929963111877;0.3449365198612213
0.5878574252128601;0.34669792652130127
0.5897079110145569;0.34701007604599
0.5922988653182983;0.34733259677886963
0.5904741287231445;0.3472960591316223
0.5879440903663635;0.3447602391242981
0.590847909450531;0.3464849889278412
0.5901846885681152;0.348262220621109
0.5882059931755066;0.34676897525787354
0.5896170139312744;0.3470672369003296
0.5932813882827759;0.3468343913555145
0.5882142186164856;0.3465747833251953
0.5872753262519836;0.3461834192276001
0.5888686776161194;0.3461996614933014
0.5897757411003113;0.3483385443687439
0.5882077813148499;0.3462445139884949
0.5908417105674744;0.3449169993400574
0.5887764096260071;0.3444199860095978
0.5893406271934509;0.34627529978752136
0.5883123874664307;0.3444327712059021
0.5895746946334839;0.34543541073799133
0.5890316963195801;0.3473435938358307
0.5882565975189209;0.34710320830345154
0.589303195476532;0.34457874298095703
0.5899159908294678;0.3464508652687073
0.5898372530937195;0.3453051447868347
0.5892525911331177;0.3432447612285614
0.5878006219863892;0.34589070081710815
0.5898579359054565;0.3486352562904358
0.5911762714385986;0.3458845019340515
0.5888775587081909;0.34514737129211426
0.5880524516105652;0.34712648391723633
0.5919865369796753;0.3505975604057312
0.5916878581047058;0.3487386107444763
0.5918195843696594;0.34936195611953735
0.5902585387229919;0.3448728322982788
0.5882894992828369;0.34704136848449707
0.5867148041725159;0.3464372158050537
0.5900781154632568;0.34605032205581665
0.5886183977127075;0.34479281306266785
0.5909929275512695;0.34771472215652466
0.5888625979423523;0.34548622369766235
0.5896985530853271;0.346628874540329
0.5888746976852417;0.3468625843524933
0.5915440917015076;0.34338390827178955
0.5895132422447205;0.34284043312072754
0.5889526009559631;0.34513163566589355
0.5883219242095947;0.34184855222702026
0.5914296507835388;0.3440406918525696
0.5908844470977783;0.34652820229530334
0.588728666305542;0.34496086835861206
0.5871973037719727;0.34314805269241333
0.5877075791358948;0.34439462423324585
0.5859804749488831;0.34353014826774597
0.5899234414100647;0.343170702457428
0.5870658159255981;0.3452250361442566
0.5886325240135193;0.3435313403606415
0.5878620147705078;0.34746217727661133
0.5862694382667542;0.34250131249427795
0.5892347693443298;0.34546172618865967
0.5883188247680664;0.3450550436973572
0.5900177359580994;0.3447667956352234
0.5873576998710632;0.3441370725631714
0.5904098749160767;0.3441891372203827
0.5879033207893372;0.34277528524398804
0.5867627859115601;0.34110864996910095
0.5879991054534912;0.3434566855430603
0.5884146094322205;0.34725868701934814
0.5902015566825867;0.3431150019168854
0.5864700078964233;0.34495729207992554
0.5884993672370911;0.3431721031665802
0.5885252952575684;0.3456117808818817
0.5873934030532837;0.34257060289382935
0.5873296856880188;0.3475430905818939
0.5873552560806274;0.34548208117485046
0.5882881879806519;0.34410732984542847
0.5879802107810974;0.345883309841156
0.5877015590667725;0.343783974647522
0.5878252983093262;0.34358450770378113
0.5877211689949036;0.34450212121009827
0.588930606842041;0.3450479209423065
0.5871756076812744;0.34117400646209717
0.5889589190483093;0.3428136110305786
0.5869591236114502;0.34511443972587585
0.5903966426849365;0.3459642827510834
0.5872349739074707;0.3442079722881317
0.5882269740104675;0.3446691632270813
0.5904485583305359;0.3440364897251129
0.5875139236450195;0.34503406286239624
0.5896060466766357;0.3442641496658325
0.5874499082565308;0.3445030748844147
0.587580680847168;0.34621530771255493
0.5870025753974915;0.3427627682685852
0.5871691703796387;0.3433459997177124
0.5889732837677002;0.3418191969394684
0.5860437750816345;0.3424616754055023
0.5894685983657837;0.34825757145881653
0.5871047973632812;0.3426305055618286
0.5882422924041748;0.3457675278186798
0.5881183743476868;0.3453978896141052
0.5860089659690857;0.3428061604499817
0.5875963568687439;0.34438425302505493
0.589991569519043;0.3456040322780609
0.5865223407745361;0.3401380479335785
0.5868511199951172;0.34397953748703003
0.5871520042419434;0.34673410654067993
0.5882468223571777;0.3420766592025757
