TV;KL
1.9999850988388062;14.568926811218262
1.7371573448181152;10.019262313842773
1.6241250038146973;11.045448303222656
1.7058035135269165;9.865167617797852
1.7212579250335693;8.067134857177734
1.7062844038009644;6.486764430999756
1.6592739820480347;5.098326206207275
1.6100523471832275;4.071446895599365
1.559332013130188;3.3557522296905518
1.4944647550582886;2.771850824356079
1.4461737871170044;2.3815784454345703
1.3949766159057617;2.01838755607605
1.341056227684021;1.737121820449829
1.3231768608093262;1.583736538887024
1.273634672164917;1.4036891460418701
1.2478998899459839;1.2729864120483398
1.2165892124176025;1.1366008520126343
1.224776029586792;1.099298357963562
1.198592185974121;1.0191360712051392
1.1893903017044067;0.9687897562980652
1.1829237937927246;0.946390688419342
1.1837375164031982;0.9019646644592285
1.177229642868042;0.8793743848800659
1.1773301362991333;0.8587310910224915
1.1765968799591064;0.8544225692749023
1.1785907745361328;0.8377342224121094
1.1759463548660278;0.8269708752632141
1.1759629249572754;0.8178937435150146
1.1763875484466553;0.8080726265907288
1.1759977340698242;0.811213493347168
1.1756365299224854;0.8031625747680664
1.1757875680923462;0.7989842295646667
1.1764461994171143;0.7984740734100342
1.1762446165084839;0.7973601222038269
1.1755740642547607;0.7879595756530762
1.1769979000091553;0.7923505306243896
1.1759432554244995;0.7929014563560486
1.1761667728424072;0.7912881374359131
1.175795555114746;0.7886074781417847
1.1761282682418823;0.7906033992767334
1.1760451793670654;0.7900441884994507
1.1754289865493774;0.7898285984992981
1.1761056184768677;0.7891131043434143
1.1756422519683838;0.7904096841812134
1.1756634712219238;0.7864480018615723
1.175768494606018;0.7883691787719727
1.175916075706482;0.7867602109909058
1.1761138439178467;0.7904068827629089
1.1759836673736572;0.786231279373169
1.1762354373931885;0.7898901700973511
1.1762704849243164;0.7887634038925171
1.1754531860351562;0.7871460318565369
1.1760646104812622;0.7882903814315796
1.17596435546875;0.7898763418197632
1.175844430923462;0.787375807762146
1.1754835844039917;0.7865902781486511
1.1766990423202515;0.7910099029541016
1.1763510704040527;0.7866915464401245
1.1755785942077637;0.7895090579986572
1.1762120723724365;0.7874355316162109
1.1758813858032227;0.7875214219093323
1.1756590604782104;0.7862780094146729
1.176565170288086;0.7882096767425537
1.1761500835418701;0.7883252501487732
1.1769235134124756;0.7880399227142334
1.1758041381835938;0.7897672057151794
1.1762853860855103;0.7925188541412354
1.1759717464447021;0.7855850458145142
1.1760090589523315;0.7891421318054199
1.1755741834640503;0.7860655188560486
1.1757721900939941;0.7884592413902283
1.1756404638290405;0.7881209254264832
1.1763166189193726;0.7896555662155151
1.1763041019439697;0.790661633014679
1.176008701324463;0.7921257019042969
1.1761244535446167;0.7893973588943481
1.1760315895080566;0.7881494164466858
1.1761822700500488;0.7885547876358032
1.1762855052947998;0.7873204946517944
1.1760674715042114;0.7870435118675232
1.1762666702270508;0.7911337018013
1.1761422157287598;0.7899791598320007
1.1761151552200317;0.7899322509765625
1.175848126411438;0.7882464528083801
1.1758897304534912;0.7873619198799133
1.1760460138320923;0.7864282131195068
1.175916075706482;0.7890744209289551
1.1755980253219604;0.7873722910881042
1.176002025604248;0.7903547286987305
1.1762772798538208;0.7884722948074341
1.1767739057540894;0.7912437915802002
1.176168441772461;0.790303111076355
1.1758294105529785;0.7861446142196655
1.176903486251831;0.7896803617477417
1.1756649017333984;0.7873469591140747
1.1758410930633545;0.7887638807296753
1.1756634712219238;0.7900341153144836
1.1759140491485596;0.7875269055366516
1.1775705814361572;0.7891677021980286
1.1758272647857666;0.7884284853935242
1.1757895946502686;0.7879603505134583
1.1759332418441772;0.7885528802871704
1.1768039464950562;0.7873703241348267
1.176039695739746;0.7871273756027222
1.1764192581176758;0.7877157330513
1.1768827438354492;0.7900174260139465
1.1762319803237915;0.7898997068405151
1.1760168075561523;0.7883816957473755
1.1757625341415405;0.7865135669708252
1.176401972770691;0.788353443145752
1.1762062311172485;0.7900451421737671
1.1762727499008179;0.7899408340454102
1.1765161752700806;0.788432240486145
1.1767710447311401;0.7878162264823914
1.1762170791625977;0.7871041297912598
1.1761119365692139;0.7876752614974976
1.176067590713501;0.7855560183525085
1.1759594678878784;0.7848985195159912
1.1762454509735107;0.7874016761779785
1.176294207572937;0.7907986044883728
1.1764187812805176;0.7888362407684326
1.1766266822814941;0.7906361222267151
1.1762477159500122;0.790080189704895
1.1760238409042358;0.7866694331169128
1.1761474609375;0.7890396118164062
1.1758671998977661;0.7853226661682129
1.1761835813522339;0.7876120805740356
1.1760377883911133;0.7853497266769409
1.176578164100647;0.7890783548355103
1.176578164100647;0.7909905314445496
1.175894021987915;0.7908363342285156
1.1761689186096191;0.7862103581428528
1.176202416419983;0.7885236144065857
1.1760168075561523;0.7883833050727844
1.1760207414627075;0.7881863117218018
1.175919771194458;0.7865901589393616
1.175890326499939;0.788044273853302
1.1766016483306885;0.7905597686767578
1.176182746887207;0.7901073694229126
1.1757457256317139;0.7873103618621826
1.177114725112915;0.7878530621528625
1.1762561798095703;0.7898367643356323
1.1765649318695068;0.7913196682929993
1.17600417137146;0.7887150645256042
1.1764003038406372;0.7858172655105591
1.1767030954360962;0.7909237146377563
1.1760547161102295;0.7880893349647522
1.1759600639343262;0.7884165048599243
1.175966739654541;0.7882336974143982
1.1760972738265991;0.7883933782577515
1.1760246753692627;0.7891302704811096
1.1761410236358643;0.7908077239990234
1.1758452653884888;0.7881612777709961
1.1759564876556396;0.789061427116394
1.1763765811920166;0.7875524759292603
1.1763757467269897;0.7863054275512695
1.1759114265441895;0.7896936535835266
1.1769291162490845;0.7907865047454834
1.1761270761489868;0.788489580154419
1.1760849952697754;0.7878087759017944
1.176673173904419;0.7860168814659119
1.1763280630111694;0.7914981842041016
1.176193356513977;0.7890346646308899
1.1765978336334229;0.7894474267959595
1.1763145923614502;0.7890599966049194
1.1757910251617432;0.7873399257659912
1.1759356260299683;0.7902374267578125
1.1761149168014526;0.7862470149993896
1.1760637760162354;0.78757643699646
1.1766963005065918;0.7878230810165405
1.176276683807373;0.7910680174827576
1.1761417388916016;0.7907652854919434
1.1765285730361938;0.7911429405212402
1.1763337850570679;0.7892742156982422
1.1760966777801514;0.7916551828384399
1.1760764122009277;0.789323091506958
1.1764978170394897;0.7891331911087036
1.1763187646865845;0.7873135209083557
1.176088571548462;0.7905733585357666
1.176703691482544;0.789740264415741
1.175915002822876;0.7851865887641907
1.176070213317871;0.7893058061599731
1.1761462688446045;0.7887459397315979
1.1762351989746094;0.7887337803840637
1.1764776706695557;0.7934233546257019
1.1758896112442017;0.7866133451461792
1.1758662462234497;0.7903535962104797
1.177160620689392;0.7920407056808472
1.1765340566635132;0.7868887186050415
1.1764709949493408;0.7892009019851685
1.1760201454162598;0.7873554825782776
1.1761152744293213;0.7879297733306885
1.1758452653884888;0.7867650389671326
1.176522970199585;0.788375973701477
1.1769561767578125;0.7898998260498047
1.1770871877670288;0.7890197038650513
1.1758849620819092;0.7871971726417542
1.1766703128814697;0.7884814739227295
1.1757309436798096;0.7901045680046082
1.1765117645263672;0.7887969613075256
1.1759114265441895;0.7867641448974609
1.1764694452285767;0.7885704636573792
1.1760129928588867;0.7908618450164795
1.1772637367248535;0.7911847829818726
1.176129937171936;0.7894643545150757
1.1764867305755615;0.7902615666389465
1.1762824058532715;0.7894624471664429
1.1759227514266968;0.7874280214309692
1.1760040521621704;0.7871506214141846
1.1771076917648315;0.7907286882400513
1.1763423681259155;0.7924121618270874
1.1757668256759644;0.7871850728988647
1.1759451627731323;0.7900487184524536
1.1765449047088623;0.7880517244338989
1.176377534866333;0.7896999716758728
1.1762981414794922;0.7879276871681213
1.1767361164093018;0.7916836738586426
1.1762336492538452;0.7877576351165771
1.1772656440734863;0.7879301905632019
1.1769238710403442;0.7888325452804565
1.176916480064392;0.7893906235694885
1.176173448562622;0.7874101400375366
1.1762381792068481;0.7899008989334106
1.1761391162872314;0.7905790209770203
1.1763091087341309;0.7902208566665649
1.1765271425247192;0.78971266746521
1.1766626834869385;0.7901024222373962
1.1760770082473755;0.787727952003479
1.1768229007720947;0.7868756055831909
1.1757851839065552;0.7867622375488281
1.1767232418060303;0.7879242300987244
1.1761152744293213;0.7877725958824158
1.176346778869629;0.7887243628501892
1.1764380931854248;0.7882006764411926
1.1767849922180176;0.792216420173645
1.1762648820877075;0.7888986468315125
1.1766529083251953;0.7904940247535706
1.1766759157180786;0.7882312536239624
1.1769704818725586;0.7903781533241272
1.1766352653503418;0.791860044002533
1.176222324371338;0.7875365614891052
1.176859736442566;0.7901797294616699
1.1765536069869995;0.7906658053398132
1.1770637035369873;0.7907358407974243
1.1762126684188843;0.7864806652069092
1.1766314506530762;0.7900817394256592
1.177114725112915;0.7898226976394653
1.1769583225250244;0.7929019927978516
1.1763036251068115;0.7889266610145569
1.1764945983886719;0.787214994430542
1.1764461994171143;0.7901003956794739
1.1761564016342163;0.7876129746437073
1.1763973236083984;0.7880172729492188
1.1763715744018555;0.7892317771911621
1.1760497093200684;0.7898102402687073
1.176220178604126;0.7873042821884155
1.176436185836792;0.7889363765716553
1.176287293434143;0.7876927256584167
1.1760848760604858;0.7918193936347961
1.1763285398483276;0.7900397777557373
1.1766847372055054;0.7871323227882385
1.1760966777801514;0.7887786030769348
1.176759958267212;0.7911186218261719
1.1766667366027832;0.7903639674186707
1.176290512084961;0.793692946434021
1.1762290000915527;0.7886902689933777
1.176478624343872;0.7911219596862793
1.177065372467041;0.7884786128997803
1.1769791841506958;0.7904475927352905
1.176151990890503;0.789484977722168
1.1763044595718384;0.7897908091545105
1.176478624343872;0.7908474802970886
1.1765592098236084;0.7891499400138855
1.1764135360717773;0.7881027460098267
1.176448941230774;0.7896763682365417
1.1762053966522217;0.7897595167160034
1.1764456033706665;0.7885249853134155
1.1764426231384277;0.7887588739395142
1.176624059677124;0.7898510098457336
1.1760581731796265;0.7867403030395508
1.1762499809265137;0.789402961730957
1.1777780055999756;0.7883409261703491
1.1758837699890137;0.7873009443283081
1.176336646080017;0.7864311337471008
1.1761937141418457;0.7880003452301025
1.1761960983276367;0.7872869372367859
1.177048921585083;0.7866140007972717
1.1760618686676025;0.7887194156646729
1.1766774654388428;0.7880345582962036
1.176220178604126;0.7909963130950928
1.176196575164795;0.7884063720703125
1.1759135723114014;0.7876386046409607
1.1765615940093994;0.7902460098266602
1.176614761352539;0.7913612127304077
1.1769474744796753;0.7896643877029419
1.1766197681427002;0.7876104712486267
1.176616907119751;0.7917938232421875
1.1765655279159546;0.7905608415603638
1.1766424179077148;0.7872228622436523
1.1777188777923584;0.7920331358909607
1.1761834621429443;0.7868757247924805
1.175800085067749;0.7884224057197571
1.1760931015014648;0.7899948954582214
1.1771553754806519;0.7877039909362793
1.1760742664337158;0.7896085977554321
1.176137089729309;0.7901843190193176
1.1764822006225586;0.7878928184509277
1.1769113540649414;0.7893272042274475
1.1766703128814697;0.7905954122543335
1.176457405090332;0.7856966257095337
1.1765689849853516;0.7898067831993103
1.1759138107299805;0.7859470844268799
1.1764041185379028;0.7879465222358704
1.1761457920074463;0.7897151112556458
1.1764925718307495;0.7893822193145752
1.1762475967407227;0.7912778854370117
1.1762868165969849;0.792185366153717
1.1763092279434204;0.7910929918289185
1.1764862537384033;0.790131688117981
1.1766002178192139;0.7920138239860535
1.1759884357452393;0.7933639287948608
1.1761159896850586;0.7866520881652832
1.1765556335449219;0.7923380732536316
1.1762419939041138;0.7887890338897705
1.1764717102050781;0.7906196713447571
1.17644464969635;0.7864831686019897
1.1761620044708252;0.7869106531143188
1.1762652397155762;0.7887991666793823
1.1764121055603027;0.7889283895492554
1.1761707067489624;0.788051962852478
1.1758685111999512;0.7880371809005737
1.1764612197875977;0.7898547649383545
1.176530122756958;0.7856153249740601
1.1768343448638916;0.7889366149902344
1.1762659549713135;0.7883550524711609
1.1775548458099365;0.7927953004837036
1.1763103008270264;0.7889866232872009
1.1764211654663086;0.7858010530471802
1.1763126850128174;0.786237895488739
1.1763856410980225;0.7869532704353333
1.1768898963928223;0.7864879965782166
1.1766844987869263;0.7862855792045593
1.1765880584716797;0.7911113500595093
1.1764987707138062;0.7864686250686646
1.176828145980835;0.7874555587768555
1.1769459247589111;0.7913558483123779
1.1763372421264648;0.7905323505401611
1.1761105060577393;0.7876099348068237
1.177001953125;0.7906111478805542
1.1764791011810303;0.7871615290641785
1.1769814491271973;0.7898862361907959
1.176896333694458;0.7915332913398743
1.1764945983886719;0.7884737849235535
1.1760098934173584;0.7896080017089844
1.1766586303710938;0.7891591787338257
1.1768300533294678;0.7874070405960083
1.176262378692627;0.7883176803588867
1.1763859987258911;0.7858688235282898
1.1762257814407349;0.7887787222862244
1.1764379739761353;0.7889244556427002
1.1762566566467285;0.7866002917289734
1.1772663593292236;0.7897502183914185
1.176276683807373;0.7899719476699829
1.176417350769043;0.7879478335380554
1.1764378547668457;0.7884286642074585
1.176579475402832;0.7913610935211182
1.176737904548645;0.7906186580657959
1.1762218475341797;0.7861652970314026
1.1762157678604126;0.7900228500366211
1.1762044429779053;0.7895118594169617
1.1766822338104248;0.7885612845420837
1.176367998123169;0.7871153354644775
1.1762055158615112;0.7864788174629211
1.1764631271362305;0.792107880115509
1.1762992143630981;0.7852272391319275
1.1764296293258667;0.7925356030464172
1.1761780977249146;0.7860903739929199
1.176690697669983;0.7882383465766907
1.1764707565307617;0.7888053059577942
1.1760854721069336;0.7868345379829407
1.1763771772384644;0.7878198623657227
1.1765780448913574;0.7877006530761719
1.1768742799758911;0.7895449995994568
1.1773765087127686;0.7894366383552551
1.1768255233764648;0.788138210773468
1.1766613721847534;0.7880381345748901
1.176186203956604;0.7876720428466797
1.1761798858642578;0.7895984649658203
1.175868272781372;0.7871797680854797
1.1762659549713135;0.7879517078399658
1.1763967275619507;0.7877811789512634
1.1761605739593506;0.7855619788169861
1.1761624813079834;0.787131667137146
1.1769542694091797;0.7934142351150513
1.1766465902328491;0.7891988754272461
1.1764644384384155;0.7903582453727722
1.177252173423767;0.7912335991859436
1.1769766807556152;0.7879284620285034
1.1760265827178955;0.7893914580345154
1.1763008832931519;0.7883517146110535
1.1767158508300781;0.7898821234703064
1.1762573719024658;0.7895281314849854
1.1761119365692139;0.7865016460418701
1.1756856441497803;0.7866852879524231
1.1758445501327515;0.7898016571998596
1.1760101318359375;0.7890006899833679
1.176443099975586;0.787149965763092
1.176491141319275;0.7888510227203369
1.17606782913208;0.7886190414428711
1.1767668724060059;0.7921703457832336
1.1760551929473877;0.7896190285682678
1.17649245262146;0.7898551821708679
1.1761937141418457;0.7884795665740967
1.1765661239624023;0.7875412106513977
1.1763997077941895;0.7877445220947266
1.1764189004898071;0.7872047424316406
1.1758387088775635;0.7867575883865356
1.176250696182251;0.7883173227310181
1.1761425733566284;0.7877860069274902
1.1768733263015747;0.7886533737182617
1.176530122756958;0.7882698774337769
1.17636239528656;0.7908775806427002
1.176140546798706;0.7897448539733887
1.1765451431274414;0.7898603677749634
1.1765117645263672;0.7908194661140442
1.175739049911499;0.7861922979354858
1.176353931427002;0.7909433841705322
1.1767113208770752;0.7876734733581543
1.1775367259979248;0.7900927066802979
1.176974892616272;0.7909795045852661
1.1765735149383545;0.788421630859375
1.1766901016235352;0.7900887131690979
1.1761817932128906;0.7879737019538879
1.1762504577636719;0.7855737209320068
1.1760824918746948;0.7871584892272949
1.176436424255371;0.7880393862724304
1.1762906312942505;0.7869006395339966
1.1761374473571777;0.7869821190834045
1.1761682033538818;0.7874999046325684
1.1760098934173584;0.787760853767395
1.1763651371002197;0.7900798916816711
1.1760166883468628;0.7864595651626587
1.175858974456787;0.7872156500816345
1.1765286922454834;0.7868214249610901
1.1763763427734375;0.7887388467788696
1.176686406135559;0.789975106716156
1.176156759262085;0.7877178192138672
1.1763840913772583;0.7852872610092163
1.17640221118927;0.7899580597877502
1.1761630773544312;0.7882522344589233
1.176110863685608;0.789205014705658
1.1762888431549072;0.7896267175674438
1.1769685745239258;0.7900075912475586
1.1769683361053467;0.7855380773544312
1.1764299869537354;0.790651798248291
1.176703929901123;0.7879757285118103
1.1766009330749512;0.7914056777954102
1.17574143409729;0.786966860294342
1.1761841773986816;0.788063645362854
1.176100254058838;0.7895276546478271
1.1764225959777832;0.7873280644416809
1.1761610507965088;0.7871418595314026
1.1760225296020508;0.7868995666503906
1.176539659500122;0.7882508039474487
1.176377534866333;0.7891333103179932
1.1763074398040771;0.7877984046936035
1.1763132810592651;0.7890127301216125
1.1759053468704224;0.7870771884918213
1.176985740661621;0.7876898646354675
1.1759356260299683;0.78767329454422
1.1762354373931885;0.7888134717941284
1.176220178604126;0.789025068283081
1.1760129928588867;0.7870785593986511
1.1761839389801025;0.7862552404403687
1.1764339208602905;0.7922627925872803
1.176684856414795;0.7907660603523254
1.1765542030334473;0.789760947227478
1.176013708114624;0.7889845371246338
1.176675796508789;0.7869836091995239
1.176980972290039;0.7896931767463684
1.1762663125991821;0.7894430756568909
1.176059365272522;0.7874378561973572
1.1761245727539062;0.7877599596977234
1.1762350797653198;0.7873706817626953
1.1769026517868042;0.7906007766723633
1.176734447479248;0.7889282703399658
1.1764826774597168;0.7909530997276306
1.1763460636138916;0.7858085632324219
1.1770999431610107;0.7897999882698059
1.1782729625701904;0.7876447439193726
1.176855444908142;0.7874797582626343
1.1770695447921753;0.7905819416046143
1.1763665676116943;0.7900737524032593
1.1760166883468628;0.7883137464523315
1.1761362552642822;0.7900747656822205
1.1763546466827393;0.7874826788902283
1.1764564514160156;0.7879925966262817
1.175950527191162;0.787002444267273
1.1764895915985107;0.7895622253417969
1.1760467290878296;0.7870907187461853
1.1759740114212036;0.7873588800430298
1.1769485473632812;0.7882563471794128
1.1767057180404663;0.7900586128234863
1.1762418746948242;0.7851071357727051
1.1762386560440063;0.7895599007606506
1.176364541053772;0.7879248857498169
1.1765413284301758;0.7912750840187073
1.1764618158340454;0.7896510362625122
1.1760258674621582;0.7871823906898499
1.1764073371887207;0.7909852266311646
1.1764686107635498;0.7908488512039185
1.1763324737548828;0.790533185005188
1.1764023303985596;0.7904448509216309
1.1763125658035278;0.7898653745651245
1.1764155626296997;0.7904502749443054
1.176115870475769;0.7871396541595459
1.1760342121124268;0.7863955497741699
1.1769390106201172;0.7870879769325256
1.1770246028900146;0.78696209192276
1.176432728767395;0.7903392314910889
1.1759436130523682;0.791504979133606
1.1763379573822021;0.7881177663803101
1.1767446994781494;0.788101077079773
1.1767107248306274;0.7881423830986023
1.176160454750061;0.7856184244155884
1.1766672134399414;0.7880704402923584
1.1761317253112793;0.7883509993553162
1.1762607097625732;0.789354681968689
1.1762440204620361;0.7864368557929993
1.176375150680542;0.7881565093994141
1.1767604351043701;0.7904300093650818
1.1770286560058594;0.7883601188659668
1.1764880418777466;0.7890281677246094
1.1761069297790527;0.788037121295929
1.1763560771942139;0.7908715605735779
1.1763286590576172;0.7893247604370117
1.1762299537658691;0.7878328561782837
1.1764318943023682;0.7902220487594604
1.1769217252731323;0.78629469871521
1.1762804985046387;0.7871860265731812
1.1761603355407715;0.7859895825386047
1.1764140129089355;0.7859821915626526
1.17625093460083;0.7901580333709717
1.1766321659088135;0.7905323505401611
1.1764777898788452;0.7871760129928589
1.1765035390853882;0.7874412536621094
1.1760168075561523;0.7851688265800476
1.1766924858093262;0.7886666059494019
1.1764304637908936;0.7878009080886841
1.1763554811477661;0.7844966650009155
1.1763265132904053;0.7874207496643066
1.1762683391571045;0.791765570640564
1.1765003204345703;0.7870504856109619
1.175913691520691;0.7886673212051392
1.1765440702438354;0.7907788753509521
1.1766457557678223;0.7893589735031128
1.176224946975708;0.789725661277771
1.175940990447998;0.7883817553520203
1.1764310598373413;0.7881185412406921
1.176854133605957;0.7874076962471008
1.1765484809875488;0.7879916429519653
1.1766388416290283;0.7899549603462219
1.1764097213745117;0.7915143966674805
1.1766914129257202;0.7896122336387634
1.1776387691497803;0.7894783020019531
1.1766448020935059;0.7896403670310974
1.176404356956482;0.7879796624183655
1.1764990091323853;0.7861364483833313
1.1760252714157104;0.7887712717056274
1.1762739419937134;0.7857179045677185
1.1760438680648804;0.7870297431945801
1.1760152578353882;0.7909232378005981
1.1760550737380981;0.7900817394256592
1.1766974925994873;0.7876273989677429
1.1764330863952637;0.7892708778381348
1.1770315170288086;0.7890009880065918
1.1765028238296509;0.7869652509689331
1.176001787185669;0.7890850901603699
1.1767600774765015;0.7872719168663025
1.176017165184021;0.7884558439254761
1.1764178276062012;0.7888040542602539
1.1764167547225952;0.7863755226135254
1.1758859157562256;0.7867525815963745
1.1759434938430786;0.7872171401977539
1.1768300533294678;0.7916821837425232
1.176924467086792;0.7864934206008911
1.1761842966079712;0.7869930863380432
1.1763927936553955;0.7895675897598267
1.176424264907837;0.7894559502601624
1.1761083602905273;0.7909954786300659
1.1761488914489746;0.7847427129745483
1.176149845123291;0.7875257134437561
1.1763406991958618;0.7873865365982056
1.1767075061798096;0.7895476222038269
1.1763427257537842;0.7879830598831177
1.1765810251235962;0.7888278365135193
1.1762468814849854;0.788128137588501
1.176072597503662;0.7879875898361206
1.1762101650238037;0.7877674102783203
1.1762615442276;0.7883425951004028
1.1761903762817383;0.7854377627372742
1.1762146949768066;0.7873491048812866
1.176015853881836;0.7891072034835815
1.1762735843658447;0.7853927612304688
1.1765507459640503;0.7862450480461121
1.1766470670700073;0.7918718457221985
1.1762349605560303;0.7885684967041016
1.1768505573272705;0.7882458567619324
1.1763408184051514;0.7891775369644165
1.1767299175262451;0.7863521575927734
1.1759693622589111;0.7850366234779358
1.1759443283081055;0.7885340452194214
1.176493525505066;0.7867788076400757
1.1762748956680298;0.7868900895118713
1.1760793924331665;0.7894526720046997
1.1761037111282349;0.7855820655822754
1.1771214008331299;0.7895646691322327
1.1762986183166504;0.7892847657203674
1.1763131618499756;0.7884844541549683
1.1771833896636963;0.7933378219604492
1.1757338047027588;0.7902113199234009
1.1765265464782715;0.7881920337677002
1.1762956380844116;0.7875091433525085
1.1761544942855835;0.7859282493591309
1.1764240264892578;0.7863138914108276
1.1764702796936035;0.7938898205757141
1.1763184070587158;0.7895829677581787
1.1763293743133545;0.7879939079284668
1.1766842603683472;0.7878490686416626
1.176244854927063;0.7881311774253845
1.176438808441162;0.786344051361084
1.1765209436416626;0.7889750003814697
1.1767797470092773;0.7867090702056885
1.1764880418777466;0.7897871732711792
1.176661491394043;0.7876551747322083
1.1761243343353271;0.7857124209403992
1.1766953468322754;0.7873597741127014
1.1762280464172363;0.7865897417068481
1.1763451099395752;0.7855014801025391
1.1768651008605957;0.7876827716827393
1.1761696338653564;0.7890243530273438
1.176389217376709;0.7874361872673035
1.1761951446533203;0.7843361496925354
1.1762455701828003;0.7884252667427063
1.1772520542144775;0.7897832989692688
1.1765344142913818;0.7864670157432556
1.176145315170288;0.786529004573822
1.176939845085144;0.7876072525978088
1.1761952638626099;0.7845246195793152
1.1767394542694092;0.7898380756378174
1.176398754119873;0.7881897687911987
1.1763558387756348;0.7889731526374817
1.1767117977142334;0.7886993288993835
1.176745057106018;0.7868994474411011
1.1768630743026733;0.7887671589851379
1.1767940521240234;0.7902411818504333
1.1764858961105347;0.787589430809021
1.1762093305587769;0.7875010371208191
1.1769862174987793;0.7862650156021118
1.1774121522903442;0.7918133735656738
1.176727294921875;0.7901075482368469
1.1767513751983643;0.7880188822746277
1.1763943433761597;0.7866067886352539
1.1765050888061523;0.7877252697944641
1.1765697002410889;0.788078784942627
1.1762744188308716;0.7863865494728088
1.1763026714324951;0.7884786128997803
1.1762876510620117;0.7881134748458862
1.1763947010040283;0.7874187231063843
1.176373839378357;0.7915937900543213
1.1759333610534668;0.7876190543174744
1.176578164100647;0.7861371040344238
1.176773190498352;0.7892917394638062
1.1768677234649658;0.7896089553833008
1.1765244007110596;0.7893232107162476
1.1763675212860107;0.7845599055290222
1.1766856908798218;0.7882827520370483
1.1765856742858887;0.7912060618400574
1.1766393184661865;0.78685063123703
1.1762419939041138;0.7898213863372803
1.1768468618392944;0.7885457873344421
1.1763319969177246;0.7874990701675415
1.1766303777694702;0.787569522857666
1.1765650510787964;0.7877930402755737
1.1768574714660645;0.7916576266288757
1.1761157512664795;0.7866141200065613
1.1761819124221802;0.7856647968292236
1.1761834621429443;0.785258412361145
1.176497459411621;0.7865103483200073
1.1768838167190552;0.7890196442604065
1.1761362552642822;0.7864192724227905
1.1767582893371582;0.7888815402984619
1.1767463684082031;0.7901635766029358
1.1764721870422363;0.7889042496681213
1.1764135360717773;0.7890588045120239
1.1758781671524048;0.787421464920044
1.1767548322677612;0.7896127700805664
1.1759945154190063;0.7881723642349243
1.176243543624878;0.7870619893074036
1.1769309043884277;0.7907359004020691
1.176421046257019;0.7890075445175171
1.176398754119873;0.7894912958145142
1.1759417057037354;0.7887943387031555
1.1762698888778687;0.7901476621627808
1.176576852798462;0.7902094125747681
1.1763992309570312;0.7890899777412415
1.1767878532409668;0.7897262573242188
1.177298903465271;0.7887012958526611
1.1766191720962524;0.7871905565261841
1.1766477823257446;0.7874970436096191
1.176612377166748;0.7903354167938232
1.1761237382888794;0.7860887050628662
1.1767557859420776;0.7887681126594543
1.1771591901779175;0.7892524003982544
1.177215337753296;0.7904850244522095
1.1770511865615845;0.7929075360298157
1.1766810417175293;0.7877724170684814
1.1767545938491821;0.787416934967041
1.1760642528533936;0.7846871018409729
1.1771647930145264;0.7885955572128296
1.1763300895690918;0.7892019152641296
1.1762505769729614;0.7870681285858154
1.176295518875122;0.788593053817749
1.176926612854004;0.7878240942955017
1.1764616966247559;0.7875882387161255
1.1762059926986694;0.7892726063728333
1.1763405799865723;0.7875140309333801
1.1765495538711548;0.7862112522125244
1.1767617464065552;0.7894787788391113
1.1770155429840088;0.7866896986961365
1.17625093460083;0.7917529344558716
1.1761832237243652;0.7886471748352051
1.1770005226135254;0.7906854152679443
1.176313877105713;0.7865390777587891
1.1772699356079102;0.7887855768203735
1.1766982078552246;0.7888774275779724
1.1765167713165283;0.7890000343322754
1.176145076751709;0.7894014716148376
1.1766364574432373;0.7873426675796509
1.1765570640563965;0.7879081964492798
1.1760467290878296;0.787190854549408
1.1763997077941895;0.787472128868103
1.177086591720581;0.7890852093696594
1.1764812469482422;0.7884676456451416
1.1763432025909424;0.786574125289917
1.1764297485351562;0.787395179271698
1.176649570465088;0.7895598411560059
1.1763441562652588;0.7894664406776428
1.1769918203353882;0.7881707549095154
1.17702317237854;0.787777841091156
1.176544189453125;0.7886780500411987
1.1764464378356934;0.787531852722168
1.1772446632385254;0.7894253730773926
1.1770081520080566;0.7881861925125122
1.1767983436584473;0.7894769906997681
1.176990032196045;0.786636233329773
1.1767204999923706;0.7883992791175842
1.1760034561157227;0.7873057126998901
1.1761643886566162;0.7869307994842529
1.1766408681869507;0.7904142737388611
1.1765103340148926;0.7890989184379578
1.176018476486206;0.7868536114692688
1.176175594329834;0.7864786982536316
1.1770048141479492;0.7871007323265076
1.1760096549987793;0.7862436175346375
1.1769605875015259;0.7872821688652039
1.1760146617889404;0.7885701656341553
1.1769256591796875;0.7902602553367615
1.1760488748550415;0.7859090566635132
1.1765689849853516;0.787647545337677
1.176175594329834;0.786159098148346
1.176552653312683;0.7874494791030884
1.1762619018554688;0.7876108884811401
1.1762992143630981;0.7863588333129883
1.1771005392074585;0.7895426154136658
1.1764473915100098;0.7876660227775574
1.1765475273132324;0.7876920700073242
1.1768664121627808;0.7880774736404419
1.1762399673461914;0.7876972556114197
1.1768124103546143;0.7882655262947083
1.1768696308135986;0.7885557413101196
1.176061749458313;0.7862287163734436
1.176393747329712;0.7876655459403992
1.1762950420379639;0.7861148715019226
1.1764010190963745;0.7896647453308105
1.1761242151260376;0.7911808490753174
1.1763670444488525;0.7865912914276123
1.1769706010818481;0.7897228002548218
1.1762804985046387;0.7870755195617676
1.176455020904541;0.7875611186027527
1.1766839027404785;0.7904590368270874
1.176658034324646;0.7860723733901978
1.1760340929031372;0.7862571477890015
1.1764328479766846;0.7889648079872131
1.1769280433654785;0.7884812355041504
1.1759053468704224;0.7879930734634399
1.1769816875457764;0.7891337275505066
1.1767663955688477;0.7893546223640442
1.1765156984329224;0.7864956855773926
1.176222562789917;0.7852503657341003
1.1769347190856934;0.7907746434211731
1.177215814590454;0.7876709699630737
1.176353931427002;0.7867422699928284
1.1763434410095215;0.7908980846405029
1.1765563488006592;0.7874327898025513
1.1757910251617432;0.7848364114761353
1.1766135692596436;0.7872290015220642
1.17643141746521;0.7871190905570984
1.1768198013305664;0.7883313298225403
1.1762120723724365;0.7888205051422119
1.176484227180481;0.7882587313652039
1.1760700941085815;0.7883477210998535
1.1770999431610107;0.7902311086654663
1.1760127544403076;0.7876137495040894
1.1770484447479248;0.7920958995819092
1.176440715789795;0.7872874140739441
1.1765336990356445;0.7899048924446106
1.1760101318359375;0.7881346940994263
1.1766343116760254;0.7904731631278992
1.1769108772277832;0.7893425822257996
1.176790475845337;0.792036235332489
1.1760789155960083;0.7898073196411133
1.1769534349441528;0.789218544960022
1.1766678094863892;0.7861829400062561
1.1757655143737793;0.7873824238777161
1.1767624616622925;0.788729190826416
1.1760587692260742;0.7886010408401489
1.1771388053894043;0.7893617749214172
1.1762475967407227;0.7878212928771973
1.1765592098236084;0.788482666015625
1.1760356426239014;0.7938239574432373
1.178279161453247;0.7896664142608643
1.1766828298568726;0.7873356938362122
1.1765530109405518;0.7883989214897156
1.176327109336853;0.7885013222694397
1.176377773284912;0.7890334725379944
1.1761784553527832;0.7900326251983643
1.1765668392181396;0.7879540920257568
1.1761610507965088;0.7887941002845764
1.1774368286132812;0.7891782522201538
1.1762592792510986;0.7878574728965759
1.1763437986373901;0.7892812490463257
1.1761863231658936;0.7881728410720825
1.1767016649246216;0.7866854667663574
1.1771280765533447;0.7865611910820007
1.176588773727417;0.7902283668518066
1.176287055015564;0.7868519425392151
1.1762144565582275;0.7882695198059082
1.1767305135726929;0.7892000675201416
1.1766020059585571;0.7900590896606445
1.1764490604400635;0.7881960868835449
1.1760168075561523;0.7872414588928223
1.1763036251068115;0.7875072956085205
1.176849603652954;0.7861270904541016
1.1770836114883423;0.78983473777771
1.176743745803833;0.7905253171920776
1.1763191223144531;0.788016676902771
1.177428126335144;0.7879338264465332
1.1767127513885498;0.790929913520813
1.176865577697754;0.7880691885948181
1.1759775876998901;0.7892270088195801
1.1764183044433594;0.78775554895401
1.1769335269927979;0.7890609502792358
1.1760787963867188;0.7866144180297852
1.1768684387207031;0.7867283821105957
1.1768049001693726;0.7891963720321655
1.1762834787368774;0.7913525700569153
1.1771116256713867;0.7927225828170776
1.176191806793213;0.7888422608375549
1.1760203838348389;0.7868006229400635
1.1763768196105957;0.7859861850738525
1.1765162944793701;0.7887220978736877
1.1764309406280518;0.7857017517089844
1.1760941743850708;0.7873165607452393
1.1768547296524048;0.7902888655662537
1.176252007484436;0.7900619506835938
1.1766810417175293;0.7894132733345032
1.176682472229004;0.7889413237571716
1.1769204139709473;0.7887108325958252
1.1764321327209473;0.7904283404350281
1.176133632659912;0.7888580560684204
1.1763560771942139;0.7884986400604248
1.176250696182251;0.7858628034591675
1.1763743162155151;0.7877494692802429
1.1760698556900024;0.7888893485069275
1.177182674407959;0.7890189290046692
1.1765973567962646;0.7912154197692871
1.1763402223587036;0.7868492603302002
1.175980806350708;0.7867429256439209
1.1764459609985352;0.7881175875663757
1.176239252090454;0.7857084274291992
1.1766088008880615;0.7891800403594971
1.175580382347107;0.7893773913383484
1.1765964031219482;0.7878947257995605
1.1768174171447754;0.7926257252693176
1.1767323017120361;0.7876884937286377
1.1761842966079712;0.7864923477172852
1.1763319969177246;0.7921212911605835
1.1763007640838623;0.7875654101371765
1.1758453845977783;0.7859767079353333
1.1767230033874512;0.7879199981689453
1.1762957572937012;0.7884869575500488
1.1759252548217773;0.7919998168945312
1.1767163276672363;0.7881838083267212
1.1767969131469727;0.7911247611045837
1.1763874292373657;0.7878415584564209
1.1766688823699951;0.7885762453079224
1.1766998767852783;0.7871444821357727
1.1759649515151978;0.7865989208221436
1.1766096353530884;0.7896448373794556
1.1765660047531128;0.7890173196792603
1.1761016845703125;0.7892858982086182
1.1764428615570068;0.789090096950531
1.1758902072906494;0.7874002456665039
1.176999807357788;0.7908223867416382
1.176957607269287;0.7907520532608032
1.1768534183502197;0.792209267616272
1.1764049530029297;0.7880395650863647
1.1764830350875854;0.7904127836227417
1.1758240461349487;0.7864987254142761
1.176297664642334;0.7899415493011475
1.1759347915649414;0.7874988913536072
1.1759717464447021;0.7868291139602661
1.175978660583496;0.7896249294281006
1.1759504079818726;0.7852819561958313
1.1761142015457153;0.7877180576324463
1.1765594482421875;0.7882531881332397
1.1766562461853027;0.7902083992958069
1.1764237880706787;0.7886788249015808
1.176034688949585;0.7891890406608582
1.1761127710342407;0.7865210771560669
1.176472783088684;0.7874338626861572
1.1765910387039185;0.7891839742660522
1.177501916885376;0.7901832461357117
1.1760289669036865;0.7888883352279663
1.1768746376037598;0.7908163070678711
1.1765989065170288;0.7887137532234192
1.1763793230056763;0.7882274985313416
1.1767394542694092;0.787956178188324
1.176505446434021;0.7872681617736816
1.1763451099395752;0.7880715131759644
1.17708158493042;0.7887634038925171
1.176405668258667;0.7893818020820618
1.176344871520996;0.789505124092102
1.1768295764923096;0.7885736227035522
1.1765632629394531;0.7867603898048401
1.1758813858032227;0.7885259389877319
1.176552653312683;0.7876033782958984
1.1767103672027588;0.7867540121078491
1.1761696338653564;0.7906601428985596
1.1760327816009521;0.7888872623443604
1.1757842302322388;0.7887701392173767
1.176485300064087;0.7894258499145508
1.1762272119522095;0.7885581254959106
1.1759742498397827;0.7884161472320557
1.1764538288116455;0.7881895899772644
1.176316738128662;0.789657473564148
1.1771272420883179;0.79133141040802
1.1760234832763672;0.7860676050186157
1.1768091917037964;0.7894631028175354
1.1763465404510498;0.7865948677062988
1.1765007972717285;0.7916121482849121
1.176235556602478;0.7870014309883118
1.1765689849853516;0.7882875800132751
1.1767356395721436;0.7891131043434143
1.1767334938049316;0.7906879186630249
1.1767261028289795;0.791522741317749
1.1767271757125854;0.7882848381996155
1.176703691482544;0.7862098813056946
1.175913691520691;0.7867413759231567
1.1770660877227783;0.7909374237060547
1.177074909210205;0.7866957783699036
1.1765036582946777;0.7898720502853394
1.1761689186096191;0.7884567975997925
1.1774342060089111;0.791201114654541
1.1767747402191162;0.7906613349914551
1.176290512084961;0.7884594202041626
1.1760258674621582;0.789565920829773
1.1761106252670288;0.7881373763084412
1.1765841245651245;0.7902644872665405
1.1768696308135986;0.7898341417312622
1.1763293743133545;0.7852165699005127
1.1765186786651611;0.7873602509498596
1.1758294105529785;0.7853022813796997
1.1767350435256958;0.7889424562454224
1.176652431488037;0.7915161848068237
1.1764240264892578;0.7925087213516235
1.176264762878418;0.788439929485321
1.1764705181121826;0.7867304086685181
1.176407814025879;0.7883225679397583
1.1763758659362793;0.7878194451332092
1.1764003038406372;0.7889682650566101
1.176156759262085;0.7893575429916382
1.1760191917419434;0.7861875295639038
1.1760610342025757;0.785014271736145
1.176070213317871;0.7902660369873047
1.1760313510894775;0.7914570569992065
1.1761059761047363;0.7884525656700134
1.176199197769165;0.791075587272644
1.1767578125;0.7885968685150146
1.1771905422210693;0.788512110710144
1.1768162250518799;0.7895989418029785
1.1765975952148438;0.7888964414596558
1.1762659549713135;0.7866763472557068
1.1764425039291382;0.7871307730674744
1.1762737035751343;0.7854006290435791
1.176401138305664;0.7873463034629822
1.1759564876556396;0.7892686724662781
1.1763516664505005;0.7890815138816833
1.1762877702713013;0.7889184355735779
1.176297903060913;0.7865492105484009
1.1759493350982666;0.788352906703949
1.176651954650879;0.7904845476150513
1.1777758598327637;0.790982186794281
1.176447868347168;0.7887512445449829
1.176771879196167;0.788522481918335
1.1760706901550293;0.7883198857307434
1.176442265510559;0.7894611358642578
1.1762051582336426;0.7874500155448914
1.1760015487670898;0.7874009609222412
1.1758991479873657;0.7881074547767639
1.1761069297790527;0.7900983095169067
1.176426887512207;0.7913858294487
1.1763999462127686;0.7881981134414673
1.1762869358062744;0.7908240556716919
1.1761970520019531;0.7876436710357666
1.1767786741256714;0.7880935072898865
1.1761542558670044;0.787860631942749
1.1766753196716309;0.7893929481506348
1.1760532855987549;0.788255512714386
1.175881266593933;0.7873920202255249
1.1766631603240967;0.7881146669387817
1.175911545753479;0.7884483933448792
1.1764416694641113;0.7887604832649231
1.1778087615966797;0.7902528643608093
1.1764026880264282;0.7865480184555054
1.1774890422821045;0.7904120087623596
1.1761845350265503;0.7919211983680725
1.1767568588256836;0.789355456829071
1.176102876663208;0.7887253165245056
1.1766242980957031;0.7896216511726379
1.1772481203079224;0.7894958853721619
1.176469326019287;0.7864670157432556
1.1759650707244873;0.7899583578109741
1.1763038635253906;0.7891377210617065
1.1763790845870972;0.7860723733901978
1.1759264469146729;0.7879144549369812
1.1769611835479736;0.7884761095046997
1.1762930154800415;0.7881505489349365
1.1765880584716797;0.7879124879837036
1.1764192581176758;0.788566529750824
1.176145315170288;0.787634015083313
1.1775481700897217;0.7887332439422607
1.176103949546814;0.7887506484985352
1.1767646074295044;0.786634624004364
1.1762276887893677;0.7915413975715637
1.1765055656433105;0.7891329526901245
1.1760166883468628;0.788225531578064
1.1766166687011719;0.7889266610145569
1.1763728857040405;0.7858368754386902
1.1761069297790527;0.7904095649719238
1.1762429475784302;0.7887607216835022
1.1763474941253662;0.787495493888855
1.176072359085083;0.7869606018066406
1.1759716272354126;0.7838084697723389
1.1764503717422485;0.7879456281661987
1.1760787963867188;0.7875956892967224
1.1766191720962524;0.7878197431564331
1.1768211126327515;0.7865060567855835
1.1770169734954834;0.7873251438140869
1.1762912273406982;0.7865155935287476
1.1770451068878174;0.7898983955383301
1.1760114431381226;0.7857605218887329
1.1760966777801514;0.7899390459060669
1.176400065422058;0.7876741886138916
1.1761970520019531;0.7895901203155518
1.17648446559906;0.7883893251419067
1.1764590740203857;0.7914519906044006
1.176304817199707;0.7887297868728638
1.1757550239562988;0.7889002561569214
1.1765680313110352;0.7896450161933899
1.1773571968078613;0.7871719002723694
1.1761751174926758;0.7880909442901611
1.1771659851074219;0.7871477007865906
1.1764017343521118;0.7890189290046692
1.1769657135009766;0.788558304309845
1.1762022972106934;0.7875005602836609
1.1763595342636108;0.7874360680580139
1.176748275756836;0.7919468879699707
1.1763495206832886;0.7872141003608704
1.176684856414795;0.7865035533905029
1.1761484146118164;0.7915308475494385
1.1762028932571411;0.7892333269119263
1.176769495010376;0.7899264097213745
1.176867961883545;0.7910535335540771
1.177225947380066;0.7887668013572693
1.1768763065338135;0.7903282642364502
1.1769942045211792;0.7889613509178162
1.1763739585876465;0.7920601963996887
1.1762890815734863;0.7889307141304016
1.176872730255127;0.7858601212501526
1.1760340929031372;0.7866990566253662
1.1769962310791016;0.7920681238174438
1.176397442817688;0.7861641049385071
1.1771270036697388;0.7903860807418823
1.1765872240066528;0.7894704341888428
1.1762092113494873;0.7869939804077148
1.1760309934616089;0.7841142416000366
1.1762627363204956;0.7863625288009644
1.1759288311004639;0.7878490090370178
1.1769287586212158;0.7887316942214966
1.1768035888671875;0.7910386919975281
1.1761677265167236;0.786200761795044
1.1764005422592163;0.7883395552635193
1.1770431995391846;0.7877551317214966
1.1764891147613525;0.7888726592063904
1.1766119003295898;0.7911559343338013
1.1773231029510498;0.7886279821395874
1.176910638809204;0.7902482748031616
1.1766467094421387;0.785814642906189
1.1765657663345337;0.7872596979141235
1.175950050354004;0.7858074307441711
1.1765222549438477;0.7886375188827515
1.1762503385543823;0.7883645296096802
1.1762754917144775;0.7859252691268921
1.1763505935668945;0.786461591720581
1.177123785018921;0.789262056350708
1.1771681308746338;0.7901025414466858
1.1762959957122803;0.786140501499176
1.176983118057251;0.7901743054389954
1.1764912605285645;0.78816157579422
1.1766382455825806;0.7866387367248535
1.176129937171936;0.7859985828399658
1.1761401891708374;0.7863808274269104
1.1762502193450928;0.7885103225708008
1.1765587329864502;0.7890086770057678
1.1759600639343262;0.7877246141433716
1.176614761352539;0.7890903353691101
1.1768922805786133;0.7884414792060852
1.177199363708496;0.7877030968666077
1.176835298538208;0.7884657979011536
1.1762224435806274;0.7876983880996704
1.177009105682373;0.7891532778739929
1.1764006614685059;0.7894198894500732
1.1764129400253296;0.7871335744857788
1.1766648292541504;0.788668692111969
1.1765491962432861;0.7892819046974182
1.1766291856765747;0.7872744202613831
1.1763160228729248;0.7881304621696472
1.1762385368347168;0.7892526984214783
1.1765124797821045;0.7891620993614197
1.1766078472137451;0.7904102206230164
1.1760618686676025;0.7859688401222229
1.177057147026062;0.7922431826591492
1.1761153936386108;0.786470890045166
1.176302194595337;0.7876825332641602
1.176513671875;0.7851361036300659
1.176145315170288;0.7888398766517639
1.1763025522232056;0.7901065349578857
1.1759114265441895;0.7900220155715942
1.176586627960205;0.7888652086257935
1.1756033897399902;0.7841843366622925
1.1761000156402588;0.78835129737854
1.1767175197601318;0.7891708016395569
1.1769802570343018;0.7903711795806885
1.1766958236694336;0.7870484590530396
1.1764041185379028;0.7856067419052124
1.1761770248413086;0.7885468006134033
1.176267385482788;0.7888813018798828
1.176264762878418;0.7862012386322021
1.1770111322402954;0.786505937576294
1.1761155128479004;0.7859208583831787
1.176205039024353;0.786536693572998
1.1767783164978027;0.7871356010437012
1.1761713027954102;0.7871910333633423
1.1759517192840576;0.7864357233047485
1.1761986017227173;0.7880233526229858
1.1766715049743652;0.7905564308166504
1.1764540672302246;0.7877094745635986
1.177885890007019;0.7914221882820129
1.1764541864395142;0.7874130606651306
1.1761903762817383;0.7871199250221252
1.1768136024475098;0.7866110801696777
1.176142930984497;0.7846978902816772
1.1762906312942505;0.787467360496521
1.1769030094146729;0.7906088829040527
1.1760168075561523;0.7867286205291748
1.1763722896575928;0.7901779413223267
1.1765145063400269;0.7867665886878967
1.1775250434875488;0.7901568412780762
1.1768431663513184;0.789783775806427
1.177115559577942;0.7895395755767822
1.1761938333511353;0.7886930704116821
1.176311731338501;0.787405252456665
1.1766844987869263;0.7895804643630981
1.1762596368789673;0.7883566617965698
1.1761685609817505;0.7871158123016357
1.176491141319275;0.7901838421821594
1.1766703128814697;0.7881782054901123
1.1761605739593506;0.7880682945251465
1.176970362663269;0.7896320819854736
1.1766631603240967;0.7894469499588013
1.1759984493255615;0.7879798412322998
1.1761211156845093;0.7878404855728149
1.1765122413635254;0.787956714630127
1.1761661767959595;0.7861675024032593
1.1763172149658203;0.7879367470741272
1.1765316724777222;0.7863154411315918
1.176683783531189;0.7921257019042969
1.1764553785324097;0.7887554168701172
1.1768518686294556;0.7890018820762634
1.176608681678772;0.7882617712020874
1.1764599084854126;0.7863304615020752
1.1765331029891968;0.7889317870140076
1.1765187978744507;0.7857377529144287
1.176596999168396;0.7893432974815369
1.1759564876556396;0.7855724096298218
1.176335096359253;0.7872309684753418
1.1763440370559692;0.788801372051239
1.176253080368042;0.788020133972168
1.1775497198104858;0.7919806838035583
1.176652193069458;0.7903323769569397
1.1760035753250122;0.7894938588142395
1.1773910522460938;0.789069652557373
1.1771705150604248;0.7894557118415833
1.1762897968292236;0.7885900139808655
1.1766071319580078;0.7924137711524963
1.176387906074524;0.7911231517791748
1.1766161918640137;0.7893142104148865
1.1760168075561523;0.7862707376480103
1.1764644384384155;0.7882512807846069
1.175929069519043;0.7870113849639893
1.1759649515151978;0.7858845591545105
1.1771875619888306;0.7866332530975342
1.1762505769729614;0.7840176820755005
1.1769214868545532;0.7903374433517456
1.1763849258422852;0.7897341251373291
1.1763436794281006;0.7908066511154175
1.1758363246917725;0.7890095710754395
1.1764822006225586;0.7864047288894653
1.1765347719192505;0.7868789434432983
1.176181435585022;0.7873011827468872
1.1759467124938965;0.7881612777709961
1.1761482954025269;0.7871865630149841
1.1770944595336914;0.7895689606666565
1.1765210628509521;0.7877010703086853
1.1767117977142334;0.7899139523506165
1.1760259866714478;0.7880069017410278
1.176642894744873;0.7894360423088074
1.176151990890503;0.7858963012695312
1.1766146421432495;0.7885563969612122
1.1767897605895996;0.788090705871582
1.176539421081543;0.7885504961013794
1.1761934757232666;0.7882212400436401
1.176302433013916;0.7872813940048218
1.1764922142028809;0.7893991470336914
1.1767053604125977;0.7908179759979248
1.1761839389801025;0.7881788015365601
1.1765549182891846;0.7883354425430298
1.1772606372833252;0.7928565144538879
1.176100254058838;0.7901831865310669
1.1765375137329102;0.7908349633216858
1.1762166023254395;0.7888674736022949
1.1758188009262085;0.7878598570823669
1.176391363143921;0.7893517017364502
1.1764603853225708;0.7869009971618652
1.1767597198486328;0.7914414405822754
1.1766375303268433;0.7860845327377319
1.1760305166244507;0.7877107262611389
1.1764310598373413;0.789008378982544
1.1764177083969116;0.7882450222969055
1.1760581731796265;0.7892314195632935
1.1765055656433105;0.7899918556213379
1.1761605739593506;0.786108672618866
1.1763379573822021;0.7881039381027222
1.176541805267334;0.7869080901145935
1.176609992980957;0.7881889343261719
1.1776174306869507;0.7905069589614868
1.1765456199645996;0.7903375029563904
1.1769229173660278;0.7894848585128784
1.177162766456604;0.7900973558425903
1.176460862159729;0.7862043380737305
1.1765799522399902;0.787754237651825
1.1767706871032715;0.7923370599746704
1.1760097742080688;0.7888230681419373
1.1763392686843872;0.7906866669654846
1.1758753061294556;0.788955569267273
1.1767206192016602;0.7868853807449341
1.1764241456985474;0.7886574864387512
1.1764271259307861;0.7907934188842773
1.1766347885131836;0.7883749008178711
1.1761969327926636;0.7894468307495117
1.1761043071746826;0.7872045040130615
1.176114797592163;0.7892423868179321
1.1759357452392578;0.7871090173721313
1.1764594316482544;0.7872514724731445
1.1767011880874634;0.7874194383621216
1.176314353942871;0.7881683111190796
1.1764042377471924;0.7868210077285767
1.1766029596328735;0.7849274277687073
1.1768853664398193;0.7950021028518677
1.17720365524292;0.7901904582977295
1.1769031286239624;0.7913376688957214
1.1763970851898193;0.7887952327728271
1.1765786409378052;0.7879419326782227
1.1762316226959229;0.7855488061904907
1.1760703325271606;0.7887985706329346
1.1766940355300903;0.7907740473747253
1.1766153573989868;0.790751576423645
1.177008032798767;0.7896707057952881
1.1767935752868652;0.7918877601623535
1.176231861114502;0.7901988625526428
1.1759347915649414;0.7871947288513184
1.1760343313217163;0.7868273854255676
1.1764777898788452;0.7896400094032288
1.1764636039733887;0.7873160243034363
1.1768574714660645;0.7885791659355164
1.1762233972549438;0.7888295650482178
1.1764132976531982;0.7875755429267883
1.176446557044983;0.7892504334449768
1.1762487888336182;0.7890716195106506
1.1768853664398193;0.7920962572097778
1.176509141921997;0.7889211773872375
1.177531123161316;0.7876990437507629
1.1764492988586426;0.7856081128120422
1.175754189491272;0.7870839238166809
1.176318883895874;0.788368821144104
1.176626205444336;0.787426233291626
1.1766362190246582;0.7888250946998596
1.1760706901550293;0.7879067659378052
1.1762056350708008;0.7856660485267639
1.1760632991790771;0.7906894683837891
1.1767133474349976;0.7894732356071472
1.1763473749160767;0.7942612767219543
1.1768087148666382;0.7880688905715942
1.176732063293457;0.7899361848831177
1.17643141746521;0.789054274559021
1.1766672134399414;0.7889465689659119
1.1763856410980225;0.7876242995262146
1.1762208938598633;0.7871220111846924
1.1766945123672485;0.7884006500244141
1.176711916923523;0.7900792360305786
1.1763792037963867;0.7895925641059875
1.1759743690490723;0.7893465757369995
1.17631995677948;0.787385106086731
1.176235556602478;0.7890291213989258
1.1759318113327026;0.789194643497467
1.1766612529754639;0.7872993350028992
1.1760704517364502;0.7882084846496582
1.1768012046813965;0.7877311706542969
