TV;KL
1.999972939491272;13.930002212524414
1.4005162715911865;1.245055913925171
1.4005557298660278;1.2083784341812134
1.400632619857788;1.20681893825531
1.4005731344223022;1.2092534303665161
1.4004743099212646;1.2086275815963745
1.4007477760314941;1.2096850872039795
1.4007450342178345;1.20796537399292
1.400556206703186;1.2084519863128662
1.4005731344223022;1.2096562385559082
1.4007121324539185;1.20923912525177
1.40045964717865;1.2094932794570923
1.4004945755004883;1.2096903324127197
1.4005584716796875;1.2084249258041382
1.4008052349090576;1.2099958658218384
1.4010570049285889;1.210495114326477
1.4005553722381592;1.2083022594451904
1.4007141590118408;1.2093433141708374
1.4004476070404053;1.209094762802124
1.4008049964904785;1.2072309255599976
1.4005343914031982;1.209175705909729
1.4007160663604736;1.2084506750106812
1.4007763862609863;1.2075837850570679
1.4005945920944214;1.2077722549438477
1.4005942344665527;1.2076973915100098
1.4004595279693604;1.207840085029602
1.4005560874938965;1.2083699703216553
1.4007314443588257;1.2084208726882935
1.4007455110549927;1.209924340248108
1.400498867034912;1.2088923454284668
1.4005552530288696;1.2108820676803589
1.4005076885223389;1.2078468799591064
1.4006569385528564;1.2090332508087158
1.4008430242538452;1.2082972526550293
1.400543451309204;1.2086228132247925
1.4004887342453003;1.207624912261963
1.400654673576355;1.207855463027954
1.4005975723266602;1.2076226472854614
1.4006543159484863;1.209238886833191
1.4005558490753174;1.2099748849868774
1.4005558490753174;1.2082974910736084
1.401174545288086;1.2087994813919067
1.4005941152572632;1.2086001634597778
1.4004743099212646;1.2098702192306519
1.400903344154358;1.2089208364486694
1.4004594087600708;1.208756446838379
1.400458812713623;1.209180235862732
1.4007303714752197;1.2109726667404175
1.4007641077041626;1.2101874351501465
1.4005963802337646;1.209044098854065
1.400783658027649;1.2099103927612305
1.4006178379058838;1.2084248065948486
1.4006543159484863;1.2089117765426636
1.4005944728851318;1.208965539932251
1.4005191326141357;1.208656668663025
1.4010932445526123;1.2126491069793701
1.40073823928833;1.2097548246383667
1.400618314743042;1.209450602531433
1.4006540775299072;1.2101027965545654
1.4004952907562256;1.2080010175704956
1.4005581140518188;1.2073380947113037
1.4006541967391968;1.2079648971557617
1.4005223512649536;1.2105085849761963
1.4008126258850098;1.2084001302719116
1.4013735055923462;1.208755373954773
1.4006541967391968;1.2077995538711548
1.4006743431091309;1.2088546752929688
1.400956630706787;1.209761619567871
1.400482416152954;1.2078360319137573
1.4005818367004395;1.207400918006897
1.4010493755340576;1.208994746208191
1.4007141590118408;1.208872675895691
1.4004955291748047;1.2072547674179077
1.4010614156723022;1.2086952924728394
1.4005941152572632;1.2092299461364746
1.4006330966949463;1.2071082592010498
1.4004958868026733;1.2085258960723877
1.4008339643478394;1.2083017826080322
1.4007524251937866;1.2088176012039185
1.4005557298660278;1.2091257572174072
1.4004957675933838;1.2072213888168335
1.4006541967391968;1.211543083190918
1.4005945920944214;1.2065646648406982
1.4006539583206177;1.208112120628357
1.4004743099212646;1.2085657119750977
1.4008638858795166;1.2104264497756958
1.4007114171981812;1.2093851566314697
1.4005346298217773;1.2074154615402222
1.4006545543670654;1.2093887329101562
1.400633454322815;1.2079060077667236
1.4007768630981445;1.208020567893982
1.4010260105133057;1.207340121269226
1.40045964717865;1.207456350326538
1.4005556106567383;1.2077045440673828
1.400654673576355;1.2082860469818115
1.4007525444030762;1.209301471710205
1.4004955291748047;1.2097415924072266
1.4008827209472656;1.2082773447036743
1.400519609451294;1.2071213722229004
1.4006545543670654;1.209097981452942
1.4006541967391968;1.2091801166534424
1.4005943536758423;1.2068238258361816
1.40055513381958;1.2085785865783691
1.40093195438385;1.2089920043945312
1.4010263681411743;1.2091556787490845
1.4007022380828857;1.2082061767578125
1.4005368947982788;1.207493782043457
1.4006539583206177;1.2089375257492065
1.400597095489502;1.2081959247589111
1.400557518005371;1.2095627784729004
1.400654673576355;1.2070075273513794
1.4008365869522095;1.2090007066726685
1.4005439281463623;1.207898497581482
1.4005461931228638;1.2081313133239746
1.4008122682571411;1.2075985670089722
1.4005199670791626;1.208378553390503
1.4005848169326782;1.210868000984192
1.4009037017822266;1.2099186182022095
1.4007447957992554;1.2079761028289795
1.400496006011963;1.211111307144165
1.4006065130233765;1.210087776184082
1.4005944728851318;1.2076472043991089
1.4007136821746826;1.2083107233047485
1.4005553722381592;1.210538387298584
1.4004954099655151;1.2089099884033203
1.400543451309204;1.2085071802139282
1.4007576704025269;1.207346796989441
1.4005578756332397;1.2082581520080566
1.4009180068969727;1.2087129354476929
1.4004384279251099;1.2078453302383423
1.4004592895507812;1.2094651460647583
1.4005348682403564;1.2089868783950806
1.400519847869873;1.2092009782791138
1.400633454322815;1.2080292701721191
1.4005942344665527;1.2078795433044434
1.4004831314086914;1.207538366317749
1.4006543159484863;1.207872986793518
1.4010064601898193;1.2108113765716553
1.4012362957000732;1.209245204925537
1.4004383087158203;1.2087936401367188
1.4004955291748047;1.2084153890609741
1.400555968284607;1.2067757844924927
1.4008069038391113;1.2092483043670654
1.400653600692749;1.2080848217010498
1.40071439743042;1.208045244216919
1.4004958868026733;1.208976149559021
1.4007916450500488;1.2095301151275635
1.400723934173584;1.2074815034866333
1.4005486965179443;1.2078925371170044
1.4006867408752441;1.208592414855957
1.400700569152832;1.208149790763855
1.4007935523986816;1.2094992399215698
1.4006534814834595;1.2090542316436768
1.4011971950531006;1.2093689441680908
1.4014555215835571;1.2104989290237427
1.400858759880066;1.208691954612732
1.4005554914474487;1.2076678276062012
1.4005945920944214;1.207925796508789
1.4007139205932617;1.2098182439804077
1.4006539583206177;1.2076221704483032
1.400654673576355;1.2075806856155396
1.4005557298660278;1.2087596654891968
1.4008128643035889;1.2083914279937744
1.4010262489318848;1.2095894813537598
1.4004865884780884;1.208561658859253
1.4009989500045776;1.2082313299179077
1.4007140398025513;1.2091881036758423
1.4006924629211426;1.209182620048523
1.400519609451294;1.2082313299179077
1.4008123874664307;1.2087358236312866
1.4006544351577759;1.2094131708145142
1.4005552530288696;1.207983136177063
1.4008123874664307;1.2085152864456177
1.4006545543670654;1.2079626321792603
1.4005943536758423;1.20952308177948
1.4006540775299072;1.2082351446151733
1.4006186723709106;1.2073992490768433
1.4006544351577759;1.2101823091506958
1.4007139205932617;1.2101774215698242
1.4005577564239502;1.208215594291687
1.4009190797805786;1.2076219320297241
1.400774359703064;1.210729956626892
1.4006329774856567;1.2094000577926636
1.4005557298660278;1.2073378562927246
1.4004958868026733;1.2077306509017944
1.400755524635315;1.2088338136672974
1.4006545543670654;1.2088205814361572
1.4009010791778564;1.2115123271942139
1.400654673576355;1.2085950374603271
1.4011917114257812;1.2104544639587402
1.4008127450942993;1.210044264793396
1.4007765054702759;1.207351565361023
1.4007443189620972;1.207863211631775
1.4007140398025513;1.2090948820114136
1.4006538391113281;1.209015965461731
1.400654673576355;1.207939863204956
1.4005941152572632;1.2098324298858643
1.4006544351577759;1.2079795598983765
1.4008049964904785;1.207735538482666
1.400650143623352;1.208986759185791
1.4005941152572632;1.2082167863845825
1.4004595279693604;1.2099016904830933
1.400593876838684;1.2083076238632202
1.4004958868026733;1.2086169719696045
1.4005939960479736;1.2083735466003418
1.4005556106567383;1.2076137065887451
1.4007258415222168;1.209238052368164
1.4004955291748047;1.2080435752868652
1.4005969762802124;1.2078250646591187
1.4006538391113281;1.2072197198867798
1.4004740715026855;1.209228754043579
1.4006965160369873;1.2094587087631226
1.400939702987671;1.207858920097351
1.400542140007019;1.2102466821670532
1.4005581140518188;1.2083089351654053
1.4006541967391968;1.210068702697754
1.4007642269134521;1.2110226154327393
1.4004887342453003;1.2096502780914307
1.4005941152572632;1.2108012437820435
1.4005370140075684;1.209699034690857
1.4010332822799683;1.2097887992858887
1.4006539583206177;1.2105947732925415
1.4005558490753174;1.2086377143859863
1.4005194902420044;1.2097594738006592
1.4006929397583008;1.2107810974121094
1.4005553722381592;1.2079987525939941
1.4008126258850098;1.208680272102356
1.4005579948425293;1.2085869312286377
1.4006544351577759;1.207796335220337
1.4005202054977417;1.2082291841506958
1.4005223512649536;1.209282398223877
1.4006545543670654;1.2084782123565674
1.4006413221359253;1.2089946269989014
1.4004956483840942;1.2083467245101929
1.400618314743042;1.2088291645050049
1.4005730152130127;1.2088916301727295
1.4007959365844727;1.2088658809661865
1.4005537033081055;1.207869052886963
1.400744915008545;1.2086477279663086
1.4007765054702759;1.2098026275634766
1.4007127285003662;1.2085679769515991
1.4005942344665527;1.2105882167816162
1.4004950523376465;1.2085273265838623
1.4005942344665527;1.207097053527832
1.4005820751190186;1.2096794843673706
1.400804877281189;1.2105528116226196
1.4005820751190186;1.2080568075180054
1.4008128643035889;1.2083038091659546
1.4008047580718994;1.2094584703445435
1.4004952907562256;1.209153175354004
1.400654673576355;1.2084311246871948
1.4009559154510498;1.209329605102539
1.4005556106567383;1.2089461088180542
1.400805115699768;1.2082867622375488
1.400558352470398;1.2086597681045532
1.4006184339523315;1.2081942558288574
1.4006321430206299;1.2085857391357422
1.4004836082458496;1.2094930410385132
1.4004595279693604;1.208125114440918
1.400597333908081;1.2099823951721191
1.4006543159484863;1.2079989910125732
1.4005727767944336;1.2097547054290771
1.4007759094238281;1.2078447341918945
1.400519847869873;1.2084016799926758
1.4008828401565552;1.2090688943862915
1.4004955291748047;1.211193561553955
1.4005941152572632;1.2085305452346802
1.4011150598526;1.2090508937835693
1.4004954099655151;1.2096400260925293
1.4007138013839722;1.209059238433838
1.4005823135375977;1.2068214416503906
1.4005942344665527;1.208173155784607
1.4008122682571411;1.2089306116104126
1.4005558490753174;1.2094532251358032
1.400707483291626;1.2075763940811157
1.4006177186965942;1.2089961767196655
1.4005945920944214;1.2077456712722778
1.4008491039276123;1.2102820873260498
1.4006417989730835;1.209335446357727
1.4006538391113281;1.2099634408950806
1.400732398033142;1.2096831798553467
1.4004957675933838;1.2085545063018799
1.4004955291748047;1.2077245712280273
1.4006884098052979;1.2089638710021973
1.4006712436676025;1.2103397846221924
1.4009631872177124;1.2076698541641235
1.4009852409362793;1.2080496549606323
1.4005553722381592;1.208299994468689
1.4004954099655151;1.2079012393951416
1.4007141590118408;1.208585500717163
1.400519609451294;1.2081331014633179
1.4006181955337524;1.2096041440963745
1.4006539583206177;1.2091450691223145
1.4005193710327148;1.208024024963379
1.4005446434020996;1.209720253944397
1.400494933128357;1.2097243070602417
1.40055513381958;1.2073816061019897
1.4004957675933838;1.2087498903274536
1.4005073308944702;1.2102926969528198
1.4008049964904785;1.2083770036697388
1.400519847869873;1.2098612785339355
1.4006061553955078;1.2089836597442627
1.4004956483840942;1.2068148851394653
1.400498628616333;1.2100228071212769
1.4005818367004395;1.2074105739593506
1.4005553722381592;1.2080053091049194
1.4005556106567383;1.2078297138214111
1.4007142782211304;1.2104458808898926
1.4007534980773926;1.2086173295974731
1.40089750289917;1.2098898887634277
1.4005069732666016;1.207659125328064
1.4008668661117554;1.2088713645935059
1.4006187915802002;1.2071541547775269
1.4008126258850098;1.2085235118865967
1.4007642269134521;1.2097164392471313
1.4006931781768799;1.2090294361114502
1.4009402990341187;1.2091444730758667
1.4005199670791626;1.2093054056167603
1.4005519151687622;1.2090214490890503
1.4008047580718994;1.2088748216629028
1.400556206703186;1.2087655067443848
1.4010188579559326;1.2097501754760742
1.400752067565918;1.2124629020690918
1.400639533996582;1.2083125114440918
1.4005937576293945;1.2084951400756836
1.401060938835144;1.2099300622940063
1.4009637832641602;1.2094182968139648
1.4006264209747314;1.2094906568527222
1.4005582332611084;1.2086488008499146
1.4007148742675781;1.210290789604187
1.4008123874664307;1.209302544593811
1.4005558490753174;1.2081974744796753
1.4007744789123535;1.2089464664459229
1.4005440473556519;1.2071926593780518
1.4005341529846191;1.2082548141479492
1.4005130529403687;1.2088748216629028
1.400913119316101;1.2076187133789062
1.4009361267089844;1.20834481716156
1.4009037017822266;1.2080940008163452
1.4007563591003418;1.2100921869277954
1.4010168313980103;1.2095129489898682
1.4004595279693604;1.2096292972564697
1.4008342027664185;1.2076882123947144
1.400708556175232;1.2091090679168701
1.4005941152572632;1.2086265087127686
1.4008007049560547;1.2111601829528809
1.4006537199020386;1.2081352472305298
1.4006177186965942;1.2106473445892334
1.4005557298660278;1.208564281463623
1.4005558490753174;1.2080248594284058
1.4010616540908813;1.2078678607940674
1.4007447957992554;1.2096279859542847
1.4006531238555908;1.2094471454620361
1.4006332159042358;1.2091712951660156
1.4008053541183472;1.2086451053619385
1.4005944728851318;1.210480809211731
1.4007447957992554;1.2078651189804077
1.4004956483840942;1.2093769311904907
1.4005459547042847;1.210462212562561
1.4005931615829468;1.2091846466064453
1.400656819343567;1.2083498239517212
1.4008126258850098;1.2078157663345337
1.4005872011184692;1.2090728282928467
1.4008673429489136;1.2084699869155884
1.400618314743042;1.2076714038848877
1.4008219242095947;1.2083379030227661
1.400752305984497;1.2074520587921143
1.4004719257354736;1.209080696105957
1.4008338451385498;1.2090643644332886
1.4004956483840942;1.20785653591156
1.4005560874938965;1.2073209285736084
1.4010846614837646;1.2093204259872437
1.4006174802780151;1.2090076208114624
1.4006332159042358;1.2094517946243286
1.4007145166397095;1.2094671726226807
1.4004831314086914;1.2089016437530518
1.4006186723709106;1.208003282546997
1.4008119106292725;1.209587574005127
1.4004957675933838;1.2104874849319458
1.4004950523376465;1.2081071138381958
1.4005918502807617;1.2094568014144897
1.4005343914031982;1.2099229097366333
1.4009652137756348;1.211206078529358
1.400708794593811;1.2072055339813232
1.4005069732666016;1.2098039388656616
1.4006754159927368;1.20924973487854
1.4004952907562256;1.2089992761611938
1.4005558490753174;1.209462285041809
1.4004592895507812;1.2082504034042358
1.400586724281311;1.2075313329696655
1.4005193710327148;1.2081701755523682
1.4008910655975342;1.2080117464065552
1.4005558490753174;1.207308053970337
1.4005553722381592;1.2088123559951782
1.4005941152572632;1.2087934017181396
1.4005942344665527;1.208439588546753
1.400678277015686;1.207887053489685
1.400553584098816;1.2090550661087036
1.4010168313980103;1.2096097469329834
1.40055513381958;1.2105554342269897
1.40073561668396;1.2085374593734741
1.4004954099655151;1.2081273794174194
1.4007445573806763;1.2088590860366821
1.4005343914031982;1.2077442407608032
1.4004954099655151;1.2079192399978638
1.400805950164795;1.2104709148406982
1.4005558490753174;1.2087901830673218
1.400618314743042;1.2088087797164917
1.4006776809692383;1.2072709798812866
1.4005558490753174;1.208314061164856
1.4008127450942993;1.207131028175354
1.400474190711975;1.2078155279159546
1.4004833698272705;1.2076694965362549
1.4004957675933838;1.2084193229675293
1.400555968284607;1.2085708379745483
1.4006544351577759;1.2075375318527222
1.4006565809249878;1.208702564239502
1.4007916450500488;1.2086400985717773
1.4005558490753174;1.2096573114395142
1.4005345106124878;1.2077281475067139
1.400495171546936;1.209708571434021
1.4006537199020386;1.2093505859375
1.4009038209915161;1.208240270614624
1.400678277015686;1.207213044166565
1.4005941152572632;1.2067610025405884
1.4008678197860718;1.2095366716384888
1.4006471633911133;1.2076894044876099
1.4007163047790527;1.2090990543365479
1.400632619857788;1.2092424631118774
1.4007139205932617;1.2071759700775146
1.4006179571151733;1.208038330078125
1.4005943536758423;1.2083890438079834
1.4005197286605835;1.2071528434753418
1.4004952907562256;1.208330512046814
1.4013214111328125;1.2097134590148926
1.4004555940628052;1.2083466053009033
1.400496006011963;1.2069591283798218
1.4004955291748047;1.209858775138855
1.4004833698272705;1.2103127241134644
1.4004591703414917;1.2106289863586426
1.4005558490753174;1.208989143371582
1.4007480144500732;1.2106633186340332
1.4005695581436157;1.2100193500518799
1.4007139205932617;1.2084773778915405
1.4007022380828857;1.2099674940109253
1.4006540775299072;1.2091567516326904
1.4006541967391968;1.2075591087341309
1.401357889175415;1.20884108543396
1.4006534814834595;1.2083622217178345
1.4004952907562256;1.2086154222488403
1.4009032249450684;1.208824634552002
1.4006505012512207;1.2098265886306763
1.4007816314697266;1.2094091176986694
1.4008047580718994;1.2070494890213013
1.4007166624069214;1.2084579467773438
1.4006776809692383;1.20802903175354
1.4005942344665527;1.2087794542312622
1.400452733039856;1.2090156078338623
1.4005517959594727;1.2089054584503174
1.4007720947265625;1.2106242179870605
1.4007139205932617;1.2105522155761719
1.4005868434906006;1.2092070579528809
1.4010014533996582;1.2076263427734375
1.401051640510559;1.2087032794952393
1.4005945920944214;1.2089767456054688
1.4004745483398438;1.2096023559570312
1.4005560874938965;1.2084764242172241
1.4006545543670654;1.209620714187622
1.4004923105239868;1.2103251218795776
1.4006328582763672;1.2096081972122192
1.4006659984588623;1.20796537399292
1.40055513381958;1.20914888381958
1.4005727767944336;1.2097585201263428
1.4005558490753174;1.2077419757843018
1.4004745483398438;1.2105587720870972
1.4005558490753174;1.2072186470031738
1.4006178379058838;1.20907461643219
1.4004956483840942;1.2069497108459473
1.4005556106567383;1.2080212831497192
1.4004738330841064;1.2092443704605103
1.4006179571151733;1.2091411352157593
1.4006541967391968;1.2087289094924927
1.4008675813674927;1.2087631225585938
1.4009032249450684;1.2114925384521484
1.4006541967391968;1.2088886499404907
1.4006541967391968;1.209779143333435
1.4006708860397339;1.21152925491333
1.4005451202392578;1.209452748298645
1.4004889726638794;1.2083569765090942
1.4006332159042358;1.2085615396499634
1.4004952907562256;1.208314061164856
1.4009395837783813;1.2082124948501587
1.4004955291748047;1.2080730199813843
1.4005937576293945;1.207711100578308
1.4006184339523315;1.2086784839630127
1.4007084369659424;1.2083876132965088
1.4007915258407593;1.2096956968307495
1.4007019996643066;1.2086278200149536
1.4007465839385986;1.209370493888855
1.4006538391113281;1.2083625793457031
1.4006543159484863;1.2077611684799194
1.4007478952407837;1.2089191675186157
1.4006335735321045;1.2086181640625
1.4004744291305542;1.2091280221939087
1.4005556106567383;1.2070728540420532
1.4011011123657227;1.2092732191085815
1.4006930589675903;1.210590124130249
1.400912880897522;1.2098146677017212
1.4005587100982666;1.2079519033432007
1.4008045196533203;1.209519863128662
1.4004955291748047;1.207456350326538
1.4005558490753174;1.2091344594955444
1.4006543159484863;1.2095173597335815
1.4005192518234253;1.208239197731018
1.4006540775299072;1.2080990076065063
1.4006543159484863;1.2093716859817505
1.4007914066314697;1.2087087631225586
1.400620937347412;1.2090649604797363
1.400752305984497;1.2094700336456299
1.4004377126693726;1.207384705543518
1.4007086753845215;1.2094557285308838
1.400496006011963;1.2071363925933838
1.4005194902420044;1.2086291313171387
1.4006540775299072;1.2091201543807983
1.401134967803955;1.2103958129882812
1.400555968284607;1.20729398727417
1.4006543159484863;1.2075759172439575
1.4010013341903687;1.2100474834442139
1.4007128477096558;1.209444284439087
1.4005556106567383;1.2089465856552124
1.4004383087158203;1.2089964151382446
1.4008820056915283;1.208168864250183
1.400555968284607;1.207924485206604
1.400496006011963;1.2065237760543823
1.400494933128357;1.2102614641189575
1.4006330966949463;1.2103023529052734
1.4006423950195312;1.2096561193466187
1.4008045196533203;1.2092779874801636
1.4007697105407715;1.2077178955078125
1.4009634256362915;1.2088134288787842
1.4004957675933838;1.2089829444885254
1.4006567001342773;1.2075976133346558
1.4009029865264893;1.2094138860702515
1.4005558490753174;1.2090822458267212
1.4004886150360107;1.2111495733261108
1.4004837274551392;1.210292935371399
1.400653600692749;1.208446979522705
1.4005560874938965;1.206915259361267
1.4005731344223022;1.2086445093154907
1.400556206703186;1.2072346210479736
1.4010987281799316;1.2087470293045044
1.4007010459899902;1.2094388008117676
1.4006544351577759;1.2098177671432495
1.4005730152130127;1.210728406906128
1.4005436897277832;1.207189917564392
1.400516152381897;1.2089505195617676
1.400805115699768;1.2078403234481812
1.4006330966949463;1.2089065313339233
1.4006177186965942;1.2087204456329346
1.4004474878311157;1.208586573600769
1.4004887342453003;1.2087712287902832
1.4005728960037231;1.2092396020889282
1.4006781578063965;1.2091866731643677
1.4005348682403564;1.208975076675415
1.4008047580718994;1.2087886333465576
1.4004956483840942;1.2081412076950073
1.4005557298660278;1.2091087102890015
1.400555968284607;1.2075318098068237
1.400519847869873;1.2073521614074707
1.400805115699768;1.2112524509429932
1.4007525444030762;1.2091302871704102
1.4005557298660278;1.2076022624969482
1.4004956483840942;1.2090874910354614
1.4005942344665527;1.2089473009109497
1.400978446006775;1.207323670387268
1.4006547927856445;1.2094898223876953
1.4010382890701294;1.2083271741867065
1.4004952907562256;1.20918607711792
1.400632619857788;1.2092643976211548
1.4007258415222168;1.208931565284729
1.4006150960922241;1.2083086967468262
1.4005560874938965;1.2078913450241089
1.4006328582763672;1.2084227800369263
1.4004595279693604;1.2081252336502075
1.4005184173583984;1.2077159881591797
1.4005558490753174;1.2084808349609375
1.4006531238555908;1.2104572057724
1.400633454322815;1.2078667879104614
1.400880217552185;1.2087970972061157
1.4010162353515625;1.210277795791626
1.400594711303711;1.2087241411209106
1.4005941152572632;1.2077460289001465
1.400534749031067;1.2087690830230713
1.4005554914474487;1.208740234375
1.4006539583206177;1.2083841562271118
1.4005130529403687;1.2095754146575928
1.4004956483840942;1.2075105905532837
1.4006335735321045;1.2109102010726929
1.4008431434631348;1.2087610960006714
1.4004952907562256;1.2071843147277832
1.4004955291748047;1.2098594903945923
1.4007138013839722;1.2088748216629028
1.4005879163742065;1.2085946798324585
1.4007987976074219;1.2100098133087158
1.4005348682403564;1.2078685760498047
1.4005556106567383;1.2081886529922485
1.400543451309204;1.208856463432312
1.4004955291748047;1.2065519094467163
1.4004956483840942;1.2089096307754517
1.4004956483840942;1.2080923318862915
1.4006333351135254;1.208024024963379
1.4006742238998413;1.208635926246643
1.4006540775299072;1.2105038166046143
1.400632381439209;1.2082760334014893
1.400543451309204;1.210378885269165
1.4007022380828857;1.2081384658813477
1.4005342721939087;1.2082852125167847
1.4008071422576904;1.2083022594451904
1.400618314743042;1.2077504396438599
1.4008127450942993;1.2088608741760254
1.4004594087600708;1.2074426412582397
1.4009631872177124;1.2094706296920776
1.4007140398025513;1.2089730501174927
1.4005848169326782;1.2098113298416138
1.4006332159042358;1.2093759775161743
1.400618553161621;1.2070688009262085
1.40055513381958;1.2075930833816528
1.4005558490753174;1.2074096202850342
1.4010556936264038;1.208419919013977
1.4006541967391968;1.209716796875
1.4005190134048462;1.2079306840896606
1.4005435705184937;1.207514762878418
1.400534987449646;1.2088117599487305
1.4005964994430542;1.2109211683273315
1.4005556106567383;1.2071161270141602
1.4006541967391968;1.2097879648208618
1.400446891784668;1.2067762613296509
1.4007524251937866;1.208336353302002
1.4006760120391846;1.2090450525283813
1.4006174802780151;1.2099264860153198
1.400962471961975;1.2099872827529907
1.4007688760757446;1.2078208923339844
1.4005942344665527;1.2093560695648193
1.4008129835128784;1.2102208137512207
1.4005597829818726;1.2098405361175537
1.4005577564239502;1.2082874774932861
1.4005200862884521;1.2102985382080078
1.4008431434631348;1.207354187965393
1.4011173248291016;1.2098489999771118
1.400776743888855;1.2089879512786865
1.4009032249450684;1.2075756788253784
1.4004985094070435;1.2103123664855957
1.4007407426834106;1.2088674306869507
1.4004955291748047;1.207188606262207
1.400813341140747;1.2111934423446655
1.400654673576355;1.207381010055542
1.4005552530288696;1.2080237865447998
1.4004886150360107;1.209183692932129
1.4006330966949463;1.2085717916488647
1.400653600692749;1.2084778547286987
1.4011740684509277;1.2093796730041504
1.40065336227417;1.2088050842285156
1.4006179571151733;1.207919716835022
1.4007524251937866;1.2111098766326904
1.4005988836288452;1.2091937065124512
1.4006779193878174;1.207284927368164
1.400555968284607;1.2078638076782227
1.4005556106567383;1.2079774141311646
1.4006179571151733;1.2085994482040405
1.4005969762802124;1.2085883617401123
1.4005942344665527;1.20760977268219
1.4006178379058838;1.2081295251846313
1.4006327390670776;1.2073242664337158
1.4012537002563477;1.2097527980804443
1.4007316827774048;1.2092087268829346
1.400519609451294;1.2099121809005737
1.4006184339523315;1.2077772617340088
1.4004950523376465;1.2076525688171387
1.400496006011963;1.2082459926605225
1.400593638420105;1.2088003158569336
1.4008673429489136;1.2075351476669312
1.4004594087600708;1.2087976932525635
1.4008049964904785;1.207776665687561
1.400555968284607;1.207336664199829
1.4007086753845215;1.2090294361114502
1.4006415605545044;1.2086561918258667
1.4005155563354492;1.209068775177002
1.40055513381958;1.2085292339324951
1.4008123874664307;1.2092493772506714
1.401102900505066;1.2110323905944824
1.4005556106567383;1.2111945152282715
1.4007034301757812;1.2098101377487183
1.4007139205932617;1.2074049711227417
1.4008958339691162;1.2103153467178345
1.400519847869873;1.207686424255371
1.400654673576355;1.2094204425811768
1.4004915952682495;1.208993911743164
1.4006521701812744;1.2091567516326904
1.4009017944335938;1.2092870473861694
1.400519847869873;1.2092819213867188
1.4009994268417358;1.208781123161316
1.4006171226501465;1.2068427801132202
1.4005935192108154;1.208396077156067
1.4006503820419312;1.2093569040298462
1.400618314743042;1.2089606523513794
1.4005582332611084;1.2074775695800781
1.400556206703186;1.207303524017334
1.4005825519561768;1.2082123756408691
1.4006435871124268;1.208991527557373
1.4012951850891113;1.2096083164215088
1.4006540775299072;1.208154320716858
1.4006534814834595;1.208115577697754
1.4004384279251099;1.209373116493225
1.4004957675933838;1.2070989608764648
1.4004958868026733;1.2090766429901123
1.40047025680542;1.209243893623352
1.4005197286605835;1.2095714807510376
1.400815725326538;1.2085075378417969
1.4007140398025513;1.2097750902175903
1.4008653163909912;1.2095402479171753
1.4005558490753174;1.2113356590270996
1.4004954099655151;1.2088178396224976
1.4004952907562256;1.2079752683639526
1.4006181955337524;1.2086225748062134
1.4004950523376465;1.2103383541107178
1.4006543159484863;1.2068641185760498
1.40049147605896;1.208628535270691
1.4005939960479736;1.2087023258209229
1.400494933128357;1.2076159715652466
1.4006545543670654;1.2091726064682007
1.4005558490753174;1.208457589149475
1.4007163047790527;1.2082359790802002
1.4007588624954224;1.2097684144973755
1.4005939960479736;1.2075004577636719
1.400867223739624;1.2081282138824463
1.4005552530288696;1.2085436582565308
1.400632619857788;1.2082180976867676
1.40071439743042;1.208021640777588
1.4007073640823364;1.2097305059432983
1.400455355644226;1.2105845212936401
1.4005939960479736;1.207520842552185
1.4004597663879395;1.2096900939941406
1.400716781616211;1.2090671062469482
1.4004600048065186;1.208060622215271
1.4005365371704102;1.208099126815796
1.400519847869873;1.2099500894546509
1.4007545709609985;1.2088629007339478
1.4004956483840942;1.2084124088287354
1.400843858718872;1.2080186605453491
1.4007335901260376;1.2108657360076904
1.400618076324463;1.2089686393737793
1.4006538391113281;1.208024024963379
1.400752067565918;1.2089476585388184
1.4005941152572632;1.2081857919692993
1.4008349180221558;1.209560751914978
1.4005874395370483;1.207781434059143
1.4005579948425293;1.2075310945510864
1.4007046222686768;1.2094168663024902
1.4007668495178223;1.20888090133667
1.4008350372314453;1.2087087631225586
1.400678038597107;1.2072322368621826
1.4005074501037598;1.2085332870483398
1.4005556106567383;1.2084569931030273
1.400519609451294;1.2080570459365845
1.4005554914474487;1.2083871364593506
1.4007136821746826;1.2081226110458374
1.4005942344665527;1.2096936702728271
1.4005873203277588;1.2097721099853516
1.4007090330123901;1.2080928087234497
1.4004883766174316;1.2079106569290161
1.400519609451294;1.2084530591964722
1.4006519317626953;1.2117247581481934
1.4008677005767822;1.2080416679382324
1.4006547927856445;1.2082470655441284
1.40060555934906;1.2083709239959717
1.4004886150360107;1.2089749574661255
1.4005552530288696;1.2083438634872437
1.4007363319396973;1.2088292837142944
1.400495171546936;1.2088258266448975
1.4006545543670654;1.2069511413574219
1.4008128643035889;1.208487868309021
1.4005944728851318;1.2090579271316528
1.40071439743042;1.2090643644332886
1.4005581140518188;1.2075402736663818
1.4006545543670654;1.2085237503051758
1.4006545543670654;1.2083309888839722
1.400534749031067;1.207894206047058
1.400726556777954;1.2103869915008545
1.400551199913025;1.2094920873641968
1.4004955291748047;1.2087081670761108
1.40095055103302;1.2102903127670288
1.4007916450500488;1.2075752019882202
1.4007315635681152;1.207343339920044
1.400494933128357;1.2069215774536133
1.4004952907562256;1.2077381610870361
1.4007351398468018;1.211260199546814
1.4005556106567383;1.2080960273742676
1.4004594087600708;1.208692193031311
1.4004957675933838;1.207883596420288
1.4005942344665527;1.2106271982192993
1.4005351066589355;1.2081217765808105
1.4006333351135254;1.2099089622497559
1.4006149768829346;1.210149884223938
1.4008432626724243;1.208000659942627
1.4007785320281982;1.2100000381469727
1.4005554914474487;1.209359049797058
1.4004954099655151;1.2080371379852295
1.4005558490753174;1.2088756561279297
1.4004528522491455;1.2096182107925415
1.400633454322815;1.2083089351654053
1.4005491733551025;1.2085251808166504
1.4004957675933838;1.2073304653167725
1.4004954099655151;1.208390235900879
1.4005558490753174;1.2074922323226929
1.4012874364852905;1.2100492715835571
1.4010381698608398;1.2102006673812866
1.4004954099655151;1.2091333866119385
1.4005972146987915;1.2085552215576172
1.4005554914474487;1.2068949937820435
1.4005557298660278;1.2086987495422363
1.4006378650665283;1.2086997032165527
1.4007916450500488;1.2084604501724243
1.4005944728851318;1.2077386379241943
1.4007911682128906;1.208972454071045
1.4005486965179443;1.207942247390747
1.4008419513702393;1.209192156791687
1.4005342721939087;1.208085536956787
1.4005966186523438;1.2105885744094849
1.4006541967391968;1.2081730365753174
1.400895118713379;1.2117364406585693
1.4005558490753174;1.2087029218673706
1.4005579948425293;1.209151029586792
1.4007134437561035;1.2095472812652588
1.4006781578063965;1.2098098993301392
1.4007169008255005;1.208563208580017
1.4013283252716064;1.2116090059280396
1.4005558490753174;1.208009123802185
1.400593876838684;1.210098385810852
1.4008039236068726;1.2110122442245483
1.4006541967391968;1.2091844081878662
1.4010628461837769;1.209509015083313
1.4006929397583008;1.2078222036361694
1.4006538391113281;1.2070105075836182
1.400768518447876;1.2084602117538452
1.4004956483840942;1.2085930109024048
1.4006474018096924;1.2076388597488403
1.4008084535598755;1.2099237442016602
1.400813102722168;1.209617257118225
1.4008128643035889;1.2078754901885986
1.4005345106124878;1.2096643447875977
1.4006423950195312;1.2098618745803833
1.4006165266036987;1.2084178924560547
1.400862693786621;1.207489252090454
1.4012994766235352;1.2090113162994385
1.4009028673171997;1.2095192670822144
1.4005560874938965;1.2068891525268555
1.4010196924209595;1.2102198600769043
1.4005829095840454;1.2102584838867188
1.400594711303711;1.2087279558181763
1.4005558490753174;1.2104263305664062
1.4005942344665527;1.2092928886413574
1.4008800983428955;1.209322214126587
1.4008349180221558;1.2074601650238037
1.4007163047790527;1.2088024616241455
1.4006179571151733;1.2092044353485107
1.400654673576355;1.2104012966156006
1.400618076324463;1.2074192762374878
1.400714635848999;1.2099275588989258
1.4007072448730469;1.2093043327331543
1.4006539583206177;1.2091978788375854
1.4007763862609863;1.2097121477127075
1.4004594087600708;1.208498477935791
1.4005556106567383;1.2078500986099243
1.4005327224731445;1.210594654083252
1.4004944562911987;1.2083356380462646
1.4007744789123535;1.2099554538726807
1.4006420373916626;1.2088205814361572
1.4005558490753174;1.2090636491775513
1.4007874727249146;1.2109827995300293
1.4004592895507812;1.2080044746398926
1.400496006011963;1.2077518701553345
1.4006186723709106;1.2078166007995605
1.4010047912597656;1.2107336521148682
1.4008344411849976;1.2084845304489136
1.4009275436401367;1.2111537456512451
1.4004590511322021;1.2097127437591553
1.400618076324463;1.209290862083435
1.4009809494018555;1.2098491191864014
1.4005200862884521;1.208559274673462
1.4005560874938965;1.209483027458191
1.40055513381958;1.2079731225967407
1.400633454322815;1.2097926139831543
1.401445746421814;1.2084347009658813
1.4008820056915283;1.208933711051941
1.4004594087600708;1.2075140476226807
1.40080726146698;1.208516240119934
1.400776743888855;1.2098442316055298
1.4008433818817139;1.2082529067993164
1.4006538391113281;1.2092640399932861
1.4006545543670654;1.2078871726989746
1.4007140398025513;1.2088810205459595
1.4010616540908813;1.209727168083191
1.4005558490753174;1.2073761224746704
1.4004955291748047;1.2082475423812866
1.4007043838500977;1.207610845565796
1.4006545543670654;1.2090797424316406
1.4007346630096436;1.208160161972046
1.4006544351577759;1.2080638408660889
1.4005560874938965;1.2062288522720337
1.4008430242538452;1.2092008590698242
1.4006330966949463;1.2092506885528564
1.400882601737976;1.2086149454116821
1.4004589319229126;1.207484245300293
1.4007911682128906;1.2090792655944824
1.4007072448730469;1.2087445259094238
1.4004957675933838;1.207825779914856
1.4007478952407837;1.2096823453903198
1.4009381532669067;1.2081092596054077
1.4006421566009521;1.2081141471862793
1.4005573987960815;1.2099016904830933
1.4005939960479736;1.2087852954864502
1.400458812713623;1.207676649093628
1.4005558490753174;1.208795428276062
1.4005557298660278;1.2074047327041626
1.400813102722168;1.2081260681152344
1.4004597663879395;1.208216905593872
1.4005552530288696;1.2109506130218506
1.4005552530288696;1.2091189622879028
1.4005558490753174;1.2065399885177612
1.4005582332611084;1.2074847221374512
1.4005193710327148;1.2075496912002563
1.400762915611267;1.2092417478561401
1.4005942344665527;1.2093150615692139
1.4008347988128662;1.2085283994674683
1.4006540775299072;1.2078955173492432
1.4004743099212646;1.2086344957351685
1.400980830192566;1.2091931104660034
1.4007683992385864;1.2089171409606934
1.4008128643035889;1.2090257406234741
1.4011365175247192;1.2084035873413086
1.4005513191223145;1.2100276947021484
1.4005943536758423;1.208824872970581
1.4005558490753174;1.2080552577972412
1.4006744623184204;1.2087231874465942
1.4004744291305542;1.2095154523849487
1.4007246494293213;1.209246039390564
1.4005943536758423;1.2083795070648193
1.4009032249450684;1.2097474336624146
1.4005558490753174;1.2090686559677124
1.4008053541183472;1.2083466053009033
1.4008824825286865;1.2096127271652222
1.4005942344665527;1.2078601121902466
1.4008381366729736;1.2098160982131958
1.4008128643035889;1.2100297212600708
1.4010388851165771;1.20884108543396
1.4004952907562256;1.2088030576705933
1.4005193710327148;1.2085375785827637
1.400731086730957;1.2084884643554688
1.400534749031067;1.206771731376648
1.4005277156829834;1.2076877355575562
1.4009273052215576;1.209653377532959
1.4006537199020386;1.2080763578414917
1.4006330966949463;1.2095919847488403
1.4006420373916626;1.2101194858551025
1.4004954099655151;1.208650827407837
1.4004594087600708;1.2101306915283203
1.4009037017822266;1.2083113193511963
1.4007000923156738;1.2071901559829712
1.4011437892913818;1.2082233428955078
1.400528073310852;1.2100898027420044
1.4004948139190674;1.2103370428085327
1.400853157043457;1.2085940837860107
1.400519609451294;1.2094557285308838
1.4005491733551025;1.2103708982467651
1.4009201526641846;1.208985686302185
1.4004592895507812;1.2083568572998047
1.400653600692749;1.2100111246109009
1.4005579948425293;1.208164930343628
1.400512933731079;1.2089349031448364
1.4005582332611084;1.2078088521957397
1.4011027812957764;1.209562063217163
1.400618314743042;1.2079898118972778
1.4005560874938965;1.2073848247528076
1.4005725383758545;1.2071974277496338
1.4008128643035889;1.2100032567977905
1.4006112813949585;1.2098320722579956
1.4004957675933838;1.20977783203125
1.4006574153900146;1.2079042196273804
1.4005436897277832;1.2105071544647217
1.4007134437561035;1.2089970111846924
1.4004958868026733;1.207459568977356
1.4005552530288696;1.2081444263458252
1.4004523754119873;1.2083860635757446
1.400745153427124;1.2096697092056274
1.4005491733551025;1.2085598707199097
1.400534749031067;1.2072274684906006
1.4004954099655151;1.2095656394958496
1.4006330966949463;1.2093883752822876
1.400805115699768;1.2103750705718994
1.4005193710327148;1.2093524932861328
1.4005558490753174;1.208090901374817
1.4006184339523315;1.2075259685516357
1.4005576372146606;1.208558201789856
1.400534749031067;1.210404396057129
1.4006181955337524;1.2086201906204224
1.4005558490753174;1.2086985111236572
1.4006539583206177;1.207746982574463
1.4007097482681274;1.2099376916885376
1.4005576372146606;1.2100327014923096
1.4006539583206177;1.2088979482650757
1.4006537199020386;1.209770917892456
1.4005939960479736;1.2082445621490479
1.4005558490753174;1.2077608108520508
1.4005346298217773;1.208316445350647
1.4006332159042358;1.2077796459197998
1.40071439743042;1.2088229656219482
1.4004955291748047;1.2096666097640991
1.4004744291305542;1.2081788778305054
1.4009472131729126;1.2096341848373413
1.400752305984497;1.2071843147277832
1.400543451309204;1.2093676328659058
1.4007787704467773;1.2084007263183594
1.4006329774856567;1.2083781957626343
1.4006541967391968;1.2074092626571655
1.4008126258850098;1.2081111669540405
1.4009038209915161;1.208754539489746
1.4005558490753174;1.2083630561828613
1.4004980325698853;1.2081995010375977
1.400519847869873;1.2077354192733765
1.40106201171875;1.2100963592529297
1.40058171749115;1.2079908847808838
1.4006056785583496;1.2083817720413208
1.400912880897522;1.2100353240966797
1.4009783267974854;1.211196780204773
1.4008122682571411;1.2086421251296997
1.400723934173584;1.208824872970581
1.4009780883789062;1.2096590995788574
1.400555968284607;1.2104777097702026
1.400940179824829;1.2116413116455078
1.4006928205490112;1.2075469493865967
1.400805115699768;1.2064751386642456
1.4008152484893799;1.2103972434997559
1.4004836082458496;1.2092735767364502
1.4004956483840942;1.2078298330307007
1.4005943536758423;1.209729552268982
1.4005067348480225;1.2106941938400269
1.400715947151184;1.2083673477172852
1.4008307456970215;1.2077314853668213
1.40071439743042;1.2077549695968628
1.4004595279693604;1.2120227813720703
1.400553822517395;1.2090585231781006
1.400597095489502;1.208269715309143
1.4006544351577759;1.2095000743865967
1.4007552862167358;1.2112540006637573
1.4009194374084473;1.2086849212646484
1.4005199670791626;1.2082267999649048
1.4005345106124878;1.2072550058364868
1.4011224508285522;1.2096623182296753
1.4007999897003174;1.2083003520965576
1.4008134603500366;1.2100269794464111
1.4012227058410645;1.2098219394683838
1.4005191326141357;1.2068151235580444
1.400855302810669;1.2087790966033936
1.4005197286605835;1.2075494527816772
1.4006540775299072;1.2110925912857056
1.4007136821746826;1.2081924676895142
1.4007141590118408;1.2088475227355957
1.4008222818374634;1.2081167697906494
1.4006544351577759;1.2079321146011353
1.4011263847351074;1.2089886665344238
1.400827407836914;1.209769368171692
1.4007238149642944;1.2084976434707642
1.400519847869873;1.2082209587097168
1.400519609451294;1.2096062898635864
1.400519847869873;1.208319902420044
1.400593638420105;1.2076255083084106
1.4005199670791626;1.2070860862731934
1.4006537199020386;1.2095615863800049
1.4006776809692383;1.2088801860809326
1.4007837772369385;1.208909034729004
1.4005558490753174;1.2084256410598755
1.4005558490753174;1.2090390920639038
1.4005939960479736;1.2074395418167114
1.400519847869873;1.2077289819717407
1.4005937576293945;1.2084259986877441
1.4005818367004395;1.2078742980957031
1.4006330966949463;1.208044409751892
1.4006538391113281;1.2093286514282227
1.4007949829101562;1.2104063034057617
1.4006539583206177;1.2094815969467163
1.4009007215499878;1.2085461616516113
1.4004954099655151;1.2069579362869263
1.400932788848877;1.2094131708145142
1.4016985893249512;1.2092041969299316
1.4006537199020386;1.2068769931793213
1.400618076324463;1.2094591856002808
1.4007141590118408;1.209348201751709
1.4006507396697998;1.207965612411499
1.4005818367004395;1.2076244354248047
1.4006540775299072;1.2076568603515625
1.4005346298217773;1.2081502676010132
1.4007352590560913;1.2098150253295898
1.4005582332611084;1.2100919485092163
1.4006544351577759;1.2089037895202637
1.4006543159484863;1.2086195945739746
1.400843620300293;1.208781361579895
1.400775671005249;1.2097399234771729
1.400843620300293;1.2102376222610474
1.4005837440490723;1.210064172744751
1.4005558490753174;1.209858775138855
1.4013330936431885;1.2082360982894897
1.40055513381958;1.2075715065002441
1.40106201171875;1.2090274095535278
1.400462031364441;1.2083529233932495
1.4006545543670654;1.2073137760162354
1.400940179824829;1.2087430953979492
1.400496006011963;1.2077560424804688
1.4006330966949463;1.2095755338668823
1.400519609451294;1.2091389894485474
1.4005178213119507;1.2122482061386108
1.400512933731079;1.2078348398208618
1.4007022380828857;1.2095693349838257
1.4008132219314575;1.2077826261520386
1.400532603263855;1.2099342346191406
1.4006540775299072;1.2082715034484863
1.4005558490753174;1.2076597213745117
1.4007238149642944;1.2091073989868164
1.40071439743042;1.2084219455718994
1.4007525444030762;1.2082475423812866
1.400555968284607;1.2090994119644165
1.4004954099655151;1.2067525386810303
1.4006781578063965;1.2086495161056519
1.4009631872177124;1.209349513053894
1.400654673576355;1.2102999687194824
1.4004744291305542;1.2102978229522705
1.4008824825286865;1.2097512483596802
1.4005345106124878;1.2076386213302612
1.4004982709884644;1.208335280418396
1.4008076190948486;1.210529088973999
1.4005558490753174;1.2094272375106812
1.4005557298660278;1.2088147401809692
1.4005558490753174;1.210207223892212
1.4005944728851318;1.2091842889785767
1.401003360748291;1.2091329097747803
1.4006422758102417;1.2079699039459229
1.4004592895507812;1.2089886665344238
1.4005942344665527;1.2077913284301758
1.4007446765899658;1.2075673341751099
1.4005557298660278;1.2085627317428589
1.400897741317749;1.2092252969741821
1.4004937410354614;1.2098982334136963
1.4004595279693604;1.2064356803894043
1.400805115699768;1.2082104682922363
1.4005943536758423;1.2089210748672485
1.4006544351577759;1.2075059413909912
1.4008047580718994;1.2095283269882202
1.4004592895507812;1.2080899477005005
1.4006544351577759;1.2079052925109863
1.4005578756332397;1.2094526290893555
1.400731086730957;1.2122710943222046
1.4008433818817139;1.2089494466781616
1.400534749031067;1.2102036476135254
1.4004592895507812;1.2090786695480347
1.4007022380828857;1.2076027393341064
1.4008948802947998;1.208480954170227
1.4005937576293945;1.2105205059051514
1.4006541967391968;1.2090344429016113
1.4008123874664307;1.2079354524612427
1.4006333351135254;1.209776759147644
1.4006545543670654;1.2074321508407593
1.4007364511489868;1.2092502117156982
1.4005556106567383;1.2083832025527954
1.400713562965393;1.2089240550994873
1.4006613492965698;1.2088303565979004
1.4004958868026733;1.208498239517212
1.4004957675933838;1.2097139358520508
1.4005939960479736;1.2100658416748047
1.4006507396697998;1.2097500562667847
1.4008123874664307;1.2088474035263062
1.4004859924316406;1.209280014038086
1.400533676147461;1.2083545923233032
1.4006544351577759;1.2087208032608032
1.4008071422576904;1.209299921989441
1.400654673576355;1.208083152770996
1.4005937576293945;1.2078295946121216
1.4005553722381592;1.2081547975540161
1.4007142782211304;1.2103486061096191
1.4004387855529785;1.2085016965866089
1.4005311727523804;1.2072970867156982
1.4008036851882935;1.2089569568634033
1.4008128643035889;1.2082839012145996
1.4005341529846191;1.2073593139648438
1.4006184339523315;1.2081849575042725
1.4008219242095947;1.209335446357727
1.4005552530288696;1.2085682153701782
1.4004747867584229;1.2094532251358032
1.4006153345108032;1.208983302116394
1.4005578756332397;1.2090641260147095
1.4004957675933838;1.2088390588760376
1.4005942344665527;1.2092087268829346
1.4006538391113281;1.2088665962219238
1.4004600048065186;1.209554672241211
1.4005438089370728;1.2087397575378418
1.40071439743042;1.2071187496185303
1.4006540775299072;1.2093218564987183
1.4008126258850098;1.2105556726455688
1.400618314743042;1.2081652879714966
1.4004958868026733;1.2098994255065918
1.4005944728851318;1.2123714685440063
1.4006547927856445;1.2098349332809448
1.4006540775299072;1.2071678638458252
1.401062250137329;1.2084453105926514
1.4005557298660278;1.2077629566192627
1.400654673576355;1.2073839902877808
1.4005937576293945;1.209375023841858
1.400534749031067;1.2095155715942383
1.40045964717865;1.2080879211425781
1.400638222694397;1.2086941003799438
1.4006181955337524;1.2073615789413452
1.4008370637893677;1.208269715309143
1.4007768630981445;1.2083754539489746
1.4007689952850342;1.2082995176315308
1.4005225896835327;1.2095108032226562
1.4009042978286743;1.2087349891662598
1.4007985591888428;1.2101155519485474
1.4007139205932617;1.2074706554412842
1.400653600692749;1.209770679473877
1.4007141590118408;1.2087184190750122
1.4008127450942993;1.207976222038269
1.4011751413345337;1.2095943689346313
1.4004956483840942;1.2089062929153442
1.4011435508728027;1.2114956378936768
1.4007728099822998;1.207810401916504
1.4005337953567505;1.2087959051132202
1.4005560874938965;1.2090187072753906
1.4007166624069214;1.2080984115600586
1.4006540775299072;1.208176612854004
1.4004985094070435;1.2079695463180542
1.4006422758102417;1.2083525657653809
1.4005560874938965;1.2082306146621704
1.4006537199020386;1.2077933549880981
1.4005558490753174;1.2077391147613525
1.4004952907562256;1.2083091735839844
1.4006571769714355;1.208272933959961
1.4007322788238525;1.208306074142456
1.4005554914474487;1.2090699672698975
1.4004956483840942;1.2070610523223877
1.4006541967391968;1.2090295553207397
1.4006175994873047;1.2100255489349365
1.4007142782211304;1.2089598178863525
1.4007139205932617;1.2078359127044678
1.4005560874938965;1.2070246934890747
1.4006178379058838;1.2077001333236694
1.4004954099655151;1.2084996700286865
1.4004384279251099;1.209213137626648
1.4007524251937866;1.2090305089950562
1.4007142782211304;1.2076020240783691
1.4006184339523315;1.209193468093872
1.4006330966949463;1.208785057067871
1.4007065296173096;1.2084486484527588
1.4005177021026611;1.2101548910140991
1.4005578756332397;1.2093383073806763
1.4006187915802002;1.208646535873413
1.4007524251937866;1.2067310810089111
1.4008128643035889;1.2089096307754517
1.4005931615829468;1.2087757587432861
1.4005193710327148;1.2096976041793823
1.400498390197754;1.2105613946914673
1.4006328582763672;1.2084170579910278
1.4006544351577759;1.2074443101882935
1.4007139205932617;1.2081184387207031
1.4007238149642944;1.2080121040344238
1.4005197286605835;1.208954095840454
1.4004957675933838;1.2091056108474731
1.4006184339523315;1.2083224058151245
1.4004745483398438;1.2081215381622314
1.4006543159484863;1.207712173461914
1.4012349843978882;1.2084299325942993
1.400752305984497;1.2101269960403442
1.4005939960479736;1.208489179611206
1.4009816646575928;1.2097713947296143
1.4007407426834106;1.2082785367965698
1.4006203413009644;1.2087901830673218
1.4005342721939087;1.2073962688446045
1.4005553722381592;1.2086009979248047
1.4008125066757202;1.20857572555542
1.4005556106567383;1.2068507671356201
1.4005557298660278;1.2096480131149292
1.401017665863037;1.209027886390686
1.4007117748260498;1.2086749076843262
1.4005560874938965;1.2081565856933594
1.4004594087600708;1.2075514793395996
1.4004931449890137;1.2079932689666748
1.4006190299987793;1.2107608318328857
1.4006181955337524;1.207504153251648
1.4004625082015991;1.208376407623291
1.4004955291748047;1.2078527212142944
1.400519609451294;1.2077394723892212
1.4005944728851318;1.209842562675476
1.401017189025879;1.2088594436645508
1.4004954099655151;1.2081429958343506
1.4004955291748047;1.2081056833267212
1.4006657600402832;1.2088491916656494
1.400606393814087;1.2077889442443848
1.4007554054260254;1.2086806297302246
1.4004956483840942;1.2085105180740356
1.4011144638061523;1.2082453966140747
1.4008221626281738;1.20872163772583
1.4006541967391968;1.208299160003662
1.400707483291626;1.209282636642456
1.4005731344223022;1.210866928100586
1.4005558490753174;1.2099274396896362
1.4008429050445557;1.2084850072860718
1.4006779193878174;1.2098749876022339
1.4010932445526123;1.2098760604858398
1.4006539583206177;1.2096221446990967
1.400813102722168;1.2082631587982178
1.4008315801620483;1.2090789079666138
1.4007141590118408;1.2082746028900146
1.4005941152572632;1.208305835723877
1.4005274772644043;1.208823323249817
1.4006484746932983;1.2100862264633179
1.4006544351577759;1.2093650102615356
1.4007703065872192;1.2096242904663086
1.4004956483840942;1.2090226411819458
1.4006537199020386;1.208395004272461
1.4004559516906738;1.2082493305206299
1.4006327390670776;1.2075645923614502
1.40045964717865;1.2084673643112183
1.4007768630981445;1.2078280448913574
1.4005937576293945;1.2093099355697632
1.4006335735321045;1.2088900804519653
1.4005556106567383;1.2076250314712524
1.4005194902420044;1.2085778713226318
1.4007141590118408;1.208207130432129
1.4005556106567383;1.2089840173721313
1.4005558490753174;1.2073781490325928
1.4008431434631348;1.207335114479065
1.4007521867752075;1.209357738494873
1.400519609451294;1.2093452215194702
1.4006545543670654;1.2090916633605957
1.4004957675933838;1.2078299522399902
1.4006544351577759;1.208338975906372
1.4007680416107178;1.2085984945297241
1.400519847869873;1.2077738046646118
1.401061773300171;1.2086485624313354
1.400712251663208;1.2090181112289429
1.4012928009033203;1.209298014640808
1.400618076324463;1.2078568935394287
1.400752305984497;1.2080607414245605
