TV;KL
1.999972939491272;14.623809814453125
1.7502881288528442;9.840818405151367
1.558610200881958;9.258030891418457
1.5183374881744385;8.621131896972656
1.4901187419891357;7.209552764892578
1.4489872455596924;5.923674583435059
1.389333963394165;4.667586803436279
1.3325917720794678;3.663505792617798
1.2691022157669067;2.904421091079712
1.199238657951355;2.326786994934082
1.1221612691879272;1.8415164947509766
1.073325753211975;1.5365327596664429
1.0236964225769043;1.2972354888916016
0.9720344543457031;1.086860179901123
0.9472770690917969;0.9290558099746704
0.8958160877227783;0.8290612697601318
0.8831337094306946;0.7333387136459351
0.8481829166412354;0.6468647718429565
0.8385632634162903;0.5947918891906738
0.8310352563858032;0.546485185623169
0.810779333114624;0.5099734663963318
0.8066291809082031;0.48960891366004944
0.803377628326416;0.46172675490379333
0.8000949621200562;0.4378557801246643
0.8006030321121216;0.4235532283782959
0.7945093512535095;0.40585407614707947
0.7953455448150635;0.41000598669052124
0.7983047962188721;0.401629239320755
0.7923375964164734;0.3904944658279419
0.7921853065490723;0.3813665509223938
0.7944591045379639;0.38104891777038574
0.7938997149467468;0.3756234049797058
0.7939682006835938;0.377399742603302
0.7930290699005127;0.37373512983322144
0.7941619157791138;0.37474048137664795
0.7928537726402283;0.36772969365119934
0.7953521609306335;0.3731779456138611
0.7916824817657471;0.36746394634246826
0.794506847858429;0.3713357448577881
0.7932143211364746;0.3650062680244446
0.7927641868591309;0.36755576729774475
0.7945326566696167;0.3719845116138458
0.7917522192001343;0.3655755817890167
0.7946229577064514;0.3724344074726105
0.792648434638977;0.3683322072029114
0.7911829352378845;0.3644939661026001
0.7910569310188293;0.36213457584381104
0.7913419008255005;0.36760413646698
0.7920444011688232;0.36620330810546875
0.7923507690429688;0.36657536029815674
0.7943152785301208;0.3677143454551697
0.7929707765579224;0.3660087585449219
0.7910289168357849;0.36215466260910034
0.7918320298194885;0.3648725152015686
0.7923691272735596;0.3644028902053833
0.7947885394096375;0.3704303503036499
0.7921140789985657;0.364060640335083
0.7925983667373657;0.3668733537197113
0.7931195497512817;0.3679162561893463
0.7905171513557434;0.3645811080932617
0.7934902906417847;0.36879587173461914
0.792158842086792;0.3643583655357361
0.7935453653335571;0.3703616261482239
0.7912101745605469;0.36469942331314087
0.7930327653884888;0.3688585162162781
0.7930688261985779;0.3646295964717865
0.7918961048126221;0.3641895353794098
0.7942229509353638;0.36715108156204224
0.7906714677810669;0.3640095591545105
0.7931917309761047;0.3672613799571991
0.791186511516571;0.36343663930892944
0.7912251949310303;0.36556071043014526
0.7923031449317932;0.3664643168449402
0.7926828265190125;0.36486995220184326
0.791763961315155;0.3647727966308594
0.7910592555999756;0.3674045503139496
0.793193519115448;0.3644299805164337
0.7920485734939575;0.36384040117263794
0.7928134202957153;0.36472904682159424
0.7921428680419922;0.3655691146850586
0.7927611470222473;0.36436986923217773
0.7924273014068604;0.36569923162460327
0.7918720245361328;0.36653536558151245
0.7921248078346252;0.36393362283706665
0.792186975479126;0.3659932613372803
0.7935565710067749;0.36608415842056274
0.7927237749099731;0.36479610204696655
0.7923344969749451;0.367329478263855
0.7927085757255554;0.3684726357460022
0.7926795482635498;0.36841729283332825
0.7925283312797546;0.36391913890838623
0.793688178062439;0.37052294611930847
0.7933785915374756;0.3661147952079773
0.7932631373405457;0.3659897744655609
0.7928801774978638;0.3688165843486786
0.7930479049682617;0.367972195148468
0.7916508913040161;0.3626411557197571
0.7919336557388306;0.3675346374511719
0.7922223210334778;0.369032084941864
0.7935073375701904;0.36700117588043213
0.7943212985992432;0.3682371973991394
0.7924577593803406;0.3653084933757782
0.7914831042289734;0.3678208589553833
0.7926454544067383;0.36505594849586487
0.7926073670387268;0.3658088147640228
0.7927225828170776;0.3657330870628357
0.7906904220581055;0.36342111229896545
0.7925010323524475;0.3637205958366394
0.792055606842041;0.3671532869338989
0.7935588955879211;0.3684748411178589
0.7920764684677124;0.3648391664028168
0.7925173044204712;0.3660221993923187
0.7918411493301392;0.3647610545158386
0.7932532429695129;0.3645600378513336
0.7934069037437439;0.36822646856307983
0.79139244556427;0.36181211471557617
0.793298602104187;0.3651253581047058
0.7926785945892334;0.36476200819015503
0.7951662540435791;0.36830079555511475
0.792102038860321;0.36356639862060547
0.7934515476226807;0.36793452501296997
0.7928143739700317;0.3671630024909973
0.7943429350852966;0.3680613338947296
0.79166579246521;0.366416335105896
0.7915201783180237;0.3648325204849243
0.7934664487838745;0.3675626516342163
0.792073130607605;0.3670753836631775
0.7953145503997803;0.36639338731765747
0.7912640571594238;0.3672795295715332
0.7919282913208008;0.36556726694107056
0.7924467325210571;0.36351490020751953
0.7918140888214111;0.3652677536010742
0.7919037938117981;0.36406880617141724
0.7927635908126831;0.36724653840065
0.7918936014175415;0.3628370761871338
0.7916980981826782;0.3642035722732544
0.7917532920837402;0.3636407256126404
0.7918537259101868;0.36412885785102844
0.791920006275177;0.36922797560691833
0.793569028377533;0.3673146963119507
0.7946516275405884;0.3686836063861847
0.7944364547729492;0.36775678396224976
0.7916918396949768;0.36411428451538086
0.7920560836791992;0.3668696880340576
0.7915183901786804;0.36543506383895874
0.7928829193115234;0.36551904678344727
0.7928552627563477;0.36632272601127625
0.7930105328559875;0.3659024238586426
0.7932369112968445;0.3668854236602783
0.791323184967041;0.3625626564025879
0.7931604385375977;0.3676188588142395
0.7921686172485352;0.36468416452407837
0.7931898832321167;0.3639734983444214
0.7931782007217407;0.36516129970550537
0.7938418984413147;0.36494725942611694
0.7937085032463074;0.3675910532474518
0.7926850318908691;0.3666837811470032
0.7931428551673889;0.3681100904941559
0.7925041913986206;0.3667851388454437
0.7923305034637451;0.3624897599220276
0.7929142713546753;0.3682612180709839
0.794134259223938;0.3655965328216553
0.7915511131286621;0.3634440302848816
0.7935152053833008;0.36771684885025024
0.7926691174507141;0.36402666568756104
0.7927236557006836;0.367602676153183
0.7918956279754639;0.3649350106716156
0.7923026084899902;0.3652381896972656
0.791976273059845;0.363387793302536
0.7911080121994019;0.3639673888683319
0.7938063740730286;0.3658294677734375
0.7928415536880493;0.3640472888946533
0.7920104265213013;0.3640252947807312
0.7942384481430054;0.3636337220668793
0.7920817136764526;0.3640938401222229
0.7929510474205017;0.3669322431087494
0.7938779592514038;0.366310179233551
0.7930898666381836;0.3669213652610779
0.7939256429672241;0.366056352853775
0.7907201051712036;0.36581167578697205
0.7924864888191223;0.3669770359992981
0.7926385402679443;0.36404645442962646
0.7937467098236084;0.3683455288410187
0.7923380732536316;0.3678940534591675
0.7915148138999939;0.3646843731403351
0.7933201789855957;0.36938485503196716
0.7911904454231262;0.36433127522468567
0.7934589982032776;0.3679346442222595
0.7929059863090515;0.36589616537094116
0.7926106452941895;0.36425891518592834
0.790927529335022;0.3652159571647644
0.7947946190834045;0.36797019839286804
0.7941389083862305;0.3675210773944855
0.7939741611480713;0.36710184812545776
0.7933194637298584;0.369839072227478
0.7917628288269043;0.3647229075431824
0.7927924394607544;0.3702852129936218
0.7919967174530029;0.3637206256389618
0.7919832468032837;0.3651672899723053
0.7934893369674683;0.3680785894393921
0.7923970222473145;0.36779218912124634
0.7940195798873901;0.367114782333374
0.7951835989952087;0.36602675914764404
0.792934000492096;0.3659961223602295
0.7910957336425781;0.36461037397384644
0.7925102114677429;0.36141902208328247
0.7919675707817078;0.36237895488739014
0.7921081781387329;0.367015540599823
0.793887197971344;0.3650950789451599
0.7921336889266968;0.36514490842819214
0.7905609607696533;0.3647732138633728
0.7909956574440002;0.365352988243103
0.7915747761726379;0.36421889066696167
0.792705774307251;0.3657892644405365
0.792955756187439;0.36513572931289673
0.7919436693191528;0.366415798664093
0.7933704853057861;0.36629313230514526
0.792357861995697;0.3652147054672241
0.7932814359664917;0.3670642375946045
0.7917127013206482;0.3655174970626831
0.7933065891265869;0.36569440364837646
0.7932424545288086;0.3657163679599762
0.7916404604911804;0.3651609420776367
0.7917821407318115;0.3644951283931732
0.7915158867835999;0.36457759141921997
0.791060209274292;0.3623740077018738
0.7937209606170654;0.3657896816730499
0.7919336557388306;0.36727070808410645
0.792871356010437;0.3676910400390625
0.7943623661994934;0.37025186419487
0.7949344515800476;0.36661210656166077
0.7925174832344055;0.3598678708076477
0.7914345860481262;0.36455440521240234
0.792143702507019;0.36685049533843994
0.7934281826019287;0.3676756024360657
0.7915356755256653;0.3653625249862671
0.7906721830368042;0.362528920173645
0.7915788888931274;0.36541974544525146
0.7905628681182861;0.3640425205230713
0.7921310663223267;0.3639217019081116
0.7929942607879639;0.3636481761932373
0.792248547077179;0.3650462031364441
0.7932535409927368;0.36796483397483826
0.792380690574646;0.3669121265411377
0.7933178544044495;0.36711302399635315
0.7921126484870911;0.3663216233253479
0.7918190360069275;0.36437487602233887
0.7943861484527588;0.3695303797721863
0.7919231653213501;0.36264991760253906
0.791479766368866;0.3676133155822754
0.7936684489250183;0.3654993176460266
0.792306125164032;0.36628517508506775
0.7932724952697754;0.365328311920166
0.7924020886421204;0.3674229383468628
0.7935987710952759;0.36811840534210205
0.7935513854026794;0.3651561737060547
0.7925177812576294;0.36813417077064514
0.7926485538482666;0.3668070435523987
0.7935100793838501;0.366158127784729
0.7930591106414795;0.3676326870918274
0.7938989996910095;0.3672632575035095
0.7936972975730896;0.36640626192092896
0.7930229902267456;0.3638390898704529
0.7933371067047119;0.36727726459503174
0.79228675365448;0.3666166365146637
0.7926764488220215;0.36707648634910583
0.7917596697807312;0.3642979860305786
0.7918173670768738;0.36680248379707336
0.7918713092803955;0.36363834142684937
0.7923327088356018;0.3669642210006714
0.7930296659469604;0.36668747663497925
0.7957265377044678;0.36876362562179565
0.7931037545204163;0.36653953790664673
0.7929995656013489;0.368070125579834
0.7917492389678955;0.3642458915710449
0.7931056022644043;0.37024402618408203
0.7935037612915039;0.3701738715171814
0.7947799563407898;0.3684501051902771
0.7921321988105774;0.3644501268863678
0.7918206453323364;0.3639664053916931
0.7925006747245789;0.36897704005241394
0.7947702407836914;0.36448609828948975
0.7924897074699402;0.3666155934333801
0.7912347912788391;0.36478090286254883
0.7912205457687378;0.36652159690856934
0.7915626764297485;0.3682698905467987
0.7921304106712341;0.3673242926597595
0.7922516465187073;0.3650372624397278
0.792980432510376;0.36594462394714355
0.7933313846588135;0.3666398525238037
0.7934386134147644;0.36764031648635864
0.7943709492683411;0.36888623237609863
0.7936917543411255;0.36656662821769714
0.7917454838752747;0.36848050355911255
0.7920836210250854;0.3679426312446594
0.7923456430435181;0.36468860507011414
0.7939488887786865;0.36500105261802673
0.7929450273513794;0.3657219111919403
0.7940113544464111;0.367290735244751
0.7933030724525452;0.365833044052124
0.7930357456207275;0.3651515543460846
0.7923164367675781;0.36392515897750854
0.7921220660209656;0.36624330282211304
0.7920114994049072;0.36516523361206055
0.7922645211219788;0.36491477489471436
0.7919617891311646;0.367309033870697
0.7921912670135498;0.36204707622528076
0.7916708588600159;0.36583778262138367
0.7923376560211182;0.36815041303634644
0.7931251525878906;0.36369770765304565
0.7918255925178528;0.36428701877593994
0.7917445302009583;0.3666173219680786
0.7916462421417236;0.36429673433303833
0.7919276356697083;0.36449211835861206
0.7926458120346069;0.3659833073616028
0.791792631149292;0.3651667535305023
0.792871356010437;0.3672941327095032
0.7920798063278198;0.36290889978408813
0.791839599609375;0.36494460701942444
0.7925218939781189;0.3663333058357239
0.7920775413513184;0.3670535087585449
0.7927286624908447;0.36595797538757324
0.7949848771095276;0.3672158718109131
0.7910263538360596;0.3662979006767273
0.7935523390769958;0.3675541281700134
0.7918252944946289;0.36468765139579773
0.7938345670700073;0.36823782324790955
0.7915118932723999;0.3682042062282562
0.792062520980835;0.36682891845703125
0.7924620509147644;0.36496150493621826
0.7923563122749329;0.36571478843688965
0.7916611433029175;0.36483079195022583
0.7928361892700195;0.36457359790802
0.7934893369674683;0.36609965562820435
0.791145384311676;0.36580002307891846
0.792696475982666;0.36388930678367615
0.7910751104354858;0.3653479218482971
0.7915895581245422;0.3669472336769104
0.7925534248352051;0.3670281767845154
0.7923138737678528;0.36623263359069824
0.7933794260025024;0.3637813627719879
0.7948285341262817;0.3655734658241272
0.7926367521286011;0.366321325302124
0.7928526401519775;0.3618260622024536
0.7912933230400085;0.3637787997722626
0.7930050492286682;0.36732959747314453
0.7945937514305115;0.366241991519928
0.7916298508644104;0.36342230439186096
0.7912271618843079;0.366054505109787
0.7929728031158447;0.3645588159561157
0.7927428483963013;0.36740702390670776
0.7924591302871704;0.3657318353652954
0.7912814021110535;0.36618077754974365
0.7936704158782959;0.36586993932724
0.7912687659263611;0.3646875023841858
0.7907323837280273;0.36259007453918457
0.7910076975822449;0.3663238286972046
0.792377233505249;0.3643752634525299
0.7923582792282104;0.36906611919403076
0.791836678981781;0.3640643358230591
0.7924124002456665;0.36653798818588257
0.7918047904968262;0.3609323501586914
0.7921937108039856;0.3637060225009918
0.7941296696662903;0.36733049154281616
0.7925916910171509;0.3635059595108032
0.7907028198242188;0.3642593324184418
0.792310357093811;0.364752858877182
0.7909799814224243;0.3619135022163391
0.7920247316360474;0.3636101186275482
0.7919566035270691;0.3652447462081909
0.7924326658248901;0.3644789755344391
0.7946284413337708;0.3664071261882782
0.7919889092445374;0.3648105263710022
0.7916175127029419;0.3628907799720764
0.7921068668365479;0.36501193046569824
0.7917206287384033;0.3629262447357178
0.7927713394165039;0.36531081795692444
0.7925864458084106;0.36291617155075073
0.7917453050613403;0.36727362871170044
0.7930885553359985;0.36529386043548584
0.7942151427268982;0.36775779724121094
0.7915480136871338;0.3663122057914734
0.791778564453125;0.3636162281036377
0.7932940125465393;0.36720359325408936
0.7953556180000305;0.36850500106811523
0.7920441627502441;0.36527979373931885
0.7936100363731384;0.36844685673713684
0.7912333607673645;0.3646507263183594
0.7916399836540222;0.36417901515960693
0.7913579940795898;0.364104688167572
0.7930724024772644;0.36625438928604126
0.7921044826507568;0.3647591471672058
0.7923520803451538;0.36146771907806396
0.792285680770874;0.3664194345474243
0.7931163311004639;0.3661115765571594
0.7921725511550903;0.3638630211353302
0.7923332452774048;0.3629603981971741
0.7932674884796143;0.3655870258808136
0.7935428023338318;0.3646775484085083
0.7917314767837524;0.36755555868148804
0.7922270894050598;0.36561763286590576
0.7931916117668152;0.36793768405914307
0.7915130853652954;0.364520788192749
0.792548656463623;0.36531227827072144
0.7924041748046875;0.3650798499584198
0.7912601828575134;0.36537766456604004
0.7920078039169312;0.36306601762771606
0.7942274808883667;0.36694836616516113
0.791827917098999;0.36456796526908875
0.79161137342453;0.3631390333175659
0.7916421890258789;0.36267954111099243
0.7922310829162598;0.367423415184021
0.7926766872406006;0.3662540316581726
0.7915211915969849;0.3667680025100708
0.7937496304512024;0.36693206429481506
0.7914714813232422;0.363895982503891
0.7916142344474792;0.36512571573257446
0.7917370200157166;0.3633350133895874
0.7919100522994995;0.3681957721710205
0.7923665046691895;0.36575818061828613
0.7928272485733032;0.3649185299873352
0.7940874099731445;0.3654356002807617
0.7936490774154663;0.3672376871109009
0.7927405834197998;0.3654683232307434
0.7921543121337891;0.3647089898586273
0.79229736328125;0.3673376142978668
0.7918689250946045;0.3647156357765198
0.7929220795631409;0.3651771545410156
0.7914865016937256;0.36513715982437134
0.7914832234382629;0.3657119572162628
0.7932479977607727;0.36802369356155396
0.792189359664917;0.36665111780166626
0.7919238209724426;0.3652583956718445
0.7915164232254028;0.36418503522872925
0.7931792736053467;0.36536502838134766
0.7922701835632324;0.36552006006240845
0.7924569845199585;0.3677671551704407
0.7915452718734741;0.36512869596481323
0.7912262082099915;0.36448508501052856
0.7923786044120789;0.3688216209411621
0.7916852235794067;0.36248111724853516
0.7934105396270752;0.3667799234390259
0.7923636436462402;0.3669534921646118
0.7922333478927612;0.3661941885948181
0.7928652763366699;0.3658888339996338
0.792582631111145;0.36316627264022827
0.7935551404953003;0.36646705865859985
0.7920865416526794;0.3648099899291992
0.790931224822998;0.36363670229911804
0.7923680543899536;0.3648778200149536
0.7918973565101624;0.362470805644989
0.7921973466873169;0.36383235454559326
0.7931341528892517;0.3685527443885803
0.7925620079040527;0.3661597967147827
0.7920749187469482;0.3659271001815796
0.7930619716644287;0.36530226469039917
0.7918125987052917;0.36379218101501465
0.7913182973861694;0.3651288151741028
0.7968055009841919;0.3689982295036316
0.7918621301651001;0.3671562671661377
0.7921306490898132;0.3655793368816376
0.7939757108688354;0.36694127321243286
0.7916853427886963;0.36731186509132385
0.7907131910324097;0.36400604248046875
0.79143887758255;0.36523526906967163
0.7906906604766846;0.36153897643089294
0.7940401434898376;0.36858895421028137
0.7921527624130249;0.36508709192276
0.7919975519180298;0.3630208671092987
0.7918627858161926;0.36439529061317444
0.7943150401115417;0.3694259226322174
0.7940735816955566;0.3689800500869751
0.7932072877883911;0.36994385719299316
0.7942659258842468;0.36700350046157837
0.7923974990844727;0.36667174100875854
0.7936787009239197;0.36547669768333435
0.7944640517234802;0.36627593636512756
0.7926269173622131;0.3662393093109131
0.7941192388534546;0.36577504873275757
0.7919235229492188;0.36156168580055237
0.7924174070358276;0.3656459152698517
0.793338418006897;0.36850252747535706
0.7913022041320801;0.3650893270969391
0.7922474145889282;0.3655073344707489
0.7915372848510742;0.36350223422050476
0.7912998199462891;0.36437228322029114
0.7926530241966248;0.3652164340019226
0.7927409410476685;0.3612724244594574
0.791968822479248;0.36408787965774536
0.7927042245864868;0.36616313457489014
0.7918956875801086;0.3643963038921356
0.7933030724525452;0.36818790435791016
0.7920325398445129;0.36507725715637207
0.792133092880249;0.36536693572998047
0.7926483154296875;0.36507606506347656
0.7916933298110962;0.36480024456977844
0.7942816019058228;0.3664115071296692
0.7914419770240784;0.3628549575805664
0.7923901081085205;0.369536817073822
0.7916784286499023;0.3644329607486725
0.7969281077384949;0.3667396306991577
0.7919720411300659;0.3667472302913666
0.7926251888275146;0.36561423540115356
0.7925679683685303;0.36497896909713745
0.7920749187469482;0.36287879943847656
0.793204128742218;0.3681262731552124
0.7917787432670593;0.36518043279647827
0.7931986451148987;0.3662659525871277
0.7916291952133179;0.3669005036354065
0.792353093624115;0.3688722252845764
0.7915055751800537;0.3640689551830292
0.7929791212081909;0.3665102422237396
0.7920084595680237;0.36643683910369873
0.7934665679931641;0.3687881827354431
0.7924866080284119;0.36541205644607544
0.7937753200531006;0.36691510677337646
0.791890025138855;0.3662456274032593
0.7928315997123718;0.3654283881187439
0.7915657758712769;0.3668651878833771
0.7923399209976196;0.36539578437805176
0.7932566404342651;0.36319416761398315
0.7919843196868896;0.3654879331588745
0.7925002574920654;0.36709579825401306
0.7915345430374146;0.3675571084022522
0.794776439666748;0.36707252264022827
0.7921903133392334;0.3654637336730957
0.7925773859024048;0.36650288105010986
0.7923301458358765;0.3641500473022461
0.7922008037567139;0.3631352186203003
0.7918233871459961;0.36399370431900024
0.7922334671020508;0.365275114774704
0.7925006151199341;0.3667982816696167
0.7926925420761108;0.3623998165130615
0.7932959794998169;0.3658123314380646
0.7915524244308472;0.36334919929504395
0.7920029163360596;0.36565181612968445
0.794373095035553;0.36451292037963867
0.7940123677253723;0.36923402547836304
0.7926253080368042;0.36307549476623535
0.7923842072486877;0.36522239446640015
0.7925696969032288;0.3662395179271698
0.7940565347671509;0.36767563223838806
0.7926228046417236;0.36643826961517334
0.790902853012085;0.3645990490913391
0.7924653887748718;0.36304497718811035
0.7929911017417908;0.36623045802116394
0.7929365634918213;0.3671821653842926
0.7930155992507935;0.3645963668823242
0.7923556566238403;0.36500638723373413
0.7946258783340454;0.3668394684791565
0.7915469408035278;0.3665322959423065
0.7923709750175476;0.3667644262313843
0.7919647693634033;0.36448198556900024
0.7918981909751892;0.36331242322921753
0.7924681305885315;0.36422646045684814
0.7915502786636353;0.36474448442459106
0.7938063144683838;0.367792010307312
0.7937591671943665;0.36700546741485596
0.7924860119819641;0.3624095320701599
0.7924941778182983;0.36734193563461304
0.7933995723724365;0.36424529552459717
0.7932369709014893;0.36537081003189087
0.7931982278823853;0.3657640218734741
0.7920234203338623;0.36510682106018066
0.7919633388519287;0.3654142916202545
0.7924098968505859;0.3667495846748352
0.7910306453704834;0.36420130729675293
0.7914913892745972;0.36340686678886414
0.7931931018829346;0.3673684000968933
0.7922976016998291;0.36393606662750244
0.7914650440216064;0.36281055212020874
0.7922528982162476;0.36209678649902344
0.7923424243927002;0.36422643065452576
0.7918254137039185;0.36363711953163147
0.7906399965286255;0.36400389671325684
0.7929335832595825;0.3667527437210083
0.7922866940498352;0.3637678921222687
0.7932490706443787;0.365669310092926
0.7920567989349365;0.3627694547176361
0.7916730642318726;0.36778491735458374
0.7925314903259277;0.36600154638290405
0.7938897013664246;0.3657134771347046
0.7915876507759094;0.36667150259017944
0.7924314737319946;0.36358678340911865
0.7926874160766602;0.3670654594898224
0.7926608324050903;0.36458152532577515
0.7931154370307922;0.36923354864120483
0.7911107540130615;0.3642178773880005
0.7925371527671814;0.3661651015281677
0.7920681238174438;0.36793577671051025
0.7924168109893799;0.36445415019989014
0.7921028733253479;0.3655485510826111
0.7942078709602356;0.3658201992511749
0.7931287884712219;0.36513152718544006
0.7913681864738464;0.36504924297332764
0.7931029200553894;0.3669084906578064
0.7909016609191895;0.3641768991947174
0.7933694124221802;0.36714860796928406
0.7932685017585754;0.3671276271343231
0.7921161651611328;0.36629512906074524
0.7915651202201843;0.36240774393081665
0.7930581569671631;0.36325207352638245
0.794113039970398;0.3661019504070282
0.7919431328773499;0.36592262983322144
0.7905082702636719;0.3632151484489441
0.7932209968566895;0.3654559254646301
0.7934705018997192;0.36686286330223083
0.7937953472137451;0.36915645003318787
0.7917976379394531;0.36573296785354614
0.7914611101150513;0.3641839623451233
0.7919727563858032;0.3662053644657135
0.7941584587097168;0.3673862814903259
0.7914546728134155;0.3644733130931854
0.7935303449630737;0.36867207288742065
0.7920730710029602;0.36799296736717224
0.7942409515380859;0.36689460277557373
0.7925026416778564;0.36771300435066223
0.7919168472290039;0.3649466037750244
0.7923084497451782;0.36607998609542847
0.791779637336731;0.36416274309158325
0.7935483455657959;0.3664538264274597
0.7936384677886963;0.365745484828949
0.7914393544197083;0.36237001419067383
0.7910926342010498;0.36325764656066895
0.7909330129623413;0.3658745288848877
0.7924659252166748;0.3661496341228485
0.7918731570243835;0.36370766162872314
0.7915412187576294;0.36624953150749207
0.791985273361206;0.36374714970588684
0.7926555871963501;0.36553454399108887
0.793179452419281;0.36336326599121094
0.7931199669837952;0.3694652318954468
0.7924383878707886;0.3674350082874298
0.7917624711990356;0.36342376470565796
0.794657826423645;0.36739498376846313
0.7917856574058533;0.3639940321445465
0.7921097874641418;0.3671386241912842
0.7928093671798706;0.3659300208091736
0.7922543883323669;0.36849603056907654
0.7930762767791748;0.36617109179496765
0.7914261221885681;0.36300644278526306
0.7914350628852844;0.36462587118148804
0.792836606502533;0.365440309047699
0.7925471663475037;0.36324959993362427
0.7913503050804138;0.36438706517219543
0.7911204695701599;0.3655856251716614
0.7933503985404968;0.36443978548049927
0.7935042381286621;0.3683338463306427
0.7943547964096069;0.36687910556793213
0.7919291257858276;0.36671870946884155
0.7922610640525818;0.36172959208488464
0.7948607206344604;0.3682774305343628
0.7922102212905884;0.36705702543258667
0.7913988828659058;0.36644282937049866
0.791562557220459;0.36365365982055664
0.7919493913650513;0.3659104108810425
0.7934867739677429;0.36773550510406494
0.7927441000938416;0.36480316519737244
0.7936888337135315;0.3646783232688904
0.7937310934066772;0.36716604232788086
0.7908477783203125;0.36555635929107666
0.7930335998535156;0.36354905366897583
0.7926758527755737;0.3636377453804016
0.7913122177124023;0.3651975393295288
0.7930939197540283;0.36635294556617737
0.7933212518692017;0.36610153317451477
0.7912541627883911;0.36552709341049194
0.7933897376060486;0.3659958839416504
0.7917100191116333;0.3648762106895447
0.7922356724739075;0.36436042189598083
0.7936719655990601;0.3678555488586426
0.7927247285842896;0.36389878392219543
0.7934390902519226;0.3666357398033142
0.7920767664909363;0.36330628395080566
0.7935276031494141;0.3672374486923218
0.7935168743133545;0.36772099137306213
0.7909191846847534;0.3649609684944153
0.7944337129592896;0.36623615026474
0.7929055690765381;0.36863255500793457
0.7941374778747559;0.36740100383758545
0.7932195067405701;0.36112380027770996
0.7939346432685852;0.36636099219322205
0.7937053442001343;0.3655896484851837
0.7919208407402039;0.365121066570282
0.792769730091095;0.3677756190299988
0.7928211688995361;0.36502891778945923
0.7922369837760925;0.36354437470436096
0.7919628620147705;0.3669915795326233
0.7904198169708252;0.3640122413635254
0.7929812669754028;0.366572767496109
0.7927201390266418;0.36497652530670166
0.7922378778457642;0.3649533987045288
0.791252076625824;0.3643074631690979
0.7936661243438721;0.3672659397125244
0.7927457094192505;0.3652127683162689
0.7925699949264526;0.36352992057800293
0.792274534702301;0.36475232243537903
0.7933247089385986;0.36510854959487915
0.7939149141311646;0.36425483226776123
0.7926059365272522;0.3692033886909485
0.7913349866867065;0.3633697032928467
0.7925705909729004;0.3659839630126953
0.7925751209259033;0.3665202856063843
0.7923192381858826;0.36514729261398315
0.7923500537872314;0.36501359939575195
0.7938045263290405;0.3673931360244751
0.7917881011962891;0.36287277936935425
0.7944607734680176;0.3663470149040222
0.7931792736053467;0.3656887412071228
0.793549656867981;0.3661802411079407
0.7925025820732117;0.3667108416557312
0.7932097315788269;0.36748799681663513
0.7926234006881714;0.36643311381340027
0.7920339107513428;0.365117609500885
0.793083667755127;0.36446136236190796
0.7937512397766113;0.365022212266922
0.7915151119232178;0.3635105490684509
0.7921245098114014;0.36344605684280396
0.7915654182434082;0.3636675477027893
0.7922478318214417;0.3642233610153198
0.7928305268287659;0.365418940782547
0.7923513054847717;0.36474233865737915
0.7929787039756775;0.3670094311237335
0.7926672101020813;0.36686062812805176
0.7925542593002319;0.3673080801963806
0.7937580943107605;0.365963339805603
0.7946697473526001;0.36871179938316345
0.7939174771308899;0.3656541109085083
0.7929315567016602;0.36470454931259155
0.7927675247192383;0.366665244102478
0.7924180030822754;0.36309167742729187
0.7911017537117004;0.36675238609313965
0.7932425141334534;0.3679977059364319
0.7924193143844604;0.36587250232696533
0.7943726778030396;0.3673500418663025
0.7919192910194397;0.3658207952976227
0.7911103367805481;0.36455318331718445
0.7915030717849731;0.3651803731918335
0.7920647263526917;0.3648810386657715
0.7913773655891418;0.36360692977905273
0.7908929586410522;0.3632432222366333
0.7919656038284302;0.36592936515808105
0.7915828227996826;0.36376962065696716
0.7916650772094727;0.3637869358062744
0.7928087711334229;0.3635256290435791
0.7925670146942139;0.36421647667884827
0.7928407192230225;0.3660271465778351
0.7906957864761353;0.362345814704895
0.7925611734390259;0.3645894229412079
0.7961121201515198;0.36718425154685974
0.7936753034591675;0.3670133650302887
0.7915846705436707;0.3659164011478424
0.7918756008148193;0.3641609847545624
0.792495608329773;0.3650386929512024
0.7922956347465515;0.36674776673316956
0.791733980178833;0.36510664224624634
0.7926807999610901;0.364379346370697
0.7911499738693237;0.36364153027534485
0.7916964292526245;0.3640408217906952
0.7920741438865662;0.36535799503326416
0.7938129901885986;0.36571478843688965
0.7913721203804016;0.3647395670413971
0.7935917377471924;0.3672332763671875
0.7931138873100281;0.36670544743537903
0.7926521301269531;0.3663041293621063
0.7923535704612732;0.36397606134414673
0.7940047979354858;0.3667963445186615
0.793204128742218;0.3662795126438141
0.7920659780502319;0.3651707172393799
0.7923521399497986;0.3660655617713928
0.7921389937400818;0.36628463864326477
0.7913327217102051;0.3636813759803772
0.7917928695678711;0.36306703090667725
0.7936491966247559;0.3668214678764343
0.7925958633422852;0.3666641116142273
0.7923405170440674;0.3653374910354614
0.7918355464935303;0.3673401176929474
0.7922082543373108;0.36673539876937866
0.7932259440422058;0.3673999607563019
0.7926436066627502;0.3671492636203766
0.7911115884780884;0.3648781180381775
0.7918369770050049;0.3677802085876465
0.7923367023468018;0.36501753330230713
0.790915846824646;0.3654431998729706
0.7932224869728088;0.36735206842422485
0.7944884300231934;0.36479443311691284
0.7928867936134338;0.3653746247291565
0.7921515107154846;0.3676249384880066
0.7943952679634094;0.3657360374927521
0.7931501865386963;0.36591917276382446
0.7935911417007446;0.36549681425094604
0.7908471822738647;0.3653516173362732
0.7914435267448425;0.36772358417510986
0.7934852838516235;0.3633909821510315
0.7921472787857056;0.36537736654281616
0.792858362197876;0.36588987708091736
0.7922105193138123;0.3640859127044678
0.794937789440155;0.36709433794021606
0.7936516404151917;0.36557281017303467
0.7914831638336182;0.3635539412498474
0.7932244539260864;0.36278796195983887
0.7915099859237671;0.3654353618621826
0.7916792035102844;0.3644029498100281
0.7953042984008789;0.3698703348636627
0.7922259569168091;0.3666163682937622
0.7909914255142212;0.3646179437637329
0.7933168411254883;0.3685193657875061
0.7914071083068848;0.36606210470199585
0.7940031290054321;0.36375516653060913
0.7931873798370361;0.3649219274520874
0.7927564382553101;0.36377066373825073
0.7917499542236328;0.3630128502845764
0.7909157276153564;0.36494752764701843
0.7928161025047302;0.36662209033966064
0.7942669987678528;0.36580416560173035
0.7915921211242676;0.3661011755466461
0.7915160059928894;0.3633829951286316
0.7930964827537537;0.3628661036491394
0.7946943044662476;0.3672686219215393
0.793368935585022;0.36476805806159973
0.7918193340301514;0.3628116846084595
0.7935328483581543;0.36548900604248047
0.793280839920044;0.36622264981269836
0.795181155204773;0.3649032711982727
0.7924096584320068;0.3650846481323242
0.7923920154571533;0.36447179317474365
0.7915933132171631;0.365575909614563
0.7918492555618286;0.36603692173957825
0.7931535840034485;0.3652755618095398
0.7909411191940308;0.3635542690753937
0.792279839515686;0.3681008517742157
0.7920559644699097;0.36639708280563354
0.7931071519851685;0.36650651693344116
0.7927795648574829;0.3651983141899109
0.7924906015396118;0.3638607859611511
0.7930353283882141;0.36534297466278076
0.792637825012207;0.36366939544677734
0.7921352982521057;0.36550432443618774
0.7910756468772888;0.3637509047985077
0.7918920516967773;0.3658651113510132
0.7904108762741089;0.3617273271083832
0.7919926643371582;0.3652382791042328
0.7918034791946411;0.364881694316864
0.792040228843689;0.3656695485115051
0.7923980951309204;0.3663750886917114
0.791297435760498;0.36641979217529297
0.7942922115325928;0.36762070655822754
0.7924402952194214;0.36760413646698
0.792166531085968;0.3644016683101654
0.7919995188713074;0.3658776879310608
0.7923555970191956;0.36715054512023926
0.7915709614753723;0.36337006092071533
0.7911117076873779;0.3635466694831848
0.7931110858917236;0.3634762167930603
0.7919543981552124;0.36330050230026245
0.792113721370697;0.3671470880508423
0.792834997177124;0.3662317395210266
0.7920236587524414;0.3648742437362671
0.7939062118530273;0.36547625064849854
0.79326331615448;0.3641495406627655
0.7916269302368164;0.36383503675460815
0.7938712239265442;0.3636343777179718
0.79167240858078;0.365730881690979
0.793672502040863;0.36786800622940063
0.7925427556037903;0.3628862798213959
0.7924239635467529;0.36641567945480347
0.7937925457954407;0.3666994869709015
0.792847216129303;0.3639213740825653
0.7931087017059326;0.36634689569473267
0.7936769723892212;0.3660636246204376
0.7937010526657104;0.3656293749809265
0.7918698787689209;0.3656190037727356
0.7915729284286499;0.362566202878952
0.7934995889663696;0.3642815053462982
0.7929131984710693;0.367631733417511
0.7915295362472534;0.3631049394607544
0.793367326259613;0.3651523292064667
0.7932498455047607;0.3695792853832245
0.79423987865448;0.36843597888946533
0.7924671173095703;0.36617594957351685
0.7930971384048462;0.3701230585575104
0.7946848273277283;0.36628350615501404
0.7936568260192871;0.36612218618392944
0.7926037311553955;0.3659685254096985
0.7928220629692078;0.3665172755718231
0.7909183502197266;0.36338019371032715
0.7933881282806396;0.3661836087703705
0.7923157215118408;0.3657197952270508
0.7937729358673096;0.36652839183807373
0.7929447293281555;0.36513954401016235
0.7928906083106995;0.3667939603328705
0.7925009727478027;0.36464014649391174
0.7917543053627014;0.3647354245185852
0.7933721542358398;0.36536481976509094
0.7917782068252563;0.36407315731048584
0.7917531728744507;0.36536240577697754
0.7923019528388977;0.3643733263015747
0.7932758927345276;0.365573525428772
0.7916857600212097;0.3649385869503021
0.7927766442298889;0.3642510771751404
0.791569173336029;0.36548346281051636
0.7904458045959473;0.3622899651527405
0.7922531962394714;0.36540520191192627
0.7921328544616699;0.3652719557285309
0.7920380234718323;0.3657701015472412
0.7919982671737671;0.36356690526008606
0.7918059825897217;0.3640705347061157
0.7926982045173645;0.36495131254196167
0.7919056415557861;0.3657285273075104
0.7925784587860107;0.3656230568885803
0.7913686037063599;0.3636607825756073
0.7937031388282776;0.3662879467010498
0.7942560911178589;0.3671343922615051
0.7916401028633118;0.36640316247940063
0.7933254241943359;0.3678514361381531
0.7923619747161865;0.3616566061973572
0.7917479276657104;0.36345231533050537
0.793653130531311;0.3660057485103607
0.7932769656181335;0.3648041784763336
0.7922953963279724;0.36403003334999084
0.7943187355995178;0.36754313111305237
0.7927221655845642;0.36213985085487366
0.7933758497238159;0.3623912036418915
0.7924634218215942;0.3660855293273926
0.7926156520843506;0.36467835307121277
0.790656566619873;0.364195853471756
0.7908898591995239;0.3642125129699707
0.7944115400314331;0.3664628267288208
0.7913608551025391;0.3656727969646454
0.7946715354919434;0.3662136197090149
0.7937427759170532;0.36428549885749817
0.7917042374610901;0.36445358395576477
0.7919749617576599;0.36582130193710327
0.7916781902313232;0.3655815124511719
0.7912843227386475;0.36478957533836365
0.7920953035354614;0.36414286494255066
0.7942664623260498;0.36826735734939575
0.7932412028312683;0.36521071195602417
0.7907394170761108;0.36255067586898804
0.7921426296234131;0.36529451608657837
0.7948230504989624;0.367204487323761
0.7923266291618347;0.36498844623565674
0.7935580015182495;0.36456000804901123
0.7937102913856506;0.3674396872520447
0.7928597927093506;0.3641449511051178
0.7916259765625;0.3638174533843994
0.7920705080032349;0.3624269962310791
0.7924692630767822;0.367129385471344
0.7926373481750488;0.3705619275569916
0.7923442125320435;0.3667398691177368
0.7930892705917358;0.3627301752567291
0.791839599609375;0.36494314670562744
0.7913979291915894;0.3615388572216034
0.7936480045318604;0.3671128749847412
0.7913478016853333;0.36457324028015137
0.7927336692810059;0.3645293712615967
0.7914825081825256;0.3640638291835785
0.7924103140830994;0.3642909526824951
0.7918556928634644;0.3655208349227905
0.7915165424346924;0.3641384243965149
0.7917559146881104;0.36679404973983765
0.7918057441711426;0.3637634515762329
0.7917805910110474;0.3623490333557129
0.7936557531356812;0.3649284243583679
0.7915024161338806;0.36518049240112305
0.7920024394989014;0.3655344247817993
0.7940688133239746;0.36473459005355835
0.79301917552948;0.3649072051048279
0.7929391264915466;0.36614784598350525
0.792293906211853;0.36523008346557617
0.7922939658164978;0.3669111728668213
0.7923769950866699;0.36359167098999023
0.7928034663200378;0.36444446444511414
0.7925447225570679;0.36362510919570923
0.7922462821006775;0.364402174949646
0.791893720626831;0.36546844244003296
0.7918859124183655;0.3651362657546997
0.793766438961029;0.36566004157066345
0.7917807102203369;0.3643774688243866
0.7928770184516907;0.3662676513195038
0.7939525246620178;0.36668717861175537
0.7925109267234802;0.3656962811946869
0.7919043898582458;0.3642235994338989
0.7906787395477295;0.36282655596733093
0.7915756106376648;0.36541223526000977
0.7925745844841003;0.36579689383506775
0.7928317785263062;0.36620235443115234
0.7922251224517822;0.3657711148262024
0.7926170825958252;0.36513713002204895
0.794068455696106;0.3641529679298401
0.7925699353218079;0.36656633019447327
0.7911867499351501;0.3638649582862854
0.7925227284431458;0.3649612069129944
0.7920458316802979;0.3638935387134552
0.7920519113540649;0.3659667372703552
0.7929431796073914;0.36445531249046326
0.7930192351341248;0.36531051993370056
0.7920579314231873;0.36652421951293945
0.792512059211731;0.3641664385795593
0.791674017906189;0.3660236597061157
0.7909916043281555;0.3668068051338196
0.7934452295303345;0.36538299918174744
0.7933679819107056;0.3654877543449402
0.7918426394462585;0.363749623298645
0.7934096455574036;0.36486247181892395
0.7928200960159302;0.3666205406188965
0.7924095988273621;0.36497068405151367
0.7919037342071533;0.36441051959991455
0.7917125821113586;0.3653351664543152
0.7917342185974121;0.36393123865127563
0.7923350930213928;0.3642333745956421
0.7910394072532654;0.3647671341896057
0.7922312021255493;0.3678363561630249
0.7920068502426147;0.3653603792190552
0.7918497323989868;0.36264151334762573
0.7922257781028748;0.36510342359542847
0.7919312119483948;0.36443060636520386
0.7927719354629517;0.36640864610671997
0.7917631268501282;0.36417874693870544
0.7923620939254761;0.3660441040992737
0.7922297716140747;0.36540722846984863
0.7921085357666016;0.3632429838180542
0.7925617098808289;0.3654632866382599
0.7935314774513245;0.3633325397968292
0.7932101488113403;0.36659717559814453
0.7948133945465088;0.36528557538986206
0.7930302619934082;0.3675382137298584
0.7930592894554138;0.3661752939224243
0.7916133403778076;0.3652878999710083
0.791727602481842;0.3635537326335907
0.7918601632118225;0.3642505407333374
0.7918012738227844;0.3627537488937378
0.7931877970695496;0.3645164668560028
0.7923339605331421;0.36505311727523804
0.791898250579834;0.3663557171821594
0.7914456725120544;0.3657742142677307
0.7934393882751465;0.36642879247665405
0.7912708520889282;0.36499980092048645
0.7916133999824524;0.366662859916687
0.7940717339515686;0.365184485912323
0.7928754687309265;0.36543846130371094
0.7923388481140137;0.36458075046539307
0.7909265160560608;0.36803361773490906
0.7914848327636719;0.36364132165908813
0.7934931516647339;0.36595505475997925
0.7919886112213135;0.3645480275154114
0.792471170425415;0.36455607414245605
0.793237030506134;0.3668452799320221
0.7950127124786377;0.36726123094558716
0.7911221981048584;0.36316776275634766
0.7913060188293457;0.3632543087005615
0.7926048040390015;0.36506640911102295
0.7922530174255371;0.3635694086551666
0.7920573949813843;0.36381006240844727
0.7935314774513245;0.36862418055534363
0.7936548590660095;0.36719435453414917
0.7922303676605225;0.36530381441116333
0.7925384640693665;0.3640521168708801
0.792445182800293;0.36792293190956116
0.7932802438735962;0.36567217111587524
0.7926017045974731;0.3654673099517822
0.7910628318786621;0.3662376403808594
0.7916744947433472;0.36524271965026855
0.7920690178871155;0.3634595274925232
0.7913022041320801;0.3632519841194153
0.79193115234375;0.3644861578941345
0.7916831374168396;0.36520761251449585
0.7912456393241882;0.3639218807220459
0.7917464375495911;0.3680311441421509
0.7938345670700073;0.3671761751174927
0.7909108400344849;0.3629756271839142
0.7918059229850769;0.365101158618927
0.7929701805114746;0.3650849461555481
0.7918404340744019;0.366007000207901
0.7908475995063782;0.36420419812202454
0.7935024499893188;0.3648553192615509
0.7927937507629395;0.3657470941543579
0.7921463251113892;0.3644799292087555
0.7940891981124878;0.36751067638397217
0.7919466495513916;0.3675466477870941
0.791388750076294;0.3621903657913208
0.7912711501121521;0.3639093041419983
0.7925468683242798;0.36753153800964355
0.7934744954109192;0.3651244044303894
0.7938259840011597;0.3674851059913635
0.7920759916305542;0.3638766407966614
0.791944682598114;0.36457693576812744
0.7916280627250671;0.3653656840324402
0.7927646636962891;0.36404600739479065
0.7931287884712219;0.3653774559497833
0.7922502756118774;0.36503487825393677
0.7916830778121948;0.36292314529418945
0.7919912338256836;0.3665305972099304
0.7935200929641724;0.36547422409057617
0.7919957637786865;0.36376217007637024
0.7932521104812622;0.3678053021430969
0.7915107011795044;0.36464911699295044
0.7911868691444397;0.36310821771621704
0.7920359969139099;0.36465856432914734
0.792141318321228;0.36684948205947876
0.7921916246414185;0.36432111263275146
0.7923192977905273;0.36176174879074097
0.7931151390075684;0.3648124635219574
0.7940648794174194;0.3673868179321289
0.7925925850868225;0.3632314205169678
0.7916920781135559;0.3656495213508606
0.7921414971351624;0.3658509850502014
0.7921080589294434;0.3633212447166443
0.7914050221443176;0.36600324511528015
0.793348491191864;0.3649144768714905
0.7932019829750061;0.3634679913520813
0.7908900380134583;0.361860454082489
0.7915077805519104;0.3603532910346985
0.7925006151199341;0.36388665437698364
0.7921090722084045;0.3664839267730713
0.7938405871391296;0.36818259954452515
0.7929725646972656;0.36553955078125
0.7922117710113525;0.36519837379455566
0.7934078574180603;0.3633953928947449
0.7927873134613037;0.3620623052120209
0.7923076152801514;0.3631211519241333
0.7938902378082275;0.3656364977359772
0.7915787696838379;0.36456042528152466
0.7918100357055664;0.363544762134552
0.7930675745010376;0.366264283657074
0.7924901247024536;0.36469751596450806
0.7912766933441162;0.36573004722595215
0.7939046025276184;0.3649185299873352
0.7933393716812134;0.36626195907592773
0.792604923248291;0.3666352331638336
0.7922272682189941;0.3656141757965088
0.7930740714073181;0.364554762840271
0.7936556339263916;0.36330029368400574
0.7910213470458984;0.3651501536369324
0.7920722365379333;0.3659098148345947
0.7926226258277893;0.36291587352752686
0.7926082611083984;0.3655714988708496
0.791194498538971;0.36518236994743347
0.792060911655426;0.36707019805908203
0.791388213634491;0.36453181505203247
0.792039155960083;0.3668588697910309
0.7917370796203613;0.36510318517684937
0.7939982414245605;0.3713774085044861
0.7922701835632324;0.36314815282821655
0.7916644811630249;0.3649064898490906
0.7917609810829163;0.36371779441833496
0.791234016418457;0.3618699312210083
0.79316246509552;0.3659643530845642
0.7912492752075195;0.36789992451667786
0.7919527888298035;0.36476564407348633
0.792564868927002;0.36217474937438965
0.7938838601112366;0.3662480413913727
0.7919739484786987;0.3620874285697937
0.7929977774620056;0.3643457889556885
0.7920248508453369;0.3644925355911255
0.7928690910339355;0.3634558916091919
0.7920706272125244;0.36335432529449463
0.7918015718460083;0.36235180497169495
0.7923621535301208;0.36683255434036255
0.7928161025047302;0.36441487073898315
0.7917405366897583;0.3646644949913025
0.7931241989135742;0.3660200834274292
0.7913956642150879;0.3674488365650177
0.7908334732055664;0.3659657835960388
0.7920267581939697;0.3662932813167572
0.7917008399963379;0.3677445948123932
0.79200279712677;0.3638354539871216
0.7941043972969055;0.36688604950904846
0.7936145067214966;0.36317941546440125
0.7919175028800964;0.3668522834777832
0.7922610640525818;0.3680713474750519
0.7927219867706299;0.36594754457473755
0.792432427406311;0.36441871523857117
0.7920771241188049;0.36234790086746216
0.791239321231842;0.36350497603416443
0.793294370174408;0.36743420362472534
0.7922357320785522;0.3652803897857666
0.7918468117713928;0.3651869595050812
0.7931702136993408;0.3656013607978821
0.7920069694519043;0.3613154888153076
0.7916263341903687;0.364104688167572
0.7920788526535034;0.36527055501937866
0.7935906052589417;0.36531591415405273
0.7926669716835022;0.3637107312679291
0.7926119565963745;0.3660091161727905
0.7921828031539917;0.3646751940250397
0.792960524559021;0.3655676245689392
0.7916951179504395;0.3634447455406189
0.7919625043869019;0.36375683546066284
0.7905858755111694;0.36078914999961853
0.7920116186141968;0.36332759261131287
0.7919337749481201;0.3630242347717285
0.7937382459640503;0.36747634410858154
0.7934409379959106;0.365486741065979
0.7929536700248718;0.3640291690826416
0.7927505970001221;0.365866094827652
0.7920302152633667;0.3641681373119354
0.7921462059020996;0.36466509103775024
0.7910867929458618;0.3670479655265808
0.7920315265655518;0.36533427238464355
0.7922547459602356;0.3639855980873108
0.7908375263214111;0.3637124001979828
0.7929783463478088;0.3658156394958496
0.7970720529556274;0.3667594790458679
0.7928168773651123;0.36519065499305725
0.792582631111145;0.3673771917819977
0.7945677638053894;0.3645523190498352
0.7927041053771973;0.3656529486179352
0.7923998832702637;0.36266446113586426
0.7929145097732544;0.3636513948440552
0.7941709756851196;0.36559033393859863
0.7933259606361389;0.3667046129703522
0.7923406362533569;0.3656582832336426
0.7925432920455933;0.3651178479194641
0.7923792004585266;0.3635437488555908
0.7926394939422607;0.36589333415031433
0.7918478846549988;0.36458444595336914
0.7923871874809265;0.36525076627731323
0.7922093272209167;0.3641309440135956
0.7927969694137573;0.3662395477294922
0.7924160957336426;0.3673737943172455
0.7919200658798218;0.3646453619003296
0.7918037176132202;0.3648727536201477
0.7909679412841797;0.3660745620727539
0.7938289642333984;0.362734317779541
0.7927491664886475;0.36618515849113464
0.7919519543647766;0.3632781505584717
0.7927674055099487;0.36464062333106995
0.7912850975990295;0.3649844527244568
0.7917481660842896;0.36501479148864746
0.7916930913925171;0.3653380870819092
0.7915507555007935;0.36487025022506714
0.7918956279754639;0.3643162250518799
0.7933390140533447;0.36664706468582153
0.7916116118431091;0.3633278012275696
0.7913549542427063;0.36239445209503174
0.7916930317878723;0.36477896571159363
0.7926536798477173;0.3647993206977844
0.7928030490875244;0.36299562454223633
0.7926411628723145;0.36364656686782837
0.7923460602760315;0.3669760525226593
0.7914646863937378;0.3636583685874939
0.7928382158279419;0.36322128772735596
0.791021466255188;0.36322644352912903
0.7926425933837891;0.3629801273345947
0.7935034036636353;0.36505842208862305
0.7923564910888672;0.3639218509197235
0.7908232808113098;0.36298951506614685
0.7911984920501709;0.3662615120410919
0.7920495271682739;0.36467230319976807
0.7920014262199402;0.36462339758872986
0.7911602258682251;0.3657815456390381
0.7923721075057983;0.3666183352470398
0.792497992515564;0.3643331825733185
0.7932207584381104;0.36648547649383545
0.7923023700714111;0.3638800382614136
0.7919495701789856;0.3647820055484772
0.7936851382255554;0.36501386761665344
0.7926561236381531;0.3644304871559143
0.7916180491447449;0.3661085367202759
0.7914607524871826;0.36454829573631287
0.7921984195709229;0.36337077617645264
0.7911829948425293;0.36537063121795654
0.7936245799064636;0.3670647144317627
0.7921087145805359;0.3632616400718689
0.7924759984016418;0.36675411462783813
0.7915279269218445;0.3653161823749542
0.7920460104942322;0.3637223541736603
0.7919104695320129;0.36324188113212585
0.7932486534118652;0.36511147022247314
0.7926276922225952;0.36233043670654297
0.7927166223526001;0.36506953835487366
0.7927192449569702;0.36352938413619995
0.7931345701217651;0.36471545696258545
0.7921239137649536;0.3640327453613281
0.7921918630599976;0.3665525019168854
0.7933347225189209;0.365972101688385
0.7923329472541809;0.36261627078056335
0.7915679216384888;0.36427128314971924
0.7918969392776489;0.3617541790008545
0.7915909290313721;0.36498498916625977
0.7911059856414795;0.3645423352718353
0.7921527028083801;0.36512070894241333
0.7919793128967285;0.36390620470046997
0.7923576831817627;0.3622645139694214
0.7919901013374329;0.3632104992866516
0.791556715965271;0.3608940839767456
0.7930165529251099;0.36443549394607544
0.7930708527565002;0.3670150637626648
0.7921688556671143;0.3641250729560852
0.7940376400947571;0.3674609661102295
0.7934021949768066;0.3637091815471649
0.7922274470329285;0.36538177728652954
0.7947565317153931;0.36864566802978516
0.7925893068313599;0.3627478778362274
0.7942142486572266;0.3639860153198242
0.7916092872619629;0.3657706379890442
0.7952253818511963;0.36564886569976807
0.7924426198005676;0.36462581157684326
0.7934359312057495;0.36789703369140625
0.7912003993988037;0.3635927438735962
0.7926889061927795;0.36357760429382324
0.7925094962120056;0.3663049638271332
0.7920125722885132;0.36322975158691406
0.7930787801742554;0.36587297916412354
0.7924762964248657;0.3664855360984802
0.7946878671646118;0.36645910143852234
0.7912964820861816;0.36375927925109863
0.7922239303588867;0.3637460470199585
0.7932862043380737;0.3645300269126892
0.7913917303085327;0.3630235195159912
0.7924791574478149;0.3648185729980469
0.7944267988204956;0.36794066429138184
0.7918219566345215;0.36309683322906494
0.7913704514503479;0.3638150990009308
0.791661262512207;0.36503878235816956
0.7929177284240723;0.3657439053058624
0.7916315793991089;0.3623915910720825
0.791746199131012;0.3672668933868408
0.7928566336631775;0.3645457625389099
0.7932955622673035;0.3678632974624634
0.7917655110359192;0.36532312631607056
0.792113184928894;0.3626662492752075
0.7928178310394287;0.3647218346595764
0.7938330173492432;0.36894047260284424
0.7942863702774048;0.36704838275909424
0.7915158271789551;0.362936407327652
0.7924342155456543;0.36460745334625244
0.7915371656417847;0.36324477195739746
0.791926383972168;0.36540108919143677
0.7927396297454834;0.36470305919647217
0.7925006747245789;0.367486834526062
0.793472945690155;0.3654218912124634
0.7911542654037476;0.3636842370033264
0.7933939695358276;0.36481115221977234
0.7925204038619995;0.364777147769928
0.7912167310714722;0.3628804385662079
0.7929720878601074;0.3662637174129486
0.7919182777404785;0.36309871077537537
0.7914438843727112;0.364324152469635
0.7911847233772278;0.36567455530166626
0.7913458347320557;0.3645433187484741
0.7934544682502747;0.36583542823791504
0.7918241620063782;0.3642358183860779
0.7927196621894836;0.3648781180381775
0.7922039031982422;0.36492639780044556
0.7920786142349243;0.3668549656867981
0.7930449843406677;0.3649289906024933
0.7923921942710876;0.3669528067111969
0.792587399482727;0.36538469791412354
