TV;KL
1.9999850988388062;14.604606628417969
1.7438805103302002;9.413105964660645
1.5600438117980957;7.655102729797363
1.467651128768921;6.738156318664551
1.4207826852798462;6.161678314208984
1.4140692949295044;6.034549713134766
1.3751261234283447;5.651011943817139
1.3540010452270508;5.375759124755859
1.3227596282958984;5.09611701965332
1.2711774110794067;4.710768699645996
1.2614063024520874;4.51309871673584
1.1990182399749756;4.138039588928223
1.1636474132537842;3.911144256591797
1.1495413780212402;3.642078399658203
1.1075223684310913;3.3975963592529297
1.0364530086517334;3.0441806316375732
1.0031315088272095;2.782727003097534
0.9340758323669434;2.405635356903076
0.8960179090499878;2.217590570449829
0.8713454604148865;2.046393394470215
0.8319799900054932;1.8001718521118164
0.7931187152862549;1.672315001487732
0.7326868772506714;1.3991748094558716
0.7188143730163574;1.3431363105773926
0.6852366924285889;1.1913944482803345
0.6391664743423462;1.0280941724777222
0.6134926080703735;0.942643404006958
0.6047784686088562;0.7913967370986938
0.5711103677749634;0.7479740381240845
0.5372955799102783;0.6699056029319763
0.5014731884002686;0.5569412708282471
0.49007803201675415;0.46537265181541443
0.4441128969192505;0.39546912908554077
0.4554807245731354;0.3653309643268585
0.40130966901779175;0.2668280601501465
0.4167673587799072;0.270527184009552
0.38175687193870544;0.23797473311424255
0.36644500494003296;0.21598288416862488
0.35207849740982056;0.18632017076015472
0.32343775033950806;0.15149705111980438
0.3242640495300293;0.15122611820697784
0.31024450063705444;0.12967745959758759
0.3045220673084259;0.10580034554004669
0.2878347635269165;0.09371133148670197
0.2706461548805237;0.10051120817661285
0.2818533182144165;0.09213399142026901
0.2614307403564453;0.08201132714748383
0.26260510087013245;0.0678945928812027
0.24603407084941864;0.06527276337146759
0.24821951985359192;0.0655263140797615
0.2304547131061554;0.05904950574040413
0.24027684330940247;0.0573592446744442
0.22315818071365356;0.054386936128139496
0.23593148589134216;0.05463169515132904
0.22735115885734558;0.05191006138920784
0.24082350730895996;0.05204015225172043
0.22632426023483276;0.04596251621842384
0.2256583869457245;0.04967314004898071
0.21462824940681458;0.046214375644922256
0.22599729895591736;0.049685366451740265
0.2303638756275177;0.04893020540475845
0.22169852256774902;0.04347136244177818
0.2404114007949829;0.04945150017738342
0.2188972532749176;0.04585880786180496
0.22616355121135712;0.04462260380387306
0.22333726286888123;0.04254930466413498
0.22205296158790588;0.044388558715581894
0.21211600303649902;0.04096483811736107
0.22605666518211365;0.045444343239068985
0.22164475917816162;0.04684709757566452
0.2189098447561264;0.04295888915657997
0.22879618406295776;0.04784834384918213
0.21708375215530396;0.04344369098544121
0.22097401320934296;0.04459862411022186
0.22782056033611298;0.0456802099943161
0.2220490574836731;0.043098900467157364
0.22220827639102936;0.045368731021881104
0.22541803121566772;0.04335802048444748
0.2216782420873642;0.042919088155031204
0.2241077870130539;0.04483332484960556
0.2286379337310791;0.04429592192173004
0.22632171213626862;0.046548061072826385
0.21735842525959015;0.04452488571405411
0.21899470686912537;0.0421663336455822
0.22102054953575134;0.04221640154719353
0.22364506125450134;0.04396946728229523
0.22157052159309387;0.04368092492222786
0.22431877255439758;0.042970966547727585
0.22616273164749146;0.044228922575712204
0.22484442591667175;0.04464952275156975
0.22198015451431274;0.044000547379255295
0.2250303030014038;0.045260392129421234
0.21660904586315155;0.04559433460235596
0.22019897401332855;0.042880672961473465
0.21776196360588074;0.043162692338228226
0.2315991222858429;0.046252552419900894
0.22417588531970978;0.04465741664171219
0.22387859225273132;0.041915252804756165
0.21965530514717102;0.04379764199256897
0.22045938670635223;0.04337818920612335
0.22696061432361603;0.04758263751864433
0.22563041746616364;0.04463376849889755
0.2208467423915863;0.041301485151052475
0.2247958928346634;0.04367551952600479
0.21934424340724945;0.04247908294200897
0.2173016369342804;0.04066193476319313
0.21894893050193787;0.0405331626534462
0.22400663793087006;0.04470361769199371
0.22180847823619843;0.0424659363925457
0.22425910830497742;0.04118254780769348
0.2208593785762787;0.04433135688304901
0.22149339318275452;0.04462508112192154
0.2222324162721634;0.04198967292904854
0.22453060746192932;0.04560171067714691
0.22295622527599335;0.045011136680841446
0.21973422169685364;0.04480072483420372
0.21649837493896484;0.04250764474272728
0.22440464794635773;0.04367835074663162
0.22112251818180084;0.04211464524269104
0.21846073865890503;0.04541882872581482
0.21781760454177856;0.04359070956707001
0.2159576714038849;0.04234850034117699
0.21420279145240784;0.038716334849596024
0.22489191591739655;0.044724658131599426
0.22894617915153503;0.0450676865875721
0.22340694069862366;0.04475846886634827
0.23400311172008514;0.04663527011871338
0.21810808777809143;0.04228578507900238
0.21976277232170105;0.040311940014362335
0.22892236709594727;0.043760042637586594
0.2197747826576233;0.04273279011249542
0.22421644628047943;0.044770821928977966
0.22559213638305664;0.04420889541506767
0.2234422266483307;0.04421697556972504
0.218105286359787;0.04499185085296631
0.22787734866142273;0.04429803043603897
0.23037093877792358;0.046896807849407196
0.229185089468956;0.04697025567293167
0.23011481761932373;0.042889535427093506
0.22383081912994385;0.043438781052827835
0.2214738130569458;0.0447530522942543
0.22161631286144257;0.04403633996844292
0.22048811614513397;0.0449787974357605
0.2200656533241272;0.04163679853081703
0.21678157150745392;0.0432305745780468
0.22010573744773865;0.04316198453307152
0.21846888959407806;0.043052516877651215
0.21521829068660736;0.04177234321832657
0.21868081390857697;0.04352704435586929
0.2224893867969513;0.04464366286993027
0.22476066648960114;0.04707079008221626
0.21925972402095795;0.04240911453962326
0.2320287972688675;0.044877879321575165
0.22015374898910522;0.04191458970308304
0.22751206159591675;0.04123862087726593
0.22142526507377625;0.04478408768773079
0.21857455372810364;0.04348868876695633
0.2231925129890442;0.04333953186869621
0.22224172949790955;0.04491574689745903
0.2157832384109497;0.039885956794023514
0.22119930386543274;0.044475704431533813
0.22914035618305206;0.043967749923467636
0.21855472028255463;0.04196455702185631
0.2147035300731659;0.04276352375745773
0.2243589162826538;0.043877799063920975
0.22022375464439392;0.04141479730606079
0.22132450342178345;0.045953720808029175
0.22794952988624573;0.0451015830039978
0.2210695892572403;0.04145985469222069
0.22479745745658875;0.04284286871552467
0.2219468057155609;0.04230566695332527
0.2232949137687683;0.04245087504386902
0.22357046604156494;0.04358234256505966
0.22502575814723969;0.041217975318431854
0.22214171290397644;0.044693004339933395
0.22954776883125305;0.04351413622498512
0.22933605313301086;0.04299647733569145
0.21565285325050354;0.04366930201649666
0.22371593117713928;0.04360995069146156
0.23006555438041687;0.044617779552936554
0.2236589938402176;0.045170996338129044
0.2251875400543213;0.04516012966632843
0.21961894631385803;0.042509522289037704
0.22174763679504395;0.04414660856127739
0.232082337141037;0.04497788846492767
0.22808052599430084;0.047405291348695755
0.22952917218208313;0.045201219618320465
0.2171490341424942;0.04027113690972328
0.2263108193874359;0.047640640288591385
0.2284252643585205;0.045699749141931534
0.23092253506183624;0.04458845034241676
0.21831898391246796;0.04375675693154335
0.2226271629333496;0.043083012104034424
0.22668081521987915;0.04162747412919998
0.21696659922599792;0.043951667845249176
0.22787123918533325;0.045412249863147736
0.2227860391139984;0.04432973265647888
0.22062164545059204;0.04618604853749275
0.21766015887260437;0.04343797266483307
0.21999120712280273;0.04157228022813797
0.2241971343755722;0.043105348944664
0.21855781972408295;0.042193882167339325
0.22046038508415222;0.04495779424905777
0.23323498666286469;0.044586315751075745
0.2211693525314331;0.040416449308395386
0.22382284700870514;0.044513601809740067
0.2201821655035019;0.045218806713819504
0.22890517115592957;0.04475422948598862
0.22107619047164917;0.04282079637050629
0.22804135084152222;0.04167954996228218
0.22643648087978363;0.042793795466423035
0.218324214220047;0.04162556305527687
0.2306670993566513;0.043533436954021454
0.22194907069206238;0.04403461143374443
0.21991902589797974;0.04847729578614235
0.21956051886081696;0.04563862830400467
0.21374177932739258;0.041991956532001495
0.22965653240680695;0.0456385463476181
0.21811552345752716;0.04287537559866905
0.22677603363990784;0.04627348110079765
0.22417333722114563;0.04241953790187836
0.21722117066383362;0.04225796461105347
0.222879096865654;0.04463376849889755
0.22967089712619781;0.0442267507314682
0.22503741085529327;0.043586764484643936
0.22842282056808472;0.04519195854663849
0.22079117596149445;0.04318895936012268
0.22060567140579224;0.04283342882990837
0.22167304158210754;0.046144094318151474
0.21935386955738068;0.043757177889347076
0.22793656587600708;0.04580081254243851
0.21827168762683868;0.043626490980386734
0.22360628843307495;0.046367544680833817
0.22701308131217957;0.04717184603214264
0.2251749038696289;0.04683327674865723
0.22575657069683075;0.04334374517202377
0.219288632273674;0.04380307346582413
0.22124673426151276;0.04234694689512253
0.22527265548706055;0.045053012669086456
0.22611382603645325;0.044860921800136566
0.22343890368938446;0.04650195315480232
0.22361795604228973;0.043763432651758194
0.2187667042016983;0.04172611981630325
0.22550910711288452;0.045239053666591644
0.21385455131530762;0.04266459122300148
0.21762940287590027;0.0458531528711319
0.2203364074230194;0.046572715044021606
0.22741654515266418;0.04352596774697304
0.2243853211402893;0.04441847652196884
0.2248416393995285;0.043209508061409
0.21687334775924683;0.04320826008915901
0.22043973207473755;0.045622508972883224
0.22454261779785156;0.04354355111718178
0.22300541400909424;0.04417494311928749
0.2198484241962433;0.043788254261016846
0.22841735184192657;0.04561234265565872
0.22864140570163727;0.0422990582883358
0.21780182421207428;0.04317561537027359
0.21668335795402527;0.04377258941531181
0.22037261724472046;0.04131043702363968
0.21980167925357819;0.04129841923713684
0.228147491812706;0.04430404305458069
0.21812193095684052;0.04686225205659866
0.22563773393630981;0.04287268966436386
0.22328953444957733;0.04205261543393135
0.21863862872123718;0.04373889043927193
0.22382773458957672;0.04391680657863617
0.22641699016094208;0.04296911507844925
0.21292205154895782;0.03981013596057892
0.21824491024017334;0.04186507314443588
0.21653565764427185;0.039894770830869675
0.21655753254890442;0.04130306839942932
0.22371549904346466;0.04630809277296066
0.22274143993854523;0.04301777109503746
0.21944677829742432;0.04143642634153366
0.22461114823818207;0.04406828433275223
0.22263112664222717;0.04433780908584595
0.23195643723011017;0.04763497784733772
0.22027893364429474;0.0454217866063118
0.21586591005325317;0.04084831476211548
0.2192406952381134;0.04430186003446579
0.2198871225118637;0.043637167662382126
0.22374175488948822;0.04367528483271599
0.22450041770935059;0.04334553703665733
0.2212252914905548;0.0462682768702507
0.2189682424068451;0.044552698731422424
0.22402077913284302;0.04421401023864746
0.22823239862918854;0.0463104285299778
0.22241103649139404;0.04287351295351982
0.22790509462356567;0.04498985782265663
0.22559212148189545;0.04478537663817406
0.21243570744991302;0.03992040455341339
0.2224884331226349;0.04558785259723663
0.22940053045749664;0.048162344843149185
0.22218042612075806;0.0440308041870594
0.21931126713752747;0.0445738211274147
0.22466781735420227;0.04598991572856903
0.22821778059005737;0.04758301377296448
0.22620835900306702;0.04405927658081055
0.21917954087257385;0.042248256504535675
0.22133632004261017;0.044727426022291183
0.2194463014602661;0.043045274913311005
0.22038893401622772;0.04114425554871559
0.22063623368740082;0.04476085305213928
0.21967926621437073;0.04370001330971718
0.22781437635421753;0.048346906900405884
0.2278403490781784;0.043885596096515656
0.22370268404483795;0.043440308421850204
0.22327663004398346;0.04275856539607048
0.2178020477294922;0.04394629970192909
0.22197037935256958;0.04415830969810486
0.2242012470960617;0.04522594064474106
0.22337760031223297;0.04549047350883484
0.21985529363155365;0.042437344789505005
0.22043141722679138;0.04310792312026024
0.23578454554080963;0.04383670166134834
0.22144591808319092;0.04430019482970238
0.21757131814956665;0.04246556758880615
0.221086323261261;0.04517040774226189
0.21970850229263306;0.042215462774038315
0.21759068965911865;0.04200310260057449
0.22313645482063293;0.04277675971388817
0.2179301679134369;0.04204369708895683
0.23117384314537048;0.0445357970893383
0.22593379020690918;0.04385349899530411
0.2203952819108963;0.040807779878377914
0.21829043328762054;0.039510391652584076
0.22280548512935638;0.04260291904211044
0.21860288083553314;0.04420284554362297
0.2165450006723404;0.045825328677892685
0.21547138690948486;0.044456928968429565
0.22045831382274628;0.043806664645671844
0.21724733710289001;0.04123162850737572
0.21691931784152985;0.04136674478650093
0.21825888752937317;0.04364665597677231
0.22256213426589966;0.04682795703411102
0.21824559569358826;0.04131246730685234
0.21855595707893372;0.041739508509635925
0.22470591962337494;0.04222099483013153
0.22307468950748444;0.0428992360830307
0.22087667882442474;0.04313066229224205
0.21687671542167664;0.042145755141973495
0.21791502833366394;0.04298410192131996
0.22869589924812317;0.048350416123867035
0.22542031109333038;0.042849794030189514
0.22212091088294983;0.046781815588474274
0.2315366417169571;0.04543352499604225
0.2171575129032135;0.044602662324905396
0.22604505717754364;0.04395042359828949
0.22085988521575928;0.04296766221523285
0.22387219965457916;0.046930357813835144
0.2214871346950531;0.046043962240219116
0.22634339332580566;0.04472653195261955
0.21935778856277466;0.04264470189809799
0.22147375345230103;0.045558810234069824
0.22904804348945618;0.04447801038622856
0.21994102001190186;0.04496229812502861
0.22298789024353027;0.04393897205591202
0.2201819121837616;0.04388478398323059
0.22123531997203827;0.04833561182022095
0.226796954870224;0.04617892578244209
0.21616418659687042;0.04175363481044769
0.23105822503566742;0.04341036081314087
0.21699309349060059;0.04030001163482666
0.2212190181016922;0.045054562389850616
0.2203567922115326;0.04310253635048866
0.2203802764415741;0.04364093020558357
0.21940235793590546;0.04153383523225784
0.22257773578166962;0.04434407874941826
0.219177708029747;0.04418499395251274
0.21933475136756897;0.04447663575410843
0.22548645734786987;0.04526244103908539
0.22400584816932678;0.04607093334197998
0.22466707229614258;0.04703753814101219
0.21758420765399933;0.0413920059800148
0.2206674963235855;0.044754110276699066
0.2268013060092926;0.043393224477767944
0.2229500710964203;0.043664079159498215
0.2146245539188385;0.042360249906778336
0.22970044612884521;0.04566482827067375
0.2200402021408081;0.04301674664020538
0.22510334849357605;0.043583594262599945
0.23498032987117767;0.04843340069055557
0.2138325572013855;0.042700085788965225
0.22167125344276428;0.04133181273937225
0.2225772738456726;0.04482961446046829
0.22004291415214539;0.04357178136706352
0.21698331832885742;0.043876513838768005
0.22632330656051636;0.044116951525211334
0.2277033030986786;0.04237145185470581
0.2213742733001709;0.042601246386766434
0.22751399874687195;0.044472143054008484
0.21725668013095856;0.04379159212112427
0.22349752485752106;0.0429665669798851
0.2253890037536621;0.04558239132165909
0.22017735242843628;0.04292839765548706
0.2164163887500763;0.041683442890644073
0.21567726135253906;0.04039819538593292
0.22201496362686157;0.04349759966135025
0.21935586631298065;0.04256068915128708
0.2107006162405014;0.040457144379615784
0.22111518681049347;0.04387681558728218
0.21661511063575745;0.041196566075086594
0.2253548949956894;0.04303155466914177
0.22113241255283356;0.043989211320877075
0.22509080171585083;0.04300336539745331
0.22024817764759064;0.044356945902109146
0.21718639135360718;0.04095776379108429
0.22795192897319794;0.045035772025585175
0.2216191440820694;0.043554484844207764
0.2267381250858307;0.04495459794998169
0.21699050068855286;0.04122278466820717
0.22091475129127502;0.04429858177900314
0.2237415611743927;0.04792746156454086
0.21900010108947754;0.04292573407292366
0.21914441883563995;0.04288250207901001
0.22022825479507446;0.041425369679927826
0.2335330992937088;0.04661548510193825
0.22005030512809753;0.04426093026995659
0.21236848831176758;0.04310056194663048
0.21906989812850952;0.04594889655709267
0.2145707905292511;0.042175453156232834
0.2200319916009903;0.043113093823194504
0.21887502074241638;0.04209332913160324
0.21972817182540894;0.042638860642910004
0.21628612279891968;0.04075563699007034
0.22208210825920105;0.04391327127814293
0.224948450922966;0.04627400264143944
0.2255864441394806;0.04403887689113617
0.22237299382686615;0.042636699974536896
0.21862629055976868;0.04236476495862007
0.22766990959644318;0.0472247339785099
0.22013039886951447;0.044284433126449585
0.2163296639919281;0.04423360526561737
0.2239755243062973;0.045776836574077606
0.22582176327705383;0.04701721668243408
0.22594858705997467;0.04413444921374321
0.2173127830028534;0.044140107929706573
0.22111399471759796;0.04277990013360977
0.22348177433013916;0.045021746307611465
0.21569852530956268;0.04168270528316498
0.21795132756233215;0.043854087591171265
0.23034316301345825;0.043490711599588394
0.22141778469085693;0.04329651594161987
0.2312106490135193;0.04602653160691261
0.22083896398544312;0.04582938551902771
0.2241857498884201;0.04378857463598251
0.22455021739006042;0.0430695004761219
0.2308957576751709;0.047965772449970245
0.2352972775697708;0.045045629143714905
0.2149442881345749;0.04045702517032623
0.21965697407722473;0.04318038746714592
0.23055234551429749;0.04450840502977371
0.22720511257648468;0.04114334657788277
0.2245878279209137;0.04275565966963768
0.2169211357831955;0.04210745915770531
0.22889743745326996;0.049522366374731064
0.21855488419532776;0.04322636127471924
0.23109261691570282;0.041193637996912
0.21735675632953644;0.0417504757642746
0.22484207153320312;0.042033351957798004
0.22472330927848816;0.04156562685966492
0.21960048377513885;0.042427778244018555
0.21876288950443268;0.045297443866729736
0.21912020444869995;0.04291278123855591
0.2257401943206787;0.04288911819458008
0.2222837209701538;0.042664289474487305
0.21652738749980927;0.044063858687877655
0.2187536209821701;0.043615397065877914
0.2233763337135315;0.043431587517261505
0.21677061915397644;0.04169510304927826
0.21725448966026306;0.045317765325307846
0.2155289351940155;0.03994163125753403
0.21392187476158142;0.0425092875957489
0.22804072499275208;0.04613599181175232
0.22540780901908875;0.044991523027420044
0.22620519995689392;0.04747844114899635
0.21816682815551758;0.04148246720433235
0.2156895101070404;0.043323639780282974
0.22179549932479858;0.042001210153102875
0.21368709206581116;0.04265407845377922
0.22023531794548035;0.044285524636507034
0.2250950187444687;0.04306633770465851
0.2145686149597168;0.04406623914837837
0.21601758897304535;0.04272390529513359
0.2170681357383728;0.03972364217042923
0.226882666349411;0.04365807771682739
0.21939891576766968;0.03911594673991203
0.2282627671957016;0.04425756633281708
0.22398443520069122;0.044539324939250946
0.21601718664169312;0.04052111506462097
0.22117911279201508;0.04321451112627983
0.21851329505443573;0.042603395879268646
0.21930332481861115;0.042386312037706375
0.2234550416469574;0.046568844467401505
0.21961642801761627;0.042461857199668884
0.22131185233592987;0.044059593230485916
0.218928262591362;0.04121173545718193
0.22160685062408447;0.04604756087064743
0.2250475436449051;0.04515549913048744
0.22184112668037415;0.04183735325932503
0.21376098692417145;0.04091488569974899
0.21969814598560333;0.04447837546467781
0.22439506649971008;0.043256308883428574
0.22253409028053284;0.045912161469459534
0.22006931900978088;0.04434744641184807
0.21823200583457947;0.042884860187768936
0.2194496989250183;0.04131230339407921
0.21666420996189117;0.04198416694998741
0.22537149488925934;0.04094899445772171
0.22266152501106262;0.04244299605488777
0.21523386240005493;0.04228997230529785
0.21934854984283447;0.04200016334652901
0.2267882376909256;0.04185963794589043
0.22662439942359924;0.04573677480220795
0.21601924300193787;0.04040669649839401
0.2207304835319519;0.04246695339679718
0.2176285982131958;0.04540140926837921
0.2127101868391037;0.042733918875455856
0.22083762288093567;0.041973769664764404
0.22278012335300446;0.04336297884583473
0.22203615307807922;0.041359640657901764
0.21864739060401917;0.04571149870753288
0.2208476960659027;0.042091935873031616
0.22123102843761444;0.0431496724486351
0.22451117634773254;0.04325946792960167
0.21763014793395996;0.040831174701452255
0.22112630307674408;0.04284690320491791
0.2188633531332016;0.043413855135440826
0.2226032167673111;0.04428579658269882
0.22927874326705933;0.043643467128276825
0.2212096005678177;0.0428609661757946
0.22162634134292603;0.04292600229382515
0.2216796725988388;0.0432031974196434
0.21937981247901917;0.04138881713151932
0.22256605327129364;0.043760932981967926
0.2236340194940567;0.046248696744441986
0.21152342855930328;0.04187231883406639
0.22214451432228088;0.04337213933467865
0.2235388159751892;0.045109644532203674
0.21933618187904358;0.0453285276889801
0.21671812236309052;0.04143156856298447
0.22589869797229767;0.044959843158721924
0.21807798743247986;0.04345303401350975
0.2175513356924057;0.04349127039313316
0.21591190993785858;0.0422828309237957
0.22523079812526703;0.043731849640607834
0.21467073261737823;0.03979935497045517
0.2169269323348999;0.04035307466983795
0.21679797768592834;0.04205901175737381
0.22189955413341522;0.04587665572762489
0.224434494972229;0.0452214851975441
0.21793977916240692;0.043867532163858414
0.2232544720172882;0.04326118156313896
0.21078285574913025;0.04244790971279144
0.22635386884212494;0.04436477646231651
0.22136017680168152;0.041058652102947235
0.22010737657546997;0.04095634073019028
0.21522396802902222;0.04186367616057396
0.21688701212406158;0.04242175072431564
0.22394037246704102;0.04376847296953201
0.22378873825073242;0.04649597033858299
0.22596102952957153;0.04626602306962013
0.2203899621963501;0.04232421889901161
0.22871604561805725;0.04219229519367218
0.22423115372657776;0.04607140272855759
0.218032106757164;0.04029299318790436
0.21417401731014252;0.038124069571495056
0.2207970917224884;0.04417219012975693
0.2199164777994156;0.040668077766895294
0.2165384292602539;0.04062703251838684
0.22034558653831482;0.04319009184837341
0.21751002967357635;0.0431331992149353
0.21879810094833374;0.04140227660536766
0.2203332483768463;0.04418462887406349
0.21764080226421356;0.044413212686777115
0.21701088547706604;0.04279926046729088
0.2220519334077835;0.04332902655005455
0.21877743303775787;0.04061094671487808
0.22473955154418945;0.04466933757066727
0.2191588133573532;0.04294726252555847
0.22813107073307037;0.04302606359124184
0.21572110056877136;0.0394897535443306
0.22421133518218994;0.042198020964860916
0.21807006001472473;0.04392760246992111
0.2121674120426178;0.04116785153746605
0.21645310521125793;0.04050984978675842
0.2168426811695099;0.04305576905608177
0.21999850869178772;0.04398679733276367
0.22839337587356567;0.045699942857027054
0.2187894880771637;0.043245092034339905
0.22179824113845825;0.045423269271850586
0.2179342657327652;0.04023520648479462
0.2263234555721283;0.04683142155408859
0.2172660231590271;0.04344017431139946
0.2214665710926056;0.04267260432243347
0.21951717138290405;0.042561013251543045
0.22106607258319855;0.04225780814886093
0.22780174016952515;0.04279478266835213
0.2139986753463745;0.042904749512672424
0.21832367777824402;0.04310492053627968
0.2122008353471756;0.04100169986486435
0.22081655263900757;0.04278131574392319
0.23022401332855225;0.04538487643003464
0.2206844687461853;0.04130040481686592
0.22246776521205902;0.04484873265028
0.2183612883090973;0.04076570272445679
0.2152910828590393;0.04405363276600838
0.22049862146377563;0.043639637529850006
0.21343204379081726;0.04031974449753761
0.21901214122772217;0.040775805711746216
0.2206725925207138;0.04246962070465088
0.21455639600753784;0.041047580540180206
0.22754023969173431;0.04336271807551384
0.224699929356575;0.042856551706790924
0.221613347530365;0.04413044452667236
0.2240426242351532;0.0427606962621212
0.22247597575187683;0.045839667320251465
0.219315767288208;0.047394171357154846
0.21619775891304016;0.04437161982059479
0.22420930862426758;0.04407121613621712
0.21892303228378296;0.0435032919049263
0.2180749475955963;0.04273921251296997
0.22621268033981323;0.04373657703399658
0.22491011023521423;0.04671337828040123
0.219102680683136;0.04534434899687767
0.21911495923995972;0.04261704161763191
0.21433790028095245;0.04267024248838425
0.21709761023521423;0.039800070226192474
0.2190345674753189;0.043918974697589874
0.21611693501472473;0.04076545685529709
0.21490731835365295;0.03904096409678459
0.21414589881896973;0.04232312738895416
0.21309052407741547;0.04229321330785751
0.21723681688308716;0.041897304356098175
0.22398880124092102;0.04637261480093002
0.21103614568710327;0.04196682944893837
0.22253641486167908;0.042750369757413864
0.21619495749473572;0.04124998301267624
0.22941933572292328;0.04525907710194588
0.22150631248950958;0.043295785784721375
0.22267837822437286;0.043054234236478806
0.21430248022079468;0.04206569492816925
0.21654248237609863;0.042919036000967026
0.22067734599113464;0.043803125619888306
0.22323797643184662;0.042362213134765625
0.21312545239925385;0.04230926185846329
0.22192807495594025;0.04487492889165878
0.2190176248550415;0.04547833651304245
0.222763329744339;0.044050998985767365
0.22053664922714233;0.040713120251894
0.2200159877538681;0.04208539426326752
0.22171691060066223;0.044191211462020874
0.22222121059894562;0.04441880062222481
0.22463378310203552;0.049485284835100174
0.22368338704109192;0.04356154426932335
0.22422175109386444;0.044343095272779465
0.21307796239852905;0.04118456691503525
0.2193012237548828;0.043019991368055344
0.21329692006111145;0.03964824974536896
0.22181177139282227;0.04273286834359169
0.21386118233203888;0.042960844933986664
0.2252148687839508;0.04648132249712944
0.21713942289352417;0.04312733933329582
0.2261761575937271;0.04421593248844147
0.2185024917125702;0.04334058612585068
0.22097420692443848;0.043345168232917786
0.22701938450336456;0.04294261336326599
0.21803325414657593;0.0433025062084198
0.21012482047080994;0.039510708302259445
0.21809187531471252;0.04224829375743866
0.22051890194416046;0.0421837717294693
0.21563677489757538;0.04054945707321167
0.21779030561447144;0.04362030699849129
0.2276879996061325;0.0412001796066761
0.21798503398895264;0.04471251368522644
0.21615688502788544;0.040998540818691254
0.22387781739234924;0.04475467652082443
0.22111278772354126;0.04226941615343094
0.22075502574443817;0.04200126603245735
0.2201024293899536;0.042894694954156876
0.21824653446674347;0.043694209307432175
0.22078168392181396;0.044790178537368774
0.2277730107307434;0.04395580291748047
0.21354758739471436;0.039564117789268494
0.21947914361953735;0.04236596077680588
0.2167283594608307;0.04212675988674164
0.221966952085495;0.040333617478609085
0.22290736436843872;0.04100049287080765
0.2273842841386795;0.04400229454040527
0.21879352629184723;0.040167227387428284
0.21879060566425323;0.04428543150424957
0.21607336401939392;0.04555796831846237
0.2213626503944397;0.044882941991090775
0.21977044641971588;0.04344206303358078
0.2201620638370514;0.04301298037171364
0.2255050092935562;0.043009139597415924
0.23022758960723877;0.044274747371673584
0.22503265738487244;0.0434252992272377
0.21350933611392975;0.03921893611550331
0.21574528515338898;0.04077427461743355
0.2206006944179535;0.04289039969444275
0.2237403839826584;0.04416560381650925
0.2217949777841568;0.04438275843858719
0.22018402814865112;0.042119115591049194
0.21860644221305847;0.04279136657714844
0.21704840660095215;0.04162121191620827
0.21880067884922028;0.04501929134130478
0.21471314132213593;0.04200141131877899
0.22164475917816162;0.04296191781759262
0.21901211142539978;0.04219352826476097
0.22360220551490784;0.042171549052000046
0.21212469041347504;0.03849349170923233
0.21659955382347107;0.040730997920036316
0.22511427104473114;0.04188606142997742
0.21645653247833252;0.04443756118416786
0.22088778018951416;0.04237436503171921
0.2167702168226242;0.041248880326747894
0.23682141304016113;0.049134884029626846
0.21746641397476196;0.043413300067186356
0.22054030001163483;0.04449429735541344
0.22007709741592407;0.0423830971121788
0.22336821258068085;0.04438314959406853
0.21655221283435822;0.04279734566807747
0.22401238977909088;0.04456966370344162
0.21569062769412994;0.041016411036252975
0.23067691922187805;0.04391958937048912
0.21906602382659912;0.04296362027525902
0.22089345753192902;0.043401576578617096
0.22590729594230652;0.043967317789793015
0.2168327271938324;0.04390092194080353
0.22166728973388672;0.042310185730457306
0.22350260615348816;0.043099790811538696
0.21429860591888428;0.04150789976119995
0.22240346670150757;0.044302597641944885
0.21867485344409943;0.04345521703362465
0.21799209713935852;0.042979080229997635
0.21559691429138184;0.041295647621154785
0.2204274833202362;0.041885241866111755
0.21731188893318176;0.044613294303417206
0.21220752596855164;0.039801694452762604
0.22573570907115936;0.04513072222471237
0.21945130825042725;0.04459475725889206
0.21805936098098755;0.041851773858070374
0.2207093983888626;0.04093107953667641
0.22531753778457642;0.04406363517045975
0.21318194270133972;0.042534440755844116
0.22140702605247498;0.04543759301304817
0.22161026298999786;0.041390351951122284
0.2106962352991104;0.038666822016239166
0.21489334106445312;0.04029957205057144
0.21012715995311737;0.042270708829164505
0.22625263035297394;0.043241944164037704
0.21544736623764038;0.042741358280181885
0.2231883853673935;0.04271655157208443
0.22138215601444244;0.043970197439193726
0.22548559308052063;0.0471668541431427
0.2159351259469986;0.04229696840047836
0.21816182136535645;0.043184638023376465
0.21505577862262726;0.04231970012187958
0.21671384572982788;0.039791397750377655
0.21941125392913818;0.04412950575351715
0.2211829125881195;0.042689248919487
0.2179134339094162;0.04439862072467804
0.2158668488264084;0.041685253381729126
0.21495389938354492;0.043995004147291183
0.22029119729995728;0.044489867985248566
0.2202693670988083;0.04344535991549492
0.21800313889980316;0.04298212379217148
0.21678563952445984;0.04215158522129059
0.22094503045082092;0.04300665482878685
0.21412044763565063;0.04105892777442932
0.2137862890958786;0.041161954402923584
0.2192886918783188;0.04295773804187775
0.2180074155330658;0.043430645018815994
0.2186550796031952;0.04262027144432068
0.22267909348011017;0.04344184324145317
0.2159826010465622;0.043105922639369965
0.21779823303222656;0.04018088057637215
0.21524536609649658;0.03956606611609459
0.22238589823246002;0.04337392747402191
0.2197631150484085;0.046216726303100586
0.21468710899353027;0.04253619909286499
0.21836769580841064;0.04218605160713196
0.22857120633125305;0.04417469725012779
0.22687944769859314;0.046785153448581696
0.22471469640731812;0.043021608144044876
0.21482715010643005;0.04237433522939682
0.22071099281311035;0.041390351951122284
0.21844086050987244;0.04260856285691261
0.21370291709899902;0.04018593579530716
0.21972057223320007;0.04540602117776871
0.21304790675640106;0.04186180233955383
0.2168084681034088;0.04342751204967499
0.21844184398651123;0.04319966956973076
0.21405205130577087;0.04202866181731224
0.22456291317939758;0.04407154768705368
0.21762673556804657;0.04220248758792877
0.21521826088428497;0.041556406766176224
0.22553309798240662;0.041541680693626404
0.21802562475204468;0.04196377471089363
0.22602492570877075;0.04450727254152298
0.21820864081382751;0.043222907930612564
0.21919578313827515;0.04277690872550011
0.21882539987564087;0.04222014918923378
0.21472370624542236;0.04118286073207855
0.2237609177827835;0.04172081500291824
0.22884222865104675;0.0450761653482914
0.21970286965370178;0.043791335076093674
0.21532796323299408;0.04303452745079994
0.21250566840171814;0.041791826486587524
0.21979501843452454;0.0411420576274395
0.22349850833415985;0.04796828329563141
0.22978195548057556;0.046749867498874664
0.22127622365951538;0.04385092481970787
0.2183723896741867;0.04291332885622978
0.21518030762672424;0.04238971695303917
0.22136639058589935;0.04333372414112091
0.21966153383255005;0.045154497027397156
0.21031704545021057;0.04061271250247955
0.21433793008327484;0.04084613919258118
0.21671590209007263;0.04458335041999817
0.21654930710792542;0.0404922291636467
0.21597892045974731;0.043832436203956604
0.22087740898132324;0.04335172846913338
0.21322989463806152;0.03948725387454033
0.22106868028640747;0.04246988520026207
0.21948206424713135;0.03873994201421738
0.21897797286510468;0.041737355291843414
0.22284430265426636;0.045224327594041824
0.22088725864887238;0.04193652421236038
0.2149285525083542;0.04176994785666466
0.21527200937271118;0.04222641885280609
0.22990916669368744;0.04288593679666519
0.21897119283676147;0.042230814695358276
0.2179822325706482;0.04415985196828842
0.2148086130619049;0.04081949591636658
0.22378408908843994;0.04315140098333359
0.21920987963676453;0.04146075248718262
0.21830478310585022;0.04046977311372757
0.21017327904701233;0.04107315465807915
0.21445436775684357;0.04398241639137268
0.21136827766895294;0.03845628350973129
0.21870523691177368;0.04151298478245735
0.22279351949691772;0.04418954998254776
0.2110927700996399;0.03975502401590347
0.22384600341320038;0.042506732046604156
0.21842551231384277;0.04578077420592308
0.22041502594947815;0.04181114211678505
0.21038471162319183;0.039843566715717316
0.22383923828601837;0.04377441480755806
0.2167035937309265;0.04227273166179657
0.214777871966362;0.04419476538896561
0.21631065011024475;0.04095422476530075
0.22014865279197693;0.04053126648068428
0.22070538997650146;0.04146943986415863
0.22497676312923431;0.04477962106466293
0.2207666039466858;0.04310827702283859
0.2257348597049713;0.04249533265829086
0.21273334324359894;0.03898926451802254
0.2261877804994583;0.04431137815117836
0.22813770174980164;0.0463474802672863
0.2197752594947815;0.041319798678159714
0.21823091804981232;0.043292976915836334
0.21872107684612274;0.041129302233457565
0.2166222631931305;0.04171207174658775
0.22251354157924652;0.047119781374931335
0.21919220685958862;0.04570365324616432
0.22012647986412048;0.04275604337453842
0.2150564342737198;0.04299362003803253
0.21323752403259277;0.041290704160928726
0.21205759048461914;0.0423424169421196
0.21512065827846527;0.042212821543216705
0.21924206614494324;0.04456888139247894
0.21550175547599792;0.041476812213659286
0.21623362600803375;0.04166349768638611
0.22081634402275085;0.043840087950229645
0.21501076221466064;0.04537879303097725
0.22294872999191284;0.045669443905353546
0.21104595065116882;0.041510701179504395
0.22218668460845947;0.04212212562561035
0.22757522761821747;0.04775698855519295
0.2134142518043518;0.04168010875582695
0.21338213980197906;0.042079634964466095
0.22017574310302734;0.0451325923204422
0.21604476869106293;0.04140382260084152
0.21804647147655487;0.04167808219790459
0.21332091093063354;0.039990805089473724
0.21048708260059357;0.04229451343417168
0.22986122965812683;0.04367190599441528
0.22927327454090118;0.04293432459235191
0.2206953763961792;0.04232155531644821
0.21616604924201965;0.041387952864170074
0.21647220849990845;0.04128694161772728
0.21448418498039246;0.03985481336712837
0.21853318810462952;0.0422789640724659
0.2237144410610199;0.04010631889104843
0.2164798527956009;0.04127606004476547
0.21567106246948242;0.04148619621992111
0.21557173132896423;0.042025428265333176
0.21785365045070648;0.04069424793124199
0.2274778187274933;0.04315953701734543
0.2195242941379547;0.04158739000558853
0.21161359548568726;0.04279859736561775
0.21543270349502563;0.04284476488828659
0.21855510771274567;0.04267324134707451
0.22194784879684448;0.04414447024464607
0.2163253277540207;0.04138530045747757
0.21603171527385712;0.04362683370709419
0.21765360236167908;0.04180984944105148
0.21699711680412292;0.04314472898840904
0.2234109491109848;0.040273960679769516
0.22226831316947937;0.0439351424574852
0.2169182449579239;0.04031369835138321
0.21505233645439148;0.04136761650443077
0.21354037523269653;0.04353264719247818
0.21485082805156708;0.04029732570052147
0.22178174555301666;0.044831857085227966
0.2238306850194931;0.045239806175231934
0.21217858791351318;0.04122745990753174
0.21881401538848877;0.04384233430027962
0.22483229637145996;0.04443807154893875
0.21725398302078247;0.042769040912389755
0.2126609981060028;0.042613595724105835
0.21138790249824524;0.03974827006459236
0.21671870350837708;0.04076667129993439
0.2144244760274887;0.040592871606349945
0.21465684473514557;0.03993300721049309
0.2162644863128662;0.03929033502936363
0.2164618968963623;0.043178871273994446
0.21910052001476288;0.04400692507624626
0.21644224226474762;0.04220828786492348
0.21844325959682465;0.04264502599835396
0.21516676247119904;0.04357706755399704
0.21325795352458954;0.04077952727675438
0.2143440544605255;0.04250499606132507
0.21644067764282227;0.04242505505681038
0.2234620302915573;0.04150191694498062
0.21535617113113403;0.042028866708278656
0.22474946081638336;0.04254397004842758
0.2204255908727646;0.043910909444093704
0.21966552734375;0.04265117272734642
0.21900416910648346;0.04145718365907669
0.21036571264266968;0.03790400177240372
0.21073751151561737;0.040691010653972626
0.2169019728899002;0.04104682058095932
0.21526846289634705;0.04094846174120903
0.2227591574192047;0.042931586503982544
0.21173395216464996;0.039872679859399796
0.21975265443325043;0.041699107736349106
0.21650733053684235;0.042409054934978485
0.2139822095632553;0.03999759629368782
0.2168692648410797;0.04142073541879654
0.21266575157642365;0.04133477061986923
0.22152739763259888;0.04571159556508064
0.21518436074256897;0.04113862290978432
0.2128751277923584;0.04025515168905258
0.2127397507429123;0.04063206911087036
0.21547117829322815;0.04113547503948212
0.21345895528793335;0.04499372839927673
0.21374866366386414;0.043626222759485245
0.2126753330230713;0.04047396779060364
0.22293835878372192;0.0418960303068161
0.21747063100337982;0.04265666380524635
0.21857404708862305;0.04028225317597389
0.21601612865924835;0.04270196333527565
0.21746711432933807;0.040126606822013855
0.21861475706100464;0.04087529331445694
0.21016350388526917;0.04176398739218712
0.21393463015556335;0.04005931690335274
0.22339066863059998;0.044349491596221924
0.21780505776405334;0.0411972850561142
0.2121032178401947;0.041069842875003815
0.22535300254821777;0.04757273197174072
0.21811150014400482;0.04349856078624725
0.22290191054344177;0.043542541563510895
0.21587951481342316;0.04065738245844841
0.22052001953125;0.043928928673267365
0.20971788465976715;0.03931017965078354
0.21285799145698547;0.041600290685892105
0.21791961789131165;0.042195677757263184
0.21579572558403015;0.04179541766643524
0.21485334634780884;0.03960133343935013
0.220435231924057;0.039402928203344345
0.21275608241558075;0.039660144597291946
0.20809289813041687;0.039309948682785034
0.22120468318462372;0.043775103986263275
0.21804530918598175;0.04112742096185684
0.21675992012023926;0.03943505138158798
0.21601268649101257;0.041147712618112564
0.21561111509799957;0.043976910412311554
0.2199687957763672;0.04212859645485878
0.21296370029449463;0.03905606269836426
0.22450512647628784;0.04042673856019974
0.2270735651254654;0.044462066143751144
0.2201385200023651;0.04344632104039192
0.21181240677833557;0.04053504019975662
0.212283194065094;0.042063839733600616
0.2134857177734375;0.04117913916707039
0.21300095319747925;0.0400722362101078
0.21495136618614197;0.04273291304707527
0.21955440938472748;0.04262619465589523
0.22185781598091125;0.043087467551231384
0.22752311825752258;0.04148033261299133
0.21092155575752258;0.041117824614048004
0.21241262555122375;0.04200209677219391
0.21862958371639252;0.04140806198120117
0.21311093866825104;0.04148073494434357
0.2161838710308075;0.04148293659090996
0.21850916743278503;0.04233969375491142
0.21525795757770538;0.04090104252099991
0.2202681005001068;0.04170536994934082
0.2153232991695404;0.04123954474925995
0.21168221533298492;0.040227096527814865
0.2131260335445404;0.0435134693980217
0.20852988958358765;0.04112257808446884
0.22564314305782318;0.04216492921113968
0.21401648223400116;0.043106816709041595
0.20908087491989136;0.04122014343738556
0.2116626352071762;0.039707452058792114
0.2188299000263214;0.04240536689758301
0.21479617059230804;0.04190930351614952
0.21992619335651398;0.043149303644895554
0.21878258883953094;0.04005945101380348
0.2179596871137619;0.04234490543603897
0.2225738763809204;0.04048894718289375
0.2254902422428131;0.04161384701728821
0.2159353792667389;0.04398655146360397
0.2173951119184494;0.04133109748363495
0.2147117257118225;0.04040295630693436
0.21680644154548645;0.041759833693504333
0.2155161052942276;0.041999395936727524
0.2115011215209961;0.04144100844860077
0.21601025760173798;0.04187926650047302
0.22107785940170288;0.04445859417319298
0.21792154014110565;0.04178104177117348
0.2173813432455063;0.04051540419459343
0.22099646925926208;0.04337090626358986
0.2124294638633728;0.040080487728118896
0.2175936996936798;0.040791790932416916
0.21737217903137207;0.041218020021915436
0.21006226539611816;0.04084338620305061
0.21669213473796844;0.041281383484601974
0.2158041000366211;0.04532512277364731
0.21518062055110931;0.04390491545200348
0.22505614161491394;0.044936757534742355
0.22112199664115906;0.04693596065044403
0.2175590842962265;0.04070931300520897
0.21190772950649261;0.04410156235098839
0.21700912714004517;0.0422821119427681
0.22014981508255005;0.042290303856134415
0.21829532086849213;0.04246685653924942
0.22057892382144928;0.04192615672945976
0.21953679621219635;0.041376642882823944
0.2198522388935089;0.04200165718793869
0.2206362783908844;0.04252075403928757
0.21959012746810913;0.0447038859128952
0.21113616228103638;0.041366107761859894
0.21792612969875336;0.042222436517477036
0.21557176113128662;0.03978992998600006
0.2162623405456543;0.042122941464185715
0.21757414937019348;0.04313400760293007
0.2107800543308258;0.0436788834631443
0.2178417295217514;0.042006511241197586
0.21749508380889893;0.040359385311603546
0.21831665933132172;0.041861724108457565
0.22332267463207245;0.04355543106794357
0.21532303094863892;0.04379072040319443
0.2104339301586151;0.04159244894981384
0.21994295716285706;0.043859418481588364
0.2158833146095276;0.04125199466943741
0.22425401210784912;0.043515149503946304
0.2173064649105072;0.04432563856244087
0.2131023406982422;0.042605139315128326
0.21844929456710815;0.04118343070149422
0.21934790909290314;0.042931824922561646
0.21210120618343353;0.04201133921742439
0.21434122323989868;0.04323870316147804
0.21448644995689392;0.04172952473163605
0.2266882061958313;0.044915322214365005
0.2093791663646698;0.03977719321846962
0.2250027060508728;0.042522020637989044
0.21560423076152802;0.04433954134583473
0.22090043127536774;0.04215956851840019
0.2154957503080368;0.04315157234668732
0.2131856381893158;0.04112091660499573
0.21777786314487457;0.043775808066129684
0.21304216980934143;0.04050038009881973
0.2168075442314148;0.042211875319480896
0.2199164479970932;0.042498938739299774
0.21620208024978638;0.042365312576293945
0.21796301007270813;0.04092750325798988
0.2121860682964325;0.04041391238570213
0.21128204464912415;0.04173792526125908
0.21463945508003235;0.04095922037959099
0.21101900935173035;0.04030587896704674
0.21285907924175262;0.040538668632507324
0.2148931920528412;0.03897351026535034
0.23164553940296173;0.04527018591761589
0.21721941232681274;0.039751145988702774
0.2165296971797943;0.041422221809625626
0.21952810883522034;0.0424615778028965
0.2160269320011139;0.04050559550523758
0.21518021821975708;0.04186716303229332
0.21170274913311005;0.04200400412082672
0.21884378790855408;0.04283979535102844
0.2233312427997589;0.04015875607728958
0.21856553852558136;0.042368557304143906
0.2111118733882904;0.04135184735059738
0.21718375384807587;0.042386412620544434
0.21198441088199615;0.041026391088962555
0.21753811836242676;0.042103175073862076
0.21643571555614471;0.04340411350131035
0.2136847972869873;0.04399944841861725
0.2198558747768402;0.04255064204335213
0.21330738067626953;0.043783240020275116
0.21410003304481506;0.039042241871356964
0.2131127417087555;0.04045313596725464
0.23256325721740723;0.04608606919646263
0.22027519345283508;0.04174201935529709
0.2187928557395935;0.040351975709199905
0.2196081429719925;0.04110775142908096
0.2131393700838089;0.044468365609645844
0.21756824851036072;0.042911630123853683
0.21274060010910034;0.03845847770571709
0.22092610597610474;0.0418517179787159
0.21811088919639587;0.04136604070663452
0.2099325954914093;0.03999408334493637
0.22493810951709747;0.04378344118595123
0.22548282146453857;0.042323049157857895
0.2164638638496399;0.04019124060869217
0.2191200852394104;0.04218112677335739
0.22327476739883423;0.04465707391500473
0.21483823657035828;0.04209589958190918
0.2137279510498047;0.04163055866956711
0.21650759875774384;0.042804889380931854
0.21827612817287445;0.04038795083761215
0.2234981656074524;0.0463268905878067
0.21550671756267548;0.04072849452495575
0.22289061546325684;0.041375305503606796
0.21510401368141174;0.043427474796772
0.22405356168746948;0.04118286073207855
0.21421308815479279;0.04009592905640602
0.2224878966808319;0.04109502583742142
0.21923395991325378;0.04587554931640625
0.21868355572223663;0.04239403456449509
0.21503178775310516;0.04166587069630623
0.2196887731552124;0.04164174199104309
0.21433967351913452;0.04447560757398605
0.22312955558300018;0.04252695292234421
0.22934888303279877;0.0439089871942997
0.21194200217723846;0.04107394069433212
0.22323112189769745;0.04296085238456726
0.221560999751091;0.04114798828959465
0.2149432897567749;0.04208914935588837
0.22434505820274353;0.04269945248961449
0.21385860443115234;0.041006237268447876
0.21563099324703217;0.042578086256980896
0.2110474705696106;0.040893930941820145
0.21810996532440186;0.042078666388988495
0.2210933268070221;0.04132433980703354
0.2117210030555725;0.03969796746969223
0.21743576228618622;0.044179387390613556
0.21731193363666534;0.04187475144863129
0.23111583292484283;0.048455748707056046
0.22045302391052246;0.042198922485113144
0.2140505462884903;0.04015554487705231
0.2175854742527008;0.04333196580410004
0.2176862359046936;0.04262536019086838
0.21492932736873627;0.04499246925115585
0.21099479496479034;0.039641134440898895
0.21047624945640564;0.040150366723537445
0.21648067235946655;0.04290147125720978
0.21266213059425354;0.04242199659347534
0.2286573201417923;0.04540088027715683
0.21353164315223694;0.043192699551582336
0.21009574830532074;0.04052836820483208
0.22226259112358093;0.04249268025159836
0.21289682388305664;0.040091052651405334
0.23454542458057404;0.04631549492478371
0.21245455741882324;0.04400569945573807
0.2148289829492569;0.04213707894086838
0.22314922511577606;0.04192966967821121
0.22163031995296478;0.046251267194747925
0.21570436656475067;0.04215079918503761
0.2105073779821396;0.0429878756403923
0.21131260693073273;0.0418260395526886
0.21005281805992126;0.04219965264201164
0.22329667210578918;0.04390479996800423
0.21702603995800018;0.042252056300640106
0.21327757835388184;0.040422506630420685
0.21928614377975464;0.04495708644390106
0.223181813955307;0.04362097010016441
0.2144216150045395;0.042665593326091766
0.20989786088466644;0.0402856171131134
0.21773198246955872;0.03993736952543259
0.21812254190444946;0.041241541504859924
0.2169341742992401;0.04144812375307083
0.21408632397651672;0.04239088296890259
0.21336457133293152;0.04212557524442673
0.21552981436252594;0.039778340607881546
0.2234458029270172;0.04242582619190216
0.21074044704437256;0.04042083024978638
0.21303460001945496;0.04044078290462494
0.21354088187217712;0.0380641408264637
0.2180003523826599;0.04434913396835327
0.2139807641506195;0.04114404320716858
0.21205371618270874;0.03985914587974548
0.21814166009426117;0.04309910535812378
0.214125856757164;0.041942209005355835
0.2141539603471756;0.0421527735888958
0.21941936016082764;0.0440230518579483
0.2223900407552719;0.042812950909137726
0.21064335107803345;0.04046709090471268
0.22698663175106049;0.04674035683274269
0.2161571979522705;0.04126858338713646
0.2170666754245758;0.038972970098257065
0.21554145216941833;0.04074233025312424
0.22208598256111145;0.042507950216531754
0.21224099397659302;0.04027862101793289
0.21444660425186157;0.0407596193253994
0.2155519276857376;0.04421756789088249
0.21356633305549622;0.04322069138288498
0.21279865503311157;0.04380204901099205
0.21183013916015625;0.040851809084415436
0.21334341168403625;0.04146185889840126
0.2254212498664856;0.044220857322216034
0.2144128978252411;0.040589168667793274
0.21620148420333862;0.045308928936719894
0.2213412970304489;0.0442964993417263
0.2147861123085022;0.04092597961425781
0.21923303604125977;0.04083352908492088
0.21817980706691742;0.041829559952020645
0.2199360728263855;0.042322125285863876
0.21468475461006165;0.04195941984653473
0.22045770287513733;0.04214261844754219
0.21875214576721191;0.04040219634771347
0.21548859775066376;0.04217636585235596
0.21234288811683655;0.04079248383641243
0.22421766817569733;0.04391315206885338
0.22081895172595978;0.0409587062895298
0.21967890858650208;0.04234497994184494
0.22060683369636536;0.045026130974292755
0.219734787940979;0.04307412728667259
0.21548587083816528;0.04169668257236481
0.21860462427139282;0.041752517223358154
0.21967296302318573;0.04391631484031677
0.21945767104625702;0.04354716092348099
0.2211804836988449;0.043221164494752884
0.2222636342048645;0.0439990758895874
0.21737924218177795;0.04449782520532608
0.2147475779056549;0.04233399033546448
0.2091813087463379;0.0410396084189415
0.212990865111351;0.04123331978917122
0.21222132444381714;0.039731331169605255
0.2108079344034195;0.042633749544620514
0.2160172015428543;0.040520332753658295
0.21068699657917023;0.04063057899475098
0.21392638981342316;0.0451863668859005
0.21586215496063232;0.040541503578424454
0.21287523210048676;0.043086111545562744
0.21578815579414368;0.04199141636490822
0.21910841763019562;0.04127831757068634
0.21011042594909668;0.04047831892967224
0.21003027260303497;0.041330814361572266
0.22083374857902527;0.04100629687309265
0.21860313415527344;0.04373558610677719
0.21316230297088623;0.04108792170882225
0.2202470302581787;0.04081353545188904
0.21796181797981262;0.04084617644548416
0.2156163454055786;0.04141179472208023
0.21159875392913818;0.040547698736190796
0.21249176561832428;0.03987741470336914
0.21191874146461487;0.040029093623161316
0.21531066298484802;0.04253266751766205
0.22520862519741058;0.04164069890975952
0.21415168046951294;0.042563166469335556
0.21732504665851593;0.044513627886772156
0.21849936246871948;0.04428459331393242
0.21243762969970703;0.04224896803498268
0.21855276823043823;0.04261661320924759
0.2203410267829895;0.04076405614614487
0.2190813422203064;0.04245293140411377
0.21394431591033936;0.041924849152565
0.2146121859550476;0.04400697350502014
0.213441401720047;0.03942643851041794
0.22202545404434204;0.042610663920640945
0.21925854682922363;0.03923271596431732
0.20908159017562866;0.03900013118982315
0.21184313297271729;0.03938330337405205
0.21065552532672882;0.038594380021095276
0.21303783357143402;0.044135622680187225
0.21443778276443481;0.04215167835354805
0.21543195843696594;0.04085056111216545
0.2120007425546646;0.040632955729961395
0.2104550302028656;0.04178733751177788
0.21379807591438293;0.03911832720041275
0.21904104948043823;0.04223007336258888
0.21271339058876038;0.041234031319618225
0.22456242144107819;0.04604994133114815
0.21756723523139954;0.03989020362496376
0.2120124101638794;0.040891729295253754
0.21554239094257355;0.041156966239213943
0.22036787867546082;0.04346029832959175
0.213473841547966;0.04450920224189758
0.2212422788143158;0.04553794860839844
0.221910297870636;0.04181123524904251
0.21488076448440552;0.04076046124100685
0.22717612981796265;0.04408009722828865
0.21258625388145447;0.04128383845090866
0.21991905570030212;0.04479547590017319
0.22471794486045837;0.04668530449271202
0.21902427077293396;0.04384320229291916
0.2193039357662201;0.04090086370706558
0.2189561128616333;0.040713127702474594
0.21247844398021698;0.04255729168653488
0.21613562107086182;0.04243643954396248
0.21521218121051788;0.042042169719934464
0.20965786278247833;0.04087606817483902
0.22007718682289124;0.0442594513297081
0.21299639344215393;0.039628781378269196
0.2224636673927307;0.04363209009170532
0.21142281591892242;0.03935045376420021
0.21766725182533264;0.04074868932366371
0.2175670713186264;0.04075390100479126
0.2213335782289505;0.04302079603075981
0.2131352573633194;0.0406709685921669
0.21491758525371552;0.04072248563170433
0.2316032201051712;0.04190364480018616
0.2149895578622818;0.042106881737709045
0.21960052847862244;0.0423770472407341
0.21607959270477295;0.04194638133049011
0.21318811178207397;0.041609205305576324
0.21182405948638916;0.040608469396829605
0.22213569283485413;0.04270337522029877
0.22155028581619263;0.042721446603536606
0.21670465171337128;0.041701894253492355
0.2150639295578003;0.04188353568315506
0.21707051992416382;0.04243537411093712
0.21241635084152222;0.040821194648742676
0.21814973652362823;0.041712917387485504
0.21189680695533752;0.04087011143565178
0.21122345328330994;0.03894948586821556
0.21575556695461273;0.04009370878338814
0.21573756635189056;0.042129311710596085
0.21363426744937897;0.042519405484199524
0.22167685627937317;0.040963344275951385
0.21373490989208221;0.03983084484934807
0.21682123839855194;0.04110565409064293
0.21714350581169128;0.042142145335674286
