err_mean;err_cos1;err_cos2;err_cos3
0.9814150929450989;0.15843622386455536;0.5001866817474365;1.0311154127120972
0.4254966676235199;0.5110840201377869;0.21465161442756653;0.22635765373706818
0.42880916595458984;0.5162945985794067;0.21375270187854767;0.22389061748981476
0.4297003448009491;0.5221161246299744;0.2134658843278885;0.22239919006824493
0.430469810962677;0.5271288156509399;0.21607355773448944;0.22345487773418427
0.4319438934326172;0.5323436856269836;0.21582436561584473;0.227298766374588
0.4328913688659668;0.5366362929344177;0.21478867530822754;0.22439363598823547
0.4317378103733063;0.5412014126777649;0.21143130958080292;0.2208021730184555
0.4320739805698395;0.5454205870628357;0.20753517746925354;0.22704525291919708
0.4336327612400055;0.5482428669929504;0.20761656761169434;0.224131777882576
0.4323005676269531;0.5529837608337402;0.20795822143554688;0.22831173241138458
0.43225547671318054;0.5555768013000488;0.20885424315929413;0.22621284425258636
0.42876139283180237;0.5584980249404907;0.20996980369091034;0.22606591880321503
0.42902228236198425;0.5612921118736267;0.2061551809310913;0.2309543639421463
0.4311600625514984;0.5629434585571289;0.20601247251033783;0.2328040599822998
0.43191462755203247;0.5655143857002258;0.20973734557628632;0.23068217933177948
0.4306149482727051;0.5682429671287537;0.2107473462820053;0.22420525550842285
0.43222370743751526;0.5696161389350891;0.2114168256521225;0.228067547082901
0.43134140968322754;0.5716163516044617;0.20894432067871094;0.22758089005947113
0.43110647797584534;0.5723071694374084;0.2083493322134018;0.2301522046327591
0.43255311250686646;0.5725278854370117;0.20834098756313324;0.2289649099111557
0.433366984128952;0.5742813944816589;0.2117539644241333;0.2263966053724289
0.43273401260375977;0.5755899548530579;0.20962956547737122;0.22962580621242523
0.4333867132663727;0.5771470069885254;0.20934097468852997;0.22904181480407715
0.43141624331474304;0.5748186111450195;0.2102547436952591;0.2288876324892044
0.4330175817012787;0.5771920084953308;0.20989711582660675;0.22623911499977112
0.43231216073036194;0.5787250399589539;0.21115100383758545;0.23025861382484436
0.4297054708003998;0.5814641118049622;0.21185527741909027;0.22957709431648254
0.43164321780204773;0.5811189413070679;0.2115083783864975;0.23019777238368988
0.4315780699253082;0.579927921295166;0.21351051330566406;0.2278737872838974
0.43014708161354065;0.5818688273429871;0.21351177990436554;0.2247101366519928
0.4282658100128174;0.5824489593505859;0.2120695561170578;0.22481687366962433
0.4312998950481415;0.5827825665473938;0.21302960813045502;0.22405563294887543
0.43268725275993347;0.582705020904541;0.20966625213623047;0.2256399393081665
0.4329005181789398;0.5837146043777466;0.20931501686573029;0.23036623001098633
0.43189477920532227;0.584195613861084;0.2109721153974533;0.2297155112028122
0.4325590133666992;0.5862357020378113;0.21234634518623352;0.23381491005420685
0.4321315884590149;0.586950957775116;0.21238355338573456;0.23308634757995605
0.4321042001247406;0.5864464640617371;0.2143021821975708;0.23025493323802948
0.43182164430618286;0.5857970118522644;0.21634002029895782;0.23098985850811005
0.43415671586990356;0.5874699950218201;0.2164614051580429;0.22401408851146698
0.43541890382766724;0.5867738127708435;0.2177450954914093;0.2272503674030304
0.43263062834739685;0.5870248079299927;0.21585379540920258;0.22767940163612366
0.43436795473098755;0.587433934211731;0.21655063331127167;0.2257803976535797
0.4337323307991028;0.587356448173523;0.21871879696846008;0.2295699417591095
0.4372791349887848;0.5882588624954224;0.2171790897846222;0.22963456809520721
0.43681392073631287;0.5880076289176941;0.21698284149169922;0.22804772853851318
0.43386974930763245;0.5880195498466492;0.2157161682844162;0.2276201695203781
0.4336516857147217;0.5871564149856567;0.2155153602361679;0.22768035531044006
0.43258151412010193;0.5888779163360596;0.214243084192276;0.2285725623369217
0.43281665444374084;0.5890586972236633;0.21444478631019592;0.22658805549144745
0.43136826157569885;0.588676929473877;0.2151440680027008;0.22793534398078918
0.4307156205177307;0.5886915922164917;0.21376338601112366;0.22624936699867249
0.429037481546402;0.5883162617683411;0.21525709331035614;0.226725772023201
0.4269025921821594;0.5898728370666504;0.20923414826393127;0.2234879583120346
0.4273446500301361;0.5904631018638611;0.21349115669727325;0.22715549170970917
0.42775678634643555;0.590840756893158;0.21047215163707733;0.22782433032989502
0.4279003143310547;0.5908948183059692;0.2105022668838501;0.2296123504638672
0.4298071563243866;0.5927998423576355;0.2102537900209427;0.22606372833251953
0.4291958808898926;0.5936027765274048;0.2135361284017563;0.22572317719459534
0.4285653233528137;0.5905346274375916;0.21541281044483185;0.2271890491247177
0.42911186814308167;0.590846836566925;0.21398523449897766;0.22753381729125977
0.43001046776771545;0.5911088585853577;0.2148766964673996;0.2269452065229416
0.4327646791934967;0.5912308096885681;0.21373426914215088;0.22721116244792938
0.4345627725124359;0.5903632044792175;0.2134309560060501;0.22989173233509064
0.43363648653030396;0.5891804695129395;0.21348725259304047;0.22769100964069366
0.435213178396225;0.5884830355644226;0.21008987724781036;0.23061518371105194
0.434706449508667;0.5893427729606628;0.210423544049263;0.22576764225959778
0.43707743287086487;0.5899245142936707;0.21396151185035706;0.22649018466472626
0.43705257773399353;0.5882720947265625;0.21467535197734833;0.22501912713050842
0.43549394607543945;0.5893845558166504;0.2148236781358719;0.22307181358337402
0.43580132722854614;0.5900453925132751;0.21921849250793457;0.226793572306633
0.4357171654701233;0.5908698439598083;0.21996374428272247;0.23039555549621582
0.43746253848075867;0.5901387929916382;0.2140914499759674;0.23219667375087738
0.4399183392524719;0.592019259929657;0.21311287581920624;0.22876481711864471
0.4394701421260834;0.5922158360481262;0.2113034725189209;0.2245568335056305
0.4414123594760895;0.591960608959198;0.21239128708839417;0.22194384038448334
0.438981831073761;0.5935307145118713;0.21243904531002045;0.2251434326171875
0.4409140646457672;0.5941458940505981;0.21033816039562225;0.22571824491024017
0.4435659348964691;0.5947208404541016;0.21121135354042053;0.22639767825603485
0.4437143802642822;0.5919260382652283;0.21303300559520721;0.22653785347938538
0.44432947039604187;0.5916277766227722;0.2151852697134018;0.22494935989379883
0.4430583417415619;0.5910369753837585;0.21357540786266327;0.2265506535768509
0.44002875685691833;0.5906608700752258;0.21086926758289337;0.2301187515258789
0.4388185441493988;0.5901774764060974;0.21225261688232422;0.22628097236156464
0.4393969476222992;0.5904500484466553;0.21483759582042694;0.22920475900173187
0.4395984709262848;0.5931122899055481;0.21651016175746918;0.22599811851978302
0.43354034423828125;0.5942704677581787;0.21625104546546936;0.22544701397418976
0.4357145428657532;0.5957711338996887;0.2154623568058014;0.22734729945659637
0.436615526676178;0.5940106511116028;0.2149190902709961;0.22643280029296875
0.4390738010406494;0.5939767956733704;0.21191540360450745;0.22780989110469818
0.43733856081962585;0.5930483937263489;0.21218697726726532;0.23085136711597443
0.43678924441337585;0.5920392870903015;0.21258024871349335;0.22564645111560822
0.43689724802970886;0.590997576713562;0.21139629185199738;0.22617410123348236
0.4383499324321747;0.5900046229362488;0.21182969212532043;0.2250957489013672
0.43906235694885254;0.590789794921875;0.20894794166088104;0.22375531494617462
0.4378933012485504;0.5915054678916931;0.20794355869293213;0.2233877182006836
0.43897730112075806;0.5906279683113098;0.20913834869861603;0.22355985641479492
0.4395461082458496;0.590789258480072;0.21468596160411835;0.22788777947425842
0.4386335015296936;0.5900890827178955;0.21481025218963623;0.22590267658233643
0.43744584918022156;0.5899375677108765;0.2130039483308792;0.22403092682361603
0.4382801651954651;0.5910524725914001;0.21399131417274475;0.22359709441661835
0.43733444809913635;0.5894684195518494;0.21321788430213928;0.22326527535915375
0.43872615694999695;0.5890156626701355;0.21186338365077972;0.22522936761379242
0.43951326608657837;0.5873351693153381;0.20950530469417572;0.22873787581920624
0.43887272477149963;0.586201012134552;0.2147238701581955;0.22899387776851654
0.43900689482688904;0.5872442722320557;0.2163434475660324;0.22705617547035217
0.43967580795288086;0.5863680243492126;0.21865509450435638;0.2235776036977768
0.43961167335510254;0.5858554244041443;0.2204803228378296;0.2277309149503708
0.4395669996738434;0.5878400206565857;0.2207845002412796;0.2251371443271637
0.44253310561180115;0.5886545181274414;0.21744565665721893;0.22920484840869904
0.4447982907295227;0.5876261591911316;0.21681515872478485;0.2286374568939209
0.44358834624290466;0.5876766443252563;0.2164640873670578;0.22768639028072357
0.4455137252807617;0.5881081819534302;0.21348252892494202;0.22914090752601624
0.44640621542930603;0.5885311961174011;0.21271339058876038;0.2293284386396408
0.444021999835968;0.5894656181335449;0.21077148616313934;0.22404932975769043
0.44711169600486755;0.5905258059501648;0.21196599304676056;0.2269643396139145
0.4435010850429535;0.5919978022575378;0.21224582195281982;0.23093333840370178
0.44408997893333435;0.5911691188812256;0.21216638386249542;0.22850041091442108
0.4440685212612152;0.5921148657798767;0.21015790104866028;0.22397580742835999
0.4439338743686676;0.590771496295929;0.21065807342529297;0.22784118354320526
0.44141626358032227;0.5898429155349731;0.21360407769680023;0.22462187707424164
0.44392338395118713;0.5888060927391052;0.21647799015045166;0.22576890885829926
0.44470474123954773;0.5878879427909851;0.2131938487291336;0.22116442024707794
0.4465937316417694;0.5894641876220703;0.2123347371816635;0.22432899475097656
0.4476782977581024;0.5870732665061951;0.2099963277578354;0.22017879784107208
0.44783011078834534;0.588128387928009;0.20949864387512207;0.22739152610301971
0.44928988814353943;0.5895518064498901;0.21075621247291565;0.23235033452510834
0.44784364104270935;0.5922936797142029;0.21175681054592133;0.23087835311889648
0.44891196489334106;0.5925268530845642;0.20734766125679016;0.23107004165649414
0.44797107577323914;0.5919399261474609;0.20838633179664612;0.23206265270709991
0.44741392135620117;0.5896903872489929;0.2085431069135666;0.2309783548116684
0.44656798243522644;0.5881690382957458;0.20969335734844208;0.22618046402931213
0.4474789798259735;0.5886690020561218;0.20904722809791565;0.22861292958259583
0.44984084367752075;0.591115415096283;0.20897284150123596;0.22650964558124542
0.4501412510871887;0.5932187438011169;0.2093997448682785;0.22997143864631653
0.45143604278564453;0.595625638961792;0.2140468806028366;0.22667255997657776
0.45187807083129883;0.5967637896537781;0.21560411155223846;0.22825245559215546
0.4499790668487549;0.5974219441413879;0.21125073730945587;0.23057980835437775
0.4488489329814911;0.5978583693504333;0.2125236988067627;0.22896647453308105
0.4465034604072571;0.5994719862937927;0.2101365178823471;0.22558021545410156
0.4430311322212219;0.600020706653595;0.21069622039794922;0.2268809825181961
0.4449322819709778;0.6005361676216125;0.2112802118062973;0.22995446622371674
0.4460611343383789;0.599662721157074;0.2127569019794464;0.22917664051055908
0.44293448328971863;0.598909318447113;0.2118796557188034;0.22721026837825775
0.4447227120399475;0.598834216594696;0.21248316764831543;0.23125143349170685
0.44480666518211365;0.5985156297683716;0.21053485572338104;0.23261681199073792
0.4465734660625458;0.5994845032691956;0.21068675816059113;0.23068590462207794
0.4465964436531067;0.597296416759491;0.21163848042488098;0.23045216500759125
0.4482198655605316;0.5973950028419495;0.21272921562194824;0.22869352996349335
0.45252686738967896;0.5977922677993774;0.2148241549730301;0.22715306282043457
0.44950753450393677;0.5973410606384277;0.21724431216716766;0.22693443298339844
0.44994020462036133;0.5960588455200195;0.2118842899799347;0.232768252491951
0.4511079788208008;0.5957798957824707;0.21350613236427307;0.23421235382556915
0.4509354531764984;0.5954172015190125;0.21234135329723358;0.23466625809669495
0.4502590596675873;0.5944714546203613;0.21092882752418518;0.23564039170742035
0.4478057324886322;0.5953202247619629;0.2113872617483139;0.23162014782428741
0.447864294052124;0.5948439836502075;0.20943088829517365;0.22917652130126953
0.4477689862251282;0.5958277583122253;0.21033421158790588;0.2226148098707199
0.4471571147441864;0.5968902707099915;0.2161729335784912;0.2254057377576828
0.4455263614654541;0.5959330797195435;0.21608424186706543;0.22674928605556488
0.4460272490978241;0.5964604616165161;0.21296432614326477;0.22461949288845062
0.44572216272354126;0.5972122550010681;0.21253393590450287;0.22658029198646545
0.4432674050331116;0.5971418619155884;0.21765795350074768;0.2239973396062851
0.44140204787254333;0.5964435935020447;0.21866050362586975;0.22366683185100555
0.44360098242759705;0.5968847274780273;0.21826975047588348;0.2290482074022293
0.4448990821838379;0.5966354608535767;0.22029559314250946;0.22582697868347168
0.4438108503818512;0.5967491865158081;0.21986965835094452;0.22707025706768036
0.4440712630748749;0.5956287384033203;0.2216912806034088;0.23036041855812073
0.4440706670284271;0.5962744951248169;0.21967339515686035;0.22739432752132416
0.443819522857666;0.5969737768173218;0.21876394748687744;0.23173575103282928
0.4402855932712555;0.5968489050865173;0.21549998223781586;0.22653579711914062
0.4412821829319;0.5967460870742798;0.21297864615917206;0.2271871119737625
0.44048890471458435;0.5978984236717224;0.2169150412082672;0.22761297225952148
0.4430054724216461;0.598729133605957;0.21588198840618134;0.23045305907726288
0.44578105211257935;0.5996437072753906;0.2124897986650467;0.22242119908332825
0.4460624158382416;0.5984255075454712;0.2132449597120285;0.22583869099617004
0.4466831386089325;0.5996562838554382;0.21054759621620178;0.2248125523328781
0.44881772994995117;0.6020330786705017;0.21067877113819122;0.2271897792816162
0.4520375430583954;0.6021645665168762;0.2129765748977661;0.22295895218849182
0.45066457986831665;0.6002864837646484;0.21564888954162598;0.22548893094062805
0.44782885909080505;0.6003937721252441;0.21609483659267426;0.2315184324979782
0.4497254490852356;0.6019083857536316;0.21684256196022034;0.23291639983654022
0.4510107934474945;0.6032404899597168;0.21458618342876434;0.22828733921051025
0.4516010880470276;0.6033963561058044;0.21618643403053284;0.22765612602233887
0.453604519367218;0.6032595038414001;0.2180408090353012;0.23198428750038147
0.454171746969223;0.6031591892242432;0.21505115926265717;0.23250579833984375
0.45035257935523987;0.6016599535942078;0.21455788612365723;0.231764554977417
0.45210883021354675;0.6032652854919434;0.2117980718612671;0.2312328815460205
0.4530491530895233;0.6020147800445557;0.21193218231201172;0.22878213226795197
0.45129233598709106;0.6000565886497498;0.21209926903247833;0.23146526515483856
0.4519897401332855;0.6005485653877258;0.21466460824012756;0.22878241539001465
0.4534919857978821;0.60043865442276;0.21537096798419952;0.22881607711315155
0.45353326201438904;0.6019167304039001;0.21373648941516876;0.22457896173000336
0.45223650336265564;0.601279616355896;0.21289478242397308;0.2301384061574936
0.4546636641025543;0.5996386408805847;0.2143988162279129;0.2277085781097412
0.4546106457710266;0.5979993939399719;0.21457548439502716;0.22832250595092773
0.4544849097728729;0.5979577302932739;0.2135109007358551;0.22482769191265106
0.45661553740501404;0.5981824994087219;0.21084140241146088;0.2261882871389389
0.4543796181678772;0.5974448323249817;0.2117123156785965;0.2222640961408615
0.45480743050575256;0.5963826775550842;0.21508097648620605;0.22402186691761017
0.4531387388706207;0.5976329445838928;0.2155551016330719;0.2265995591878891
0.4543207585811615;0.5987212061882019;0.21708457171916962;0.22294937074184418
0.45755061507225037;0.5970646739006042;0.21373048424720764;0.22442011535167694
0.457398384809494;0.599145233631134;0.21446593105793;0.2253858596086502
0.45693427324295044;0.5992428064346313;0.21357212960720062;0.22641880810260773
0.45705729722976685;0.5984257459640503;0.21157388389110565;0.22752855718135834
0.45700064301490784;0.5975953340530396;0.20845170319080353;0.22836647927761078
0.45906946063041687;0.5978257656097412;0.2090870440006256;0.22560691833496094
0.4603897035121918;0.5977106094360352;0.2094341367483139;0.22767315804958344
0.45870867371559143;0.5981268882751465;0.2133442461490631;0.22778776288032532
0.46012577414512634;0.597363293170929;0.21692955493927002;0.22892995178699493
0.46035462617874146;0.5965328812599182;0.21836863458156586;0.23079799115657806
0.46088406443595886;0.5958331227302551;0.21683283150196075;0.2281525433063507
0.4581170678138733;0.5957245826721191;0.2149762660264969;0.22743606567382812
0.4576323628425598;0.5950084328651428;0.21532109379768372;0.22685781121253967
0.4585345387458801;0.59725421667099;0.21713458001613617;0.22675342857837677
0.46111956238746643;0.5963606238365173;0.21858754754066467;0.22631631791591644
0.4610404074192047;0.5953711867332458;0.21606417000293732;0.22614386677742004
0.4612683355808258;0.5953794717788696;0.2175571471452713;0.22857223451137543
0.4618000090122223;0.5960548520088196;0.21309368312358856;0.22516928613185883
0.46248742938041687;0.5940684676170349;0.20961137115955353;0.22601087391376495
0.4631388783454895;0.5955368280410767;0.2091331034898758;0.22222021222114563
0.464163213968277;0.5964374542236328;0.21188680827617645;0.22399592399597168
0.46345528960227966;0.5947577357292175;0.21442870795726776;0.2262895554304123
0.4640984535217285;0.5952340364456177;0.21457456052303314;0.22356072068214417
0.4635933041572571;0.5929336547851562;0.21398694813251495;0.22248907387256622
0.46411630511283875;0.5911639928817749;0.21272428333759308;0.22616825997829437
0.4630749821662903;0.5909025073051453;0.21139951050281525;0.23309393227100372
0.46509313583374023;0.5907052159309387;0.21157728135585785;0.22983665764331818
0.46570539474487305;0.5914596915245056;0.21161217987537384;0.23382042348384857
0.4666565954685211;0.5891019701957703;0.20956936478614807;0.23034799098968506
0.4686198830604553;0.5905227065086365;0.20817823708057404;0.2318173497915268
0.4699917733669281;0.5906257033348083;0.2085416316986084;0.22816048562526703
0.46846944093704224;0.5900447964668274;0.20797424018383026;0.22463198006153107
0.46876856684684753;0.5930492281913757;0.2075156718492508;0.22853286564350128
0.4702099859714508;0.5943126678466797;0.20727495849132538;0.23201656341552734
0.4682430326938629;0.5940073132514954;0.209329292178154;0.23047570884227753
0.46754446625709534;0.5934786796569824;0.20745940506458282;0.22618575394153595
0.4655727446079254;0.5940321087837219;0.20484505593776703;0.23105040192604065
0.46550074219703674;0.5926141142845154;0.2074301689863205;0.2263735979795456
0.46630772948265076;0.5933467149734497;0.20773319900035858;0.22656850516796112
0.46640950441360474;0.594318687915802;0.2100653201341629;0.22320707142353058
0.465731143951416;0.5930042266845703;0.21222344040870667;0.22344735264778137
0.4661598205566406;0.592914879322052;0.2100062221288681;0.2219054251909256
0.4647311270236969;0.5935045480728149;0.21199150383472443;0.22692659497261047
0.4632573127746582;0.5931893587112427;0.21037064492702484;0.22499151527881622
0.4628294110298157;0.593270480632782;0.21019501984119415;0.22564034163951874
0.4618053436279297;0.5925354361534119;0.21168716251850128;0.22963319718837738
0.4627673327922821;0.5942301154136658;0.21345798671245575;0.22995343804359436
0.4628731310367584;0.5930852293968201;0.21456818282604218;0.2264028638601303
0.4625217616558075;0.5922753214836121;0.2107217162847519;0.22668838500976562
0.46397915482521057;0.5914524793624878;0.213105246424675;0.22692334651947021
0.46593666076660156;0.5921962857246399;0.21599529683589935;0.22295868396759033
0.46750566363334656;0.5909927487373352;0.21450605988502502;0.22132568061351776
0.46644169092178345;0.5920419096946716;0.21675553917884827;0.22389236092567444
0.4658588469028473;0.5941618084907532;0.21895284950733185;0.2264672815799713
0.4651469886302948;0.5942558646202087;0.22080302238464355;0.22441139817237854
0.46483713388442993;0.5957916378974915;0.21911530196666718;0.2288234680891037
0.46402740478515625;0.5978323817253113;0.21468372642993927;0.23487050831317902
0.4637071192264557;0.5972170829772949;0.21681666374206543;0.23131707310676575
0.4676365554332733;0.5970396399497986;0.21965208649635315;0.22751720249652863
0.4670093059539795;0.5984007716178894;0.21708352863788605;0.22624872624874115
0.4647720456123352;0.597786009311676;0.21682465076446533;0.2262836992740631
0.4639204442501068;0.5980374217033386;0.215925931930542;0.22686867415905
0.4616897702217102;0.5977144241333008;0.21710853278636932;0.23265933990478516
0.4631586968898773;0.5981719493865967;0.21837936341762543;0.22864662110805511
0.4601616859436035;0.5976857542991638;0.219474196434021;0.22792010009288788
0.4587949812412262;0.5968753695487976;0.21714024245738983;0.22844190895557404
0.4602085053920746;0.59604811668396;0.22067971527576447;0.2280830442905426
0.4597712457180023;0.5944835543632507;0.21540699899196625;0.22779250144958496
0.46048861742019653;0.5954241156578064;0.21593153476715088;0.2274601012468338
0.4602977931499481;0.5951531529426575;0.21411509811878204;0.23002071678638458
0.4587276577949524;0.5960326194763184;0.2118086814880371;0.22723765671253204
0.45949244499206543;0.5979275703430176;0.21358223259449005;0.22868824005126953
0.4601292312145233;0.5981211066246033;0.21576657891273499;0.23089519143104553
0.46087580919265747;0.5977944135665894;0.21342869102954865;0.22885560989379883
0.4620310366153717;0.5970832705497742;0.21326854825019836;0.22947458922863007
0.4618972837924957;0.5981263518333435;0.2167011797428131;0.22561700642108917
0.462140291929245;0.5974461436271667;0.21613965928554535;0.23355785012245178
0.463518351316452;0.5958577394485474;0.2147856503725052;0.22888953983783722
0.46461889147758484;0.5969311594963074;0.21504457294940948;0.2311563491821289
0.4640452563762665;0.5964536666870117;0.2159583866596222;0.2308792620897293
0.46479612588882446;0.5950614213943481;0.21404843032360077;0.23257970809936523
0.46250173449516296;0.5955278277397156;0.21361100673675537;0.2332543134689331
0.4642094075679779;0.5962692499160767;0.2176200896501541;0.22554731369018555
0.46357518434524536;0.596408486366272;0.21709363162517548;0.22562947869300842
0.463945209980011;0.5962921380996704;0.21266916394233704;0.2288631647825241
0.4623248279094696;0.5960177183151245;0.21087315678596497;0.23139281570911407
0.46330341696739197;0.5954732894897461;0.21482716500759125;0.22892355918884277
0.4631817936897278;0.5951034426689148;0.21214716136455536;0.2277367115020752
0.4667269289493561;0.596156656742096;0.21336303651332855;0.22876277565956116
0.4678098261356354;0.5977434515953064;0.21311691403388977;0.22540216147899628
0.46673354506492615;0.5999000072479248;0.21343770623207092;0.23060932755470276
0.46798092126846313;0.6008779406547546;0.214602991938591;0.2292877435684204
0.4685925543308258;0.6009435653686523;0.21501918137073517;0.22840037941932678
0.4673226773738861;0.6008289456367493;0.2151644229888916;0.22645063698291779
0.4674138128757477;0.6009835600852966;0.2115291804075241;0.2291812002658844
0.4692672789096832;0.599355936050415;0.21320433914661407;0.22919730842113495
0.4731641709804535;0.6017088890075684;0.21717384457588196;0.22887468338012695
0.4730832278728485;0.6015868186950684;0.21921157836914062;0.2272343933582306
0.47272568941116333;0.6031908988952637;0.21969209611415863;0.232195183634758
0.4732513427734375;0.6021227240562439;0.2187071293592453;0.23172621428966522
0.47314587235450745;0.6015874147415161;0.21400980651378632;0.23028428852558136
0.4727616310119629;0.6023429036140442;0.21351344883441925;0.2281341552734375
0.4716130197048187;0.6015259623527527;0.21392083168029785;0.22695501148700714
0.47222718596458435;0.6010629534721375;0.2157427817583084;0.22682838141918182
0.4700259268283844;0.6003971099853516;0.2149960994720459;0.22274886071681976
0.4690719544887543;0.6008791327476501;0.2157549411058426;0.22362308204174042
0.468604177236557;0.5997434258460999;0.2158585637807846;0.22732384502887726
0.46912384033203125;0.6007694005966187;0.21848013997077942;0.2275441735982895
0.46901798248291016;0.5991656184196472;0.21350975334644318;0.23001547157764435
0.47114744782447815;0.5976757407188416;0.21571850776672363;0.22966180741786957
0.46899381279945374;0.5968464016914368;0.21544590592384338;0.23237191140651703
0.46914777159690857;0.596369743347168;0.21260137856006622;0.23205776512622833
0.4697774052619934;0.5968004465103149;0.21408624947071075;0.2288600653409958
0.46725770831108093;0.5972123146057129;0.21410925686359406;0.23193107545375824
0.46895280480384827;0.5966641306877136;0.21154403686523438;0.23180809617042542
0.4679315686225891;0.5959238409996033;0.21623460948467255;0.22718365490436554
0.4666700065135956;0.5942423939704895;0.21405039727687836;0.22784243524074554
0.46763572096824646;0.593757152557373;0.21561312675476074;0.22513249516487122
0.4695778489112854;0.5939280390739441;0.2142423689365387;0.22687624394893646
0.4706246554851532;0.5943531394004822;0.2146318256855011;0.22831407189369202
0.4706452488899231;0.5959713459014893;0.21604971587657928;0.228633314371109
0.4698457419872284;0.5959868431091309;0.21992500126361847;0.2267768681049347
0.46960878372192383;0.596580982208252;0.21855874359607697;0.22772184014320374
0.46955427527427673;0.5962706804275513;0.21893325448036194;0.23162603378295898
0.47130319476127625;0.5989357829093933;0.2158372402191162;0.22443214058876038
0.46798640489578247;0.5977175831794739;0.21592631936073303;0.22296543419361115
0.4683472812175751;0.5993392467498779;0.21720683574676514;0.2274838238954544
0.46653565764427185;0.5992081165313721;0.21750855445861816;0.2271271049976349
0.4677678644657135;0.5974793434143066;0.21737881004810333;0.2274111807346344
0.46757689118385315;0.5953831076622009;0.22062472999095917;0.2324390858411789
0.4660082459449768;0.5976635813713074;0.21649561822414398;0.22675931453704834
0.46819907426834106;0.5954185724258423;0.21742594242095947;0.2215261459350586
0.47005248069763184;0.5976983308792114;0.2128468006849289;0.2281581461429596
0.4724136292934418;0.597861111164093;0.2147444784641266;0.2239580601453781
0.4715335965156555;0.5975139737129211;0.21868443489074707;0.22926345467567444
0.4691801965236664;0.597309947013855;0.21704213321208954;0.22888831794261932
0.46877774596214294;0.5969809889793396;0.2147979736328125;0.23356404900550842
0.4682815670967102;0.5970718860626221;0.21302390098571777;0.22909243404865265
0.47098493576049805;0.595291793346405;0.21314509212970734;0.22884951531887054
0.4697386920452118;0.5964353680610657;0.21440239250659943;0.22866840660572052
0.4727201461791992;0.5953984260559082;0.21162275969982147;0.22846417129039764
0.4709831178188324;0.5942103266716003;0.2157071828842163;0.23126783967018127
0.471809446811676;0.5928980708122253;0.21496760845184326;0.22911424934864044
0.4735989272594452;0.5936137437820435;0.21411524713039398;0.22729888558387756
0.47327375411987305;0.5939206480979919;0.2133420705795288;0.22511878609657288
0.47339674830436707;0.5933562517166138;0.2169637680053711;0.22687232494354248
0.47148600220680237;0.5936347842216492;0.2130286693572998;0.22804608941078186
0.470241516828537;0.5947296023368835;0.21423092484474182;0.2288556545972824
0.4702613055706024;0.597265899181366;0.2175123244524002;0.2245132178068161
0.4725382328033447;0.5987313389778137;0.22034358978271484;0.22441768646240234
0.47158655524253845;0.5992535948753357;0.22029805183410645;0.22532711923122406
0.47005438804626465;0.5993689894676208;0.22140459716320038;0.22690868377685547
0.46750450134277344;0.6005573272705078;0.21968524158000946;0.22869853675365448
0.46964317560195923;0.6010028123855591;0.22093673050403595;0.22801971435546875
0.468533992767334;0.5995591282844543;0.22278718650341034;0.22694285213947296
0.46966075897216797;0.5987027287483215;0.21950340270996094;0.22819533944129944
0.4674992561340332;0.5995030403137207;0.21632111072540283;0.23178227245807648
0.46492424607276917;0.5997762084007263;0.2172459214925766;0.2320953607559204
0.4652572274208069;0.6005948185920715;0.21362829208374023;0.23116841912269592
0.4642382562160492;0.5983665585517883;0.21239708364009857;0.2252710908651352
0.4657139480113983;0.5975942611694336;0.21294192969799042;0.2255265712738037
0.4679906964302063;0.5972398519515991;0.21186010539531708;0.22435767948627472
0.46609362959861755;0.5967159271240234;0.21195398271083832;0.2278890162706375
0.46574053168296814;0.5975446105003357;0.2114357203245163;0.2262839376926422
0.4645073413848877;0.5956248044967651;0.2155081331729889;0.22818484902381897
0.46247920393943787;0.5968493819236755;0.2156495600938797;0.22256045043468475
0.4617427885532379;0.5971359610557556;0.21557855606079102;0.2265002280473709
0.459396094083786;0.5987426042556763;0.21413789689540863;0.2266923040151596
0.45823007822036743;0.5989136099815369;0.21035592257976532;0.22645437717437744
0.4584641456604004;0.6001605987548828;0.21258512139320374;0.2295759916305542
0.45741137862205505;0.6017217040061951;0.21249914169311523;0.22885023057460785
0.4589200019836426;0.5983430743217468;0.21004080772399902;0.22485828399658203
0.45591941475868225;0.5994471907615662;0.21059799194335938;0.22488994896411896
0.45839205384254456;0.59783536195755;0.2111998349428177;0.2290528267621994
0.45660361647605896;0.5986968278884888;0.21373406052589417;0.22364793717861176
0.45675477385520935;0.5984050035476685;0.21421150863170624;0.22412104904651642
0.4544408917427063;0.6001703143119812;0.21760359406471252;0.2205633670091629
0.45451733469963074;0.6006016731262207;0.21507108211517334;0.23181544244289398
0.45393773913383484;0.6010989546775818;0.21430110931396484;0.22937636077404022
0.4526230990886688;0.599704384803772;0.21548417210578918;0.2270084172487259
0.4513612389564514;0.6007672548294067;0.2157398760318756;0.22499661147594452
0.4523223042488098;0.6010041236877441;0.21630039811134338;0.23048177361488342
0.4507961869239807;0.6004730463027954;0.2133920043706894;0.22920241951942444
0.45162543654441833;0.6002643704414368;0.21394996345043182;0.22526779770851135
0.4526582658290863;0.5985806584358215;0.21124596893787384;0.22559304535388947
0.45184841752052307;0.5968820452690125;0.21183352172374725;0.22506824135780334
0.45316705107688904;0.5971993803977966;0.21457235515117645;0.2236921340227127
0.4510970711708069;0.5962470769882202;0.21173301339149475;0.22274212539196014
0.4516223073005676;0.5966454744338989;0.21116922795772552;0.22197210788726807
0.45329174399375916;0.5967403650283813;0.21428261697292328;0.2239300012588501
0.4543616473674774;0.5938920974731445;0.21359215676784515;0.22427840530872345
0.4548720419406891;0.5934422612190247;0.2123553305864334;0.22755281627178192
0.4581979811191559;0.5917641520500183;0.21517257392406464;0.22676293551921844
0.45924481749534607;0.59184330701828;0.21525990962982178;0.2262619584798813
0.4593735635280609;0.5918317437171936;0.20915518701076508;0.2289561778306961
0.45789191126823425;0.5902377963066101;0.21045255661010742;0.2260066568851471
0.4562576413154602;0.5912631154060364;0.21110212802886963;0.2291860580444336
0.4566701054573059;0.5926283001899719;0.21185989677906036;0.22588050365447998
0.45714911818504333;0.5938875675201416;0.21478965878486633;0.22794094681739807
0.45572367310523987;0.592936635017395;0.21560120582580566;0.23277898132801056
0.45716458559036255;0.5934875011444092;0.21476900577545166;0.22750306129455566
0.4584263265132904;0.5923191905021667;0.2129151076078415;0.2307121604681015
0.4555695056915283;0.5918160676956177;0.21166963875293732;0.22808432579040527
0.4542173445224762;0.5921770930290222;0.21435146033763885;0.2262822687625885
0.4544728398323059;0.5923290252685547;0.21648041903972626;0.22791723906993866
0.45269766449928284;0.592212975025177;0.21667194366455078;0.22928233444690704
0.4535771310329437;0.5934489369392395;0.2176845520734787;0.23157086968421936
0.45282456278800964;0.593302845954895;0.21897070109844208;0.23153725266456604
0.4551367461681366;0.5932235717773438;0.21885935962200165;0.2362695187330246
0.4566873610019684;0.5939997434616089;0.21625004708766937;0.23024676740169525
0.4587128758430481;0.5956501364707947;0.21685481071472168;0.23111377656459808
0.45923930406570435;0.5944063067436218;0.2204369604587555;0.23045091331005096
0.46039459109306335;0.5946106314659119;0.2236301451921463;0.228932723402977
0.4622974395751953;0.593960702419281;0.2215745896100998;0.23040775954723358
0.46277347207069397;0.5953301787376404;0.21870270371437073;0.22782264649868011
0.4618704915046692;0.5946899056434631;0.2193225920200348;0.23050732910633087
0.46145352721214294;0.5934330224990845;0.2180100530385971;0.22632990777492523
0.46090632677078247;0.5937113165855408;0.21783986687660217;0.22759680449962616
0.4593523144721985;0.5936371088027954;0.2171206921339035;0.22646093368530273
0.46011677384376526;0.5943193435668945;0.21441064774990082;0.22646282613277435
0.45553454756736755;0.5964381098747253;0.2147110551595688;0.22741173207759857
0.4581363797187805;0.5948147177696228;0.21414215862751007;0.2264375537633896
0.4584265649318695;0.5933661460876465;0.2131281942129135;0.22654317319393158
0.45956116914749146;0.5921711325645447;0.21565555036067963;0.22678284347057343
0.4628053605556488;0.5922463536262512;0.21353986859321594;0.2265235185623169
0.46210312843322754;0.5919314622879028;0.2157081663608551;0.22667518258094788
0.4623490869998932;0.5914963483810425;0.21968097984790802;0.2315724939107895
0.461848646402359;0.5899006128311157;0.22066180408000946;0.23185959458351135
0.4626587927341461;0.5919398665428162;0.21852247416973114;0.22874251008033752
0.4619869291782379;0.5910499691963196;0.22315393388271332;0.22684016823768616
0.45995959639549255;0.5921326875686646;0.22125326097011566;0.22880473732948303
0.45968469977378845;0.5931681990623474;0.2193758487701416;0.22711215913295746
0.46104907989501953;0.5929027795791626;0.2180866301059723;0.22571590542793274
0.4606042504310608;0.59348464012146;0.21764445304870605;0.22954022884368896
0.4613617956638336;0.5946552157402039;0.21374955773353577;0.23016951978206635
0.46058520674705505;0.5956832766532898;0.21444836258888245;0.2302277833223343
0.45750799775123596;0.5942772626876831;0.2128850668668747;0.2300410121679306
0.45921626687049866;0.5918573141098022;0.2139761745929718;0.2311743050813675
0.458914190530777;0.5937615633010864;0.21223178505897522;0.2303757220506668
0.45989909768104553;0.593595027923584;0.2128606140613556;0.22727619111537933
0.4607345163822174;0.5940130949020386;0.20930583775043488;0.222615584731102
0.4600590765476227;0.5946826934814453;0.21272490918636322;0.2267169952392578
0.46066170930862427;0.592750072479248;0.2112967073917389;0.22647719085216522
0.46253034472465515;0.5934798121452332;0.2142239809036255;0.22710514068603516
0.46449652314186096;0.5946331024169922;0.2145986109972;0.22519727051258087
0.46680888533592224;0.596338152885437;0.21364723145961761;0.22741393744945526
0.4664662480354309;0.5956452488899231;0.2158912718296051;0.23159681260585785
0.46540337800979614;0.5949133634567261;0.21557405591011047;0.23132553696632385
0.4662446081638336;0.5946553349494934;0.21726076304912567;0.23218531906604767
0.46598583459854126;0.5939006805419922;0.21521638333797455;0.23411691188812256
0.46544429659843445;0.5953041911125183;0.2124960869550705;0.22807708382606506
0.46415233612060547;0.5962257385253906;0.2108340710401535;0.22660993039608002
0.4645151197910309;0.597348153591156;0.2095833122730255;0.22873902320861816
0.46498367190361023;0.5970103144645691;0.20990930497646332;0.22760610282421112
0.46468105912208557;0.5974831581115723;0.21269135177135468;0.2274131327867508
0.46486082673072815;0.6007736921310425;0.21328623592853546;0.2290363758802414
0.46563148498535156;0.5999859571456909;0.2112736701965332;0.22904157638549805
0.46558165550231934;0.599765956401825;0.21256254613399506;0.2263452559709549
0.4669651985168457;0.6001434922218323;0.21353547275066376;0.22725224494934082
0.47007104754447937;0.5999638438224792;0.2127237319946289;0.22699688374996185
0.4695098102092743;0.599399745464325;0.21325521171092987;0.22845669090747833
0.4679010510444641;0.5999093055725098;0.21348248422145844;0.22820062935352325
0.465867817401886;0.6000242829322815;0.21330462396144867;0.22889795899391174
0.4650965631008148;0.5982987284660339;0.21659676730632782;0.22782619297504425
0.468710720539093;0.5988804697990417;0.21369726955890656;0.22554998099803925
0.4671948552131653;0.5970417261123657;0.2160341590642929;0.22384648025035858
0.4684351086616516;0.5970322489738464;0.21518193185329437;0.23164696991443634
0.46875324845314026;0.5971185564994812;0.21645934879779816;0.22647324204444885
0.47410067915916443;0.5972268581390381;0.21806636452674866;0.23182404041290283
0.47531700134277344;0.5964829325675964;0.21679992973804474;0.23041453957557678
0.47274693846702576;0.5946389436721802;0.21866928040981293;0.2277023047208786
0.47350603342056274;0.5942174792289734;0.21818962693214417;0.22832994163036346
0.47411003708839417;0.5935640335083008;0.21714885532855988;0.2253277748823166
0.47337037324905396;0.5951678156852722;0.21873949468135834;0.2269504815340042
0.4736230969429016;0.5959566235542297;0.21266841888427734;0.2287331372499466
0.4759728014469147;0.596190333366394;0.21480324864387512;0.22470970451831818
0.477464497089386;0.5954166054725647;0.2170604020357132;0.2267131358385086
0.4773580729961395;0.596327006816864;0.2156185358762741;0.22455239295959473
0.47507724165916443;0.5990064740180969;0.2120477706193924;0.22137998044490814
0.4754258096218109;0.5990686416625977;0.2142036408185959;0.2239038199186325
0.473981112241745;0.6003698706626892;0.21437788009643555;0.22558240592479706
0.4748106598854065;0.6018821597099304;0.21311020851135254;0.2283603698015213
0.47538670897483826;0.6009126901626587;0.21045294404029846;0.23102080821990967
0.47545433044433594;0.6006953716278076;0.21179203689098358;0.2272229939699173
0.47562217712402344;0.5994696021080017;0.2124018520116806;0.22847715020179749
0.4731522500514984;0.6002324819564819;0.2122211754322052;0.23371417820453644
0.47094446420669556;0.5961360335350037;0.2142505943775177;0.22789254784584045
0.47004634141921997;0.597241222858429;0.21156783401966095;0.23354826867580414
0.4700588285923004;0.5964693427085876;0.2134350836277008;0.22930951416492462
0.4688793122768402;0.5970255732536316;0.21551556885242462;0.2277735024690628
0.4667138159275055;0.5965613722801208;0.21473656594753265;0.23037388920783997
0.4681396484375;0.5965942740440369;0.21791183948516846;0.22965160012245178
0.4644601345062256;0.5970284342765808;0.21476058661937714;0.23037739098072052
0.46638089418411255;0.5960869193077087;0.21213319897651672;0.2287752628326416
0.4665982723236084;0.5951952338218689;0.21185684204101562;0.22778582572937012
0.4659794867038727;0.5955799221992493;0.2096763402223587;0.2278982400894165
0.46492883563041687;0.5949284434318542;0.20815062522888184;0.22879743576049805
0.4641333222389221;0.5959434509277344;0.20977361500263214;0.23301486670970917
0.4632948935031891;0.5944654941558838;0.21001844108104706;0.23280297219753265
0.46277353167533875;0.5916296243667603;0.2100486308336258;0.23351573944091797
0.46211495995521545;0.5923107862472534;0.20919068157672882;0.23553705215454102
0.46304208040237427;0.5910314917564392;0.21376262605190277;0.23694811761379242
0.4610574245452881;0.5915358662605286;0.21269039809703827;0.23498670756816864
0.46147170662879944;0.5917260646820068;0.21116676926612854;0.23194430768489838
0.4639066159725189;0.5931504368782043;0.2089938372373581;0.23309922218322754
0.46435546875;0.5935143828392029;0.21134722232818604;0.2299509048461914
0.46109142899513245;0.5931475758552551;0.2096395343542099;0.22985504567623138
0.4602222442626953;0.5928792357444763;0.215066596865654;0.22922766208648682
0.4614357054233551;0.5930885076522827;0.21454301476478577;0.22396354377269745
0.4614259898662567;0.5938217043876648;0.2116587609052658;0.22544889152050018
0.4629634916782379;0.5931949615478516;0.2129007875919342;0.22463364899158478
0.46181216835975647;0.5917375683784485;0.20934262871742249;0.22250063717365265
0.46251392364501953;0.5900918245315552;0.21099591255187988;0.22048024833202362
0.4626832604408264;0.5930923819541931;0.210285946726799;0.22329919040203094
0.4643308222293854;0.5935065746307373;0.2101326286792755;0.22593413293361664
0.46350565552711487;0.5939550399780273;0.21064722537994385;0.22464604675769806
0.4659156799316406;0.593244731426239;0.21170258522033691;0.2264872044324875
0.46539416909217834;0.5941968560218811;0.21310916543006897;0.22708909213542938
0.4661389887332916;0.5949471592903137;0.2155923843383789;0.228713259100914
0.46619340777397156;0.5954605937004089;0.21394018828868866;0.22661243379116058
0.46735602617263794;0.5954084992408752;0.21443448960781097;0.22544483840465546
0.46709075570106506;0.5956380367279053;0.21335044503211975;0.22426000237464905
0.4651159346103668;0.5945400595664978;0.21301893889904022;0.2254837602376938
0.46369487047195435;0.5938358902931213;0.21342065930366516;0.2252730429172516
0.4652317464351654;0.593680202960968;0.21264620125293732;0.22759036719799042
0.46858200430870056;0.5936598777770996;0.214203879237175;0.23103614151477814
0.4675234854221344;0.593426525592804;0.2097369283437729;0.23741832375526428
0.4682365357875824;0.5926538705825806;0.2104271501302719;0.23074837028980255
0.469914048910141;0.5921608805656433;0.21173584461212158;0.2311098575592041
0.46970781683921814;0.5921754240989685;0.20867693424224854;0.22385744750499725
0.46885767579078674;0.5914305448532104;0.20848289132118225;0.22346340119838715
0.4701206684112549;0.5901005864143372;0.21120694279670715;0.221234992146492
0.4686877727508545;0.590401828289032;0.21395574510097504;0.22546593844890594
0.47145596146583557;0.5916227698326111;0.21380077302455902;0.22393321990966797
0.47307538986206055;0.5917903184890747;0.21346409618854523;0.22555093467235565
0.4762234389781952;0.5923011302947998;0.21350526809692383;0.2298051118850708
0.4761197566986084;0.5926803946495056;0.21227829158306122;0.22554102540016174
0.4752851128578186;0.593272864818573;0.21290576457977295;0.22133426368236542
0.4756166636943817;0.5923594236373901;0.2136666625738144;0.22610843181610107
0.4753034710884094;0.5939731001853943;0.2139427661895752;0.22688613831996918
0.4718994200229645;0.5938130021095276;0.21770964562892914;0.22680167853832245
0.4722364842891693;0.5952816009521484;0.21763209998607635;0.22530408203601837
0.472255676984787;0.595095157623291;0.21410755813121796;0.22792892158031464
0.46844497323036194;0.5963910222053528;0.21596987545490265;0.23167204856872559
0.4670637249946594;0.5947444438934326;0.21516843140125275;0.2289249449968338
0.46654292941093445;0.5945626497268677;0.21500925719738007;0.22950227558612823
0.46990442276000977;0.5949215292930603;0.21088746190071106;0.23092114925384521
0.4692923128604889;0.592768669128418;0.2117318958044052;0.23097315430641174
0.46928736567497253;0.5906224250793457;0.2146848738193512;0.2309863120317459
0.4685487747192383;0.5908640027046204;0.2173304557800293;0.2257099151611328
0.46954017877578735;0.5899871587753296;0.21681475639343262;0.22592149674892426
0.46772852540016174;0.5891221761703491;0.21866479516029358;0.22985096275806427
0.46737805008888245;0.5895673632621765;0.2181388884782791;0.2299291342496872
0.4654500186443329;0.5890498161315918;0.21785345673561096;0.23322902619838715
0.46475154161453247;0.5892705321311951;0.21748068928718567;0.2324312925338745
0.4614628851413727;0.5918585658073425;0.2152452915906906;0.22938962280750275
0.4604698121547699;0.5907106399536133;0.21804533898830414;0.2264529913663864
0.4619912803173065;0.5913928747177124;0.21629495918750763;0.22498182952404022
0.4591996371746063;0.5899819135665894;0.21687422692775726;0.22488784790039062
0.4595802426338196;0.5916519165039062;0.2178730070590973;0.22668452560901642
0.46184539794921875;0.5926396250724792;0.21537823975086212;0.22564296424388885
0.46032029390335083;0.5922868847846985;0.21328940987586975;0.23240911960601807
0.4587281346321106;0.5930728912353516;0.2100861519575119;0.2307104617357254
0.4569246470928192;0.5912184715270996;0.21245013177394867;0.22795787453651428
0.4564833343029022;0.5914305448532104;0.2109474241733551;0.22773142158985138
0.45650139451026917;0.5919592976570129;0.2125592678785324;0.2281074970960617
0.45655354857444763;0.5926234126091003;0.21161489188671112;0.2269742339849472
0.45695510506629944;0.5949164628982544;0.21652698516845703;0.22693529725074768
0.456680029630661;0.5926753282546997;0.2186589241027832;0.2267669290304184
0.4585404396057129;0.592234194278717;0.21762152016162872;0.22607918083667755
0.462709903717041;0.5911426544189453;0.21380741894245148;0.22732014954090118
0.46090927720069885;0.5916263461112976;0.2144114077091217;0.23056688904762268
0.46342897415161133;0.5908582806587219;0.2140107899904251;0.22648154199123383
0.46574288606643677;0.5903095602989197;0.21391406655311584;0.2305862456560135
0.4646059572696686;0.5902724862098694;0.21511299908161163;0.22922144830226898
0.4623332619667053;0.5898259282112122;0.21664810180664062;0.22758980095386505
0.46394845843315125;0.5900189280509949;0.21387453377246857;0.22713962197303772
0.46399804949760437;0.590183436870575;0.21147464215755463;0.22777031362056732
0.4604419767856598;0.5906667113304138;0.20860110223293304;0.2267180234193802
0.45947834849357605;0.5910712480545044;0.20998521149158478;0.2240048199892044
0.46352654695510864;0.5909861922264099;0.2128729671239853;0.2257823944091797
0.4652094841003418;0.5903793573379517;0.2169676572084427;0.22581195831298828
0.46388599276542664;0.5935837626457214;0.21640487015247345;0.2281361073255539
0.46477243304252625;0.5942832231521606;0.21550028026103973;0.22466592490673065
0.46353521943092346;0.5929204821586609;0.21568237245082855;0.2244044840335846
0.4616762101650238;0.5907369256019592;0.2108413428068161;0.2198878973722458
0.46175846457481384;0.5911129117012024;0.20880126953125;0.22817730903625488
0.4583713710308075;0.5902369618415833;0.21203263103961945;0.23297372460365295
0.45668134093284607;0.5911040902137756;0.2131345272064209;0.226022407412529
0.4548364579677582;0.5905821919441223;0.2127198725938797;0.23073402047157288
0.45580998063087463;0.5894819498062134;0.2087092399597168;0.2323669046163559
0.45453569293022156;0.5911238789558411;0.21106481552124023;0.22816649079322815
0.4571365416049957;0.5925981402397156;0.21256601810455322;0.22523577511310577
0.45603781938552856;0.5909388661384583;0.2135324329137802;0.2258441001176834
0.45868873596191406;0.5908425450325012;0.2134961634874344;0.22562947869300842
0.4618555009365082;0.5929694175720215;0.21233585476875305;0.22826777398586273
0.46444568037986755;0.5935612916946411;0.21251130104064941;0.22226189076900482
0.4660903513431549;0.5936687588691711;0.21397307515144348;0.22665701806545258
0.46245184540748596;0.5949907302856445;0.21517546474933624;0.22524456679821014
0.46527743339538574;0.5953850150108337;0.21176059544086456;0.22566762566566467
0.4657325744628906;0.5961756706237793;0.21196739375591278;0.22611112892627716
0.46323511004447937;0.5963886380195618;0.2102220505475998;0.23033328354358673
0.4648993909358978;0.5960419178009033;0.20972700417041779;0.2275339663028717
0.4615752398967743;0.5959413051605225;0.20803025364875793;0.22829218208789825
0.46208110451698303;0.5970510840415955;0.20914943516254425;0.22792597115039825
0.4604635238647461;0.5962368845939636;0.21446369588375092;0.2269764393568039
0.45903849601745605;0.5971738696098328;0.21419672667980194;0.2289695292711258
0.4598296284675598;0.5987518429756165;0.21587419509887695;0.22549472749233246
0.4563502371311188;0.5978841781616211;0.2138112634420395;0.2209046632051468
0.45573264360427856;0.5983848571777344;0.21316006779670715;0.23039953410625458
0.45715245604515076;0.5973863005638123;0.21399934589862823;0.22601978480815887
0.45833835005760193;0.5984458327293396;0.2133469432592392;0.22558103501796722
0.4577390253543854;0.5995278358459473;0.21208731830120087;0.22734642028808594
0.45701977610588074;0.5991430282592773;0.2120085507631302;0.22734253108501434
0.4562697112560272;0.597182035446167;0.21118977665901184;0.22722755372524261
0.4596429467201233;0.598805844783783;0.21482625603675842;0.2217484712600708
0.46048688888549805;0.5973266363143921;0.21508514881134033;0.2232748121023178
0.458561509847641;0.5976050496101379;0.21584241092205048;0.2223433554172516
0.45816919207572937;0.597959578037262;0.21163976192474365;0.22524312138557434
0.46036848425865173;0.5982531905174255;0.21028809249401093;0.2270878404378891
0.45847782492637634;0.5978267788887024;0.21517367660999298;0.22647427022457123
0.4605405032634735;0.5978155136108398;0.2175476849079132;0.22745800018310547
0.45743200182914734;0.6004125475883484;0.21347542107105255;0.22291432321071625
0.45612093806266785;0.6004936099052429;0.2150348275899887;0.22346512973308563
0.4575943946838379;0.6010729074478149;0.21661467850208282;0.22569917142391205
0.4592493176460266;0.6018586158752441;0.21514831483364105;0.2303091138601303
0.45902806520462036;0.6027133464813232;0.21720583736896515;0.2271498292684555
0.45812273025512695;0.6000584959983826;0.21392925083637238;0.22620578110218048
0.4583371579647064;0.5993277430534363;0.2117474526166916;0.22693800926208496
0.45669203996658325;0.6012976169586182;0.21259354054927826;0.22982843220233917
0.4542905390262604;0.6017419695854187;0.21248073875904083;0.2263563722372055
0.452538400888443;0.6020070910453796;0.21644245088100433;0.2259339541196823
0.4525887668132782;0.6003721356391907;0.21757487952709198;0.23002921044826508
0.4520304799079895;0.6002716422080994;0.21752385795116425;0.23230580985546112
0.45443686842918396;0.5995215773582458;0.2145479917526245;0.22962188720703125
0.4560929238796234;0.5994607210159302;0.21735520660877228;0.23082010447978973
0.4580111503601074;0.5990625619888306;0.21872463822364807;0.23195739090442657
0.45834943652153015;0.5975273251533508;0.21994729340076447;0.2300829142332077
0.4584597051143646;0.5988672971725464;0.2184126228094101;0.2323312759399414
0.4577302932739258;0.6002344489097595;0.21768450736999512;0.23298712074756622
0.4582417905330658;0.599571168422699;0.21461091935634613;0.23284362256526947
0.45864591002464294;0.5991703867912292;0.2137044221162796;0.23451419174671173
0.4585295617580414;0.6000568270683289;0.21584267914295197;0.2367328405380249
0.4610019326210022;0.5997917056083679;0.21710260212421417;0.23563943803310394
0.4615943133831024;0.6011788845062256;0.2157411426305771;0.2262023687362671
0.4618375301361084;0.5992003679275513;0.21194365620613098;0.22800295054912567
0.4617086946964264;0.5991693735122681;0.20867247879505157;0.22639131546020508
0.4577041566371918;0.6007586717605591;0.21274209022521973;0.22802944481372833
0.4586343765258789;0.6010498404502869;0.21267853677272797;0.22524824738502502
0.4591343402862549;0.6024886965751648;0.21093058586120605;0.22509585320949554
0.4612407684326172;0.601483941078186;0.2123810350894928;0.22441299259662628
0.46249279379844666;0.6030136942863464;0.21388231217861176;0.22434954345226288
0.46422919631004333;0.6059779524803162;0.21132396161556244;0.22280430793762207
0.4643006920814514;0.6039268374443054;0.21368563175201416;0.22325162589550018
0.46266070008277893;0.6042966246604919;0.2120315283536911;0.22578024864196777
0.4605141580104828;0.6029371619224548;0.21380864083766937;0.2279893457889557
0.4619317650794983;0.604439377784729;0.20949549973011017;0.22790217399597168
0.45954009890556335;0.6032544374465942;0.2115214318037033;0.22695298492908478
0.45818206667900085;0.6049478054046631;0.21042326092720032;0.22596047818660736
0.4601590633392334;0.6053820848464966;0.20951007306575775;0.22957435250282288
0.4593749940395355;0.6063421368598938;0.21548967063426971;0.22632987797260284
0.45686015486717224;0.6046444773674011;0.21780839562416077;0.22643427550792694
0.45814594626426697;0.6026670336723328;0.21945703029632568;0.23124487698078156
0.4588489532470703;0.6026483774185181;0.21587954461574554;0.23153114318847656
0.4625248908996582;0.60261070728302;0.21740448474884033;0.23097479343414307
0.46073490381240845;0.6041244864463806;0.21898119151592255;0.23192238807678223
0.46287375688552856;0.6041547060012817;0.21828709542751312;0.22528879344463348
0.46248483657836914;0.6044921875;0.215179443359375;0.22865791618824005
0.46522751450538635;0.6033020615577698;0.213853120803833;0.22428467869758606
0.46198779344558716;0.6014242172241211;0.2151409387588501;0.22374308109283447
0.46357226371765137;0.5998339056968689;0.21607564389705658;0.23107576370239258
0.4648483395576477;0.5989862680435181;0.21881103515625;0.22609563171863556
0.4658743441104889;0.6001102328300476;0.2211957722902298;0.2267543375492096
0.4642340838909149;0.5986470580101013;0.21928802132606506;0.2272338718175888
0.4645822048187256;0.5984627604484558;0.2163042575120926;0.2287338823080063
0.46490049362182617;0.5987920165061951;0.2145489752292633;0.2246556282043457
0.46343040466308594;0.5988956689834595;0.2120361328125;0.23354580998420715
0.4645329415798187;0.5985106825828552;0.2115267515182495;0.2321508377790451
0.4632588326931;0.599477231502533;0.20745602250099182;0.22750034928321838
0.46499091386795044;0.5991724133491516;0.20583613216876984;0.22712741792201996
0.46422767639160156;0.5987770557403564;0.2075130045413971;0.22870579361915588
0.4639420509338379;0.5997646450996399;0.20807388424873352;0.22690856456756592
0.4645600914955139;0.6004227995872498;0.2101430743932724;0.22932620346546173
0.4640268385410309;0.5997692942619324;0.2134842872619629;0.22447232902050018
0.4603545367717743;0.5994847416877747;0.21396391093730927;0.22458353638648987
0.46037426590919495;0.6004692316055298;0.21070213615894318;0.228667214512825
0.4617927670478821;0.6006678342819214;0.212405726313591;0.2263571321964264
0.4630356729030609;0.599014401435852;0.21071937680244446;0.22392253577709198
0.46341824531555176;0.597599983215332;0.21202479302883148;0.22606466710567474
0.4609541893005371;0.5969356894493103;0.21174602210521698;0.22138336300849915
0.45937642455101013;0.599112868309021;0.21195350587368011;0.22140207886695862
0.4586919844150543;0.5989391803741455;0.2117260992527008;0.22781427204608917
0.4605221450328827;0.5953206419944763;0.20997336506843567;0.2317134439945221
0.4614011347293854;0.5955232381820679;0.21189658343791962;0.2318849116563797
0.461306095123291;0.5955824255943298;0.20974166691303253;0.22524495422840118
0.4587261378765106;0.5968567132949829;0.21185997128486633;0.22597019374370575
0.46017351746559143;0.5971745848655701;0.2105231136083603;0.22103798389434814
0.4612191617488861;0.5967384576797485;0.21326756477355957;0.2212429791688919
0.4617084562778473;0.596911609172821;0.21453586220741272;0.22662663459777832
0.4620983302593231;0.5965593457221985;0.21451020240783691;0.22709213197231293
0.4626208245754242;0.596926212310791;0.2168601006269455;0.2266833782196045
0.4621354043483734;0.5980445742607117;0.21589766442775726;0.22836117446422577
0.46323010325431824;0.5990670323371887;0.21565942466259003;0.2297801524400711
0.4628755748271942;0.59955233335495;0.21471229195594788;0.22877278923988342
0.46426597237586975;0.5989894866943359;0.21602396667003632;0.2235012799501419
0.46356400847435;0.59939044713974;0.21664491295814514;0.22369389235973358
0.46380195021629333;0.5987462401390076;0.21675916016101837;0.22186172008514404
0.4647074341773987;0.5987460017204285;0.21695838868618011;0.22857928276062012
0.4645288586616516;0.5987116694450378;0.21601207554340363;0.22943592071533203
0.4617193341255188;0.5973284244537354;0.21605952084064484;0.2281140834093094
0.4601646363735199;0.5961507558822632;0.21383261680603027;0.22570252418518066
0.46063995361328125;0.5949400067329407;0.21191942691802979;0.2308877557516098
0.4604383111000061;0.5944773554801941;0.21530519425868988;0.22304032742977142
0.4594474732875824;0.5955180525779724;0.21611300110816956;0.226469025015831
0.45708027482032776;0.5961839556694031;0.2186267375946045;0.2231755554676056
0.4591011703014374;0.5953934788703918;0.21421730518341064;0.22413425147533417
0.45910167694091797;0.594639241695404;0.21306422352790833;0.22425499558448792
0.45891425013542175;0.5934586524963379;0.21050231158733368;0.22335639595985413
0.459390789270401;0.592236340045929;0.20891351997852325;0.22948041558265686
0.459460973739624;0.5909366011619568;0.21134264767169952;0.22416448593139648
0.4610902965068817;0.5903100371360779;0.21318836510181427;0.22699041664600372
0.4614124298095703;0.5912094116210938;0.21488311886787415;0.2251085788011551
0.4611176550388336;0.5920547842979431;0.21627557277679443;0.2265700399875641
0.4605703055858612;0.5926608443260193;0.2138916254043579;0.22901688516139984
0.46197739243507385;0.5949209928512573;0.21535420417785645;0.2272445261478424
0.463914692401886;0.5949857831001282;0.21492429077625275;0.23101337254047394
0.46457043290138245;0.5956975817680359;0.21727441251277924;0.23033444583415985
0.4639742970466614;0.5955126881599426;0.21507088840007782;0.22762088477611542
0.4630565345287323;0.5955355763435364;0.21722197532653809;0.2226869910955429
0.46431824564933777;0.5969927906990051;0.21695776283740997;0.2238084375858307
0.46285128593444824;0.5978426337242126;0.21926935017108917;0.22431860864162445
0.4622814357280731;0.5993102192878723;0.21685388684272766;0.22277770936489105
0.4615272581577301;0.5980324745178223;0.21742652356624603;0.22729097306728363
