TV;KL
1.2500193119049072;4.268587589263916
0.23976676166057587;0.08573135733604431
0.1669474095106125;0.027188826352357864
0.1718229353427887;0.025680407881736755
0.16370362043380737;0.024925481528043747
0.16808238625526428;0.02364896982908249
0.17079022526741028;0.026152826845645905
0.16633380949497223;0.02471887692809105
0.16282257437705994;0.022414889186620712
0.17087706923484802;0.02757320925593376
0.171052947640419;0.026445824652910233
0.17097294330596924;0.025589965283870697
0.17263957858085632;0.026452869176864624
0.16167090833187103;0.022569332271814346
0.15907958149909973;0.02144203707575798
0.16710203886032104;0.023309871554374695
0.16741257905960083;0.02496182918548584
0.15814931690692902;0.02072318270802498
0.15949824452400208;0.02199987694621086
0.16878391802310944;0.022203870117664337
0.17182263731956482;0.02647729590535164
0.15975600481033325;0.022587835788726807
0.16091719269752502;0.024567533284425735
0.168791264295578;0.025116965174674988
0.16926029324531555;0.024036701768636703
0.15968573093414307;0.02137838676571846
0.17562423646450043;0.024891670793294907
0.1674356311559677;0.024142514914274216
0.1684911847114563;0.026288658380508423
0.1652478724718094;0.023801591247320175
0.16715848445892334;0.023997679352760315
0.16176322102546692;0.025628618896007538
0.16622275114059448;0.023171979933977127
0.173692524433136;0.02449512854218483
0.17314490675926208;0.02564915269613266
0.17172104120254517;0.026496965438127518
0.15778256952762604;0.022522088140249252
0.15664568543434143;0.021461736410856247
0.17981445789337158;0.02472716197371483
0.18020865321159363;0.027125466614961624
0.16355475783348083;0.022358112037181854
0.17062854766845703;0.023708954453468323
0.1683281660079956;0.025859981775283813
0.16809384524822235;0.023905083537101746
0.15650548040866852;0.02140665054321289
0.1671580672264099;0.02535366266965866
0.17157632112503052;0.02552536502480507
0.16319015622138977;0.024283189326524734
0.15961170196533203;0.022906441241502762
0.18013280630111694;0.02690283954143524
0.17258408665657043;0.02310727909207344
0.16634926199913025;0.02564123272895813
0.1625562310218811;0.023890141397714615
0.16593897342681885;0.024288993328809738
0.16602951288223267;0.024259112775325775
0.17106428742408752;0.026982929557561874
0.16144946217536926;0.02259751781821251
0.16498738527297974;0.02402784675359726
0.17003312706947327;0.025609895586967468
0.17904262244701385;0.027574002742767334
0.16264893114566803;0.024020075798034668
0.1668567657470703;0.023809507489204407
0.17781873047351837;0.026502203196287155
0.15830042958259583;0.02178506925702095
0.16875314712524414;0.02480386570096016
0.16317039728164673;0.02291211485862732
0.17616380751132965;0.02596662938594818
0.16693079471588135;0.024142354726791382
0.15788306295871735;0.0223090797662735
0.17101994156837463;0.024749580770730972
0.17115134000778198;0.02502819523215294
0.16919514536857605;0.02441547065973282
0.16538086533546448;0.024085231125354767
0.15677763521671295;0.020835697650909424
0.17077070474624634;0.026905536651611328
0.17068037390708923;0.025158748030662537
0.17642849683761597;0.024737197905778885
0.1720311939716339;0.027437154203653336
0.17102999985218048;0.02584264427423477
0.1675100326538086;0.022071629762649536
0.1772034466266632;0.025608398020267487
0.17183461785316467;0.024193916469812393
0.1625131070613861;0.02123814821243286
0.16052499413490295;0.02146318182349205
0.16144029796123505;0.02358774095773697
0.17084959149360657;0.02474791556596756
0.16677600145339966;0.024770136922597885
0.16589590907096863;0.023123815655708313
0.1715840846300125;0.023054704070091248
0.1654958724975586;0.02412720024585724
0.16589292883872986;0.024123642593622208
0.1720597743988037;0.02501751109957695
0.16684651374816895;0.0245419479906559
0.166158527135849;0.024283211678266525
0.16881269216537476;0.025647304952144623
0.1745447963476181;0.0259680338203907
0.16638696193695068;0.02383403480052948
0.16281737387180328;0.0222940593957901
0.16522377729415894;0.023720961064100266
0.17148566246032715;0.025685276836156845
0.16088373959064484;0.022119250148534775
0.17109234631061554;0.025047115981578827
0.17087551951408386;0.025689255446195602
0.16843602061271667;0.0235709547996521
0.17714911699295044;0.025992877781391144
0.1695113182067871;0.022011667490005493
0.16030527651309967;0.02457723394036293
0.16283687949180603;0.02328641712665558
0.16718292236328125;0.024457085877656937
0.17493832111358643;0.026490673422813416
0.1628049612045288;0.022806890308856964
0.1690066158771515;0.023664318025112152
0.16421426832675934;0.024103716015815735
0.15990929305553436;0.022538498044013977
0.17310085892677307;0.02349715307354927
0.1621425449848175;0.024378590285778046
0.16604822874069214;0.023405686020851135
0.17147377133369446;0.026006706058979034
0.16638267040252686;0.025759510695934296
0.16834691166877747;0.025989562273025513
0.17086493968963623;0.025657936930656433
0.1659117341041565;0.02298874408006668
0.16320757567882538;0.024248402565717697
0.16824838519096375;0.023613423109054565
0.1658848077058792;0.022227700799703598
0.1667371541261673;0.024335719645023346
0.17096491158008575;0.024455547332763672
0.16590113937854767;0.02468819171190262
0.17984463274478912;0.027653228491544724
0.16986489295959473;0.02528185024857521
0.16190890967845917;0.023978494107723236
0.18054677546024323;0.027912713587284088
0.1571742594242096;0.022763777524232864
0.17183049023151398;0.024312786757946014
0.16686195135116577;0.02366058900952339
0.17009997367858887;0.026262328028678894
0.17124411463737488;0.0247989259660244
0.16816899180412292;0.027609393000602722
0.17408783733844757;0.024434559047222137
0.1742258369922638;0.023901261389255524
0.1705453246831894;0.026494238525629044
0.16195526719093323;0.02438073605298996
0.16898280382156372;0.026500672101974487
0.16417059302330017;0.02219066396355629
0.1653800755739212;0.022647764533758163
0.16391155123710632;0.024055030196905136
0.16583320498466492;0.024400118738412857
0.16494879126548767;0.025139644742012024
0.16870427131652832;0.024408135563135147
0.1627865731716156;0.02413291484117508
0.1573421210050583;0.023441512137651443
0.1711796522140503;0.02530369907617569
0.16882255673408508;0.026108313351869583
0.16972732543945312;0.024709496647119522
0.16577839851379395;0.02420153096318245
0.17400485277175903;0.02888169139623642
0.16613775491714478;0.023878149688243866
0.17237547039985657;0.025124814361333847
0.17198628187179565;0.025641467422246933
0.17510706186294556;0.027824778109788895
0.17076388001441956;0.02558460459113121
0.15932783484458923;0.024044621735811234
0.16744008660316467;0.026257649064064026
0.18253564834594727;0.02735748142004013
0.16120104491710663;0.02319035306572914
0.16349251568317413;0.02296646684408188
0.16613270342350006;0.024483319371938705
0.1611834168434143;0.023709192872047424
0.16118305921554565;0.024141967296600342
0.16321317851543427;0.02282765880227089
0.17201738059520721;0.02583317831158638
0.1607927829027176;0.02222885936498642
0.16441531479358673;0.023628339171409607
0.15962040424346924;0.023802027106285095
0.17162519693374634;0.026241663843393326
0.159388929605484;0.022317305207252502
0.17729422450065613;0.026130270212888718
0.16468076407909393;0.02392815798521042
0.1644931137561798;0.023590393364429474
0.16355127096176147;0.023418482393026352
0.1656549870967865;0.023728810250759125
0.16529367864131927;0.022043105214834213
0.16366171836853027;0.021497569978237152
0.17640888690948486;0.026033006608486176
0.16156089305877686;0.022548876702785492
0.15605837106704712;0.023697398602962494
0.16672685742378235;0.025612208992242813
0.16158203780651093;0.022731322795152664
0.1665094643831253;0.025516066700220108
0.1558564305305481;0.02102573961019516
0.16790899634361267;0.025354258716106415
0.15883563458919525;0.023342594504356384
0.16781949996948242;0.025221850723028183
0.16685950756072998;0.021995361894369125
0.17419272661209106;0.025686070322990417
0.1620885729789734;0.024072371423244476
0.16792231798171997;0.024246271699666977
0.1594172865152359;0.0229034461081028
0.17500650882720947;0.027168311178684235
0.16218285262584686;0.022992104291915894
0.15816637873649597;0.02323286607861519
0.16731572151184082;0.023475084453821182
0.15940091013908386;0.02264537289738655
