TV;KL
1.500345230102539;6.838990211486816
0.5515183210372925;0.3321007788181305
0.5344163775444031;0.27248162031173706
0.5225985646247864;0.2653026878833771
0.5268326997756958;0.2677057683467865
0.5292180180549622;0.2658858597278595
0.5282140970230103;0.2645283043384552
0.5312162637710571;0.2668389081954956
0.5330117344856262;0.26811787486076355
0.5330737233161926;0.26606160402297974
0.5234381556510925;0.2673828899860382
0.5231300592422485;0.26496729254722595
0.5281986594200134;0.2663767635822296
0.5433828830718994;0.2685863971710205
0.5230650305747986;0.26563844084739685
0.5246307849884033;0.2654103636741638
0.5334347486495972;0.26734527945518494
0.5259574055671692;0.2652544379234314
0.5307384729385376;0.2655435800552368
0.522857129573822;0.26559165120124817
0.5300760269165039;0.2651580274105072
0.5313127636909485;0.26342371106147766
0.530349850654602;0.2648850679397583
0.5295519232749939;0.26676762104034424
0.5298342704772949;0.2645833492279053
0.5311323404312134;0.2659725844860077
0.5274456143379211;0.26611074805259705
0.5319951176643372;0.2695954144001007
0.5275573134422302;0.2673097252845764
0.5307466983795166;0.2659887969493866
0.524910569190979;0.2650465965270996
0.524829626083374;0.2658781409263611
0.5267238616943359;0.26467275619506836
0.5340977907180786;0.26651161909103394
0.5313541293144226;0.2670317590236664
0.5354200601577759;0.2684628963470459
0.5369892120361328;0.26793092489242554
0.5268149375915527;0.26608890295028687
0.5283440351486206;0.26796290278434753
0.5297020673751831;0.2648742198944092
0.5355805158615112;0.2679769992828369
0.5222930312156677;0.2670718729496002
0.5276480913162231;0.264726459980011
0.5279394388198853;0.26530203223228455
0.5352706909179688;0.2662586569786072
0.5301758646965027;0.26489099860191345
0.5293083190917969;0.26451376080513
0.5281680226325989;0.26233333349227905
0.5285342335700989;0.265120267868042
0.5278639197349548;0.26705101132392883
0.5447131395339966;0.2665756046772003
0.5307719707489014;0.26661017537117004
0.5278444290161133;0.2681005895137787
0.536576509475708;0.27063071727752686
0.5437216758728027;0.2687534987926483
0.545409619808197;0.26762884855270386
0.5333653688430786;0.2686373293399811
0.528252124786377;0.26674214005470276
0.5344076156616211;0.2665030360221863
0.5242915153503418;0.26291874051094055
0.5281444191932678;0.26495614647865295
0.5245798826217651;0.2638626992702484
0.535515308380127;0.26821157336235046
0.5302761793136597;0.26521387696266174
0.5243021249771118;0.2642483413219452
0.5325914025306702;0.2673047184944153
0.5368051528930664;0.26801344752311707
0.529059648513794;0.26457005739212036
0.5319048166275024;0.2667507529258728
0.5214287638664246;0.2651679813861847
0.5298898220062256;0.2674993872642517
0.5314050912857056;0.2640690207481384
0.5376524329185486;0.26623761653900146
0.5354251265525818;0.2700774371623993
0.5332578420639038;0.26663994789123535
0.5313326716423035;0.2652764916419983
0.5356593132019043;0.26892364025115967
0.5245220065116882;0.2662946879863739
0.5318489670753479;0.26450932025909424
0.530356764793396;0.2679566442966461
0.5327937602996826;0.26447179913520813
0.5260480046272278;0.26756933331489563
0.5279335379600525;0.2653711438179016
0.539215087890625;0.26542219519615173
0.5271921753883362;0.2664375305175781
0.5297680497169495;0.2645063102245331
0.5321671962738037;0.2666252851486206
0.5291327834129333;0.2647305727005005
0.5248037576675415;0.26630446314811707
0.5327154994010925;0.26678842306137085
0.5303005576133728;0.2673047184944153
0.5356683135032654;0.2678632140159607
0.5273755788803101;0.2693410813808441
0.5298287272453308;0.2661101818084717
0.5341681241989136;0.2676563858985901
0.5287524461746216;0.26223987340927124
0.5283165574073792;0.2656867504119873
0.5328361988067627;0.2662099599838257
0.5327556133270264;0.27072712779045105
0.5264708995819092;0.2652917206287384
0.521745502948761;0.26421496272087097
0.533538818359375;0.2651805579662323
0.5321192145347595;0.2682676613330841
0.5324270129203796;0.2666921317577362
0.5276294946670532;0.26965758204460144
0.5270081758499146;0.26887035369873047
0.5362804532051086;0.26540514826774597
0.5297602415084839;0.263719379901886
0.5378386378288269;0.2635974586009979
0.5361873507499695;0.2669210135936737
0.5274978280067444;0.2629207968711853
0.5327780246734619;0.2647143006324768
0.525683581829071;0.263782262802124
0.5286735892295837;0.26471439003944397
0.5346765518188477;0.2683793008327484
0.5297998189926147;0.266340970993042
0.5392828583717346;0.26572632789611816
0.5297125577926636;0.26513543725013733
0.5259076952934265;0.2643917500972748
0.5277801752090454;0.2656204104423523
0.5321714878082275;0.2711031138896942
0.5265678763389587;0.2649551033973694
0.5302611589431763;0.26588764786720276
0.5324891805648804;0.26755958795547485
0.5383990406990051;0.26611751317977905
0.5358455181121826;0.2670438587665558
0.5296594500541687;0.26805463433265686
0.5309404134750366;0.26448625326156616
0.5219443440437317;0.26402080059051514
0.5346870422363281;0.26709944009780884
0.5239956378936768;0.26447296142578125
0.5328252911567688;0.2658648192882538
0.5284512042999268;0.26375117897987366
0.5257267951965332;0.2645478844642639
0.5245487093925476;0.2658504247665405
0.5259120464324951;0.26434236764907837
0.5280590653419495;0.2677024006843567
0.531369686126709;0.26630449295043945
0.5289821028709412;0.2671668231487274
0.5335761904716492;0.26596978306770325
0.5371217131614685;0.2665717601776123
0.535385012626648;0.26683807373046875
0.5376207828521729;0.2679278254508972
0.5302109122276306;0.2692679762840271
0.5280093550682068;0.2663578391075134
0.529492974281311;0.2682727873325348
0.530653178691864;0.2661411762237549
0.5284677147865295;0.2668953537940979
0.5261243581771851;0.26412761211395264
0.5312200784683228;0.26897791028022766
0.527044415473938;0.26508694887161255
0.5308683514595032;0.26374754309654236
0.5250008702278137;0.26575416326522827
0.5255566239356995;0.26411470770835876
0.5264697074890137;0.2664569318294525
0.530788004398346;0.26798686385154724
0.5281277894973755;0.266730934381485
0.5254536867141724;0.26611417531967163
0.5365328192710876;0.26806849241256714
0.5303418636322021;0.2662990391254425
0.5378062725067139;0.2709847390651703
0.5274884700775146;0.2639448940753937
0.535519540309906;0.2635684907436371
0.5361843109130859;0.26624593138694763
0.5278985500335693;0.2654246389865875
0.53129643201828;0.26738500595092773
0.5351016521453857;0.269166499376297
0.5283328294754028;0.2681195139884949
0.5318825244903564;0.26615414023399353
0.5294238328933716;0.2648361027240753
0.5276352167129517;0.2673323452472687
0.5274427533149719;0.26914340257644653
0.5337032675743103;0.26672887802124023
0.5248140692710876;0.26818713545799255
0.5422819256782532;0.26546216011047363
0.5362030267715454;0.2680478096008301
0.5356500744819641;0.2700841724872589
0.5288600325584412;0.26771676540374756
0.528211236000061;0.268354207277298
0.5234113931655884;0.265226274728775
0.5279828906059265;0.266664981842041
0.5244123339653015;0.2659435272216797
0.5299564003944397;0.2693817913532257
0.5297820568084717;0.2655464708805084
0.5273750424385071;0.26367518305778503
0.5327411890029907;0.2658239006996155
0.5301046371459961;0.2656920552253723
0.5296567678451538;0.26555484533309937
0.5234004259109497;0.26429811120033264
0.530560314655304;0.26925745606422424
0.5281155705451965;0.2677077651023865
0.5367067456245422;0.26656806468963623
0.5307206511497498;0.2660527229309082
0.5310816168785095;0.26637884974479675
0.5285931825637817;0.265887051820755
0.5422599911689758;0.2665656507015228
0.5299689173698425;0.2673020362854004
0.5312722325325012;0.26781582832336426
0.5251126289367676;0.26629799604415894
0.5262459516525269;0.2680954039096832
0.5246340036392212;0.2628961205482483
0.535965621471405;0.265023410320282
0.5283237099647522;0.26318857073783875
0.5318575501441956;0.2678055465221405
0.527606725692749;0.2648543119430542
0.5382575988769531;0.265661358833313
0.5305551886558533;0.26643773913383484
0.5376219153404236;0.27052369713783264
0.5282868146896362;0.2670014798641205
0.54742032289505;0.26802268624305725
0.5389659404754639;0.26692405343055725
0.5331555008888245;0.2675798237323761
0.5320677757263184;0.26468998193740845
0.5412331819534302;0.26908212900161743
0.533318042755127;0.2680853009223938
0.5341735482215881;0.27128171920776367
0.5435038805007935;0.27167269587516785
0.5236004590988159;0.26433050632476807
0.5274606943130493;0.26534679532051086
0.5236356258392334;0.2662475109100342
0.5295618772506714;0.2662058174610138
0.5281007885932922;0.26611238718032837
0.5320180058479309;0.2672281861305237
0.5240214467048645;0.2652013897895813
0.5294283032417297;0.26446306705474854
0.5297594666481018;0.26644185185432434
0.5323687791824341;0.26385948061943054
0.5318244695663452;0.2682419419288635
0.5246605277061462;0.2637908458709717
0.5296527147293091;0.26842832565307617
0.5343478322029114;0.2681170701980591
0.530724823474884;0.2688808739185333
0.5343924760818481;0.2666912078857422
0.5375770330429077;0.26729869842529297
0.5330710411071777;0.2664945125579834
0.5311437845230103;0.2687763273715973
0.5282242298126221;0.26827433705329895
0.524329662322998;0.26551783084869385
0.5267038345336914;0.26441383361816406
0.547812283039093;0.2658422589302063
0.5297176837921143;0.26501041650772095
0.5271356701850891;0.2638837993144989
0.5300448536872864;0.267409086227417
0.5292409658432007;0.2636641561985016
0.5287565588951111;0.26598164439201355
0.5325208902359009;0.2655544877052307
0.5318863391876221;0.265239417552948
0.5249216556549072;0.26525890827178955
0.531713604927063;0.26432693004608154
0.5315131545066833;0.2677203118801117
0.5358815789222717;0.2655220627784729
0.5309468507766724;0.2639312148094177
0.5255187153816223;0.262645423412323
0.5291653871536255;0.26684340834617615
0.5273441076278687;0.2614396810531616
0.5429117679595947;0.26540660858154297
0.5276760458946228;0.26299792528152466
0.5311571955680847;0.2671060562133789
0.5288066864013672;0.26753073930740356
0.5256549119949341;0.2645691931247711
0.52944415807724;0.2660704255104065
0.5246158838272095;0.2677864134311676
0.532691240310669;0.26201674342155457
0.5337069630622864;0.26488471031188965
0.5392520427703857;0.26514172554016113
0.5249128937721252;0.2632295489311218
0.5338296294212341;0.267179399728775
0.5267728567123413;0.2675870954990387
0.5303069949150085;0.2627430856227875
0.5275561213493347;0.2622506320476532
0.521635890007019;0.2627684772014618
0.5230065584182739;0.2641008496284485
0.5270916819572449;0.2673374116420746
0.5271766781806946;0.2693514823913574
0.5291153788566589;0.2667321562767029
0.5250684022903442;0.2637929618358612
0.5251275300979614;0.26416105031967163
0.5412161946296692;0.2683546245098114
0.5278438329696655;0.2663319706916809
0.5315650105476379;0.26761317253112793
0.5341787934303284;0.2692394256591797
0.5291526317596436;0.2691168189048767
0.5275315642356873;0.26337137818336487
0.5326911807060242;0.2655053436756134
0.530604898929596;0.27057451009750366
0.5394099354743958;0.26681143045425415
0.5251867771148682;0.2636757493019104
0.5249403715133667;0.26627427339553833
0.5342881679534912;0.26534008979797363
0.5326665043830872;0.26763853430747986
0.5239002704620361;0.2626880407333374
0.5301738381385803;0.2636791467666626
0.5242586135864258;0.2637976109981537
0.5208560228347778;0.26370733976364136
0.5267661809921265;0.2662186324596405
0.5271375179290771;0.26788130402565
0.5242668390274048;0.26542890071868896
0.5333492755889893;0.26269155740737915
0.5229922533035278;0.26412391662597656
0.5234379768371582;0.26135319471359253
0.529227614402771;0.2659514248371124
0.5345144867897034;0.265307754278183
0.5289093255996704;0.26304998993873596
0.5289319157600403;0.26666396856307983
0.5252065658569336;0.26074710488319397
0.5259820818901062;0.26408082246780396
0.5263765454292297;0.2676095962524414
0.532078742980957;0.26543620228767395
0.5304994583129883;0.26482531428337097
0.5322605967521667;0.2681443989276886
0.529629111289978;0.26379716396331787
0.5240872502326965;0.2644687592983246
0.5337567329406738;0.26236391067504883
0.5266571044921875;0.26542195677757263
0.532999575138092;0.2665069103240967
0.5333436131477356;0.2648578882217407
0.5383893847465515;0.26810580492019653
0.5300225019454956;0.2646907866001129
0.5265089869499207;0.26258742809295654
0.5355241298675537;0.2651520073413849
0.5314464569091797;0.2659507691860199
0.5284960269927979;0.26268264651298523
0.5315172076225281;0.26689377427101135
0.5204978585243225;0.2622414827346802
0.53263920545578;0.26725783944129944
0.5259191989898682;0.262902170419693
0.530204176902771;0.26562386751174927
0.5247021913528442;0.26474449038505554
0.5269384384155273;0.2664233446121216
0.5243536233901978;0.2651497721672058
0.5250341892242432;0.2677050828933716
0.5326590538024902;0.26737919449806213
0.5251189470291138;0.26319026947021484
0.5266045331954956;0.2618703842163086
0.532459020614624;0.2670086622238159
0.5296524167060852;0.26477760076522827
0.5333975553512573;0.2642834484577179
0.5243890881538391;0.2632291913032532
0.5281693339347839;0.2648928761482239
0.5294622778892517;0.2663019895553589
0.5285797119140625;0.26472601294517517
0.5247973203659058;0.26175424456596375
0.5266895294189453;0.26496341824531555
0.5308448672294617;0.2640499174594879
0.532605767250061;0.26543205976486206
0.5274401307106018;0.26626506447792053
0.529457688331604;0.2624477744102478
0.5230129361152649;0.2657693028450012
0.5235158801078796;0.2653418779373169
0.5262713432312012;0.2672945559024811
0.535628080368042;0.26433077454566956
0.533822774887085;0.26510873436927795
0.5276146531105042;0.266498863697052
0.5269707441329956;0.26442641019821167
0.5264285206794739;0.2643985152244568
0.5244554877281189;0.2639163136482239
0.5242837071418762;0.2625248432159424
0.5286800861358643;0.26486197113990784
0.5345979928970337;0.26328298449516296
0.5274562239646912;0.2634146511554718
0.5239792466163635;0.26213181018829346
0.5268246531486511;0.26215440034866333
0.5262130498886108;0.2630925178527832
0.5292479395866394;0.26307106018066406
0.5400342345237732;0.2680622637271881
0.5250998139381409;0.26362308859825134
0.5274214148521423;0.2642197906970978
0.5357334613800049;0.26507383584976196
0.5220605731010437;0.26718276739120483
0.522407054901123;0.2647906243801117
0.5266187191009521;0.26499536633491516
0.5358151793479919;0.2672257721424103
0.5295884609222412;0.26594051718711853
0.5291051268577576;0.2665548026561737
0.5250908136367798;0.2646210789680481
0.5223692059516907;0.2628718912601471
0.5245392322540283;0.26308193802833557
0.5255455374717712;0.2655107378959656
0.5266556143760681;0.26146605610847473
0.5397645235061646;0.2673549950122833
0.5298333168029785;0.26368436217308044
0.533169150352478;0.265983521938324
0.5226418375968933;0.26846396923065186
0.5304384231567383;0.26255178451538086
0.5273541212081909;0.26236239075660706
0.5240249633789062;0.2633032500743866
0.5330225229263306;0.26533782482147217
0.5259239077568054;0.2634281814098358
0.5271199941635132;0.264701783657074
0.5253531336784363;0.26424622535705566
0.5381794571876526;0.26524850726127625
0.5215451717376709;0.26383599638938904
0.5267979502677917;0.2623078525066376
0.5324377417564392;0.26448896527290344
0.5308626294136047;0.2633853256702423
0.5325426459312439;0.2639123499393463
0.5314105153083801;0.2641860246658325
0.5319780111312866;0.264101505279541
0.5348984003067017;0.2669258415699005
0.5302540063858032;0.2637932598590851
0.5329480767250061;0.26597651839256287
0.521449863910675;0.26379144191741943
0.5278719663619995;0.26164165139198303
0.5231413841247559;0.26341521739959717
0.5260075926780701;0.26345294713974
0.5275076627731323;0.2655716836452484
0.5367946624755859;0.26635098457336426
0.5316283702850342;0.2608518898487091
0.5264167785644531;0.26496413350105286
0.5359851717948914;0.26714760065078735
0.5262901782989502;0.2644117474555969
0.5296639204025269;0.26180195808410645
0.5262419581413269;0.26485955715179443
0.5381734371185303;0.26341712474823
0.5209057927131653;0.26198652386665344
0.5314778685569763;0.2615518867969513
0.5275459289550781;0.2639932930469513
0.5340633988380432;0.26334232091903687
0.5216148495674133;0.26115962862968445
0.5236929059028625;0.26306554675102234
0.5219366550445557;0.2626616656780243
0.5313109159469604;0.2652299702167511
0.527665913105011;0.26584163308143616
0.5286820530891418;0.26481226086616516
0.5208532810211182;0.2630292475223541
0.5286384224891663;0.26616212725639343
0.530012845993042;0.26263201236724854
0.521396815776825;0.2616903781890869
0.5238538384437561;0.26215964555740356
0.5321155786514282;0.2630339562892914
0.5304122567176819;0.26464253664016724
0.5312786102294922;0.26912668347358704
0.5353285074234009;0.26644542813301086
0.5392190217971802;0.26603972911834717
0.5305226445198059;0.26389890909194946
0.5338079333305359;0.26345306634902954
0.5274043679237366;0.2609267234802246
0.5290374755859375;0.2652857303619385
0.5323915481567383;0.26649123430252075
0.5254438519477844;0.2619321346282959
0.5244467854499817;0.26522523164749146
0.5293081998825073;0.26216477155685425
0.5326755046844482;0.26376640796661377
0.5260419249534607;0.2643575966358185
0.5285887122154236;0.26329126954078674
0.5352075695991516;0.26643240451812744
0.5282137989997864;0.2647952735424042
0.5277327299118042;0.2641744017601013
0.5349414944648743;0.2640147805213928
0.5298418998718262;0.2633522152900696
0.537290096282959;0.2637629210948944
0.5287063717842102;0.26169300079345703
0.5277683138847351;0.262774258852005
0.530957818031311;0.26485565304756165
0.5312895774841309;0.26428863406181335
0.5234781503677368;0.2625353932380676
0.5315377712249756;0.262846976518631
0.5259736776351929;0.2655462920665741
0.5310479998588562;0.26399102807044983
0.5306318402290344;0.2647456228733063
0.5277676582336426;0.2603554427623749
0.5233292579650879;0.2634046971797943
0.5226221680641174;0.26235589385032654
0.5262420773506165;0.26608023047447205
0.5257656574249268;0.2664281129837036
0.525144636631012;0.2645740509033203
0.534168541431427;0.2627134621143341
0.5265228152275085;0.26076966524124146
0.5254405736923218;0.26252424716949463
0.5239664316177368;0.26145312190055847
0.53801429271698;0.26459166407585144
0.5232504606246948;0.2681499123573303
0.5381051301956177;0.2644246220588684
0.5254260301589966;0.2609362304210663
0.531537652015686;0.2626633942127228
0.5383786559104919;0.2649657130241394
0.5227634310722351;0.2618124485015869
0.5229406952857971;0.26021960377693176
0.5242371559143066;0.2623424232006073
0.5229381918907166;0.2615775465965271
0.5319331288337708;0.26349300146102905
0.531761884689331;0.2624017894268036
0.5264769792556763;0.26199284195899963
0.5246915817260742;0.2628146708011627
0.5259998440742493;0.259822815656662
0.5249099135398865;0.26264142990112305
0.5295374393463135;0.2630569040775299
0.5321112871170044;0.26255732774734497
0.5288521647453308;0.26330825686454773
0.5301551222801208;0.2621654272079468
0.5223652124404907;0.26034289598464966
0.5223483443260193;0.2613951563835144
0.5244323015213013;0.26282188296318054
0.5270847678184509;0.26001641154289246
0.5286571979522705;0.26314884424209595
0.5309485197067261;0.26353293657302856
0.5235658884048462;0.26243671774864197
0.5203549265861511;0.26168835163116455
0.5319096446037292;0.2634921073913574
0.521672248840332;0.2609844505786896
0.5352796912193298;0.26549196243286133
0.5237120389938354;0.26258665323257446
0.5315998792648315;0.26132312417030334
0.532423734664917;0.2642335593700409
0.5326029062271118;0.2626538872718811
0.5268247127532959;0.2640495002269745
0.522051990032196;0.2627395689487457
0.5292368531227112;0.26136133074760437
0.5300461053848267;0.2610379457473755
0.529106616973877;0.2619764804840088
0.5243508815765381;0.261418879032135
0.5239617228507996;0.260907918214798
0.5196276903152466;0.262590229511261
0.5228528380393982;0.2639996111392975
0.5339870452880859;0.2612702250480652
0.5276920795440674;0.2627962827682495
0.5359865427017212;0.26382148265838623
0.5324955582618713;0.2634054124355316
0.5264914035797119;0.2629953622817993
0.5223685503005981;0.2615903615951538
0.5254084467887878;0.2627391815185547
0.5282180309295654;0.26339343190193176
0.5222682356834412;0.26112303137779236
0.5310674905776978;0.26050156354904175
0.5265136957168579;0.26104944944381714
0.5297417640686035;0.26437607407569885
0.5210529565811157;0.26223036646842957
0.5332791805267334;0.2644290328025818
0.5264168977737427;0.26134753227233887
0.5273597240447998;0.2608823776245117
0.5290648341178894;0.263494610786438
0.5180514454841614;0.2600165903568268
0.5294058322906494;0.26566264033317566
0.5195504426956177;0.25967442989349365
0.5230574011802673;0.26054131984710693
0.5273001194000244;0.26428765058517456
0.5296382308006287;0.2630269527435303
0.5255573391914368;0.2619338929653168
0.5218492746353149;0.2607327699661255
0.5276586413383484;0.2642633318901062
0.5271721482276917;0.26146095991134644
0.5324465036392212;0.2623312473297119
0.5218242406845093;0.26315897703170776
0.5304489135742188;0.2622688114643097
0.532438337802887;0.26250919699668884
0.5354312658309937;0.26316770911216736
0.5225657820701599;0.26146483421325684
0.5290417075157166;0.2628961205482483
0.5267336964607239;0.26234170794487
0.5213592648506165;0.26251348853111267
0.5346581339836121;0.26740702986717224
0.53232342004776;0.26770830154418945
0.5263763070106506;0.26259171962738037
0.5290679335594177;0.2638895511627197
0.5414935350418091;0.2667669355869293
0.5248414874076843;0.26072338223457336
0.5250232815742493;0.2626132667064667
0.5213269591331482;0.2613769769668579
0.525229275226593;0.26137638092041016
0.5302037000656128;0.26329007744789124
0.5317764282226562;0.26534536480903625
0.5334794521331787;0.26159727573394775
0.5246638655662537;0.26252633333206177
0.5320320725440979;0.26219674944877625
0.5206578969955444;0.26261359453201294
0.524082601070404;0.2623266875743866
0.5303840637207031;0.25999683141708374
0.5322099328041077;0.261849582195282
0.5306374430656433;0.2651641070842743
0.52479487657547;0.2617197036743164
0.5291405916213989;0.26537060737609863
0.5275259613990784;0.26349738240242004
0.5242475271224976;0.26132336258888245
0.5269537568092346;0.2633148729801178
0.5247645974159241;0.2626155614852905
0.5211419463157654;0.26498591899871826
0.5269020199775696;0.2633970379829407
0.520291268825531;0.2588936984539032
0.5254517197608948;0.2638579308986664
0.5306522250175476;0.2621598541736603
0.5256991982460022;0.2616052031517029
0.5284516215324402;0.26330968737602234
0.5283468961715698;0.2667592167854309
0.5263665318489075;0.2609892785549164
0.5305155515670776;0.26094022393226624
0.5228028297424316;0.26403746008872986
0.5324611663818359;0.2618676424026489
0.533199667930603;0.2645932734012604
0.532317042350769;0.2605465352535248
0.5178313851356506;0.2595825493335724
0.5278850197792053;0.2631923258304596
0.5286000967025757;0.26179251074790955
0.533325731754303;0.2621564269065857
0.5285710096359253;0.26458489894866943
0.5278439521789551;0.2644416391849518
0.526984453201294;0.26076188683509827
0.5332698822021484;0.2620294988155365
0.5301230549812317;0.26136717200279236
0.5261456370353699;0.2619940936565399
0.5296199321746826;0.26404327154159546
0.5305114388465881;0.26351797580718994
0.5255500078201294;0.262342631816864
0.5265970230102539;0.2625773251056671
0.5262184739112854;0.26278746128082275
0.5239519476890564;0.25981491804122925
0.5282866358757019;0.2622915208339691
0.5315853953361511;0.2638746201992035
0.5232193470001221;0.26065146923065186
0.5237110257148743;0.2635456621646881
0.5282688140869141;0.2612308859825134
0.5261210799217224;0.2605436444282532
0.5293151140213013;0.26139235496520996
0.5245285034179688;0.2606610953807831
0.5328393578529358;0.2628689110279083
0.5258439779281616;0.26111066341400146
0.5256010890007019;0.2611542046070099
0.5244004726409912;0.2610435485839844
0.5206001996994019;0.2605445384979248
0.5224617719650269;0.2669376730918884
0.5255972743034363;0.2609628140926361
0.5255289673805237;0.2628312408924103
0.5284835696220398;0.2638707458972931
0.5203427076339722;0.2616671025753021
0.5322093367576599;0.2632540464401245
0.5275956392288208;0.2612307667732239
0.5221729278564453;0.2634038031101227
0.5263355374336243;0.2634505033493042
0.5236051678657532;0.2616927921772003
0.5260688662528992;0.26125046610832214
0.5320934057235718;0.26354122161865234
0.5304669141769409;0.26371464133262634
0.528931200504303;0.26052141189575195
0.5273900032043457;0.26161229610443115
0.5260450839996338;0.2629772424697876
0.5257202386856079;0.2602997422218323
0.5271691083908081;0.2643113136291504
0.5229989886283875;0.26078709959983826
0.5229019522666931;0.2620132267475128
0.5326002240180969;0.262714147567749
0.5247434973716736;0.2611846625804901
0.5321723222732544;0.25967472791671753
0.5224094390869141;0.2624846398830414
0.5266122817993164;0.26075518131256104
0.5218040943145752;0.26238274574279785
0.5200595855712891;0.2608243525028229
0.5268649458885193;0.2625253200531006
0.5268881916999817;0.26238059997558594
0.530539870262146;0.2649763226509094
0.5237556099891663;0.26062747836112976
0.5255495309829712;0.2581334114074707
0.5264084339141846;0.26623788475990295
0.5412495136260986;0.26240378618240356
0.5269461274147034;0.2617916166782379
0.5292636752128601;0.2651282250881195
0.5265697240829468;0.26175859570503235
0.5323925614356995;0.26441511511802673
0.524674654006958;0.2625942528247833
0.5185455083847046;0.26202908158302307
0.5336655378341675;0.261194109916687
0.5312248468399048;0.2634212374687195
0.5247573256492615;0.25806739926338196
0.5232357978820801;0.26218798756599426
0.533735454082489;0.2606126368045807
0.5266562104225159;0.26262587308883667
0.5302330255508423;0.26331284642219543
0.5242194533348083;0.25918933749198914
0.5304723978042603;0.2633492350578308
0.5320479869842529;0.2605528235435486
0.5244655609130859;0.261396586894989
0.5235168933868408;0.263588547706604
0.5370224118232727;0.26516199111938477
0.5245125889778137;0.25757071375846863
0.5363759994506836;0.26339080929756165
0.5271469950675964;0.25993621349334717
0.5250089168548584;0.2613631784915924
0.5217199921607971;0.2623080015182495
0.524151623249054;0.26022475957870483
0.5342674851417542;0.26057955622673035
0.5403434038162231;0.26134079694747925
0.5234342217445374;0.26446548104286194
0.5228469371795654;0.26198476552963257
0.5225118398666382;0.2605963945388794
0.5331575870513916;0.2602494955062866
0.525084376335144;0.2595663070678711
0.5268123149871826;0.26035869121551514
0.5274720788002014;0.26317813992500305
0.5298098921775818;0.26041287183761597
0.5324344038963318;0.26498332619667053
0.5259726047515869;0.2597993314266205
0.5267830491065979;0.26239916682243347
0.5239048004150391;0.26168957352638245
0.5312461853027344;0.2630254626274109
0.5268185138702393;0.26359429955482483
0.5264517664909363;0.25941047072410583
0.5270922183990479;0.2607199251651764
0.5268380045890808;0.26058709621429443
0.5286086797714233;0.2628967761993408
0.528975248336792;0.2615123689174652
0.5248632431030273;0.2599562108516693
0.5291703939437866;0.26386380195617676
0.5278919339179993;0.2630642354488373
0.5236645936965942;0.2610059082508087
0.520357072353363;0.26072582602500916
0.523989737033844;0.26150211691856384
0.5347169637680054;0.2610122263431549
0.5225930213928223;0.26222461462020874
0.5241305828094482;0.2583969235420227
0.5284356474876404;0.2607964873313904
0.5269080400466919;0.26374030113220215
0.52382892370224;0.26410555839538574
0.5337672233581543;0.26235395669937134
0.5244727730751038;0.2616617679595947
0.5218748450279236;0.25946465134620667
0.5268773436546326;0.2609996199607849
0.5214950442314148;0.25782620906829834
0.5192619562149048;0.25857600569725037
0.5234330892562866;0.2615108788013458
0.5263167023658752;0.26036685705184937
0.5241394639015198;0.26088279485702515
0.5373064875602722;0.26319676637649536
0.525701642036438;0.2619059085845947
0.5224385857582092;0.2587858736515045
0.5293563008308411;0.2604411542415619
0.5285304188728333;0.260805606842041
0.539509654045105;0.26242920756340027
0.5252320766448975;0.26144278049468994
0.5277998447418213;0.2649821639060974
0.5260569453239441;0.26299721002578735
0.5221375226974487;0.26282522082328796
0.5269502997398376;0.2615228593349457
0.5193751454353333;0.26165130734443665
0.5303025245666504;0.2629360854625702
0.5206535458564758;0.2574860453605652
0.5262786746025085;0.26204007863998413
0.5290578007698059;0.26180344820022583
0.5308464765548706;0.26019322872161865
0.5210902690887451;0.2630370259284973
0.5194182991981506;0.2622964680194855
0.523955225944519;0.26118969917297363
0.5278275012969971;0.2634812295436859
0.5265113115310669;0.26415079832077026
0.5186277031898499;0.2608714997768402
0.5306703448295593;0.2633320093154907
0.5221213102340698;0.2651995122432709
0.5278463959693909;0.2624310851097107
0.5284449458122253;0.26243627071380615
0.5393762588500977;0.2615625262260437
0.5189357399940491;0.26135700941085815
0.5180977582931519;0.2624259889125824
0.5262569189071655;0.2625291645526886
0.5295763611793518;0.26460152864456177
0.5339319109916687;0.2619597911834717
0.5242636799812317;0.2606484591960907
0.5306713581085205;0.2635883092880249
0.5294713377952576;0.2644859254360199
0.528155505657196;0.2615290880203247
0.5274709463119507;0.26131439208984375
0.5297433137893677;0.2655711770057678
0.5296745896339417;0.26071321964263916
0.5197046399116516;0.2601988911628723
0.5359477996826172;0.26312941312789917
0.5280880928039551;0.26085948944091797
0.5281968116760254;0.265060156583786
0.5204325914382935;0.26202619075775146
0.5223573446273804;0.2598552107810974
0.5228127241134644;0.25960245728492737
0.5227594375610352;0.2617719769477844
0.5320691466331482;0.26161301136016846
0.5281519293785095;0.26031723618507385
0.5214146971702576;0.26367706060409546
0.533507227897644;0.26296743750572205
0.5242342352867126;0.2612849473953247
0.5271030068397522;0.2611094117164612
0.5236183404922485;0.25939273834228516
0.5437275767326355;0.2648032307624817
0.5218169093132019;0.25916677713394165
0.5254241228103638;0.26097187399864197
0.5323979258537292;0.26438817381858826
0.5280953049659729;0.2628512978553772
0.5234620571136475;0.26416754722595215
0.5363062620162964;0.2636389136314392
0.5186919569969177;0.26204201579093933
0.5234176516532898;0.2630350589752197
0.5386841297149658;0.263150155544281
0.5344370603561401;0.2619190812110901
0.5278267860412598;0.2615397870540619
0.5272350311279297;0.2617985010147095
0.5225605964660645;0.2616656422615051
0.5166237950325012;0.2605740427970886
0.5299228429794312;0.2586270272731781
0.5330720543861389;0.26218363642692566
0.5316708087921143;0.26751914620399475
0.5244004726409912;0.26275157928466797
0.519007682800293;0.2605210840702057
0.5207218527793884;0.2640340328216553
0.5242824554443359;0.25795701146125793
0.5298218131065369;0.26030707359313965
0.5204885601997375;0.26378312706947327
0.5288691520690918;0.2603699862957001
0.5277156233787537;0.2600868046283722
0.5349790453910828;0.2641572952270508
0.5256181955337524;0.26030510663986206
0.5306718349456787;0.26236292719841003
0.5255423784255981;0.26103487610816956
0.5202467441558838;0.26081833243370056
0.5298476219177246;0.26209932565689087
0.5243974924087524;0.26039883494377136
0.527596652507782;0.2618829011917114
0.5214874148368835;0.2619110643863678
0.5197228193283081;0.2626856565475464
0.5253340005874634;0.25947052240371704
0.5247036814689636;0.26169291138648987
0.5216653943061829;0.2609860301017761
0.5194332599639893;0.2669740319252014
0.5242237448692322;0.2602780759334564
0.5257641673088074;0.25996133685112
0.5207202434539795;0.2614125907421112
0.5342356562614441;0.26076215505599976
0.5187940001487732;0.26077893376350403
0.5215820074081421;0.2629818022251129
0.5267823934555054;0.2597174048423767
0.5302077531814575;0.26092982292175293
0.5249233245849609;0.26137977838516235
0.526539146900177;0.26299914717674255
0.5269262790679932;0.26180681586265564
0.5191324353218079;0.26001036167144775
0.5328137278556824;0.2622072398662567
0.5162020325660706;0.25881898403167725
0.5228451490402222;0.2636171877384186
0.5283198356628418;0.2625231146812439
0.5239487290382385;0.2626805007457733
0.5291600227355957;0.2600588798522949
0.5325769782066345;0.26102572679519653
0.5306152701377869;0.261065810918808
0.5269111394882202;0.2602536678314209
0.5207473039627075;0.2614527940750122
0.5246443748474121;0.2616448402404785
0.5245773792266846;0.2589058578014374
0.5234962701797485;0.2606029510498047
0.5324098467826843;0.2612239122390747
0.5204609036445618;0.2606273293495178
0.5228246450424194;0.25932759046554565
0.5326435565948486;0.2611157298088074
0.5289587378501892;0.26236724853515625
0.5247427225112915;0.2594824433326721
0.5230675339698792;0.2616301476955414
0.530382513999939;0.26578229665756226
0.5258221626281738;0.26162946224212646
0.5213445425033569;0.2596326768398285
0.5237733125686646;0.2582544684410095
0.521940290927887;0.2579382061958313
0.5302032232284546;0.2628682851791382
0.5229119062423706;0.25986340641975403
0.5282293558120728;0.2621857225894928
0.5221241116523743;0.26081138849258423
0.5326623916625977;0.2621925473213196
0.52080237865448;0.26113834977149963
0.5269396305084229;0.26215097308158875
0.5217034816741943;0.26236724853515625
0.526448130607605;0.2596606910228729
0.5255805850028992;0.26230064034461975
0.5279483199119568;0.2616960406303406
0.5300160050392151;0.2609342634677887
0.5225937962532043;0.2600710988044739
0.5248755812644958;0.2596627473831177
0.5188956260681152;0.2588929235935211
0.5193406343460083;0.25835227966308594
0.5250332951545715;0.26187601685523987
0.5296292304992676;0.26246610283851624
0.5289748907089233;0.2599716782569885
0.534023642539978;0.25910571217536926
0.5194683074951172;0.26358580589294434
0.5275251269340515;0.2603345513343811
0.5311042666435242;0.26115041971206665
0.5345237255096436;0.2640150785446167
0.525637149810791;0.2585311532020569
0.5303034782409668;0.26129382848739624
0.5213930606842041;0.260173499584198
0.535393238067627;0.2652994692325592
0.5205598473548889;0.2587490677833557
0.525922954082489;0.2578221559524536
0.527340829372406;0.2631697356700897
0.5245106220245361;0.2583121061325073
0.5238465070724487;0.2609911561012268
0.5277098417282104;0.2620936334133148
0.5247466564178467;0.2615113854408264
0.5300695896148682;0.2596796154975891
0.5213445425033569;0.2617851495742798
0.5225380659103394;0.2594771087169647
0.5320135951042175;0.26301342248916626
0.5263755321502686;0.2592739164829254
0.5189948081970215;0.2600589096546173
0.5364375710487366;0.26443561911582947
0.5277608633041382;0.2621030807495117
0.5199286341667175;0.2599252462387085
0.5235671401023865;0.2596820890903473
0.5254760384559631;0.2605644762516022
0.5270608067512512;0.2618505656719208
0.5227471590042114;0.2610751986503601
0.528098464012146;0.2610573172569275
0.5278980135917664;0.2605728209018707
0.5231224298477173;0.25836285948753357
0.5190296769142151;0.25903016328811646
0.5218830704689026;0.2587518095970154
0.5263271331787109;0.262204647064209
0.5248146057128906;0.2607000768184662
0.5305308103561401;0.2592194080352783
0.5224635601043701;0.25844624638557434
0.5250345468521118;0.2617606818675995
0.5291405320167542;0.2610533535480499
0.525330126285553;0.260524719953537
0.5224947929382324;0.2617494761943817
0.5174943804740906;0.26062819361686707
0.5212816596031189;0.2600286900997162
0.5229038596153259;0.26048219203948975
0.5258817672729492;0.25807538628578186
0.5314669609069824;0.26051780581474304
0.5189088582992554;0.26102936267852783
0.5186268091201782;0.2593473494052887
0.5315741896629333;0.26256120204925537
0.5245602130889893;0.26103848218917847
0.524363100528717;0.2595137357711792
0.5307285785675049;0.2652687132358551
0.5216125845909119;0.25900983810424805
0.5294197201728821;0.25921350717544556
0.5283693671226501;0.26297396421432495
0.5238949060440063;0.25927799940109253
0.5215440988540649;0.25837504863739014
0.5272122025489807;0.2612821161746979
0.5222078561782837;0.25920888781547546
0.523297905921936;0.26101553440093994
0.5276046991348267;0.2621069848537445
0.5293056964874268;0.25829657912254333
0.5181801319122314;0.26357972621917725
0.5370198488235474;0.2600765526294708
0.5197911858558655;0.26038190722465515
0.5207451581954956;0.2595268487930298
0.5245017409324646;0.2594878375530243
0.5207077264785767;0.2586091160774231
0.5228244066238403;0.26068514585494995
0.5304214954376221;0.2597101330757141
0.5230039358139038;0.2619028091430664
0.5315935611724854;0.2627848982810974
0.5264014601707458;0.2600356340408325
0.5208899974822998;0.26268139481544495
0.520947277545929;0.2573179006576538
0.5341624021530151;0.26248863339424133
0.5242596864700317;0.26234912872314453
0.5156036019325256;0.25955867767333984
0.5241571664810181;0.2601379156112671
0.5286973118782043;0.26065492630004883
0.5279478430747986;0.2620806396007538
0.5236046314239502;0.26212170720100403
0.5282195210456848;0.26395830512046814
0.5280320048332214;0.26148858666419983
0.528171181678772;0.26165688037872314
0.523680567741394;0.2613425850868225
0.5231043696403503;0.25916630029678345
0.5273281931877136;0.26205870509147644
0.5184503197669983;0.2607204020023346
0.5260759592056274;0.26055023074150085
0.5227845311164856;0.259324312210083
0.522584855556488;0.26118701696395874
0.5243855118751526;0.260399729013443
0.52765953540802;0.2617035508155823
0.529134213924408;0.25908470153808594
0.5312959551811218;0.2637145221233368
0.5273270606994629;0.26012641191482544
0.525550365447998;0.2615967094898224
0.5230480432510376;0.25830987095832825
0.5211425423622131;0.2583199441432953
0.527849555015564;0.2605675756931305
0.5267303586006165;0.258417010307312
0.5234279632568359;0.25859564542770386
0.5203741192817688;0.2629666030406952
0.5252791047096252;0.2611152231693268
0.5228056311607361;0.2590094804763794
0.5274888873100281;0.262082576751709
0.5268693566322327;0.26091268658638
0.5246443748474121;0.25728026032447815
0.5197640657424927;0.2609623670578003
0.5246458053588867;0.2584751844406128
0.5323116779327393;0.25911784172058105
0.5256617665290833;0.2605038583278656
0.5206609964370728;0.25970903038978577
0.5212612748146057;0.26156121492385864
0.5230176448822021;0.2613444924354553
0.5268995761871338;0.2610892355442047
0.5213120579719543;0.25904035568237305
0.5257934927940369;0.25890812277793884
0.5238543748855591;0.2574760615825653
0.5267895460128784;0.2614917755126953
0.5306845903396606;0.2578834295272827
0.52960604429245;0.2649383842945099
0.5197877883911133;0.2606331706047058
0.5178126096725464;0.25992390513420105
0.5252561569213867;0.26156800985336304
0.5233438014984131;0.25932636857032776
0.525016188621521;0.26440179347991943
0.518894374370575;0.2609940469264984
0.5233397483825684;0.25912532210350037
0.5222969055175781;0.2611004710197449
0.5233049392700195;0.26185673475265503
0.519188404083252;0.257934033870697
0.5265595316886902;0.2620067000389099
0.5332795977592468;0.26154544949531555
0.5200749039649963;0.2583194673061371
0.526455283164978;0.26118189096450806
0.5248211622238159;0.25763005018234253
0.5300920605659485;0.2617928385734558
0.5292445421218872;0.2593628466129303
0.5322731733322144;0.2610408663749695
0.5291973352432251;0.26345038414001465
0.5254929065704346;0.2588995695114136
0.5226916670799255;0.2609717845916748
0.5224769115447998;0.26163533329963684
0.5211121439933777;0.2612107992172241
0.5250147581100464;0.2600247859954834
0.5248116254806519;0.2618929445743561
0.524872362613678;0.2612960934638977
0.5193786025047302;0.2578500807285309
0.5168034434318542;0.2607991695404053
0.5185709595680237;0.26302778720855713
0.530012309551239;0.26017406582832336
0.519366443157196;0.261038213968277
0.5184249877929688;0.2595539391040802
0.524975597858429;0.2589397430419922
0.5210075974464417;0.25951501727104187
0.5271382927894592;0.2575077712535858
0.5262578129768372;0.25967472791671753
0.5286985635757446;0.26204463839530945
0.5290874242782593;0.2592628598213196
0.5240999460220337;0.2614242434501648
0.5286967158317566;0.2607908248901367
0.5255957245826721;0.25845474004745483
0.5251348614692688;0.26163727045059204
0.5290027260780334;0.2582911252975464
0.531176745891571;0.2600814998149872
0.5294774174690247;0.2612375020980835
0.5261469483375549;0.2599699795246124
0.524922251701355;0.25865617394447327
0.5296964049339294;0.26216787099838257
0.5213610529899597;0.26377907395362854
0.5251476168632507;0.25870785117149353
0.5197671055793762;0.26040539145469666
0.5193749666213989;0.2573924660682678
0.531701922416687;0.2601672410964966
0.5301273465156555;0.2599177062511444
0.5232204794883728;0.25880029797554016
0.5387573838233948;0.26123571395874023
0.5208922624588013;0.25975483655929565
0.5257183313369751;0.2617781162261963
0.5268332958221436;0.259743332862854
0.526733934879303;0.26101431250572205
0.5254399180412292;0.26243433356285095
0.5336424112319946;0.2591755986213684
0.5225664377212524;0.25882527232170105
0.5242388844490051;0.2614157497882843
0.5268104076385498;0.25837820768356323
0.525056004524231;0.259915828704834
0.5293974876403809;0.2599027752876282
0.5304600596427917;0.2603980004787445
0.5266749262809753;0.2587887644767761
0.5237860083580017;0.26410940289497375
0.5306371450424194;0.2609805464744568
0.527468204498291;0.25968050956726074
0.5223057270050049;0.2610975503921509
0.5258757472038269;0.2605668008327484
0.5253660678863525;0.26072460412979126
0.5252895951271057;0.26160699129104614
0.5217160582542419;0.26054781675338745
0.5260726809501648;0.2614957392215729
0.5239325761795044;0.26021578907966614
0.5345515012741089;0.26380327343940735
0.5184274911880493;0.2609383761882782
0.5267095565795898;0.26434463262557983
0.5225958824157715;0.2576901912689209
0.522960901260376;0.2614971399307251
0.528900146484375;0.2600318491458893
0.519894540309906;0.25766655802726746
0.525073230266571;0.2621251046657562
0.5195899605751038;0.25957632064819336
0.525306224822998;0.26165807247161865
0.5285664796829224;0.263319194316864
0.5239766240119934;0.26066723465919495
0.527167558670044;0.2589997947216034
0.5287401676177979;0.2613483965396881
0.5177013874053955;0.2594367265701294
0.5233815908432007;0.25795605778694153
0.519228458404541;0.2582510709762573
0.5262696743011475;0.25958186388015747
0.5227987170219421;0.2599668800830841
0.5211036205291748;0.2588641345500946
0.5289872884750366;0.2597012221813202
0.5270768404006958;0.26021841168403625
0.5257803201675415;0.26127833127975464
0.5192871689796448;0.256259024143219
0.5309216976165771;0.2624766528606415
0.5210214853286743;0.2598661780357361
0.5317566990852356;0.25995033979415894
0.5287386775016785;0.26114410161972046
0.5247635841369629;0.26105767488479614
0.5205529928207397;0.2611543536186218
0.5214251279830933;0.2600020170211792
0.5209782123565674;0.25910812616348267
0.5301927328109741;0.25689497590065
0.5226732492446899;0.25783565640449524
0.5225119590759277;0.25903111696243286
0.5254095196723938;0.26061055064201355
0.5245893001556396;0.25797563791275024
0.5354515314102173;0.26014426350593567
0.5299073457717896;0.262587308883667
0.526570200920105;0.2611129879951477
0.5196704268455505;0.2575470805168152
0.5272066593170166;0.26174086332321167
0.5257854461669922;0.26191115379333496
0.5428103804588318;0.2632320821285248
0.5242159962654114;0.2598569691181183
0.5307456254959106;0.2610538899898529
0.5278396606445312;0.2600727081298828
0.5266329050064087;0.2591102421283722
0.5203046202659607;0.25777509808540344
0.5201437473297119;0.25784698128700256
0.5253446698188782;0.26098182797431946
0.5198532342910767;0.26015594601631165
0.5248942375183105;0.25683361291885376
0.5285199880599976;0.2609540522098541
0.523413896560669;0.2601662278175354
0.5275299549102783;0.25872838497161865
0.5162193775177002;0.2554669976234436
0.5235368609428406;0.2588367164134979
0.5279921293258667;0.2593635320663452
0.5257333517074585;0.25940829515457153
0.5247160196304321;0.2604421079158783
0.5224777460098267;0.2581061124801636
0.5227027535438538;0.26183125376701355
0.5233626365661621;0.25741106271743774
0.5347387790679932;0.2623683512210846
0.5351370573043823;0.25847265124320984
0.5213465690612793;0.2585948407649994
0.5333215594291687;0.2586618959903717
0.5306170582771301;0.26040542125701904
0.5303764939308167;0.26037442684173584
0.5192896723747253;0.2586382031440735
0.5297122001647949;0.2600290775299072
0.5194985270500183;0.2581478953361511
0.5248713493347168;0.259137898683548
0.5317671895027161;0.26161354780197144
0.5242432951927185;0.2604256868362427
0.5292802453041077;0.25961294770240784
0.5282123684883118;0.2591523230075836
0.5201277732849121;0.2587902247905731
0.5232493877410889;0.2615300714969635
0.5236976742744446;0.2598569095134735
0.5194053649902344;0.2590353786945343
0.5195244550704956;0.25866806507110596
0.5228100419044495;0.2568605840206146
0.5266988277435303;0.26105988025665283
0.5242570638656616;0.2585325539112091
0.5211081504821777;0.25626277923583984
0.525242805480957;0.2594827711582184
0.5263025760650635;0.2603497803211212
0.5302247405052185;0.2600082457065582
0.5307426452636719;0.25997817516326904
0.5261741876602173;0.26013442873954773
0.5191469192504883;0.25902023911476135
0.5249216556549072;0.25831204652786255
0.5267857909202576;0.2615889012813568
0.5287918448448181;0.25814273953437805
0.5264487862586975;0.26086360216140747
0.531662106513977;0.25729650259017944
0.5308483242988586;0.2612294554710388
0.5249603986740112;0.2603349983692169
0.5159709453582764;0.2585412859916687
0.5212160348892212;0.2586424946784973
0.5339559316635132;0.2601524591445923
0.5256672501564026;0.2582543194293976
0.5274198055267334;0.2604626715183258
0.527784526348114;0.26080024242401123
0.5185701251029968;0.25761282444000244
0.5311844348907471;0.2590272128582001
0.5264689922332764;0.2553809881210327
0.5143970251083374;0.2584664821624756
0.525994062423706;0.258367657661438
0.514420211315155;0.25693565607070923
0.5245185494422913;0.25913897156715393
0.5264912247657776;0.26008254289627075
0.5265771150588989;0.2589850127696991
0.5215322375297546;0.2570773661136627
0.5193217992782593;0.2578848600387573
0.5212229490280151;0.26084840297698975
0.5257337093353271;0.26102274656295776
0.5250775814056396;0.25878217816352844
0.5189669728279114;0.2584877908229828
0.5219930410385132;0.25753191113471985
0.5204223990440369;0.25596943497657776
0.5201185941696167;0.2577216923236847
0.5174030661582947;0.2583170533180237
0.5344811081886292;0.2605406641960144
0.517139732837677;0.25548240542411804
0.5346145033836365;0.25864747166633606
0.5220317840576172;0.2586565613746643
0.5185577273368835;0.25876492261886597
0.5261706113815308;0.25815752148628235
0.5250506401062012;0.25858864188194275
0.5190216898918152;0.258417546749115
0.5174161791801453;0.2580782175064087
0.5234397053718567;0.2593558430671692
0.5248820781707764;0.2602645754814148
0.5248287320137024;0.25731098651885986
0.5275394916534424;0.2589362859725952
0.5257937908172607;0.2582106292247772
0.5266361832618713;0.25700974464416504
0.5246104598045349;0.2580210268497467
0.5215507745742798;0.2603824734687805
0.5313454270362854;0.2599807381629944
0.5312924385070801;0.2611165940761566
0.5185617804527283;0.2587853670120239
0.5229663252830505;0.25911077857017517
0.5278531908988953;0.2590167224407196
0.5235738158226013;0.26115503907203674
0.5219990015029907;0.25790712237358093
0.5290001034736633;0.2572690546512604
0.5185302495956421;0.2606673836708069
0.5207464694976807;0.25952354073524475
0.5242331027984619;0.2558591961860657
0.5226506590843201;0.25596532225608826
0.5269525647163391;0.257140576839447
0.532247006893158;0.2604845464229584
0.5241281390190125;0.25920286774635315
0.53720623254776;0.2602872848510742
0.5186475515365601;0.2591663897037506
0.522107720375061;0.25956323742866516
0.5263789892196655;0.25572115182876587
0.5270813703536987;0.25572654604911804
0.521765410900116;0.2585446238517761
0.5308229923248291;0.25906747579574585
0.5393040180206299;0.2587919235229492
0.5289004445075989;0.2582436203956604
0.5236462950706482;0.25676229596138
0.5245378613471985;0.25978973507881165
0.5316024422645569;0.25907373428344727
0.519775927066803;0.25838905572891235
0.5199440121650696;0.25861960649490356
0.5334357619285583;0.26138836145401
0.5210210680961609;0.25908970832824707
0.5324156284332275;0.26326411962509155
0.5248743295669556;0.2594783306121826
0.5163922905921936;0.260246217250824
0.5167085528373718;0.25981244444847107
0.5284784436225891;0.2603244483470917
0.522495448589325;0.2542034983634949
0.5355794429779053;0.2625398635864258
0.5335345268249512;0.261441707611084
0.5235388278961182;0.2557428777217865
0.5265762209892273;0.25966960191726685
0.5333482623100281;0.2600926160812378
0.5271322727203369;0.2585800290107727
0.5215579867362976;0.2582443952560425
0.5220988988876343;0.2562849223613739
0.5158352255821228;0.2563750147819519
0.519334077835083;0.25792306661605835
0.5333962440490723;0.2604205906391144
0.5198355913162231;0.25641047954559326
0.52183997631073;0.25936272740364075
0.5236210823059082;0.25727665424346924
0.5182051658630371;0.2556581497192383
0.5203753709793091;0.259437620639801
0.5159860849380493;0.25664329528808594
0.5265886187553406;0.2577769160270691
0.5271525382995605;0.2579158842563629
0.517328679561615;0.25568801164627075
0.5268632173538208;0.2620469927787781
0.5316093564033508;0.2608688473701477
0.5296288132667542;0.2581559121608734
0.5224148631095886;0.2584531307220459
0.5199822187423706;0.2554098963737488
0.5236189961433411;0.26101213693618774
0.5212311744689941;0.25848740339279175
0.5156345963478088;0.25605547428131104
0.5312026143074036;0.2622714638710022
0.5200099945068359;0.263136625289917
0.5165108442306519;0.2562088966369629
0.5253114104270935;0.2585257887840271
0.5197094082832336;0.26283910870552063
0.518775224685669;0.25603732466697693
0.5268917679786682;0.2562415301799774
0.5186637043952942;0.25694817304611206
0.5192570686340332;0.2603929340839386
0.5214534401893616;0.25686782598495483
0.529184877872467;0.2596893608570099
0.5272714495658875;0.2574283182621002
0.5239445567131042;0.25696173310279846
0.5204761028289795;0.2573899030685425
0.5237267017364502;0.25832533836364746
0.5295447111129761;0.2590692341327667
0.5231783986091614;0.26239317655563354
0.5212218165397644;0.257739782333374
0.5265522599220276;0.2569693326950073
0.5165624618530273;0.2557753622531891
0.5195050835609436;0.2574729025363922
0.5291762351989746;0.2586115300655365
0.529341459274292;0.2570742070674896
0.5321853756904602;0.25918692350387573
0.5264080762863159;0.2588464915752411
0.5302597880363464;0.2577528953552246
0.5244349241256714;0.2589859962463379
0.5232266783714294;0.25720348954200745
0.5214520692825317;0.2558227777481079
0.5215616822242737;0.2559342384338379
0.5219422578811646;0.25902098417282104
0.5267814993858337;0.26007211208343506
0.518714427947998;0.25644469261169434
0.5214796662330627;0.2569042146205902
0.5194790959358215;0.25884997844696045
0.524878740310669;0.2593114674091339
0.533062219619751;0.25890564918518066
0.5264933705329895;0.2567055821418762
0.5234346985816956;0.2558276653289795
0.5259872078895569;0.2599892318248749
0.524852991104126;0.25448891520500183
0.5180416107177734;0.2567553222179413
0.5148763656616211;0.259223997592926
0.5311347246170044;0.2582026720046997
0.5271076560020447;0.2576041519641876
0.5207189321517944;0.2601974308490753
0.5274560451507568;0.2600299119949341
0.5259485840797424;0.2593674957752228
0.5228500366210938;0.25668302178382874
0.5360968708992004;0.2603567838668823
0.5271977186203003;0.25761905312538147
0.5229987502098083;0.25781163573265076
0.5250949263572693;0.25691622495651245
0.523311197757721;0.2589009404182434
0.5270958542823792;0.25894665718078613
0.5236736536026001;0.2588961720466614
0.5312142968177795;0.259589821100235
0.5319532752037048;0.25825726985931396
0.5194252133369446;0.25734129548072815
0.5276669263839722;0.25773516297340393
0.5196431875228882;0.2556520700454712
0.5202738046646118;0.25856029987335205
0.528938353061676;0.25721317529678345
0.5206671357154846;0.2594204843044281
0.524710476398468;0.25457853078842163
0.5217880606651306;0.2582661509513855
