TV;KL
1.2630195617675781;4.420135021209717
0.24264681339263916;0.0825628936290741
0.16659721732139587;0.025798402726650238
0.14536598324775696;0.01981254294514656
0.14700837433338165;0.020205996930599213
0.15460830926895142;0.02194540947675705
0.15827807784080505;0.020933806896209717
0.15363505482673645;0.021240051835775375
0.15010571479797363;0.018946241587400436
0.1634792685508728;0.022471047937870026
0.15579858422279358;0.021861545741558075
0.15615743398666382;0.022146910429000854
0.15643537044525146;0.020592287182807922
0.16331709921360016;0.02270655333995819
0.15022116899490356;0.021610744297504425
0.1449303925037384;0.019236642867326736
0.15367701649665833;0.018786564469337463
0.17484337091445923;0.024549897760152817
0.14388220012187958;0.018867120146751404
0.14999772608280182;0.021070778369903564
0.14754992723464966;0.018931008875370026
0.1462068110704422;0.021149832755327225
0.15720246732234955;0.020881198346614838
0.15112534165382385;0.018625378608703613
0.15570607781410217;0.02055283635854721
0.15003091096878052;0.022052064538002014
0.16428497433662415;0.023983526974916458
0.1510169804096222;0.02045062556862831
0.13437362015247345;0.01740328222513199
0.14621026813983917;0.020708799362182617
0.154861181974411;0.02081083506345749
0.14626197516918182;0.018793776631355286
0.15842080116271973;0.02002038061618805
0.1434498429298401;0.019830740988254547
0.15336616337299347;0.022324681282043457
0.15520313382148743;0.0227360762655735
0.15331706404685974;0.0205681249499321
0.15434163808822632;0.021512113511562347
0.14746880531311035;0.02113153785467148
0.14323942363262177;0.01993301510810852
0.14974328875541687;0.02104615420103073
0.142053484916687;0.022100787609815598
0.15902923047542572;0.021750807762145996
0.15003204345703125;0.022064052522182465
0.15450915694236755;0.021473124623298645
0.16011151671409607;0.022212505340576172
0.16171541810035706;0.022186346352100372
0.15324562788009644;0.024611439555883408
0.1634831726551056;0.02355082333087921
0.13772240281105042;0.01904933899641037
0.14860235154628754;0.020135261118412018
0.14576049149036407;0.020357191562652588
0.15238147974014282;0.020306214690208435
0.14729836583137512;0.019730791449546814
0.1552961766719818;0.02515033632516861
0.15453869104385376;0.021832428872585297
0.1511470526456833;0.022179722785949707
0.1585434377193451;0.022672139108181
0.1471382975578308;0.02042166143655777
0.15975266695022583;0.023557182401418686
0.14299891889095306;0.01899932697415352
0.14347822964191437;0.01909623295068741
0.14916464686393738;0.024070724844932556
0.14896953105926514;0.01964772492647171
0.1412275731563568;0.02131568267941475
0.15368030965328217;0.019610069692134857
0.12922340631484985;0.01783651113510132
0.15892638266086578;0.021908055990934372
0.1603022664785385;0.022386077791452408
0.15667475759983063;0.021013639867305756
0.15274953842163086;0.02168474718928337
0.16560494899749756;0.023993227630853653
0.15684138238430023;0.022107671946287155
0.14170701801776886;0.019879929721355438
0.16179519891738892;0.02489401027560234
0.14792078733444214;0.022352635860443115
0.1639229953289032;0.020584899932146072
0.1528082638978958;0.021391980350017548
0.14868488907814026;0.021154053509235382
0.1366318315267563;0.018502362072467804
0.14812281727790833;0.021201342344284058
0.15259772539138794;0.022343464195728302
0.15191900730133057;0.023155301809310913
0.14012515544891357;0.01809026300907135
0.1567172259092331;0.022001124918460846
0.1458105742931366;0.01941918581724167
0.1486923098564148;0.02062886208295822
0.14534121751785278;0.021217338740825653
0.16172130405902863;0.022962786257267
0.15990084409713745;0.023075193166732788
0.1639232337474823;0.025729943066835403
0.1448701024055481;0.019869733601808548
0.1550663411617279;0.021854087710380554
0.15198582410812378;0.01976819336414337
0.1598118543624878;0.02458682656288147
0.14891551434993744;0.021092217415571213
0.14854800701141357;0.020874500274658203
0.14524781703948975;0.020460642874240875
0.15735715627670288;0.022711560130119324
0.13990473747253418;0.018239706754684448
0.15953868627548218;0.021920323371887207
0.14573934674263;0.01929725706577301
0.159530371427536;0.0255374014377594
0.14513961970806122;0.02065546065568924
0.144025981426239;0.019856218248605728
0.14155282080173492;0.019115019589662552
0.14542481303215027;0.020226649940013885
0.1585283875465393;0.021976858377456665
0.1465430110692978;0.021417081356048584
0.16154155135154724;0.022480309009552002
0.17045435309410095;0.027585342526435852
0.14796480536460876;0.02155952900648117
0.14906421303749084;0.021766573190689087
0.14292486011981964;0.01990063115954399
0.14725835621356964;0.021849505603313446
0.16123320162296295;0.022610943764448166
0.15393641591072083;0.02211068570613861
0.14239966869354248;0.01888972520828247
0.14633116126060486;0.019992254674434662
0.1559825837612152;0.022368784993886948
0.14974261820316315;0.02076885476708412
0.16095981001853943;0.023004550486803055
0.14259551465511322;0.01979006826877594
0.15053072571754456;0.02203402668237686
0.15242326259613037;0.022150136530399323
0.15760326385498047;0.023867979645729065
0.15293455123901367;0.020600661635398865
0.15260298550128937;0.020914040505886078
0.15183305740356445;0.02067548781633377
0.1558687686920166;0.02239510789513588
0.16259972751140594;0.025197021663188934
0.15515314042568207;0.020144984126091003
0.14213545620441437;0.018552221357822418
0.14891093969345093;0.020017385482788086
0.14663158357143402;0.02045990154147148
0.14626069366931915;0.019143961369991302
0.1638297736644745;0.023674480617046356
0.14350470900535583;0.019151434302330017
0.1593717336654663;0.02438177913427353
0.1639508306980133;0.024544380605220795
0.15797501802444458;0.023730501532554626
0.13868577778339386;0.01927102357149124
0.1416163146495819;0.01867937296628952
0.16857968270778656;0.025819875299930573
0.140060693025589;0.018297307193279266
0.1578889787197113;0.025327805429697037
0.14858075976371765;0.02045416831970215
0.14880141615867615;0.02078438550233841
0.15705916285514832;0.022052079439163208
0.15682107210159302;0.021731168031692505
0.15425777435302734;0.023423321545124054
0.15380679070949554;0.02064455673098564
0.14223182201385498;0.02078595757484436
0.15550005435943604;0.021407894790172577
0.160283625125885;0.02388864755630493
0.16517631709575653;0.02336561679840088
0.15011057257652283;0.02009854093194008
0.14660465717315674;0.02171582728624344
0.15276747941970825;0.022597454488277435
0.15982209146022797;0.025687620043754578
0.1610182523727417;0.019937127828598022
0.14289695024490356;0.020068421959877014
0.15686601400375366;0.02328548952937126
0.16182608902454376;0.020835690200328827
0.1477399468421936;0.021245907992124557
0.16775251924991608;0.02631477639079094
0.1519700586795807;0.0209079310297966
0.13968327641487122;0.018439337611198425
0.14651575684547424;0.018183819949626923
0.1451752930879593;0.0187290720641613
0.1672699749469757;0.02549029514193535
0.15187349915504456;0.021972887217998505
0.16705164313316345;0.026398885995149612
0.15461033582687378;0.0222005657851696
0.15050476789474487;0.020671427249908447
0.15635272860527039;0.021588120609521866
0.1475238800048828;0.01953483372926712
0.14802218973636627;0.019721180200576782
0.14770197868347168;0.01982218772172928
0.1529032289981842;0.02280925214290619
0.15999573469161987;0.02412363886833191
0.1588255912065506;0.021612003445625305
0.14945633709430695;0.02316722646355629
0.15255898237228394;0.0214645117521286
0.15457642078399658;0.020643863826990128
0.14759771525859833;0.022052515298128128
0.15446260571479797;0.021065589040517807
0.1515921801328659;0.022524826228618622
0.15110550820827484;0.01882416009902954
0.14655403792858124;0.0232902392745018
0.15643340349197388;0.020872503519058228
0.1534518003463745;0.022198624908924103
0.15663626790046692;0.02088436484336853
0.14516626298427582;0.019053027033805847
0.15076793730258942;0.020115792751312256
0.14987024664878845;0.020671620965003967
0.1593809723854065;0.024994999170303345
0.1555458903312683;0.022622935473918915
0.17016193270683289;0.026275765150785446
0.1411024034023285;0.02235538884997368
0.16086441278457642;0.022540733218193054
0.14722135663032532;0.019698098301887512
0.15770861506462097;0.02150089293718338
0.15095511078834534;0.021157696843147278
0.14554573595523834;0.019569076597690582
0.1535198837518692;0.021850652992725372
0.15497201681137085;0.020599715411663055
0.15520045161247253;0.023575372993946075
0.15006917715072632;0.020760241895914078
0.1545320451259613;0.02099451795220375
0.1503656506538391;0.02129213511943817
0.144143745303154;0.02007964998483658
0.13844120502471924;0.019275281578302383
0.14658892154693604;0.019227124750614166
0.14039385318756104;0.017241474241018295
0.1488300859928131;0.020229849964380264
0.15965208411216736;0.02349330484867096
0.1576579064130783;0.02256147190928459
0.15125904977321625;0.023557737469673157
0.14969156682491302;0.01942627876996994
0.13792240619659424;0.01757669448852539
0.15143851935863495;0.01906028389930725
0.14870241284370422;0.021319150924682617
0.15626098215579987;0.02011939510703087
0.138406440615654;0.018123809248209
0.14751668274402618;0.019010089337825775
0.1483875960111618;0.020542945712804794
0.1488928496837616;0.02074812352657318
0.15288014709949493;0.02050892263650894
0.15137721598148346;0.02148120477795601
0.14764557778835297;0.019790221005678177
0.15848809480667114;0.02247939258813858
0.14651203155517578;0.018998045474290848
0.15213972330093384;0.020407527685165405
0.1559428870677948;0.021706726402044296
0.15737247467041016;0.02305787056684494
0.1514188051223755;0.021815527230501175
0.13929525017738342;0.01824517920613289
0.1487307846546173;0.021061651408672333
0.14603614807128906;0.021537497639656067
0.14775726199150085;0.021471474319696426
0.144008606672287;0.01885097473859787
0.15092338621616364;0.023047275841236115
0.1439448893070221;0.02002890035510063
0.155665785074234;0.02439427375793457
0.14142563939094543;0.018714603036642075
0.14799195528030396;0.018355771899223328
0.16124852001667023;0.023181788623332977
0.15391920506954193;0.02246980369091034
0.15313389897346497;0.021389078348875046
0.14641073346138;0.01829417422413826
0.1553923785686493;0.02207023650407791
0.1378491073846817;0.019018761813640594
0.1530665010213852;0.020614195615053177
0.15644872188568115;0.022673025727272034
0.14714299142360687;0.020103100687265396
0.14833393692970276;0.02028695121407509
0.1532304883003235;0.02294261008501053
0.15695609152317047;0.02308611571788788
0.14725132286548615;0.022724147886037827
0.1506626307964325;0.021164901554584503
0.1574220061302185;0.023606106638908386
0.15862233936786652;0.020767509937286377
0.14424028992652893;0.02078086882829666
0.1567562222480774;0.021823640912771225
0.15148760378360748;0.02104431390762329
0.16252213716506958;0.02551025152206421
0.1443345844745636;0.020589496940374374
0.1477576494216919;0.019877374172210693
0.15401363372802734;0.021983150392770767
0.14562097191810608;0.020799454301595688
0.147329181432724;0.022469278424978256
0.14658179879188538;0.020643290132284164
0.1522582769393921;0.021272465586662292
0.14618432521820068;0.020427726209163666
0.15793681144714355;0.021751489490270615
0.153472900390625;0.019831299781799316
0.15464253723621368;0.02318452298641205
0.154229998588562;0.021756768226623535
0.15414845943450928;0.02053673192858696
0.14427538216114044;0.020333759486675262
0.1508025825023651;0.019284211099147797
0.14888858795166016;0.021084878593683243
0.14863987267017365;0.022104918956756592
0.15160644054412842;0.019853737205266953
0.1471785604953766;0.019212625920772552
0.1538931280374527;0.02197592332959175
0.1507289707660675;0.02163773775100708
0.15199223160743713;0.023539576679468155
0.15177205204963684;0.020206604152917862
0.1579974740743637;0.022325381636619568
0.14438876509666443;0.020214736461639404
0.1381140500307083;0.019483260810375214
0.14653094112873077;0.01929725706577301
0.1487647294998169;0.020102161914110184
0.1598013937473297;0.021607719361782074
0.144220232963562;0.020389921963214874
0.14459481835365295;0.01921989768743515
0.14819593727588654;0.020946204662322998
0.15092501044273376;0.020717523992061615
0.15498611330986023;0.02100435644388199
0.14771592617034912;0.019612807780504227
0.14474673569202423;0.019376561045646667
0.16544491052627563;0.02606670930981636
0.15161380171775818;0.02104906737804413
0.1440483182668686;0.021119866520166397
0.146818608045578;0.02115689218044281
0.14453557133674622;0.018337950110435486
0.16222229599952698;0.024595245718955994
0.13833799958229065;0.019929666072130203
0.1377565860748291;0.018928367644548416
0.1644763946533203;0.022921495139598846
0.16480734944343567;0.023529183119535446
0.1531074047088623;0.021237120032310486
0.148155078291893;0.019566014409065247
0.14713989198207855;0.019991859793663025
0.15171149373054504;0.02157747745513916
0.1504199206829071;0.021131440997123718
0.14513202011585236;0.01901163160800934
0.1535342037677765;0.022520914673805237
0.1585988998413086;0.021154295653104782
0.15137238800525665;0.02189214900135994
0.15237511694431305;0.02120959758758545
0.14985713362693787;0.022236227989196777
0.14845658838748932;0.020175348967313766
0.15484508872032166;0.021737143397331238
0.14909231662750244;0.01991088315844536
0.15309706330299377;0.021459273993968964
0.15537238121032715;0.02441316843032837
0.15151996910572052;0.023096002638339996
0.14989173412322998;0.021197672933340073
0.16165949404239655;0.02406466379761696
0.14737674593925476;0.017943374812602997
0.15454262495040894;0.023216165602207184
0.1582566648721695;0.021927963942289352
0.1444595456123352;0.020981967449188232
0.1421436369419098;0.017541028559207916
0.15021935105323792;0.022871777415275574
0.16122734546661377;0.024160172790288925
0.1536415070295334;0.022521227598190308
0.1591934859752655;0.021060876548290253
0.15326179563999176;0.0221584290266037
0.15202376246452332;0.021024629473686218
0.16165849566459656;0.022317849099636078
0.15617528557777405;0.021677382290363312
0.14913561940193176;0.020263776183128357
0.15760910511016846;0.020828112959861755
0.15210437774658203;0.022110216319561005
0.15378475189208984;0.021605953574180603
0.15383964776992798;0.021465793251991272
0.14574861526489258;0.018041711300611496
0.13592754304409027;0.01815243437886238
0.15086889266967773;0.020903311669826508
0.15377819538116455;0.023301437497138977
0.14685507118701935;0.020800188183784485
0.16350357234477997;0.02484201267361641
0.16426776349544525;0.025012969970703125
0.15612833201885223;0.025616511702537537
0.14854171872138977;0.019311759620904922
0.14383754134178162;0.019562996923923492
0.15452703833580017;0.02136809378862381
0.15528395771980286;0.021653108298778534
0.15724004805088043;0.022497553378343582
0.15303702652454376;0.01920022815465927
0.16146257519721985;0.025406837463378906
0.13962817192077637;0.019834276288747787
0.1480335295200348;0.021094080060720444
0.14837539196014404;0.0222422257065773
0.15326789021492004;0.02185555174946785
0.14100077748298645;0.01901787519454956
0.159648597240448;0.02528313547372818
0.16308045387268066;0.023297466337680817
0.14125114679336548;0.01921096444129944
0.15524335205554962;0.023123901337385178
0.14928628504276276;0.020777206867933273
0.1483953893184662;0.01973087340593338
0.14312416315078735;0.021635867655277252
0.15507939457893372;0.023332864046096802
0.146022230386734;0.0197984017431736
0.15650124847888947;0.022324413061141968
0.15513095259666443;0.023089978843927383
0.148319274187088;0.0205966979265213
0.1485406756401062;0.019195906817913055
0.16401125490665436;0.025479551404714584
0.14416798949241638;0.0183040052652359
0.14974801242351532;0.02305062860250473
0.14677360653877258;0.01912720501422882
0.1576477438211441;0.02115386351943016
0.14660334587097168;0.02006971836090088
0.15053710341453552;0.022433102130889893
0.15177267789840698;0.020216647535562515
0.13623620569705963;0.018703553825616837
0.15427479147911072;0.021970614790916443
0.15823689103126526;0.021378524601459503
0.15702250599861145;0.021926455199718475
0.14869607985019684;0.02028212696313858
0.14685805141925812;0.0211075060069561
0.14790663123130798;0.019941329956054688
0.14886286854743958;0.019297227263450623
0.13875502347946167;0.01865239441394806
0.1501762866973877;0.02204597368836403
0.1542656421661377;0.02028477191925049
0.14164875447750092;0.019383713603019714
0.14097121357917786;0.019702740013599396
0.15986576676368713;0.022795461118221283
0.1627970039844513;0.024934343993663788
0.14268216490745544;0.019590847194194794
0.15309873223304749;0.021439075469970703
0.15109246969223022;0.019662562757730484
0.15682847797870636;0.02189476042985916
0.1656419187784195;0.024607904255390167
0.14239123463630676;0.01955341547727585
0.15935258567333221;0.02138582617044449
0.15839043259620667;0.022234555333852768
0.1461683213710785;0.019414249807596207
0.1461123526096344;0.019198231399059296
0.14683912694454193;0.019515670835971832
0.14512160420417786;0.019999373704195023
0.14956684410572052;0.02316201478242874
0.14474916458129883;0.02073582634329796
0.16140630841255188;0.023484349250793457
0.1582810878753662;0.021200649440288544
0.15806782245635986;0.022014588117599487
0.14706367254257202;0.02143072336912155
0.14111632108688354;0.018598977476358414
0.14582952857017517;0.02067624405026436
0.14980722963809967;0.02106216549873352
0.1438976675271988;0.020332738757133484
0.16050776839256287;0.021404612809419632
0.1482904851436615;0.020388010889291763
0.15422989428043365;0.022915340960025787
0.1453033983707428;0.020667310804128647
0.14094245433807373;0.01781846582889557
0.15293917059898376;0.021139610558748245
0.14543229341506958;0.019670911133289337
0.15774662792682648;0.02164507657289505
0.13569745421409607;0.01779424026608467
0.13207624852657318;0.01781526952981949
0.146327942609787;0.021298833191394806
0.14836829900741577;0.021549247205257416
0.1411810666322708;0.017243612557649612
0.1550718992948532;0.021150637418031693
0.14425620436668396;0.02158147096633911
0.1554604470729828;0.02534087747335434
0.15874338150024414;0.021672960370779037
0.15848244726657867;0.022861439734697342
0.1508004516363144;0.02057112380862236
0.15467795729637146;0.022108998149633408
0.1448369026184082;0.019489463418722153
0.15659421682357788;0.021514661610126495
0.14713707566261292;0.019727878272533417
0.15517616271972656;0.022206634283065796
0.15005376935005188;0.020645655691623688
0.15467555820941925;0.020892433822155
0.16452722251415253;0.021851282566785812
0.15105928480625153;0.020521804690361023
0.15717045962810516;0.021454527974128723
0.1511194407939911;0.020866423845291138
0.15249870717525482;0.020784586668014526
0.16193296015262604;0.023957502096891403
0.15853659808635712;0.02194150537252426
0.15757274627685547;0.022834017872810364
0.16102178394794464;0.02355804294347763
0.153487429022789;0.02158316969871521
0.14164641499519348;0.02250402420759201
0.14590126276016235;0.01956627145409584
0.14772853255271912;0.02082064002752304
0.15544039011001587;0.022552091628313065
0.14867384731769562;0.02074308693408966
0.15014922618865967;0.021092459559440613
0.14713329076766968;0.021930284798145294
0.1410665512084961;0.01883847638964653
0.16317230463027954;0.02195420116186142
0.14860107004642487;0.020502988249063492
0.15296770632266998;0.019954778254032135
0.1492927074432373;0.020012646913528442
0.14072033762931824;0.020836248993873596
0.14712508022785187;0.0206865593791008
0.14223712682724;0.019877411425113678
0.16227394342422485;0.024366792291402817
0.14208875596523285;0.01976253092288971
0.14835265278816223;0.021059948951005936
0.1478751003742218;0.02212698385119438
0.14975452423095703;0.01984938234090805
0.16202393174171448;0.024115171283483505
0.14380992949008942;0.02012120559811592
0.1511128842830658;0.021900806576013565
0.15831071138381958;0.021951209753751755
0.14591607451438904;0.01929173618555069
0.1542339324951172;0.020886972546577454
0.1549382209777832;0.02334291860461235
0.15425169467926025;0.02071462944149971
0.15001553297042847;0.021723154932260513
0.15112558007240295;0.022037949413061142
0.14282840490341187;0.018619690090417862
0.14957953989505768;0.020141001790761948
0.15806299448013306;0.02342253550887108
0.1596611589193344;0.02275536209344864
0.16935348510742188;0.026202291250228882
0.1514609158039093;0.021197959780693054
0.15762804448604584;0.020885061472654343
0.14198249578475952;0.019514620304107666
0.15206961333751678;0.022853419184684753
0.14898350834846497;0.021233759820461273
0.14900949597358704;0.019434601068496704
0.16914331912994385;0.025420937687158585
0.1477893888950348;0.02185743674635887
0.1458122432231903;0.02013171836733818
0.14533939957618713;0.02096588909626007
0.15547291934490204;0.020712073892354965
0.14822253584861755;0.021315719932317734
0.14661894738674164;0.02025538682937622
0.1547425091266632;0.02081983909010887
0.1509634256362915;0.019922375679016113
0.1469743251800537;0.01902751624584198
0.1564519703388214;0.022753633558750153
0.13928917050361633;0.018963158130645752
0.14330916106700897;0.02088978886604309
0.1609620302915573;0.02345968782901764
0.14829519391059875;0.02122766152024269
0.1464168131351471;0.022481605410575867
0.1569005846977234;0.02307571843266487
0.1416599601507187;0.019906755536794662
0.15410132706165314;0.021417520940303802
0.1500011682510376;0.02277681976556778
0.16102337837219238;0.023591570556163788
0.14830845594406128;0.02120652049779892
0.1458301842212677;0.01947765052318573
0.14922192692756653;0.01998819410800934
0.14704522490501404;0.020539328455924988
0.1452627182006836;0.018997006118297577
0.15410643815994263;0.021346155554056168
0.14453303813934326;0.020049579441547394
0.15710598230361938;0.024015702307224274
0.15300680696964264;0.021711409091949463
0.15471847355365753;0.022216323763132095
0.14349669218063354;0.019380293786525726
0.14952623844146729;0.02008768916130066
0.1436081826686859;0.0207255557179451
0.14666526019573212;0.018570538610219955
0.14484986662864685;0.019712164998054504
0.15212619304656982;0.024018149822950363
0.162986621260643;0.02244238555431366
0.1498146653175354;0.019388746470212936
0.13768810033798218;0.020206399261951447
0.14652496576309204;0.01924750581383705
0.1600191295146942;0.02347748726606369
0.1530362367630005;0.022220730781555176
0.1510816514492035;0.024028830230236053
0.16275285184383392;0.023299232125282288
0.14435388147830963;0.018792182207107544
0.14753586053848267;0.01979757472872734
0.15350499749183655;0.02123219147324562
0.14137651026248932;0.018453825265169144
0.13971784710884094;0.017977088689804077
0.14862559735774994;0.020353589206933975
0.15721844136714935;0.02293495461344719
0.15049050748348236;0.020550716668367386
0.15339145064353943;0.021395932883024216
0.14778560400009155;0.020037375390529633
0.1405898928642273;0.018089234828948975
0.15324343740940094;0.020857349038124084
0.16683730483055115;0.02461206167936325
0.14939436316490173;0.02127954736351967
0.15684130787849426;0.021771028637886047
0.1403558850288391;0.020648472011089325
0.1522815078496933;0.022202081978321075
0.13805820047855377;0.017281759530305862
0.15250301361083984;0.020970448851585388
0.14985999464988708;0.022285088896751404
0.146495059132576;0.021675948053598404
0.16150377690792084;0.023457251489162445
0.15370604395866394;0.023409459739923477
0.13543885946273804;0.018136531114578247
0.14872853457927704;0.021958984434604645
0.13703572750091553;0.01758919656276703
0.15412062406539917;0.022671058773994446
0.15611878037452698;0.021745674312114716
0.14848832786083221;0.022196263074874878
0.15115326642990112;0.02242715284228325
0.1602073311805725;0.022398967295885086
0.1535176932811737;0.023683443665504456
0.1406378448009491;0.01920037716627121
0.14896029233932495;0.019685067236423492
0.14155322313308716;0.01939370483160019
0.15234749019145966;0.02188980206847191
0.1503903865814209;0.018968693912029266
0.15826645493507385;0.02129599079489708
0.15201249718666077;0.021382782608270645
0.1501588523387909;0.019658267498016357
0.13978822529315948;0.018638402223587036
0.1481754183769226;0.020032227039337158
0.156864732503891;0.020554494112730026
0.14883027970790863;0.018769506365060806
0.148297518491745;0.019589729607105255
0.1482858657836914;0.021632269024848938
0.1570574790239334;0.021468423306941986
0.14845547080039978;0.019850511103868484
0.16063857078552246;0.02217569202184677
0.16756978631019592;0.0254274383187294
0.1493413895368576;0.01871751993894577
0.15128347277641296;0.023109138011932373
0.15794919431209564;0.021683182567358017
0.14081740379333496;0.019778281450271606
0.16670437157154083;0.023269280791282654
0.15990833938121796;0.022861197590827942
0.15798312425613403;0.021825678646564484
0.15131540596485138;0.02200682833790779
0.15937530994415283;0.023356705904006958
0.1460547149181366;0.01947341486811638
0.158117413520813;0.023346565663814545
0.14985409379005432;0.020748335868120193
0.1459379494190216;0.02027183771133423
0.14984486997127533;0.02043842524290085
0.14140495657920837;0.01882176101207733
0.15180517733097076;0.021750032901763916
0.15088847279548645;0.020918525755405426
0.15005764365196228;0.022905312478542328
0.14842098951339722;0.020269725471735
0.16088536381721497;0.020574361085891724
0.14367641508579254;0.018271274864673615
0.15926283597946167;0.022111017256975174
0.15630993247032166;0.022824928164482117
0.15863069891929626;0.021104052662849426
0.15084654092788696;0.019395891577005386
0.15085959434509277;0.020023543387651443
0.14322569966316223;0.022124070674180984
0.14877267181873322;0.02083468809723854
0.16140808165073395;0.023623712360858917
0.1493845283985138;0.02093774825334549
0.1679353415966034;0.024589721113443375
0.1602766513824463;0.022401895374059677
0.15626534819602966;0.021002482622861862
0.1499064713716507;0.021807316690683365
0.15176600217819214;0.020147331058979034
0.14936912059783936;0.020254455506801605
0.14844059944152832;0.02243901789188385
0.1505880057811737;0.022747743874788284
0.17250709235668182;0.026199307292699814
0.158417746424675;0.02327004447579384
0.1581551730632782;0.023039937019348145
0.14650008082389832;0.02098611369729042
0.16399747133255005;0.023107081651687622
0.15279924869537354;0.02178484946489334
0.16255991160869598;0.023229286074638367
0.13979381322860718;0.01902225986123085
0.13838207721710205;0.018032215535640717
0.14763888716697693;0.019977092742919922
0.1560739129781723;0.022167440503835678
0.14903013408184052;0.02048463374376297
0.15323729813098907;0.021456733345985413
0.15937066078186035;0.02197883278131485
0.14761106669902802;0.019413094967603683
0.16083097457885742;0.022441498935222626
0.13852417469024658;0.018479175865650177
0.14750227332115173;0.020614147186279297
0.1509525179862976;0.02259219065308571
0.15927697718143463;0.023667655885219574
0.14700588583946228;0.020126942545175552
0.15773656964302063;0.02242293208837509
0.15771880745887756;0.02200137823820114
0.1628880649805069;0.024733632802963257
0.1495223492383957;0.02097700536251068
0.15100689232349396;0.023163676261901855
0.14751189947128296;0.02181074023246765
0.14394356310367584;0.018773183226585388
0.14922840893268585;0.020382851362228394
0.14773550629615784;0.021896976977586746
0.14726313948631287;0.02067430317401886
0.15223215520381927;0.020115040242671967
0.14985215663909912;0.019723713397979736
0.16075044870376587;0.02250516042113304
0.14157956838607788;0.01937512680888176
0.15832671523094177;0.02349163591861725
0.15383543074131012;0.01948433741927147
0.14860740303993225;0.022471874952316284
0.14489884674549103;0.019489184021949768
0.1580604910850525;0.022503547370433807
0.15239867568016052;0.020314853638410568
0.1504376381635666;0.02158268913626671
0.159107506275177;0.022292569279670715
0.154296413064003;0.022252000868320465
0.1442471444606781;0.018179018050432205
0.14381089806556702;0.019890613853931427
0.15131564438343048;0.021288201212882996
0.14891737699508667;0.020062047988176346
0.1462000608444214;0.02040325477719307
0.14680512249469757;0.022632643580436707
0.15777920186519623;0.02292482554912567
0.13530540466308594;0.018371764570474625
0.15031658113002777;0.021114319562911987
0.1551779806613922;0.023243103176355362
0.14352843165397644;0.017988182604312897
0.1548008918762207;0.02085239812731743
0.16070784628391266;0.025095220655202866
0.15057958662509918;0.01968446373939514
0.15785351395606995;0.02186175435781479
0.15762460231781006;0.02235623076558113
0.1549336016178131;0.022393595427274704
0.1483253538608551;0.019384663552045822
0.14125686883926392;0.020176120102405548
0.1549423336982727;0.022129230201244354
0.1548357754945755;0.02281079813838005
0.152072012424469;0.02284250035881996
0.1549595445394516;0.021814454346895218
0.15273702144622803;0.020906910300254822
0.1524125039577484;0.021761462092399597
0.1611083447933197;0.024345070123672485
0.15867120027542114;0.022833384573459625
0.156173974275589;0.025889001786708832
0.14786773920059204;0.02253156155347824
0.15551374852657318;0.022806786000728607
0.16638371348381042;0.02306513860821724
0.155739426612854;0.021800469607114792
0.1428230106830597;0.018307343125343323
0.15887978672981262;0.022723473608493805
0.14616398513317108;0.018973365426063538
0.14573703706264496;0.020377200096845627
0.15192191302776337;0.022095557302236557
0.14859561622142792;0.021030373871326447
0.14723193645477295;0.020520657300949097
0.14425157010555267;0.01924094185233116
0.14605951309204102;0.022622965276241302
0.14737635850906372;0.022768326103687286
0.1518760472536087;0.023132987320423126
0.15879489481449127;0.022173896431922913
0.16411596536636353;0.024054206907749176
0.14635613560676575;0.01902928203344345
0.15582111477851868;0.023917347192764282
0.144847109913826;0.019294001162052155
0.15372075140476227;0.020100951194763184
0.15873964130878448;0.024898666888475418
0.1629762351512909;0.02564021199941635
0.14788135886192322;0.01885366439819336
0.14174611866474152;0.019508451223373413
0.15412208437919617;0.02206892892718315
0.15321357548236847;0.022185835987329483
0.15615588426589966;0.021123196929693222
0.1594277173280716;0.023076951503753662
0.14800071716308594;0.022110987454652786
0.1508304327726364;0.022381439805030823
0.1441010981798172;0.019632335752248764
0.16086328029632568;0.02272210642695427
0.1515568047761917;0.02138083428144455
0.15170830488204956;0.02180839329957962
0.15044724941253662;0.020600825548171997
0.14463049173355103;0.01927001029253006
0.1683620810508728;0.025825180113315582
0.15322886407375336;0.024818897247314453
0.15731623768806458;0.020417943596839905
0.15573807060718536;0.022385604679584503
0.15557393431663513;0.021982461214065552
0.1488816738128662;0.020811602473258972
0.14870598912239075;0.02088186889886856
0.16108161211013794;0.021802380681037903
0.1554965376853943;0.02212861180305481
0.15144667029380798;0.021030008792877197
0.14352081716060638;0.019895657896995544
0.1619451940059662;0.021958258002996445
0.14279824495315552;0.02078738808631897
0.14304569363594055;0.020216412842273712
0.1626206338405609;0.02483004331588745
0.15130478143692017;0.020701739937067032
0.15482260286808014;0.02125437930226326
0.1538429856300354;0.02025262638926506
0.15852907299995422;0.021840453147888184
0.14855888485908508;0.020434517413377762
0.1481149047613144;0.01916118711233139
0.14395880699157715;0.020124368369579315
0.15691539645195007;0.020160764455795288
0.14769266545772552;0.02039436250925064
0.15222719311714172;0.021080758422613144
0.1457984745502472;0.02228425070643425
0.15389296412467957;0.020991813391447067
0.1470063179731369;0.022847499698400497
0.1506243348121643;0.023723427206277847
0.15221157670021057;0.024587873369455338
0.15195176005363464;0.0204353928565979
0.1504625678062439;0.018851030617952347
0.15541291236877441;0.02177828922867775
0.1526692807674408;0.021869663149118423
0.1530093550682068;0.02298416569828987
0.1607382595539093;0.020922385156154633
0.14984552562236786;0.020974010229110718
0.15423694252967834;0.021282874047756195
0.14380566775798798;0.02125314623117447
0.1459229439496994;0.019569315016269684
0.15400949120521545;0.021525535732507706
0.14848965406417847;0.021946333348751068
0.16078898310661316;0.02323329821228981
0.14995551109313965;0.02104002982378006
0.1454898715019226;0.01981426030397415
0.16416597366333008;0.022573091089725494
0.16669195890426636;0.024817660450935364
0.15969887375831604;0.023164786398410797
0.1478990912437439;0.01944591850042343
0.15158680081367493;0.02208482101559639
0.15528829395771027;0.021506354212760925
0.15490494668483734;0.020267248153686523
0.1592925488948822;0.023465942591428757
0.14038334786891937;0.01699916273355484
0.1530141830444336;0.02286490797996521
0.1616095006465912;0.025336753576993942
0.1519739180803299;0.020947754383087158
0.15649628639221191;0.022427789866924286
0.14829470217227936;0.0216512568295002
0.14454032480716705;0.020122602581977844
0.1492394059896469;0.023025095462799072
0.1463073194026947;0.01987021416425705
0.1538102775812149;0.02438075840473175
0.14145003259181976;0.018529511988162994
0.13759958744049072;0.017670776695013046
0.17160797119140625;0.026020988821983337
0.15257322788238525;0.022508203983306885
0.145875483751297;0.019191943109035492
0.1474110633134842;0.01943616196513176
0.16754025220870972;0.02484220266342163
0.15706506371498108;0.022297032177448273
0.1504272073507309;0.020471632480621338
0.14197850227355957;0.018105819821357727
0.1563122272491455;0.021942034363746643
0.1556137055158615;0.023513861000537872
0.1524553894996643;0.02067415416240692
0.15042173862457275;0.02194516360759735
0.15225675702095032;0.020376890897750854
0.14044460654258728;0.018094602972269058
0.14238357543945312;0.019340049475431442
0.15581052005290985;0.02286333590745926
0.15544790029525757;0.02027135342359543
0.15589720010757446;0.020276620984077454
0.1530580073595047;0.02330486848950386
0.14368341863155365;0.018807407468557358
0.15529552102088928;0.021430138498544693
0.16277390718460083;0.022877544164657593
0.1514359414577484;0.021286632865667343
0.16571858525276184;0.024912666529417038
0.14802895486354828;0.02105698734521866
0.1527053862810135;0.020614780485630035
0.15533751249313354;0.023187220096588135
0.1521846354007721;0.021478034555912018
0.13621358573436737;0.017309006303548813
0.15709099173545837;0.022168587893247604
0.1581566333770752;0.02084485813975334
0.15600505471229553;0.0216960608959198
0.14980079233646393;0.021542958915233612
0.14952689409255981;0.020233672112226486
0.15524178743362427;0.022973433136940002
0.17073705792427063;0.024569738656282425
0.14935638010501862;0.020979106426239014
0.15789328515529633;0.022519893944263458
0.14407892525196075;0.018202949315309525
0.16634774208068848;0.024211782962083817
0.14470160007476807;0.019451722502708435
0.14079174399375916;0.018743060529232025
0.14386554062366486;0.020690441131591797
0.15478773415088654;0.023298338055610657
0.16358065605163574;0.022827189415693283
0.14370614290237427;0.019181855022907257
0.15010125935077667;0.020731985569000244
0.15127021074295044;0.02094084769487381
0.13710084557533264;0.019364722073078156
0.15609443187713623;0.02306775003671646
0.14735692739486694;0.01950792968273163
0.14527243375778198;0.019862063229084015
0.140428364276886;0.017655465751886368
0.1485423445701599;0.01959986984729767
0.1362638622522354;0.01806388422846794
0.15520906448364258;0.020730439573526382
0.16930802166461945;0.02478613704442978
0.1638677418231964;0.024202845990657806
0.15601828694343567;0.020258240401744843
0.15812574326992035;0.02198934555053711
0.13389045000076294;0.017472252249717712
0.15636682510375977;0.022439617663621902
0.15088516473770142;0.021021224558353424
0.1465284824371338;0.019176151603460312
0.1475844532251358;0.019814562052488327
0.15201090276241302;0.020674973726272583
0.15503470599651337;0.022669386118650436
0.1476554572582245;0.01973724365234375
0.15301847457885742;0.01976381242275238
0.1506488025188446;0.019966483116149902
0.1349739134311676;0.01734352856874466
0.15708693861961365;0.02192559838294983
0.16876251995563507;0.02496376633644104
0.15768879652023315;0.020869135856628418
0.15743055939674377;0.025721371173858643
0.1401025950908661;0.01866157352924347
0.14909812808036804;0.020338933914899826
0.15011245012283325;0.022460829466581345
0.153264582157135;0.020933836698532104
0.1459636688232422;0.020040985196828842
0.16329598426818848;0.023627236485481262
0.14777027070522308;0.017606880515813828
0.15425536036491394;0.020824722945690155
0.14156657457351685;0.018167003989219666
0.1554410457611084;0.022654205560684204
0.15091586112976074;0.020353928208351135
0.14772692322731018;0.019601311534643173
0.15010058879852295;0.02052493393421173
0.15780362486839294;0.02093014493584633
0.15814624726772308;0.020209889858961105
0.15196534991264343;0.022967439144849777
0.15517306327819824;0.019875619560480118
0.15042859315872192;0.019470304250717163
0.14641308784484863;0.01874246820807457
0.14319978654384613;0.020363811403512955
0.1592588722705841;0.023425951600074768
0.1444656103849411;0.019630953669548035
0.15028470754623413;0.019005991518497467
0.1489296406507492;0.02140277624130249
0.16020721197128296;0.022714942693710327
0.14406177401542664;0.01839955523610115
0.13995391130447388;0.02030164748430252
0.1463765650987625;0.019933179020881653
0.14996305108070374;0.02216120809316635
0.1558723747730255;0.022548068314790726
0.15068945288658142;0.018722184002399445
0.15281519293785095;0.02168292924761772
0.16567513346672058;0.023574236780405045
0.15324312448501587;0.02033698931336403
0.14908522367477417;0.02236565202474594
0.14505621790885925;0.020287584513425827
0.15114402770996094;0.019550073891878128
0.1532800793647766;0.02339933067560196
0.15380267798900604;0.020953327417373657
0.1596398949623108;0.023951545357704163
0.14310534298419952;0.02004297822713852
0.1461443305015564;0.020337305963039398
0.14855775237083435;0.021714240312576294
0.1623721867799759;0.02195132151246071
0.15129399299621582;0.022220775485038757
0.14891856908798218;0.019984982907772064
0.1484452486038208;0.022282496094703674
0.15832191705703735;0.02501281350851059
0.14940059185028076;0.019510187208652496
0.15846654772758484;0.022761955857276917
0.1487291157245636;0.021766111254692078
0.15982049703598022;0.02438630908727646
0.1483752578496933;0.020161297172307968
0.1454838365316391;0.019543398171663284
0.14337235689163208;0.02044784650206566
0.1451067477464676;0.01892334222793579
0.15153461694717407;0.02303384244441986
0.1479758620262146;0.01897599548101425
0.14139840006828308;0.02127934992313385
0.1585211157798767;0.02351607009768486
0.15501725673675537;0.02198827639222145
0.1512533724308014;0.021883316338062286
0.16412153840065002;0.024146132171154022
0.15373200178146362;0.02502184361219406
0.15509794652462006;0.021485399454832077
0.16156955063343048;0.02669878676533699
0.14543704688549042;0.021664373576641083
0.15254119038581848;0.0227261483669281
0.15497712790966034;0.021400101482868195
0.15348157286643982;0.020938340574502945
0.1562332808971405;0.02434205636382103
0.15415526926517487;0.02240847796201706
0.14866143465042114;0.021816283464431763
0.14784756302833557;0.020568519830703735
0.15814127027988434;0.02247273176908493
0.15980160236358643;0.021940957754850388
0.14788556098937988;0.018972128629684448
0.15052373707294464;0.018754638731479645
0.15450724959373474;0.02126610279083252
0.148911714553833;0.020657774060964584
0.15598896145820618;0.02371976152062416
0.1446138471364975;0.020147614181041718
0.15265639126300812;0.02165539562702179
0.1493532657623291;0.020185817033052444
0.14697250723838806;0.021678753197193146
0.15119943022727966;0.022344142198562622
0.15369471907615662;0.024281993508338928
0.15904760360717773;0.023422427475452423
0.15594856441020966;0.02347206324338913
0.17110657691955566;0.026380639523267746
0.16256749629974365;0.024663154035806656
0.15199226140975952;0.01967739686369896
0.15776705741882324;0.022824667394161224
0.15559183061122894;0.021571651101112366
0.15372151136398315;0.022793777287006378
0.16265176236629486;0.021264567971229553
0.14397069811820984;0.02027300000190735
0.15440082550048828;0.02107197791337967
0.1528022289276123;0.022886574268341064
0.1495848000049591;0.020147453993558884
0.15215131640434265;0.02139366790652275
0.14630760252475739;0.01935562863945961
0.16084721684455872;0.022671855986118317
0.14984416961669922;0.02172795683145523
0.16349680721759796;0.025191135704517365
0.14187434315681458;0.019129395484924316
0.16192981600761414;0.0242760069668293
0.14685013890266418;0.018641777336597443
0.15638083219528198;0.021186843514442444
0.15073636174201965;0.02242012321949005
0.15393342077732086;0.0209733247756958
0.15829309821128845;0.021774671971797943
0.15239067375659943;0.021021533757448196
0.16597393155097961;0.02442546933889389
0.14499524235725403;0.023582112044095993
0.14715605974197388;0.01960001140832901
0.14801597595214844;0.019440732896327972
0.1465778797864914;0.021042238920927048
0.13220900297164917;0.01794780045747757
0.1492009162902832;0.021373815834522247
0.15181085467338562;0.023466944694519043
0.14235463738441467;0.018578696995973587
0.1456095576286316;0.019606545567512512
0.13805344700813293;0.018137577921152115
0.16737791895866394;0.025601141154766083
0.15278926491737366;0.020376328378915787
0.14308741688728333;0.01964985579252243
0.1402190774679184;0.020155202597379684
0.14828521013259888;0.02265443280339241
0.13444417715072632;0.01768011972308159
0.15530723333358765;0.02087996155023575
0.1552923023700714;0.0216890349984169
0.155178502202034;0.02193358913064003
0.15088379383087158;0.02027232199907303
0.1505523920059204;0.02033768966794014
0.15399698913097382;0.02185102552175522
0.16125676035881042;0.022173088043928146
0.14374738931655884;0.019352465867996216
0.14440083503723145;0.019221723079681396
0.15709953010082245;0.02242395281791687
0.16407036781311035;0.02346169203519821
0.14727509021759033;0.021107267588377
0.16238975524902344;0.022850219160318375
0.1479850560426712;0.022805526852607727
0.14987066388130188;0.022241666913032532
0.13891161978244781;0.0190422460436821
0.16198009252548218;0.022422458976507187
0.14181770384311676;0.02042274922132492
0.14195626974105835;0.018714353442192078
0.15702173113822937;0.023019827902317047
0.14984579384326935;0.01954169198870659
0.1455182433128357;0.021078582853078842
0.14986366033554077;0.019915908575057983
0.13936002552509308;0.01827308163046837
0.15966390073299408;0.02399042621254921
0.15213286876678467;0.019569169729948044
0.14716191589832306;0.020915325731039047
0.1493295580148697;0.02078288421034813
0.15069957077503204;0.02195468544960022
0.16211117804050446;0.021802015602588654
0.1646466702222824;0.023487351834774017
0.1627097725868225;0.02422589436173439
0.15133802592754364;0.02178284153342247
0.15624505281448364;0.021426033228635788
0.1440354883670807;0.018632791936397552
0.15429002046585083;0.021944571286439896
0.1453905999660492;0.022350400686264038
0.14035668969154358;0.018040940165519714
0.14748045802116394;0.0215199813246727
0.15293265879154205;0.022297535091638565
0.15634652972221375;0.02382136881351471
0.15726782381534576;0.021185677498579025
0.14738570153713226;0.01974930614233017
0.14254869520664215;0.018116332590579987
0.15560615062713623;0.0218266062438488
0.15198665857315063;0.021336674690246582
0.15462364256381989;0.02038107067346573
0.1460622400045395;0.022038131952285767
0.14534199237823486;0.020792201161384583
0.15712106227874756;0.023503974080085754
0.15153981745243073;0.021266333758831024
0.15108822286128998;0.021227780729532242
0.14725172519683838;0.020862970501184464
0.15053652226924896;0.021760355681180954
0.15881600975990295;0.023212026804685593
0.15274839103221893;0.019919686019420624
0.1425684690475464;0.021374613046646118
0.15491212904453278;0.02119060605764389
0.15321947634220123;0.021622758358716965
0.1540183573961258;0.020506601780653
0.15238749980926514;0.02260436862707138
0.14546121656894684;0.019540712237358093
0.1530141532421112;0.022698722779750824
0.15623155236244202;0.020928915590047836
0.14734268188476562;0.020623326301574707
0.14708296954631805;0.02051669731736183
0.1488887518644333;0.020551785826683044
0.14025117456912994;0.020797409117221832
0.15343856811523438;0.020273912698030472
0.1564721018075943;0.02127189189195633
0.15113189816474915;0.02156614512205124
0.15193162858486176;0.022284284234046936
0.15385092794895172;0.022874869406223297
0.14887428283691406;0.022981885820627213
0.1417388767004013;0.016664400696754456
0.15798062086105347;0.0226438045501709
0.14623624086380005;0.023850247263908386
0.14670006930828094;0.019904758781194687
0.15460380911827087;0.0218857079744339
0.15484929084777832;0.02228732779622078
0.1485140472650528;0.02220022678375244
0.15061520040035248;0.02178732305765152
0.15712416172027588;0.023009486496448517
0.1480802595615387;0.02100532129406929
0.14056211709976196;0.021159272640943527
0.15999019145965576;0.021841321140527725
0.13737089931964874;0.017132189124822617
0.15323716402053833;0.019383493810892105
0.15260779857635498;0.022488921880722046
0.15084132552146912;0.01948055624961853
0.15354961156845093;0.0203840509057045
0.15371283888816833;0.023809846490621567
0.14554671943187714;0.020824778825044632
0.14917585253715515;0.020629141479730606
0.15354503691196442;0.023556601256132126
0.14926102757453918;0.019613992422819138
0.1514500379562378;0.021351754665374756
0.1529226303100586;0.02092752605676651
0.1414373815059662;0.01890743151307106
0.1504817008972168;0.021265454590320587
0.15985824167728424;0.021333731710910797
0.1448584496974945;0.019527345895767212
0.15322762727737427;0.021669093519449234
0.150226891040802;0.021908242255449295
0.1514725685119629;0.022506829351186752
0.14110307395458221;0.02004222944378853
0.15535050630569458;0.02180986851453781
0.14018788933753967;0.01780720427632332
0.14551877975463867;0.019656788557767868
0.145491361618042;0.021375622600317
0.14787547290325165;0.02102821320295334
0.14729857444763184;0.018655188381671906
0.15063263475894928;0.02003403753042221
0.16125176846981049;0.022801481187343597
0.13549992442131042;0.01741216331720352
0.14873726665973663;0.020577959716320038
0.14570873975753784;0.02039652317762375
0.15421399474143982;0.022004596889019012
0.14878809452056885;0.02091393619775772
0.14699262380599976;0.020137615501880646
0.14190754294395447;0.019198648631572723
0.15416383743286133;0.021435055881738663
0.14390243589878082;0.021263502538204193
0.15266084671020508;0.02160649374127388
0.13735783100128174;0.019961781799793243
0.14309129118919373;0.018774740397930145
0.14583784341812134;0.020453177392482758
0.14113712310791016;0.018737338483333588
0.13977116346359253;0.019494429230690002
0.14991545677185059;0.021549176424741745
0.1549777388572693;0.0214429572224617
0.15490669012069702;0.02267884835600853
0.15408621728420258;0.021337561309337616
0.1403948962688446;0.019154679030179977
0.14436976611614227;0.020172063261270523
0.1529736965894699;0.021064121276140213
0.1524178683757782;0.023353155702352524
0.1574922353029251;0.02125130593776703
0.1610143780708313;0.02329370006918907
0.14781597256660461;0.019866719841957092
0.15290653705596924;0.021495912224054337
0.1510690599679947;0.021147802472114563
0.1425318717956543;0.020023301243782043
0.14858099818229675;0.020725581794977188
0.151241272687912;0.021292123943567276
0.1460302770137787;0.018125824630260468
0.144401416182518;0.018618803471326828
0.14323215186595917;0.020534463226795197
0.15405181050300598;0.020955462008714676
0.15869560837745667;0.0223383828997612
0.14489521086215973;0.020134463906288147
0.14835898578166962;0.018109723925590515
0.1509953886270523;0.019228585064411163
0.15814001858234406;0.022084549069404602
0.151799738407135;0.022780422121286392
0.1592807173728943;0.021357756108045578
0.15698027610778809;0.02326066419482231
0.14822855591773987;0.018868044018745422
0.14750364422798157;0.021307513117790222
0.1407506912946701;0.018601585179567337
0.14817474782466888;0.02137601003050804
0.16157379746437073;0.0218258798122406
0.14734941720962524;0.019491180777549744
0.1414092779159546;0.018337711691856384
0.14858032763004303;0.0216820128262043
0.15684689581394196;0.020561635494232178
0.1556386947631836;0.0220433808863163
0.1522926390171051;0.02106383442878723
0.14827999472618103;0.02098846808075905
0.1498091220855713;0.02088986337184906
0.14068299531936646;0.018614251166582108
0.1563279628753662;0.021922960877418518
0.14483998715877533;0.02075265347957611
0.1530715525150299;0.021071575582027435
0.14273205399513245;0.019662439823150635
0.15570122003555298;0.02251642942428589
0.15020440518856049;0.020538516342639923
0.14666080474853516;0.018606536090373993
0.1435651183128357;0.019315030425786972
0.15183444321155548;0.020984698086977005
0.15257467329502106;0.023999568074941635
0.16531790792942047;0.022787943482398987
0.1522117406129837;0.020518288016319275
0.16344499588012695;0.02251892164349556
0.1521875113248825;0.021497085690498352
0.15389741957187653;0.020981989800930023
0.1480603814125061;0.02107054740190506
0.1562526524066925;0.023246105760335922
0.16034600138664246;0.023713670670986176
0.1689014881849289;0.023932866752147675
0.1527230590581894;0.020858459174633026
0.15563473105430603;0.021873313933610916
0.14253917336463928;0.01975078508257866
0.15054050087928772;0.022492676973342896
0.1487979292869568;0.02186715230345726
0.16539834439754486;0.02244095876812935
0.14946241676807404;0.021745458245277405
0.15672723948955536;0.024889525026082993
0.14700298011302948;0.02106061950325966
0.14915817975997925;0.021512214094400406
0.15771043300628662;0.02227424830198288
0.1542282998561859;0.022240113466978073
0.14544278383255005;0.018746744841337204
0.15045097470283508;0.019357997924089432
0.158453106880188;0.022323165088891983
0.1504010260105133;0.0206761434674263
0.1496189832687378;0.02021385356783867
0.14719365537166595;0.02023984119296074
0.1531357765197754;0.02248934656381607
0.15376587212085724;0.02309691160917282
0.1589910387992859;0.023300938308238983
0.14127305150032043;0.020024433732032776
0.1632232964038849;0.023787394165992737
0.14605771005153656;0.01947188749909401
0.15324091911315918;0.02104877680540085
0.14738334715366364;0.01970471441745758
0.1469913274049759;0.020296569913625717
0.13975197076797485;0.018391788005828857
0.15159113705158234;0.020915929228067398
0.1541604846715927;0.021358024328947067
0.1538899838924408;0.02231484279036522
0.16310088336467743;0.024521522223949432
0.1522538959980011;0.020726632326841354
0.15045732259750366;0.02261701226234436
0.1500173807144165;0.021213777363300323
0.15094789862632751;0.021648038178682327
0.15065817534923553;0.02067440003156662
0.14474567770957947;0.018679842352867126
0.1544724404811859;0.023164819926023483
0.15762923657894135;0.02199171856045723
0.1513582468032837;0.01982753351330757
0.14786583185195923;0.02044198289513588
0.15121588110923767;0.021490614861249924
0.14578129351139069;0.019255604594945908
0.1488775610923767;0.021884892135858536
0.14362357556819916;0.019285298883914948
0.15117889642715454;0.021159492433071136
0.14359310269355774;0.018894553184509277
0.14723196625709534;0.019134055823087692
0.1451849341392517;0.019397884607315063
0.15404139459133148;0.02171008288860321
0.15675115585327148;0.02161518856883049
0.14766189455986023;0.02046043798327446
0.14691650867462158;0.020069163292646408
0.1541144996881485;0.0206085704267025
0.14687909185886383;0.0225369855761528
0.14891046285629272;0.023184485733509064
0.1516760140657425;0.02092164009809494
0.15349134802818298;0.021828144788742065
0.15649771690368652;0.023754850029945374
0.1598784327507019;0.02340921014547348
0.14728790521621704;0.01911318674683571
0.15624180436134338;0.022213980555534363
0.14973968267440796;0.01937200501561165
0.15342187881469727;0.021075893193483353
0.15048988163471222;0.019308920949697495
0.15329457819461823;0.024641551077365875
0.14806169271469116;0.02337043732404709
0.15470588207244873;0.021076463162899017
0.15094967186450958;0.021317970007658005
0.15383651852607727;0.023488592356443405
0.14499519765377045;0.020042523741722107
0.1383252888917923;0.01736465096473694
0.14657694101333618;0.020403839647769928
0.15514928102493286;0.020461775362491608
0.15805768966674805;0.02217761054635048
0.15855470299720764;0.02321748435497284
0.14493905007839203;0.019117001444101334
0.1638156771659851;0.024879463016986847
0.14474865794181824;0.022925741970539093
0.1569867879152298;0.02470860630273819
0.15422245860099792;0.02363213524222374
0.14886930584907532;0.01926642283797264
0.145259290933609;0.01854812726378441
0.14622639119625092;0.019181907176971436
0.15850338339805603;0.023400839418172836
0.14639586210250854;0.02025677263736725
0.14643564820289612;0.02079547941684723
0.15664397180080414;0.0214218869805336
0.16154828667640686;0.023190665990114212
0.15998846292495728;0.021861273795366287
0.14173486828804016;0.01814873516559601
0.138779878616333;0.018039166927337646
0.1493394374847412;0.01977124810218811
0.15299612283706665;0.020640045404434204
0.16126397252082825;0.023337215185165405
0.14500832557678223;0.019800730049610138
0.1482410430908203;0.01989833265542984
0.1628877818584442;0.02380964905023575
0.1545361429452896;0.020378518849611282
0.14005376398563385;0.02120622619986534
0.15289939939975739;0.02147022634744644
0.14993438124656677;0.02082104980945587
0.15202191472053528;0.020257804542779922
0.1435268372297287;0.018701743334531784
0.1535903811454773;0.021718274801969528
0.14939472079277039;0.020428605377674103
0.15117180347442627;0.021076351404190063
0.1452796906232834;0.019908171147108078
0.14257268607616425;0.01934780925512314
0.15324392914772034;0.02024810016155243
0.1565241515636444;0.0223420150578022
0.14398732781410217;0.02057807147502899
0.14955927431583405;0.02133115753531456
0.1519705057144165;0.021982941776514053
0.14621751010417938;0.019732225686311722
0.15901461243629456;0.022113576531410217
0.1463722586631775;0.02101609855890274
0.14593033492565155;0.02159179002046585
0.15985143184661865;0.023423947393894196
0.1626133918762207;0.02390458807349205
0.15788675844669342;0.023118145763874054
0.14702463150024414;0.019476819783449173
0.15007342398166656;0.019903630018234253
0.14964301884174347;0.02305079996585846
0.1580272614955902;0.022487785667181015
0.15729285776615143;0.02180761843919754
0.1505211591720581;0.019463762640953064
0.15061771869659424;0.020489253103733063
0.14319032430648804;0.02084335684776306
0.14901071786880493;0.020519889891147614
0.13727116584777832;0.017599884420633316
0.14200499653816223;0.018017739057540894
