TV;KL
1.482940912246704;6.710742473602295
1.3415509462356567;4.702326774597168
1.2236647605895996;2.9023096561431885
1.107102870941162;2.0174965858459473
1.0047510862350464;1.4198410511016846
0.9248554706573486;1.0802897214889526
0.8773805499076843;0.8903002142906189
0.8072689771652222;0.709007740020752
0.7946287393569946;0.6360815167427063
0.7478926181793213;0.5181171894073486
0.7336205840110779;0.4785512387752533
0.7064653635025024;0.43433818221092224
0.6964699625968933;0.3792903423309326
0.6937112808227539;0.358611136674881
0.6872624158859253;0.34116512537002563
0.681826651096344;0.3293474316596985
0.685309112071991;0.3220389485359192
0.6808526515960693;0.310356467962265
0.6806562542915344;0.3015338182449341
0.67844557762146;0.28894492983818054
0.6802980303764343;0.2881626486778259
0.6795359253883362;0.2873764634132385
0.6778557896614075;0.2832643687725067
0.6782118678092957;0.27639901638031006
0.680279552936554;0.2761915326118469
0.6788510084152222;0.28301802277565
0.6784927845001221;0.2752472162246704
0.6798597574234009;0.27549344301223755
0.6788986325263977;0.271946519613266
0.6768801808357239;0.27380090951919556
0.6777576208114624;0.27653151750564575
0.6763963103294373;0.27078014612197876
0.677001416683197;0.27159780263900757
0.678795337677002;0.2735377252101898
0.6790786981582642;0.27230000495910645
0.6771343946456909;0.27393901348114014
0.6769335269927979;0.2712278366088867
0.6776361465454102;0.272167444229126
0.6782813668251038;0.27309077978134155
0.6803576350212097;0.2760491967201233
0.6769787669181824;0.2731900215148926
0.6778405904769897;0.27418211102485657
0.6779555082321167;0.27365168929100037
0.6788798570632935;0.2705942988395691
0.6774234175682068;0.2680061161518097
0.6791751980781555;0.2720932364463806
0.677405595779419;0.269336074590683
0.6768726110458374;0.27164000272750854
0.6773701906204224;0.2717124819755554
0.6769189834594727;0.27083367109298706
0.6793661117553711;0.2758980393409729
0.6778126955032349;0.269762247800827
0.6792880892753601;0.27070891857147217
0.6784040331840515;0.2704705595970154
0.6770316362380981;0.26930147409439087
0.6775615215301514;0.2707780599594116
0.6768678426742554;0.27192994952201843
0.677230715751648;0.27133092284202576
0.6769059896469116;0.2694967985153198
0.6827213168144226;0.2735223174095154
0.6788102388381958;0.27160489559173584
0.6767594814300537;0.27268582582473755
0.6763522624969482;0.27063190937042236
0.677216649055481;0.26892417669296265
0.6786723732948303;0.2737295627593994
0.6780493259429932;0.2696321904659271
0.6767643094062805;0.26986339688301086
0.677769660949707;0.27121251821517944
0.6784783005714417;0.2737213373184204
0.6790281534194946;0.2725582420825958
0.6761487722396851;0.26853132247924805
0.6790259480476379;0.27624621987342834
0.6765902638435364;0.27019989490509033
0.6780720949172974;0.2726590633392334
0.6769247055053711;0.27132153511047363
0.6770537495613098;0.27134406566619873
0.6767065525054932;0.27020591497421265
0.6762535572052002;0.27252480387687683
0.6774927377700806;0.2725001573562622
0.6775141358375549;0.26817914843559265
0.6797641515731812;0.27170974016189575
0.6790144443511963;0.2713179290294647
0.6801879405975342;0.274016410112381
0.6757961511611938;0.2678835391998291
0.6763612627983093;0.2721066474914551
0.6780956983566284;0.2721666693687439
0.6768102645874023;0.26958465576171875
0.6776477098464966;0.27172258496284485
0.6783791780471802;0.27002307772636414
0.6771519780158997;0.26964178681373596
0.6774863004684448;0.27080804109573364
0.6788750886917114;0.27038639783859253
0.67609041929245;0.2702972888946533
0.6790593862533569;0.2703598141670227
0.6772205829620361;0.27137523889541626
0.6776160001754761;0.2750668525695801
0.677889347076416;0.2718054950237274
0.6775239109992981;0.27365821599960327
0.6783967018127441;0.2738203704357147
0.6781272292137146;0.27083930373191833
0.6778430342674255;0.2718854546546936
0.6831099987030029;0.27511245012283325
0.6797327399253845;0.27202272415161133
0.6768004894256592;0.2705775201320648
0.6770132184028625;0.2687565088272095
0.6767038106918335;0.2687253952026367
0.6796072125434875;0.27326393127441406
0.6786177158355713;0.2708570957183838
0.6788004040718079;0.27097705006599426
0.6772730350494385;0.27062004804611206
0.6812055706977844;0.27522987127304077
0.6782155632972717;0.269474059343338
0.6777373552322388;0.27204084396362305
0.677386999130249;0.2699314057826996
0.6781998872756958;0.27096521854400635
0.6778522729873657;0.2729945182800293
0.6773871183395386;0.2713431119918823
0.6778460144996643;0.27190589904785156
0.6772875785827637;0.27124136686325073
0.6785560250282288;0.27502262592315674
0.6781818270683289;0.2710532546043396
0.6773992776870728;0.2715696692466736
0.6768175363540649;0.26758986711502075
0.6767532825469971;0.27158766984939575
0.6785237789154053;0.273023784160614
0.6781440377235413;0.2715900242328644
0.6774520874023438;0.2698677182197571
0.6764761209487915;0.2700837254524231
0.679101824760437;0.27242445945739746
0.6780568957328796;0.2707335948944092
0.6763148307800293;0.2696719765663147
0.6766021251678467;0.26784902811050415
0.6770196557044983;0.2718677520751953
0.6778937578201294;0.2708022892475128
0.676738977432251;0.2714071273803711
0.678473711013794;0.27363261580467224
0.6771159768104553;0.27155470848083496
0.6765875220298767;0.271141916513443
0.6789082884788513;0.2700183093547821
0.6776044964790344;0.2724108099937439
0.6772031784057617;0.270111620426178
0.6769459247589111;0.272310733795166
0.6788431406021118;0.271122008562088
0.6788917183876038;0.2754966616630554
0.6776014566421509;0.2720717787742615
0.678122878074646;0.270428866147995
0.6780731678009033;0.27011531591415405
0.6792715787887573;0.2705228328704834
0.6794673204421997;0.2693611681461334
0.6764250993728638;0.269929438829422
0.6781507134437561;0.273463636636734
0.6780460476875305;0.2738408148288727
0.6779087781906128;0.271171510219574
0.6782108545303345;0.2715672254562378
0.6773922443389893;0.2714292109012604
0.6756411790847778;0.2722260355949402
0.6791712045669556;0.2728963792324066
0.6801717877388;0.27296164631843567
0.6824161410331726;0.2766362130641937
0.6765396595001221;0.26988646388053894
0.6759897470474243;0.2693188786506653
0.6779431700706482;0.269890159368515
0.6785992383956909;0.27324819564819336
0.6777294278144836;0.27108609676361084
0.6779494285583496;0.2685878872871399
0.6773183345794678;0.27142250537872314
0.6786987781524658;0.2729184925556183
0.6781080961227417;0.270372211933136
0.680913507938385;0.2731408178806305
0.6762410402297974;0.2684895098209381
0.6761234402656555;0.26813071966171265
0.6786090135574341;0.2706364095211029
0.681804358959198;0.27227112650871277
0.677038848400116;0.26996707916259766
0.6770752668380737;0.27149081230163574
0.6791378259658813;0.27303576469421387
0.6784118413925171;0.27497613430023193
0.6791200041770935;0.27075618505477905
0.6763983964920044;0.27120792865753174
0.6775420904159546;0.2700437307357788
0.6776371002197266;0.2729833722114563
0.6792768239974976;0.27164262533187866
0.6774206757545471;0.2710064649581909
0.6773228645324707;0.2710578143596649
0.6767709255218506;0.2721349000930786
0.6779582500457764;0.2703459858894348
0.6804386377334595;0.2710047960281372
0.6770598888397217;0.2698022723197937
0.6776763200759888;0.27327531576156616
0.677294135093689;0.27070775628089905
0.6776105165481567;0.26977288722991943
0.6795003414154053;0.2731248736381531
0.6798955798149109;0.2734002470970154
0.6771465539932251;0.26928073167800903
0.6777244806289673;0.27044638991355896
0.676609992980957;0.2707296311855316
0.6787562370300293;0.27248871326446533
0.6770880818367004;0.27137860655784607
0.6771618127822876;0.2685719132423401
0.676171064376831;0.2726459503173828
0.6776185631752014;0.2695677876472473
0.6775356531143188;0.27159303426742554
0.6786550879478455;0.273279070854187
0.6806303262710571;0.2749931216239929
0.6792970299720764;0.2708146274089813
0.678413987159729;0.2707267701625824
0.6809620261192322;0.27449631690979004
0.6780809760093689;0.2701331377029419
0.6783298850059509;0.27013230323791504
0.6789644956588745;0.2727276682853699
0.6784435510635376;0.27090996503829956
0.6772820353507996;0.27055221796035767
0.6780121326446533;0.2720136046409607
0.6781321167945862;0.2703525424003601
0.6763992309570312;0.27113810181617737
0.6775283217430115;0.2742513120174408
0.6778104305267334;0.26916301250457764
0.6775600910186768;0.27264392375946045
0.6779771447181702;0.27323296666145325
0.6771852374076843;0.2701893448829651
0.6773138642311096;0.2693081200122833
0.6791075468063354;0.27024662494659424
0.6799622178077698;0.2712785005569458
0.6771628260612488;0.2698962092399597
0.6766747236251831;0.2710593044757843
0.6797196269035339;0.2753969132900238
0.6768673658370972;0.27246350049972534
0.6773667931556702;0.27016472816467285
0.6793226003646851;0.2703709900379181
0.6769959926605225;0.2682848274707794
0.6782081127166748;0.26996657252311707
0.6772811412811279;0.27260711789131165
0.6797889471054077;0.27179473638534546
0.6779528260231018;0.26960277557373047
0.6787835359573364;0.2709355354309082
0.6776190400123596;0.27211788296699524
0.6769316792488098;0.2715373635292053
0.6792827248573303;0.27276840806007385
0.6789191365242004;0.2694246470928192
0.6790196895599365;0.27722927927970886
0.6794237494468689;0.2748963534832001
0.6766395568847656;0.27439504861831665
0.6771988868713379;0.27020663022994995
0.6793029308319092;0.27184125781059265
0.6769348382949829;0.2732257843017578
0.6777623295783997;0.2726522982120514
0.6788468956947327;0.2705451548099518
0.6787291765213013;0.2724127173423767
0.6768323183059692;0.2688928246498108
0.6772706508636475;0.27021169662475586
0.676672101020813;0.26929399371147156
0.6763442158699036;0.2689608931541443
0.6789712905883789;0.27245283126831055
0.6773071885108948;0.2700088620185852
0.6782262325286865;0.27202993631362915
0.6769550442695618;0.2695697546005249
0.6765468716621399;0.26909303665161133
0.6799458265304565;0.27535736560821533
0.6785138249397278;0.27256226539611816
0.6786720752716064;0.2731543183326721
0.6768448352813721;0.27211448550224304
0.6771419048309326;0.2717898488044739
0.6781315207481384;0.2732406258583069
0.6775913834571838;0.27215829491615295
0.6795289516448975;0.27218765020370483
0.6774131655693054;0.26981982588768005
0.6772252917289734;0.2719344198703766
0.6767740249633789;0.2706722617149353
0.67751544713974;0.27282559871673584
0.6786823272705078;0.2713010907173157
0.6762562990188599;0.2715224027633667
0.6790313720703125;0.2722933888435364
0.6778305172920227;0.2713189721107483
0.6804860234260559;0.2709186375141144
0.6772407293319702;0.2724553942680359
0.6781297922134399;0.27116918563842773
0.6775052547454834;0.2715756595134735
0.6775402426719666;0.27130618691444397
0.6783519983291626;0.2760692536830902
0.6773751974105835;0.2717423439025879
0.6786707639694214;0.2720184326171875
0.6783639192581177;0.2715640366077423
0.6789110898971558;0.2718733549118042
0.6783040761947632;0.2762565016746521
0.676668643951416;0.26858171820640564
0.6769290566444397;0.27014267444610596
0.677979588508606;0.2703886330127716
0.6798063516616821;0.2741864323616028
0.6771356463432312;0.2682611346244812
0.6771433353424072;0.2710140347480774
0.677352786064148;0.2711496949195862
0.6767648458480835;0.269623339176178
0.6782219409942627;0.27036920189857483
0.6774162650108337;0.2711383104324341
0.6789109706878662;0.2704465985298157
0.679744303226471;0.27083784341812134
0.6790289878845215;0.27299368381500244
0.6771718263626099;0.2706333100795746
0.6803418397903442;0.2739035487174988
0.6768937706947327;0.27162671089172363
0.6814932227134705;0.2730916738510132
0.6787013411521912;0.27103525400161743
0.6777471899986267;0.27365654706954956
0.6782773733139038;0.2719631493091583
0.6793394088745117;0.27018770575523376
0.6784415245056152;0.27123141288757324
0.6791808009147644;0.27323395013809204
0.6782774329185486;0.2708095908164978
0.6787270307540894;0.27333348989486694
0.6764565110206604;0.2684798538684845
0.6787609457969666;0.2706126570701599
0.6790667176246643;0.27099382877349854
0.6780146360397339;0.27207112312316895
0.6767171621322632;0.2698778510093689
0.6778930425643921;0.27397215366363525
0.6770934462547302;0.2717524766921997
0.6770931482315063;0.2698674201965332
0.6754688024520874;0.2701716423034668
0.6767540574073792;0.2719382643699646
0.677438497543335;0.27501004934310913
0.6760463118553162;0.27264899015426636
0.6768158078193665;0.26813411712646484
0.6778594255447388;0.27193599939346313
0.6792311668395996;0.26831185817718506
0.6802394390106201;0.27517175674438477
0.6785967946052551;0.27180200815200806
0.6769969463348389;0.27294203639030457
0.6785086989402771;0.27171069383621216
0.6792557239532471;0.2728027105331421
0.6780582666397095;0.26961925625801086
0.6783232092857361;0.27085113525390625
0.6761981844902039;0.26855963468551636
0.6807226538658142;0.2713656723499298
0.6840860247612;0.27626165747642517
0.6779881119728088;0.27145978808403015
0.6756300926208496;0.2701742351055145
0.6756424903869629;0.2674659192562103
0.6775157451629639;0.2702770233154297
0.6808114051818848;0.27442729473114014
0.676006555557251;0.27061691880226135
0.6772102117538452;0.270563006401062
0.678913950920105;0.27135446667671204
0.6773749589920044;0.2693174481391907
0.6782272458076477;0.27135688066482544
0.6801369190216064;0.2732911705970764
0.6780282258987427;0.27263033390045166
0.6794984340667725;0.2702861428260803
0.6779812574386597;0.2727201282978058
0.677435576915741;0.27108150720596313
0.677219808101654;0.27178722620010376
0.6766926050186157;0.27220895886421204
0.6791201829910278;0.2701963484287262
0.676329493522644;0.27044540643692017
0.6776793599128723;0.2704508304595947
0.6777522563934326;0.27013862133026123
0.6776407361030579;0.27167803049087524
0.6770037412643433;0.27257707715034485
0.6773247718811035;0.2718265652656555
0.6774539947509766;0.2685229778289795
0.6774174571037292;0.26955658197402954
0.6794186234474182;0.2714307904243469
0.6782816648483276;0.2719899117946625
0.6772370338439941;0.27047571539878845
0.6786104440689087;0.27214911580085754
0.6773515343666077;0.2691521644592285
0.6778290271759033;0.2715492248535156
0.6772689819335938;0.2722710967063904
0.6767029762268066;0.2712022364139557
0.6774215698242188;0.273629367351532
0.6772054433822632;0.26987987756729126
0.6792747974395752;0.2691497802734375
0.6782227158546448;0.2715780436992645
0.6787480711936951;0.27279895544052124
0.6757912635803223;0.2680116891860962
0.6771421432495117;0.2707325518131256
0.6780664920806885;0.2734994888305664
0.6781191825866699;0.2738052010536194
0.6771475076675415;0.2701842188835144
0.6776638627052307;0.27026188373565674
0.6765897274017334;0.2716190814971924
0.6768937110900879;0.27134430408477783
0.6794532537460327;0.27159035205841064
0.6763300895690918;0.27207958698272705
0.6787341833114624;0.27246949076652527
0.6773964166641235;0.2692638337612152
0.6799308061599731;0.2736319601535797
0.6782318353652954;0.2745116055011749
0.6774913668632507;0.2762008309364319
0.6772918105125427;0.27083471417427063
0.676982581615448;0.26919740438461304
0.676543116569519;0.26983174681663513
0.6773205399513245;0.273359477519989
0.6777999401092529;0.27175572514533997
0.6781291961669922;0.27295953035354614
0.6786081790924072;0.2702205777168274
0.6762732267379761;0.2688170075416565
0.680126965045929;0.2727241516113281
0.6800875067710876;0.27299243211746216
0.6797587871551514;0.27222931385040283
0.6776413321495056;0.2691168785095215
0.6774821281433105;0.2672571539878845
0.6784172058105469;0.2687177360057831
0.6772581338882446;0.27303457260131836
0.6782925724983215;0.27249422669410706
0.6761698126792908;0.2707163691520691
0.6776562333106995;0.271078884601593
0.6788878440856934;0.2698207497596741
0.6782774925231934;0.27444887161254883
0.6767876148223877;0.2691221833229065
0.6778184175491333;0.2707400918006897
0.6775554418563843;0.27091866731643677
0.6772253513336182;0.2742519974708557
0.6800872683525085;0.27375906705856323
0.6776527166366577;0.27252915501594543
0.6795865297317505;0.27387017011642456
0.6793639659881592;0.26902127265930176
0.6792604923248291;0.2721756100654602
0.6795774698257446;0.27289387583732605
0.6795692443847656;0.2742058336734772
0.6768461465835571;0.26826584339141846
0.6782873272895813;0.26760008931159973
0.6799310445785522;0.2735651433467865
0.6787782311439514;0.2731178402900696
0.6768224835395813;0.2708393931388855
0.6787463426589966;0.2690367102622986
0.6790708899497986;0.271573543548584
0.6788601279258728;0.2730807065963745
0.679529070854187;0.2743622362613678
0.6785705089569092;0.2718903720378876
0.6781206727027893;0.27137500047683716
0.6789675951004028;0.27463066577911377
0.6785421371459961;0.271895170211792
0.6770094633102417;0.27221477031707764
0.678564190864563;0.27346742153167725
0.677603006362915;0.2706104516983032
0.6785068511962891;0.273337185382843
0.6777072548866272;0.27067649364471436
0.676979124546051;0.27057939767837524
0.6783474683761597;0.2693990468978882
0.6800769567489624;0.27330803871154785
0.6768249273300171;0.2709680497646332
0.6772628426551819;0.27186697721481323
0.6770327091217041;0.27255862951278687
0.6785419583320618;0.2748907506465912
0.6791567206382751;0.27284514904022217
0.6775368452072144;0.2728767395019531
0.6778298616409302;0.27037495374679565
0.6771183013916016;0.2708255648612976
0.678301215171814;0.2731287181377411
0.6792841553688049;0.27276453375816345
0.6768597364425659;0.26900729537010193
0.6804227828979492;0.274097204208374
0.6769787073135376;0.27022168040275574
0.6769911050796509;0.26800772547721863
0.6775325536727905;0.27198371291160583
0.6776052713394165;0.27036014199256897
0.6772723197937012;0.27082693576812744
0.6797834634780884;0.2708812952041626
0.6767074465751648;0.2707051634788513
0.6779740452766418;0.2717928886413574
0.6761099100112915;0.2708252966403961
0.679304838180542;0.2734602093696594
0.6786290407180786;0.26901739835739136
0.676516592502594;0.26732689142227173
0.6767570376396179;0.2727362811565399
0.6775592565536499;0.2685101330280304
0.6782870292663574;0.2726503014564514
0.679635763168335;0.27242156863212585
0.6796112656593323;0.2745205760002136
0.678115963935852;0.27105647325515747
0.6784066557884216;0.2722588777542114
0.6769341826438904;0.26863062381744385
0.677669882774353;0.2710497975349426
0.6796537041664124;0.27309003472328186
0.6804324388504028;0.2713402211666107
0.6789907217025757;0.2707959711551666
0.6774923801422119;0.27197304368019104
0.6809449195861816;0.27309107780456543
0.6777166724205017;0.2716924548149109
0.6771795749664307;0.2747875452041626
0.6791157722473145;0.2735631465911865
0.677304208278656;0.27043020725250244
0.6762182712554932;0.26928114891052246
0.6774527430534363;0.26981619000434875
0.6777588129043579;0.2684362530708313
0.6771899461746216;0.2709878385066986
0.6785794496536255;0.271278977394104
0.6775256395339966;0.2727181315422058
0.6774659752845764;0.2738983631134033
0.6775853037834167;0.2691737413406372
0.6791304349899292;0.2715146243572235
0.6770188808441162;0.27134525775909424
0.6768085956573486;0.27369681000709534
0.677761971950531;0.2699800729751587
0.6790645122528076;0.2734150290489197
0.6797140836715698;0.27077925205230713
0.6797662377357483;0.2734159231185913
0.6776018738746643;0.2713225185871124
0.6783140897750854;0.2702610194683075
0.6787457466125488;0.2707606554031372
0.67756187915802;0.2703927159309387
0.6784896850585938;0.2730295956134796
0.67679363489151;0.2696703374385834
0.6771952509880066;0.27229416370391846
0.6806426048278809;0.27045929431915283
0.6765327453613281;0.26789185404777527
0.6764034032821655;0.2663147449493408
0.6767891645431519;0.26854753494262695
0.6787586808204651;0.2714238166809082
0.6785974502563477;0.26943904161453247
0.6780620217323303;0.2731819152832031
0.6777607202529907;0.2703319787979126
0.6784220337867737;0.27052706480026245
0.677973210811615;0.2702395021915436
0.6783438324928284;0.27152830362319946
0.6795939803123474;0.270205557346344
0.6776617169380188;0.2705107033252716
0.6775718927383423;0.27149537205696106
0.6768537759780884;0.2739472985267639
0.6784785389900208;0.27138930559158325
0.6776823997497559;0.2698684334754944
0.6788671016693115;0.2728773355484009
0.6810134053230286;0.2730529308319092
0.6792682409286499;0.2706582546234131
0.6803538203239441;0.27343979477882385
0.6767511367797852;0.2695244550704956
0.6779205799102783;0.27452027797698975
0.6760122776031494;0.26889175176620483
0.6784766912460327;0.2722570300102234
0.6770262122154236;0.27189165353775024
0.6771140098571777;0.2706466615200043
0.6770492792129517;0.27177008986473083
0.6772789359092712;0.2726401686668396
0.6782736778259277;0.27077019214630127
0.6779063940048218;0.2699871063232422
0.6789103746414185;0.2724050283432007
0.6776747703552246;0.2701758146286011
0.6766378879547119;0.2704530954360962
0.6769227385520935;0.2716917097568512
0.6775774359703064;0.2701922059059143
0.6772383451461792;0.2692166566848755
0.6769591569900513;0.2689950466156006
0.6757103204727173;0.269095242023468
0.6792868971824646;0.2718730866909027
0.6775892972946167;0.27105534076690674
0.6759759187698364;0.26704224944114685
0.6781452894210815;0.2736051678657532
0.679753303527832;0.27110555768013
0.6775329113006592;0.26946762204170227
0.677485466003418;0.2703801095485687
0.6778962016105652;0.269561231136322
0.6775294542312622;0.2709120512008667
0.6773808002471924;0.2724877595901489
0.6766379475593567;0.26949983835220337
0.6756183505058289;0.2678372263908386
0.6775187253952026;0.2702372372150421
0.6773073673248291;0.2694794535636902
0.6770829558372498;0.2699355483055115
0.6760074496269226;0.27123087644577026
0.6771780252456665;0.27066171169281006
0.6795257329940796;0.2721285820007324
0.6782950162887573;0.27391448616981506
0.6766973733901978;0.2729506194591522
0.6758960485458374;0.26986634731292725
0.6772838234901428;0.27125757932662964
0.6771441698074341;0.2714899480342865
0.677558183670044;0.27058660984039307
0.6789042353630066;0.2722972631454468
0.6763318777084351;0.26824864745140076
0.6793600916862488;0.27268996834754944
0.6782750487327576;0.27134668827056885
0.6777600049972534;0.269482284784317
0.6764684915542603;0.26953306794166565
0.6795288324356079;0.2750893235206604
0.6780636310577393;0.272311806678772
0.6771576404571533;0.2723020315170288
0.6789067983627319;0.2730017900466919
0.6807467937469482;0.2755619287490845
0.6789494752883911;0.2707211375236511
0.6755711436271667;0.2706267833709717
0.6787320971488953;0.2716662883758545
0.6779342889785767;0.2732495665550232
0.6768683791160583;0.27187687158584595
0.6779525876045227;0.272072434425354
0.6782554984092712;0.27177223563194275
0.6774120926856995;0.27288132905960083
0.6769905686378479;0.2700546681880951
0.6771921515464783;0.2710306644439697
0.6762193441390991;0.2688899338245392
0.6787937879562378;0.2712323069572449
0.6779170632362366;0.2727271318435669
0.6774554252624512;0.27169251441955566
0.6767033338546753;0.27040550112724304
0.6786133050918579;0.27281755208969116
0.6775782704353333;0.271587610244751
0.6790515184402466;0.26966798305511475
0.6795958280563354;0.2719137668609619
0.6776440143585205;0.26706570386886597
0.6773072481155396;0.2721738815307617
0.6793248653411865;0.2705819606781006
0.6764910221099854;0.2726357877254486
0.6767890453338623;0.2674507200717926
0.6762877106666565;0.26850515604019165
0.6775530576705933;0.27316024899482727
0.6787099838256836;0.27060943841934204
0.6759605407714844;0.26948386430740356
0.6782110929489136;0.2698948085308075
0.6778225302696228;0.27301228046417236
0.6783831119537354;0.2713339030742645
0.6768094897270203;0.26831337809562683
0.6760926246643066;0.27359539270401
0.6794518232345581;0.27112486958503723
0.6803638339042664;0.27604618668556213
0.6758589744567871;0.2698488235473633
0.6757514476776123;0.27091464400291443
0.6767346262931824;0.2669866681098938
0.6793593168258667;0.27388960123062134
0.6784814596176147;0.2715756595134735
0.6782082319259644;0.2713678479194641
0.6766376495361328;0.27331817150115967
0.6805012226104736;0.2763242721557617
0.6768046617507935;0.27100449800491333
0.6790763139724731;0.27322715520858765
0.6773464679718018;0.27068614959716797
0.6766897439956665;0.2695125341415405
0.6772876381874084;0.26988518238067627
0.6756401658058167;0.2689563035964966
0.6809985637664795;0.274044394493103
0.6795371770858765;0.2741994857788086
0.6784312725067139;0.2729561924934387
0.6783370971679688;0.27266979217529297
0.6790392398834229;0.27188557386398315
0.6771541833877563;0.2690836787223816
0.6763699054718018;0.2698395252227783
0.678075909614563;0.2729533910751343
0.6772810220718384;0.2727815508842468
0.6788973808288574;0.2756386995315552
0.6796824336051941;0.27019768953323364
0.6768224239349365;0.26915180683135986
0.6763612031936646;0.2691107988357544
0.6793124079704285;0.27199846506118774
0.6781294345855713;0.2724737524986267
0.6778919696807861;0.27213525772094727
0.6768100261688232;0.2686588764190674
0.6795955300331116;0.27401411533355713
0.6778043508529663;0.2706961929798126
0.6807132959365845;0.2731337249279022
0.6785527467727661;0.2698812484741211
0.6795260906219482;0.2721388638019562
0.6785683035850525;0.272335410118103
0.6777517199516296;0.27201467752456665
0.6767408847808838;0.2690720856189728
0.6791319251060486;0.27201560139656067
0.6798330545425415;0.2713676691055298
0.6779465079307556;0.2716497778892517
0.6775112748146057;0.26959601044654846
0.6783535480499268;0.27010801434516907
0.6773871183395386;0.27091091871261597
0.6779863834381104;0.270407110452652
0.6784307360649109;0.2712888717651367
0.6779114007949829;0.27338847517967224
0.6768074631690979;0.2704961895942688
0.6786603331565857;0.2694692611694336
0.6785082221031189;0.2762081027030945
0.6769997477531433;0.2710089087486267
0.6756250262260437;0.26711878180503845
0.676877498626709;0.2701725959777832
0.6775015592575073;0.2713175415992737
0.6763219237327576;0.27326011657714844
0.6807848215103149;0.2700020670890808
0.6779255867004395;0.2710740268230438
0.6766083836555481;0.27158474922180176
0.6775074005126953;0.27349165081977844
0.6763200759887695;0.2685564160346985
0.6790438294410706;0.2734997868537903
0.6773521900177002;0.2682051360607147
0.6777690649032593;0.27318114042282104
0.6779848337173462;0.26977840065956116
0.6764450073242188;0.27009835839271545
0.6799490451812744;0.2712882459163666
0.6796989440917969;0.27419519424438477
0.6777340173721313;0.26759326457977295
0.6777660846710205;0.27035951614379883
0.6785271763801575;0.2738143801689148
0.6789225339889526;0.2720152735710144
0.6768314242362976;0.26744893193244934
0.6770225167274475;0.27034229040145874
0.6772165298461914;0.26908960938453674
0.6792623400688171;0.2742948830127716
0.6777313947677612;0.2693359851837158
0.6760578155517578;0.2717425227165222
0.6780086755752563;0.2739306092262268
0.6765888333320618;0.26847392320632935
0.6787585616111755;0.2720194458961487
0.6783418655395508;0.271603524684906
0.6780076026916504;0.2708418667316437
0.6783620119094849;0.27188050746917725
0.6764230728149414;0.2685588002204895
0.6788927316665649;0.27177006006240845
0.6781641840934753;0.27245521545410156
0.6786842346191406;0.27181488275527954
0.6795471906661987;0.2761780619621277
0.6782218813896179;0.2704222798347473
0.6767958402633667;0.2714291512966156
0.6787645816802979;0.2721029818058014
0.6784216165542603;0.26883944869041443
0.6804091930389404;0.2743958532810211
0.6775585412979126;0.2724723219871521
0.6795110702514648;0.27191588282585144
0.6791766881942749;0.2708802819252014
0.6767643094062805;0.2688550651073456
0.6790282130241394;0.2690810263156891
0.6806299090385437;0.27237993478775024
0.679915726184845;0.27131807804107666
0.6762564182281494;0.2694835662841797
0.6793482303619385;0.27056199312210083
0.6783866882324219;0.27230799198150635
0.6793196201324463;0.27059513330459595
0.6778244972229004;0.27196329832077026
0.680372953414917;0.2739773988723755
0.6768617033958435;0.2700413465499878
0.6782580614089966;0.2711532711982727
0.6762816905975342;0.2697649598121643
0.6771810054779053;0.26943397521972656
0.6762998104095459;0.26816970109939575
0.6773183345794678;0.26848435401916504
0.6793854832649231;0.2714921832084656
0.6777055859565735;0.269833505153656
0.6770365238189697;0.26986056566238403
0.6787031888961792;0.2757132351398468
0.6750720739364624;0.2698571979999542
0.6769863367080688;0.27179256081581116
0.6760841608047485;0.26858779788017273
0.6790027022361755;0.2734842896461487
0.6789352297782898;0.2719494104385376
0.678693413734436;0.27189740538597107
0.6774808168411255;0.27239999175071716
0.6768907308578491;0.2711893320083618
0.6790348887443542;0.2720300555229187
0.6764916181564331;0.269484281539917
0.6753701567649841;0.26955580711364746
0.6770679950714111;0.2703661322593689
0.67828369140625;0.27171599864959717
0.6769315600395203;0.26996922492980957
0.6775103807449341;0.2733650505542755
0.6771519780158997;0.2712358236312866
0.6776864528656006;0.2696039378643036
0.677172839641571;0.2700912654399872
0.678492546081543;0.27256810665130615
0.676630437374115;0.2682957053184509
0.6786544322967529;0.27103450894355774
0.678998589515686;0.2708951532840729
0.6790388226509094;0.2726609706878662
0.678719162940979;0.2707250714302063
0.6782276034355164;0.27346378564834595
0.6760562658309937;0.27031219005584717
0.6785258650779724;0.2729420065879822
0.6773830056190491;0.2688697278499603
0.6767027378082275;0.27155429124832153
0.6760717630386353;0.27046793699264526
0.6784452795982361;0.2704678177833557
0.675442099571228;0.2701411247253418
0.6766113042831421;0.2723851799964905
0.6765545606613159;0.2686193585395813
0.6772624254226685;0.2732880115509033
0.6772936582565308;0.2686787545681
0.6804066300392151;0.27233049273490906
0.6765099763870239;0.26999518275260925
0.679306149482727;0.2735602557659149
0.6769585609436035;0.2718208432197571
0.6782190799713135;0.2711271047592163
0.6791868209838867;0.2723642885684967
0.6788406372070312;0.2712695598602295
0.6790599822998047;0.2718595862388611
0.6769762635231018;0.2726358473300934
0.6761283874511719;0.27081388235092163
0.679485559463501;0.27337196469306946
0.677365779876709;0.2695087492465973
0.6783758401870728;0.2692394256591797
0.68044513463974;0.2743649482727051
0.6776671409606934;0.2697299122810364
0.6771529912948608;0.27054154872894287
0.6785902976989746;0.27057945728302
0.6761637330055237;0.2692662477493286
0.6775199770927429;0.27200090885162354
0.6786984205245972;0.2715947926044464
0.6812790632247925;0.27096500992774963
0.6780122518539429;0.2714746594429016
0.6768120527267456;0.2716366648674011
0.6787863969802856;0.2721916139125824
0.6783322691917419;0.27153944969177246
0.6786951422691345;0.2712673544883728
0.6769092679023743;0.26830196380615234
0.6775066256523132;0.27239254117012024
0.6762335896492004;0.26900583505630493
0.6762574911117554;0.2697458267211914
0.6778185367584229;0.26985475420951843
0.6790468692779541;0.2727789580821991
0.6786926984786987;0.27286165952682495
0.6792618036270142;0.2720458507537842
0.6775264739990234;0.2707657217979431
0.6786378622055054;0.2731412649154663
0.6787243485450745;0.27269473671913147
0.6774020195007324;0.2704811692237854
0.6794770359992981;0.2721368968486786
0.6765337586402893;0.2694421112537384
0.6774822473526001;0.27306973934173584
0.6776633262634277;0.27018609642982483
0.6792906522750854;0.2741307020187378
0.6787285804748535;0.2698279619216919
0.6771107912063599;0.27011895179748535
0.6765091419219971;0.2728016972541809
0.676626443862915;0.269783616065979
0.6762020587921143;0.26860135793685913
0.6772092580795288;0.2692301869392395
0.6775849461555481;0.2716466784477234
0.6797376871109009;0.27100104093551636
0.678160548210144;0.27544841170310974
0.6767994165420532;0.2699680030345917
0.6779136061668396;0.26991066336631775
0.6807348728179932;0.2735867500305176
0.6789901852607727;0.2691119313240051
0.6766893863677979;0.2700742483139038
0.6764011383056641;0.2708435654640198
0.6771129965782166;0.2696111798286438
0.6772741675376892;0.2720767855644226
0.6788672208786011;0.2733098268508911
0.6777759790420532;0.2739982306957245
0.6790742874145508;0.2740497887134552
0.6783074140548706;0.27116310596466064
0.6784979104995728;0.270801842212677
0.6773229241371155;0.27079761028289795
0.6784523725509644;0.27267202734947205
0.6785000562667847;0.2740338444709778
0.6772380471229553;0.2716386318206787
0.678164005279541;0.2760295569896698
0.6783458590507507;0.2720126509666443
0.6788323521614075;0.27134940028190613
0.6780056953430176;0.2716551423072815
0.6788589954376221;0.2709254026412964
0.6775063872337341;0.26917415857315063
0.6770254373550415;0.2691022753715515
0.6775103807449341;0.2714778780937195
0.6777609586715698;0.2712196111679077
0.6769368648529053;0.27032315731048584
0.6784235239028931;0.2729254364967346
0.6783332824707031;0.2748556137084961
0.6767579317092896;0.27050018310546875
0.6768699884414673;0.2693990468978882
0.6800072193145752;0.27638497948646545
0.6767007112503052;0.2725609540939331
0.6777935028076172;0.2747034430503845
0.6777751445770264;0.2731964588165283
0.678740382194519;0.2720406651496887
0.6774464845657349;0.27168962359428406
0.6772153377532959;0.2736845910549164
0.6780337691307068;0.2725343108177185
0.6800557971000671;0.2732495069503784
0.6771101951599121;0.2695382833480835
0.6787353754043579;0.2706601023674011
0.6783332824707031;0.27157843112945557
0.6768792867660522;0.27071627974510193
0.6792526245117188;0.2729981243610382
0.6776034832000732;0.27191171050071716
0.6779627799987793;0.2684643268585205
0.6785198450088501;0.2713782489299774
0.6765754222869873;0.27349716424942017
0.6775680780410767;0.27123433351516724
0.6765274405479431;0.26940128207206726
0.6761693954467773;0.26989203691482544
0.6774606108665466;0.27071425318717957
0.6809467077255249;0.2729605436325073
0.6778444051742554;0.27309128642082214
0.6781796216964722;0.27191221714019775
0.6770505905151367;0.27157655358314514
0.6786598563194275;0.272649347782135
0.6792499423027039;0.2718470096588135
0.6762917637825012;0.2730804681777954
0.6776281595230103;0.2695521116256714
0.6766579151153564;0.2721797823905945
0.6778552532196045;0.27087539434432983
0.678080141544342;0.27271193265914917
0.6801183223724365;0.2723119854927063
0.6774554252624512;0.2697363495826721
0.6756508350372314;0.2694891691207886
0.6797517538070679;0.27048352360725403
0.6774706244468689;0.27296116948127747
0.6798779964447021;0.2724161744117737
0.6782989501953125;0.27075302600860596
0.6768010258674622;0.2725406289100647
0.6773845553398132;0.2692059278488159
0.6782990097999573;0.2729000449180603
0.6784852743148804;0.27453315258026123
0.6773580312728882;0.26916050910949707
0.6764342784881592;0.2704358398914337
0.6778205633163452;0.269677072763443
0.6783015131950378;0.27310431003570557
0.6775918006896973;0.27030691504478455
0.6783025860786438;0.26969534158706665
0.6764758229255676;0.271381676197052
0.6778774261474609;0.27044761180877686
0.6767628788948059;0.2695346474647522
0.680812656879425;0.27482762932777405
0.677159309387207;0.27051815390586853
0.6770652532577515;0.27221915125846863
0.6791789531707764;0.2736423909664154
0.6768982410430908;0.2704007029533386
0.6783573627471924;0.2721468508243561
0.6774269342422485;0.2730984389781952
0.6783397197723389;0.2752939462661743
0.6770786046981812;0.2692572772502899
0.6762189269065857;0.26896727085113525
0.6778057813644409;0.2689957022666931
0.6783219575881958;0.26989051699638367
0.6754075288772583;0.2687194049358368
0.6762292385101318;0.2727496922016144
0.6783063411712646;0.27284759283065796
0.6771115064620972;0.2686057686805725
0.6806572675704956;0.2734487056732178
0.6787023544311523;0.27310311794281006
0.6767013072967529;0.2696969211101532
0.6767869591712952;0.2694418132305145
0.6777759194374084;0.26886576414108276
0.6764912009239197;0.2720956802368164
0.6757818460464478;0.27040234208106995
0.6784389019012451;0.2713642716407776
0.6786215305328369;0.2697508931159973
0.6765385270118713;0.27091431617736816
0.6776297092437744;0.2706682085990906
0.6780426502227783;0.2710930407047272
0.6787757873535156;0.2710649371147156
0.6771038770675659;0.2701565623283386
0.6770700812339783;0.27248281240463257
0.6772074699401855;0.2717711925506592
0.6768014430999756;0.2692256569862366
0.6789255142211914;0.27348434925079346
0.6788814663887024;0.27198371291160583
0.6787744164466858;0.2714015245437622
0.677692711353302;0.2687670588493347
0.6773005723953247;0.2715570032596588
0.6776014566421509;0.2746914029121399
0.6804585456848145;0.27110496163368225
0.6773596405982971;0.27126801013946533
0.6787216663360596;0.2727360129356384
0.6780537366867065;0.2688682973384857
0.6765021681785583;0.2715699076652527
0.6788228750228882;0.27296382188796997
0.676552951335907;0.27392780780792236
0.6776371002197266;0.27054429054260254
0.6774709224700928;0.27196574211120605
0.6776846647262573;0.27077823877334595
0.6762214303016663;0.2711310088634491
0.6791562438011169;0.27332934737205505
0.6795958280563354;0.2723448574542999
0.6776308417320251;0.2723681926727295
0.6779646873474121;0.27078700065612793
0.6782836318016052;0.2727190852165222
0.67966628074646;0.2745666801929474
0.677551805973053;0.26998740434646606
0.6805433630943298;0.2708386778831482
0.6782324314117432;0.27088087797164917
0.6762121319770813;0.26996299624443054
0.6776982545852661;0.27330297231674194
0.6797149181365967;0.2720522880554199
0.678316056728363;0.27350226044654846
0.6777146458625793;0.2721485197544098
0.6770111322402954;0.2708987593650818
0.6766878366470337;0.2717095911502838
0.6793509125709534;0.2744620144367218
0.6759732961654663;0.272212415933609
0.6759769320487976;0.2690185308456421
0.6757310628890991;0.26918941736221313
0.6779001951217651;0.27183422446250916
0.6772505044937134;0.2703968584537506
0.6785860061645508;0.2721503973007202
0.6791413426399231;0.2695031464099884
0.6776179075241089;0.2715475559234619
0.6788846850395203;0.269197940826416
0.6795583963394165;0.2721145749092102
0.6771640777587891;0.2737172842025757
0.6768698692321777;0.2719506621360779
0.6784024834632874;0.27019602060317993
0.6803480982780457;0.27226126194000244
0.6779778003692627;0.27368924021720886
0.6780229806900024;0.2718685269355774
0.6765793561935425;0.27078694105148315
0.6770974397659302;0.2714296877384186
0.6783576011657715;0.2706640958786011
0.6778538227081299;0.27265387773513794
0.6795946359634399;0.2742249667644501
0.6769900321960449;0.27113038301467896
0.6760720610618591;0.27068689465522766
0.6799731254577637;0.27160513401031494
0.6760187149047852;0.26906803250312805
0.6758462190628052;0.26900941133499146
0.6784269213676453;0.2728390693664551
0.6767723560333252;0.2687006890773773
0.6775490641593933;0.26879262924194336
0.6769534945487976;0.2704135477542877
0.6768248677253723;0.27042174339294434
0.6788071393966675;0.2721189558506012
0.6781350374221802;0.27177396416664124
0.6804665327072144;0.27261215448379517
0.6791655421257019;0.27149683237075806
0.6785382032394409;0.2733088731765747
0.6769635677337646;0.27273714542388916
0.6784196496009827;0.2730524241924286
0.6783648729324341;0.27240437269210815
0.6774086356163025;0.27131545543670654
0.6768786907196045;0.27294090390205383
0.6773257255554199;0.2734120786190033
0.6771633625030518;0.26946234703063965
0.6783574223518372;0.27408525347709656
0.6772492527961731;0.2733801007270813
0.6801002025604248;0.2739908993244171
0.6772290468215942;0.27253293991088867
0.6764849424362183;0.2705354690551758
0.67966628074646;0.2713894248008728
0.6777329444885254;0.2691294550895691
0.6760796308517456;0.27027034759521484
0.6771044731140137;0.2726445198059082
0.6786024570465088;0.2705957293510437
0.6769798398017883;0.26979148387908936
0.6763737201690674;0.27223846316337585
0.6769331693649292;0.26954755187034607
0.6774141192436218;0.2719293236732483
0.6781965494155884;0.27374693751335144
0.6779840588569641;0.2704181671142578
0.6771817207336426;0.27248549461364746
0.6799384355545044;0.27308398485183716
0.679768979549408;0.2709176540374756
0.6775187253952026;0.27537333965301514
0.6784341335296631;0.2709695100784302
0.6784191727638245;0.26942723989486694
0.6793785095214844;0.27154967188835144
0.6804732084274292;0.27207982540130615
0.6780580282211304;0.2721036970615387
0.6783739328384399;0.27037501335144043
0.6769994497299194;0.27105605602264404
0.6797690391540527;0.2747569978237152
0.6774882078170776;0.26933029294013977
0.6775053143501282;0.27065181732177734
0.6769379377365112;0.267589271068573
0.6784954071044922;0.2707705795764923
0.6797164678573608;0.2723855674266815
0.6795863509178162;0.2719133794307709
0.6768100261688232;0.27453160285949707
0.6774167418479919;0.2701120376586914
0.677801251411438;0.2721218168735504
0.6770268678665161;0.2706122398376465
0.6767529845237732;0.2720731496810913
0.6784201860427856;0.27045685052871704
0.6776316165924072;0.2690506875514984
0.6779146194458008;0.2720944881439209
0.6772735118865967;0.2699389159679413
0.6803967952728271;0.27443087100982666
0.6762462258338928;0.2703365683555603
0.6764065027236938;0.26930126547813416
0.6777172088623047;0.2723535895347595
0.6786003112792969;0.2679274380207062
0.6773804426193237;0.2719000279903412
0.6791221499443054;0.2710925340652466
0.679734468460083;0.2729663848876953
0.6784457564353943;0.27068111300468445
0.676994800567627;0.27145999670028687
0.6792734265327454;0.27012234926223755
0.6777292490005493;0.27482786774635315
0.679811418056488;0.2721489369869232
0.6779563426971436;0.27224335074424744
0.679685115814209;0.27121782302856445
0.6773459315299988;0.26953789591789246
0.6790813207626343;0.2709524929523468
0.6779677867889404;0.273004949092865
0.6795797944068909;0.2712704837322235
0.6776068210601807;0.27155643701553345
0.6779916882514954;0.2721496820449829
0.6768795251846313;0.27167463302612305
0.6789624691009521;0.2717708945274353
0.678272008895874;0.27103304862976074
0.6768336296081543;0.2732713222503662
0.6775280237197876;0.2707754969596863
0.6773042678833008;0.2712981104850769
0.6786788105964661;0.2705638110637665
0.6796677708625793;0.2740430533885956
0.6767561435699463;0.27015388011932373
0.6774502992630005;0.2734239399433136
0.6776468753814697;0.2689672112464905
0.6795751452445984;0.273259699344635
0.6783993244171143;0.2706003189086914
0.67762291431427;0.2744615077972412
0.6766910552978516;0.2688145935535431
0.6772786378860474;0.27172115445137024
0.6783173084259033;0.27050134539604187
0.6801266074180603;0.2719050645828247
0.6802720427513123;0.2721858620643616
0.6781077980995178;0.27143609523773193
0.6787401437759399;0.27069395780563354
0.6784528493881226;0.2718878388404846
0.6765875220298767;0.27017682790756226
0.6784504652023315;0.2713313400745392
0.6774142384529114;0.27254796028137207
0.6773452162742615;0.2696806490421295
0.675523579120636;0.2698681354522705
0.6777247190475464;0.27291032671928406
0.6797378659248352;0.2718546390533447
0.6784670352935791;0.27182984352111816
0.6775468587875366;0.2693430483341217
0.677445650100708;0.27098390460014343
0.6764975786209106;0.2704373300075531
0.6761540770530701;0.26968756318092346
0.6784682273864746;0.2709020972251892
0.6779254674911499;0.2691446542739868
0.6776330471038818;0.2729475498199463
0.6768598556518555;0.26941347122192383
0.6784223318099976;0.27229368686676025
0.6776773929595947;0.2710026502609253
0.6783372163772583;0.2708236575126648
0.6769852638244629;0.2718506157398224
0.6770886182785034;0.26820653676986694
0.678024411201477;0.2736884355545044
0.6771104335784912;0.2715494632720947
0.679004430770874;0.2706719636917114
0.6763659715652466;0.27030128240585327
0.6773280501365662;0.27124252915382385
0.6781577467918396;0.27040523290634155
0.6775544285774231;0.2730700373649597
0.6788376569747925;0.2729499042034149
0.678161084651947;0.2728003263473511
0.6783157587051392;0.27322930097579956
0.6789947152137756;0.27109435200691223
0.6763623952865601;0.270004540681839
0.6776288747787476;0.27312174439430237
0.6773108243942261;0.271695613861084
0.6764897108078003;0.26930516958236694
0.6776679754257202;0.2707878649234772
0.677241861820221;0.2691604495048523
0.6774284839630127;0.26939821243286133
0.6772440671920776;0.2714892029762268
0.6786089539527893;0.27255579829216003
0.6785476207733154;0.2724341154098511
0.6775325536727905;0.2720549702644348
0.6766192317008972;0.2732335329055786
0.6765426397323608;0.2694470286369324
0.6782467365264893;0.273664653301239
0.6778351068496704;0.26910969614982605
0.6780415177345276;0.26982569694519043
0.6770921945571899;0.2699183523654938
0.6766159534454346;0.2686048746109009
0.6801130771636963;0.27017146348953247
0.6774809956550598;0.27200278639793396
0.6779223680496216;0.27032890915870667
0.678012490272522;0.2724445164203644
0.6795731782913208;0.2695709764957428
0.6816612482070923;0.2726801931858063
0.6774700880050659;0.27281683683395386
0.677034854888916;0.2719796895980835
0.6782208681106567;0.2703971862792969
0.6791325807571411;0.2744070887565613
0.6784687638282776;0.2701839804649353
0.677940845489502;0.2714238166809082
0.6775634288787842;0.27137291431427
0.6780719757080078;0.2710897922515869
0.6766321659088135;0.2705093026161194
0.6755396127700806;0.27140069007873535
0.6767576932907104;0.2730766534805298
0.6787657737731934;0.2710976004600525
0.6771143078804016;0.27009642124176025
0.6795730590820312;0.27130910754203796
0.6761963367462158;0.2719833254814148
0.6776258945465088;0.27319619059562683
0.677337110042572;0.2687692642211914
0.6765521168708801;0.2676597237586975
0.6783248782157898;0.26954150199890137
0.6777268648147583;0.2716585695743561
0.6784398555755615;0.2711915075778961
0.6795397400856018;0.2702922821044922
0.6787830591201782;0.2722919285297394
0.6761494278907776;0.2703220844268799
0.6775308847427368;0.2753220200538635
0.677422821521759;0.2694195508956909
0.6771284341812134;0.267556369304657
0.6795340776443481;0.2720162272453308
0.6776610612869263;0.2693275809288025
0.6778035163879395;0.2749757170677185
0.6763331890106201;0.2696292996406555
0.676750898361206;0.2700239419937134
0.6779556274414062;0.2735234498977661
0.6774641275405884;0.2699572443962097
0.6770820617675781;0.2716144323348999
0.6772146821022034;0.2703245282173157
0.6790021657943726;0.2719987630844116
0.6783418655395508;0.27331897616386414
0.6807131767272949;0.2741047143936157
0.6768704056739807;0.2727660536766052
0.6791534423828125;0.26888307929039
0.6777324080467224;0.2725493907928467
0.6779515147209167;0.27094584703445435
0.6769583225250244;0.27000635862350464
0.6776419878005981;0.27387863397598267
0.6764861941337585;0.2711091935634613
0.6775897741317749;0.2709099054336548
0.677489161491394;0.27073708176612854
0.6789574027061462;0.27168184518814087
0.6786541938781738;0.27302587032318115
0.6765872240066528;0.2720988690853119
0.6765369176864624;0.26950088143348694
0.6778367757797241;0.27362310886383057
0.6796053647994995;0.2726128399372101
0.67844557762146;0.26944106817245483
0.6791672706604004;0.27253440022468567
0.6776964664459229;0.2706316113471985
0.6775652766227722;0.2712646722793579
0.6775338649749756;0.26864826679229736
0.6778674721717834;0.2693482041358948
0.6776503920555115;0.26872050762176514
0.6761926412582397;0.26850152015686035
0.6787217259407043;0.2711312472820282
0.6778340339660645;0.26955097913742065
0.6772074699401855;0.2731185555458069
0.67942214012146;0.2711452841758728
0.679145097732544;0.2757158875465393
0.6772884130477905;0.26850131154060364
0.6791834235191345;0.27147307991981506
0.6771143674850464;0.27146676182746887
0.6773813962936401;0.27020126581192017
0.6796624064445496;0.2707917392253876
0.6769411563873291;0.2694888710975647
0.6767905950546265;0.26945850253105164
0.677489697933197;0.2730618417263031
0.6774821877479553;0.26926785707473755
0.6779001355171204;0.271209716796875
0.6763406991958618;0.27053844928741455
0.6779019832611084;0.2754146456718445
0.6782537698745728;0.2719727158546448
0.6788036823272705;0.27286970615386963
0.678411602973938;0.2709309458732605
0.6798753142356873;0.2725720703601837
0.6780599355697632;0.27291566133499146
0.6779192686080933;0.27020135521888733
0.6781222820281982;0.2706835865974426
0.6773411631584167;0.2734307050704956
0.6781783699989319;0.26948997378349304
0.6810018420219421;0.2725423276424408
0.6777580380439758;0.2737833857536316
0.6792824268341064;0.26949578523635864
0.6775295734405518;0.26812687516212463
0.6764177083969116;0.2691587805747986
0.6791180372238159;0.27358394861221313
0.6773634552955627;0.26968705654144287
0.6773934960365295;0.2719759941101074
0.6770230531692505;0.26929768919944763
0.6766701936721802;0.2715092897415161
0.6777284145355225;0.2698829174041748
0.6793309450149536;0.27262574434280396
0.677493691444397;0.271354615688324
0.6786059737205505;0.26900285482406616
0.6774171590805054;0.2723757028579712
0.6757002472877502;0.26805365085601807
0.6784278154373169;0.2738773226737976
0.6787803769111633;0.2701980471611023
0.679751992225647;0.2719569802284241
0.679117739200592;0.2697322964668274
0.6780309677124023;0.26748254895210266
0.6780487895011902;0.27071037888526917
0.6751927137374878;0.27119433879852295
0.678358793258667;0.2698054909706116
0.6777405738830566;0.2699911296367645
0.6803663969039917;0.27430909872055054
0.6784994006156921;0.2692910134792328
0.6787045001983643;0.27116885781288147
0.6767958402633667;0.2723776698112488
0.6791256070137024;0.27170640230178833
0.6774866580963135;0.2720474600791931
0.6778296828269958;0.2714502215385437
0.6774229407310486;0.2685782313346863
0.6767155528068542;0.26877361536026
0.6767874956130981;0.269831120967865
0.6763386726379395;0.269758403301239
0.6784447431564331;0.27352893352508545
0.6793950796127319;0.2708061933517456
0.677848219871521;0.27266958355903625
0.6757062077522278;0.2674591541290283
0.6784102916717529;0.27205783128738403
0.6813572645187378;0.2734464704990387
0.6780652403831482;0.26841288805007935
0.6771722435951233;0.2693803906440735
0.6773896217346191;0.2691713571548462
0.6781138181686401;0.2690325379371643
0.6773222088813782;0.2722873389720917
0.6780954599380493;0.2688145935535431
0.6774028539657593;0.2742111086845398
0.6801690459251404;0.27187275886535645
0.6769660115242004;0.2686119079589844
0.6768981218338013;0.26991748809814453
0.6783100366592407;0.2731693983078003
0.6775902509689331;0.27018386125564575
0.6798876523971558;0.27094942331314087
0.6800145506858826;0.27212804555892944
0.6768479347229004;0.2722955644130707
0.6787585616111755;0.27147138118743896
0.678353488445282;0.27112478017807007
0.6784719228744507;0.2701723575592041
0.6813143491744995;0.2736578583717346
0.6817147135734558;0.27382713556289673
0.6783420443534851;0.2697177529335022
0.6781477928161621;0.27262747287750244
0.6773691773414612;0.272142231464386
0.6773083209991455;0.27167809009552
0.6769939661026001;0.26927536725997925
0.6772124171257019;0.26892322301864624
0.6777725219726562;0.2706403136253357
0.6774343252182007;0.2712112367153168
0.6775674223899841;0.2699770927429199
0.6779434084892273;0.27025923132896423
0.6789305210113525;0.2723499834537506
0.6794993281364441;0.27039769291877747
0.6793823838233948;0.2711523175239563
0.6777228116989136;0.2701485753059387
0.6777040958404541;0.2724873125553131
0.6776658296585083;0.2712997794151306
0.6779584884643555;0.27121421694755554
0.6780754923820496;0.2705177068710327
0.6768143177032471;0.26835909485816956
0.6764960289001465;0.27315953373908997
0.6807246804237366;0.2733275294303894
0.6767809391021729;0.2714534401893616
0.6775426864624023;0.26848649978637695
0.6786892414093018;0.2715935707092285
0.6790938377380371;0.26939451694488525
0.679008960723877;0.2725580930709839
0.6765736937522888;0.2692931294441223
0.6770966649055481;0.2729172706604004
0.6778573989868164;0.27036717534065247
0.6778024435043335;0.2707248330116272
0.6779439449310303;0.271294504404068
0.6800714731216431;0.2742427587509155
0.6773035526275635;0.27091482281684875
0.6778613328933716;0.2704560160636902
0.6774765253067017;0.271768182516098
