TV;KL
1.999999761581421;16.441383361816406
1.9999868869781494;14.548891067504883
1.9998269081115723;14.191756248474121
1.9997482299804688;13.949642181396484
1.9994635581970215;13.755608558654785
1.9986796379089355;13.555891036987305
1.9971824884414673;13.364243507385254
1.9958627223968506;13.215991973876953
1.992653489112854;13.016778945922852
1.9909560680389404;12.797995567321777
1.983858585357666;12.574626922607422
1.9791218042373657;12.37324333190918
1.9699385166168213;12.135146141052246
1.9593162536621094;11.868791580200195
1.9445586204528809;11.573814392089844
1.9301586151123047;11.308670043945312
1.9202964305877686;11.003179550170898
1.8999791145324707;10.693316459655762
1.8838958740234375;10.402548789978027
1.8566956520080566;10.191719055175781
1.8330037593841553;10.040711402893066
1.8021020889282227;9.956954002380371
1.7686970233917236;10.011123657226562
1.7405869960784912;10.11894702911377
1.7001535892486572;10.153278350830078
1.6639565229415894;10.371297836303711
1.637203335762024;10.465696334838867
1.617133617401123;10.634748458862305
1.6015346050262451;10.799976348876953
1.5992827415466309;10.826888084411621
1.6203675270080566;10.75013542175293
1.6483509540557861;10.580726623535156
1.6679058074951172;10.285985946655273
1.6855263710021973;9.903101921081543
1.7000421285629272;9.394416809082031
1.7069189548492432;8.796924591064453
1.7138882875442505;8.199090957641602
1.7166855335235596;7.635149002075195
1.7079130411148071;6.979949951171875
1.6969153881072998;6.359408855438232
1.673101544380188;5.7029709815979
1.6561236381530762;5.075192451477051
1.6225521564483643;4.58799934387207
1.6026135683059692;4.053377151489258
1.5691205263137817;3.627899169921875
1.5363562107086182;3.2072527408599854
1.5034899711608887;2.923783779144287
1.4697730541229248;2.5906951427459717
1.4236767292022705;2.2752785682678223
1.3850598335266113;2.0395662784576416
1.362377643585205;1.8726000785827637
1.3295364379882812;1.6947660446166992
1.2887312173843384;1.519905924797058
1.2688462734222412;1.4069437980651855
1.2497936487197876;1.2863762378692627
1.226440668106079;1.2082359790802002
1.2031233310699463;1.1259194612503052
1.1865006685256958;1.0533369779586792
1.1783404350280762;1.0015711784362793
1.1759952306747437;0.9520033597946167
1.1679892539978027;0.9325389266014099
1.1740639209747314;0.9071409702301025
1.1666333675384521;0.8725298047065735
1.161487340927124;0.8480172157287598
1.1624383926391602;0.8287577033042908
1.1618659496307373;0.8234254121780396
1.161801815032959;0.8051978945732117
1.1631200313568115;0.800644040107727
1.161697268486023;0.8013852834701538
1.1604324579238892;0.7910529375076294
1.1623966693878174;0.7837704420089722
1.1603741645812988;0.7760501503944397
1.1601595878601074;0.771888256072998
1.1606985330581665;0.7780029773712158
1.1619309186935425;0.7762720584869385
1.1604726314544678;0.7730063796043396
1.161145806312561;0.767382800579071
1.160555362701416;0.7663441896438599
1.1612420082092285;0.7673830986022949
1.161156177520752;0.7676287293434143
1.1614925861358643;0.7697550058364868
1.160843014717102;0.7668890953063965
1.1611335277557373;0.7681695818901062
1.1608538627624512;0.7671727538108826
1.1609172821044922;0.7643897533416748
1.1608870029449463;0.7667440176010132
1.1612157821655273;0.7689752578735352
1.1609705686569214;0.7649903297424316
1.1612602472305298;0.7654198408126831
1.160536289215088;0.765860915184021
1.1605991125106812;0.7641955018043518
1.1611195802688599;0.7632523775100708
1.1616480350494385;0.7663998603820801
1.160607933998108;0.7634857892990112
1.16092848777771;0.7696690559387207
1.1604996919631958;0.7640314102172852
1.1604212522506714;0.7663896083831787
1.1606370210647583;0.7635782361030579
1.1610065698623657;0.7639263868331909
1.1615726947784424;0.7682968378067017
1.1609859466552734;0.7618659138679504
1.1607787609100342;0.7644468545913696
1.1621053218841553;0.7632255554199219
1.1608763933181763;0.7649434804916382
1.1613247394561768;0.7659844160079956
1.1613186597824097;0.7661535739898682
1.1607491970062256;0.7640051245689392
1.161705732345581;0.7656851410865784
1.1606547832489014;0.7634928226470947
1.160878300666809;0.7620207071304321
1.160722255706787;0.765262246131897
1.1616108417510986;0.7636603116989136
1.1607542037963867;0.7658171653747559
1.1609158515930176;0.7654696106910706
1.1610443592071533;0.7662128210067749
1.1616060733795166;0.7666165828704834
1.1607612371444702;0.7634215950965881
1.161458969116211;0.7655124664306641
1.1608214378356934;0.7629483938217163
1.1614891290664673;0.7677977085113525
1.1609010696411133;0.7654345035552979
1.1608848571777344;0.7653195858001709
1.1608903408050537;0.7656874656677246
1.1607823371887207;0.765643835067749
1.1608786582946777;0.7643718719482422
1.1609134674072266;0.7649694085121155
1.1608308553695679;0.7641018629074097
1.1612522602081299;0.7637234330177307
1.1607270240783691;0.7637637853622437
1.1606476306915283;0.7658846378326416
1.161867618560791;0.7658628225326538
1.1610561609268188;0.7649409174919128
1.160825252532959;0.7649266123771667
1.1619625091552734;0.765642523765564
1.1609914302825928;0.7620179057121277
1.1606806516647339;0.7649416327476501
1.1611093282699585;0.7637599110603333
1.1612714529037476;0.7643380165100098
1.1609735488891602;0.7654014825820923
1.1609667539596558;0.7660562992095947
1.161106824874878;0.7619184851646423
1.1609642505645752;0.7652220726013184
1.1615797281265259;0.7641474008560181
1.16180419921875;0.7649252414703369
1.1609692573547363;0.7649716138839722
1.1613247394561768;0.7672523260116577
1.1610907316207886;0.7655842304229736
1.160980224609375;0.7648863792419434
1.161242961883545;0.7653713226318359
1.160928726196289;0.7669996023178101
1.16135573387146;0.7663794755935669
1.1613143682479858;0.7645006775856018
1.1610270738601685;0.7672818899154663
1.1608353853225708;0.7622330188751221
1.1610817909240723;0.7625488042831421
1.1618726253509521;0.7683069109916687
1.162324070930481;0.7698940634727478
1.162009835243225;0.7688780426979065
1.1610794067382812;0.7652676701545715
1.1609525680541992;0.7661927938461304
1.1613763570785522;0.7662382125854492
1.1608192920684814;0.7649749517440796
1.1613792181015015;0.7637251615524292
1.1605815887451172;0.7623422145843506
1.160951852798462;0.7672553062438965
1.161904215812683;0.7662856578826904
1.1614437103271484;0.7641948461532593
1.1621999740600586;0.767947256565094
1.161527156829834;0.7662748694419861
1.1610302925109863;0.7641648650169373
1.1607872247695923;0.7636563181877136
1.1618276834487915;0.7660307884216309
1.1608772277832031;0.7649299502372742
1.1609175205230713;0.7633910179138184
1.161625862121582;0.7645282745361328
1.1613898277282715;0.7654552459716797
1.162118673324585;0.7647925615310669
1.1610087156295776;0.7643365859985352
1.1609253883361816;0.7676340341567993
1.1622035503387451;0.7675738334655762
1.161421775817871;0.7655187845230103
1.1611636877059937;0.7668710947036743
1.160679817199707;0.7630794048309326
1.1612564325332642;0.7634462118148804
1.161115050315857;0.7665616273880005
1.1610233783721924;0.7644127607345581
1.1618702411651611;0.7650166749954224
1.1619353294372559;0.7639622688293457
1.1614112854003906;0.7655770182609558
1.161179542541504;0.765516459941864
1.1615362167358398;0.7663995027542114
1.1616449356079102;0.7623782753944397
1.1614563465118408;0.7651817202568054
1.1609983444213867;0.7646678686141968
1.16148841381073;0.7640148401260376
1.1613264083862305;0.7670869827270508
1.1611281633377075;0.7660279273986816
1.161102056503296;0.7627936601638794
1.1623177528381348;0.7672019600868225
1.1607738733291626;0.7646867036819458
1.1608552932739258;0.7657322287559509
1.1615605354309082;0.7678186893463135
1.1605688333511353;0.7622052431106567
1.160710096359253;0.7621142864227295
1.1616737842559814;0.766904354095459
1.1612287759780884;0.7630239129066467
1.1615111827850342;0.764838695526123
1.1607649326324463;0.7641716003417969
1.1612982749938965;0.7641258239746094
1.1611533164978027;0.7664898633956909
1.1608822345733643;0.7629384994506836
1.1608383655548096;0.7641632556915283
1.161144495010376;0.7675434350967407
1.1623700857162476;0.7660804986953735
1.1614865064620972;0.7652217745780945
1.1613750457763672;0.7685492038726807
1.1615058183670044;0.7631349563598633
1.1615337133407593;0.7680295705795288
1.1615817546844482;0.7673790454864502
1.1609658002853394;0.7633058428764343
1.1608014106750488;0.7663037180900574
1.16111421585083;0.7642933130264282
1.1609694957733154;0.7653164863586426
1.1610500812530518;0.765502393245697
1.1613932847976685;0.7689156532287598
1.161633014678955;0.7654411792755127
1.162176251411438;0.7699233293533325
1.1619545221328735;0.7639327645301819
1.161697506904602;0.7663655877113342
1.1611855030059814;0.7655102610588074
1.1612539291381836;0.766242265701294
1.1610822677612305;0.7630090713500977
1.1614781618118286;0.7639517188072205
1.1609680652618408;0.7648909091949463
1.1616348028182983;0.7644098997116089
1.1613588333129883;0.7667002081871033
1.1613166332244873;0.7655863165855408
1.1608508825302124;0.7650176882743835
1.1610612869262695;0.7661927938461304
1.1610567569732666;0.7643661499023438
1.1612036228179932;0.7665892839431763
1.1617025136947632;0.7659294605255127
1.1612815856933594;0.7680929899215698
1.161911964416504;0.7652866840362549
1.1609021425247192;0.7657470703125
1.1615828275680542;0.7645673751831055
1.1621146202087402;0.7664841413497925
1.160965919494629;0.7626904249191284
1.1609680652618408;0.7643275260925293
1.1611073017120361;0.7666967511177063
1.1619656085968018;0.7643466591835022
1.1613887548446655;0.7647521495819092
1.1608061790466309;0.7649520635604858
1.1614124774932861;0.7644005417823792
1.1616880893707275;0.7661052346229553
1.1613011360168457;0.7647529244422913
1.1611534357070923;0.7666245698928833
1.1610949039459229;0.7652604579925537
1.1613121032714844;0.7659669518470764
1.1613272428512573;0.7661747932434082
1.16168212890625;0.7680572867393494
1.161171555519104;0.7646282911300659
1.1620509624481201;0.7665501832962036
1.1614341735839844;0.7663887739181519
1.1610867977142334;0.7651158571243286
1.1611062288284302;0.7674468755722046
1.161441445350647;0.7625329494476318
1.161360263824463;0.7680789232254028
1.1613470315933228;0.7665833234786987
1.1609392166137695;0.7641294002532959
1.1618387699127197;0.7638267874717712
1.1614965200424194;0.7655832767486572
1.1608521938323975;0.7647894024848938
1.16143798828125;0.7636132836341858
1.1614289283752441;0.7657861113548279
1.1612393856048584;0.7668313980102539
1.1609694957733154;0.7633578777313232
1.1627976894378662;0.765418291091919
1.1621562242507935;0.7656461596488953
1.1613484621047974;0.7632089853286743
1.1610125303268433;0.7646059989929199
1.1617447137832642;0.7649592161178589
1.1611310243606567;0.7626123428344727
1.1621586084365845;0.7671182155609131
1.16078782081604;0.7626911401748657
1.1620577573776245;0.7659512162208557
1.1614173650741577;0.7644669413566589
1.161666750907898;0.7646801471710205
1.161193609237671;0.763451337814331
1.161752700805664;0.7671806812286377
1.1613887548446655;0.7666985988616943
1.161268949508667;0.7673361301422119
1.161407470703125;0.7641080021858215
1.160804033279419;0.7666662931442261
1.1615444421768188;0.7643040418624878
1.1612849235534668;0.7622470855712891
1.1607301235198975;0.7663390040397644
1.1610944271087646;0.7653067111968994
1.1614760160446167;0.7642616033554077
1.161627173423767;0.7684787511825562
1.1610383987426758;0.7655487060546875
1.1614998579025269;0.764747142791748
1.1623986959457397;0.7667939066886902
1.161166787147522;0.764721155166626
1.1615023612976074;0.7637791037559509
1.1619435548782349;0.7693547606468201
1.1616148948669434;0.7659290432929993
1.1612639427185059;0.7668522000312805
1.1610562801361084;0.7655158042907715
1.1611371040344238;0.7665441036224365
1.161365270614624;0.7620063424110413
1.161409616470337;0.7662570476531982
1.161043643951416;0.7650463581085205
1.161703109741211;0.7667333483695984
1.160804271697998;0.7629232406616211
1.1614019870758057;0.7658499479293823
1.1610159873962402;0.7632226943969727
1.1614620685577393;0.7661339044570923
1.1610606908798218;0.7622909545898438
1.160686731338501;0.7620964050292969
1.1613097190856934;0.7665588855743408
1.1621372699737549;0.7677063941955566
1.1613318920135498;0.7650651335716248
1.160631537437439;0.7670704126358032
1.1609357595443726;0.765139102935791
1.1619936227798462;0.7648004293441772
1.1618237495422363;0.7632795572280884
1.1612679958343506;0.7627540826797485
1.1613621711730957;0.7639976143836975
1.161108374595642;0.7649887800216675
1.1612210273742676;0.7634784579277039
1.1613142490386963;0.7641817927360535
1.1619114875793457;0.7662274837493896
1.1613705158233643;0.7677592039108276
1.1615631580352783;0.7634941339492798
1.1612352132797241;0.763851523399353
1.1614035367965698;0.7651468515396118
1.1611329317092896;0.7641854286193848
1.161263108253479;0.7647831439971924
1.1612377166748047;0.765649139881134
1.1609748601913452;0.7668977379798889
1.1607915163040161;0.7637082934379578
1.161745309829712;0.7655565142631531
1.1612201929092407;0.7651075124740601
1.1612944602966309;0.7661349773406982
1.1611758470535278;0.765599250793457
1.1613253355026245;0.7635533809661865
1.1621801853179932;0.7634701728820801
1.1612838506698608;0.7666044235229492
1.1616003513336182;0.7639620900154114
1.1620032787322998;0.7650464177131653
1.1616735458374023;0.7643737196922302
1.1624925136566162;0.7655384540557861
1.1611392498016357;0.7643268704414368
1.1615852117538452;0.7654194831848145
1.161548376083374;0.7652738094329834
1.1606996059417725;0.7649245262145996
1.162835717201233;0.7668962478637695
1.160940408706665;0.7632428407669067
1.161341905593872;0.7640101313591003
1.1609357595443726;0.7647470235824585
1.1622353792190552;0.7678747177124023
1.1617100238800049;0.7647324800491333
1.161299467086792;0.7647304534912109
1.161867380142212;0.7638888359069824
1.1614210605621338;0.7631955742835999
1.161017894744873;0.7634747624397278
1.1609658002853394;0.765285849571228
1.161104679107666;0.7641910314559937
1.1618154048919678;0.765605628490448
1.1615885496139526;0.7653502225875854
1.161195993423462;0.7653490304946899
1.1613311767578125;0.7647913694381714
1.161984920501709;0.766384482383728
1.16091787815094;0.7630815505981445
1.1612529754638672;0.7651603817939758
1.1616454124450684;0.7634169459342957
1.1627094745635986;0.7669288516044617
1.160935640335083;0.7642993927001953
1.1612062454223633;0.7680919170379639
1.1614117622375488;0.7637619972229004
1.1614271402359009;0.7641412019729614
1.1616456508636475;0.7682528495788574
1.1615262031555176;0.7645557522773743
1.1608877182006836;0.7644165754318237
1.161470890045166;0.764578104019165
1.161625623703003;0.7662711143493652
1.1612333059310913;0.7660149335861206
1.1628597974777222;0.7665733695030212
1.1613712310791016;0.7672423720359802
1.161468505859375;0.7669572830200195
1.1616506576538086;0.7621502876281738
1.1612235307693481;0.7668152451515198
1.1616129875183105;0.7646351456642151
1.1609899997711182;0.7610801458358765
1.162294626235962;0.7668129205703735
1.1619389057159424;0.7649461627006531
1.1617183685302734;0.7672104835510254
1.1613051891326904;0.7637412548065186
1.1614971160888672;0.7627941370010376
1.1611253023147583;0.7659011483192444
1.1615172624588013;0.7648809552192688
1.1617964506149292;0.764790415763855
1.1614694595336914;0.7660144567489624
1.1613420248031616;0.7637604475021362
1.1611714363098145;0.7628064155578613
1.1613740921020508;0.7658388614654541
1.1611770391464233;0.762986421585083
1.1611599922180176;0.7626532316207886
1.1611998081207275;0.7653350830078125
1.1617622375488281;0.7666984796524048
1.1617681980133057;0.7652774453163147
1.1621657609939575;0.7657412886619568
1.161596417427063;0.7633220553398132
1.1622059345245361;0.7633026838302612
1.1608248949050903;0.764203667640686
1.1622812747955322;0.7677007913589478
1.1616616249084473;0.7645629644393921
1.161179780960083;0.7647559642791748
1.1613034009933472;0.7637630105018616
1.161879062652588;0.7637715339660645
1.1619956493377686;0.7649704217910767
1.1611673831939697;0.7636295557022095
1.1613188982009888;0.7645300626754761
1.1622636318206787;0.7653796076774597
1.1613476276397705;0.7633963823318481
1.1618579626083374;0.7670519948005676
1.161029577255249;0.7625272870063782
1.161318063735962;0.7642900347709656
1.1618345975875854;0.7633320689201355
1.1614868640899658;0.7643717527389526
1.1621841192245483;0.7680015563964844
1.1621156930923462;0.7661638259887695
1.1612017154693604;0.7635613083839417
1.1621065139770508;0.7634883522987366
1.1611278057098389;0.7663767337799072
1.161117434501648;0.7660568952560425
1.1610206365585327;0.7642819285392761
1.161623239517212;0.7653518319129944
1.1607739925384521;0.7639784216880798
1.1611762046813965;0.7683601975440979
1.1620748043060303;0.7641924023628235
1.1612932682037354;0.7620278000831604
1.1610795259475708;0.7661210298538208
1.1611788272857666;0.7639653086662292
1.1616032123565674;0.7663118839263916
1.1616252660751343;0.7667717933654785
1.1614784002304077;0.7641529440879822
1.1613367795944214;0.7647140026092529
1.161855936050415;0.7663704752922058
1.161518931388855;0.7638522386550903
1.1626207828521729;0.7635632753372192
1.1609481573104858;0.7643120288848877
1.1615288257598877;0.7633898258209229
1.161525011062622;0.7662304639816284
1.1628437042236328;0.7660937309265137
1.162329077720642;0.7658106088638306
1.1617803573608398;0.7635277509689331
1.1614198684692383;0.7643502950668335
1.161420226097107;0.7640552520751953
1.161582589149475;0.7656797170639038
1.1622769832611084;0.7671413421630859
1.1622562408447266;0.764599621295929
1.1620601415634155;0.7634631991386414
1.1617532968521118;0.7651523947715759
1.1609983444213867;0.762293815612793
1.161355972290039;0.7662016749382019
1.162156105041504;0.7656446695327759
1.1611995697021484;0.76402348279953
1.1612565517425537;0.7637998461723328
1.1611149311065674;0.7669531106948853
1.1608041524887085;0.7603774666786194
1.1611995697021484;0.7645250558853149
1.1610393524169922;0.7663021087646484
1.1612482070922852;0.7619604468345642
1.1610939502716064;0.7649909257888794
1.1615782976150513;0.7670242190361023
1.1619720458984375;0.7658242583274841
1.1613438129425049;0.7646012306213379
1.161279559135437;0.7645623683929443
1.1621646881103516;0.766152560710907
1.1615285873413086;0.7661668062210083
1.1621403694152832;0.771024227142334
1.1614309549331665;0.7662014961242676
1.1616243124008179;0.7627093195915222
1.162010908126831;0.762546956539154
1.1609983444213867;0.7626837491989136
1.1609838008880615;0.762151837348938
1.1616716384887695;0.7650136351585388
1.161800742149353;0.7641686201095581
1.1611669063568115;0.7649657726287842
1.1614497900009155;0.7648800611495972
1.1613537073135376;0.7626000642776489
1.1627730131149292;0.7663925290107727
1.1621344089508057;0.7678843140602112
1.1611993312835693;0.7649421691894531
1.1611413955688477;0.767055332660675
1.1616954803466797;0.7668788433074951
1.161681056022644;0.7669735550880432
1.1610122919082642;0.7627620100975037
1.161708950996399;0.7646855115890503
1.1613973379135132;0.7656615972518921
1.1619333028793335;0.7648442983627319
1.1617741584777832;0.7645984888076782
1.1611813306808472;0.7656447291374207
1.161305546760559;0.7635093927383423
1.1620712280273438;0.7682491540908813
1.162219524383545;0.7675247192382812
1.1616511344909668;0.7666075229644775
1.1613554954528809;0.7650177478790283
1.1615591049194336;0.7641125917434692
1.161550521850586;0.7649766802787781
1.1611971855163574;0.7634352445602417
1.1618938446044922;0.7659433484077454
1.1617512702941895;0.7647032737731934
1.1613534688949585;0.7636534571647644
1.161230206489563;0.7631534934043884
1.1612056493759155;0.7653844356536865
1.1616594791412354;0.7654417753219604
1.1610947847366333;0.7630760669708252
1.161791205406189;0.7652413845062256
1.1615298986434937;0.7651994824409485
1.1618214845657349;0.7647854089736938
1.1618998050689697;0.7630513310432434
1.161960244178772;0.76632159948349
1.1614580154418945;0.7646295428276062
1.1613918542861938;0.7638057470321655
1.1616030931472778;0.7662827372550964
1.1614949703216553;0.7644012570381165
1.1615016460418701;0.7616316080093384
1.1620758771896362;0.7654372453689575
1.1616138219833374;0.7666928172111511
1.161574125289917;0.7641910910606384
1.161478877067566;0.7666730284690857
1.1613399982452393;0.7635180354118347
1.1611756086349487;0.7641469240188599
1.161303997039795;0.7638259530067444
1.161221981048584;0.7660425901412964
1.1613740921020508;0.7664481401443481
1.161230206489563;0.7647171020507812
1.1611554622650146;0.7669849395751953
1.1626191139221191;0.7664523124694824
1.1615504026412964;0.7632078528404236
1.1621484756469727;0.766584575176239
1.1610116958618164;0.7635161280632019
1.1614495515823364;0.7641599774360657
1.1618678569793701;0.7644267082214355
1.1618854999542236;0.7645031809806824
1.161142110824585;0.7624980211257935
1.161570429801941;0.765292763710022
1.161661148071289;0.764763355255127
1.1609002351760864;0.765027642250061
1.1613249778747559;0.7622227668762207
1.161097526550293;0.7628915309906006
1.1627446413040161;0.7692304253578186
1.1613796949386597;0.765047013759613
1.161658525466919;0.7653239369392395
1.1614432334899902;0.7656323313713074
1.1618722677230835;0.7651939392089844
1.1616345643997192;0.7633022665977478
1.1619524955749512;0.7642375230789185
1.161287546157837;0.7639970183372498
1.1611008644104004;0.7649210691452026
1.1613653898239136;0.7658243179321289
1.1613895893096924;0.7676092386245728
1.1613768339157104;0.767010509967804
1.1613783836364746;0.7633994817733765
1.1617248058319092;0.7653266191482544
1.1614123582839966;0.7639536261558533
1.1613191366195679;0.7668075561523438
1.1616849899291992;0.7640330791473389
1.162372350692749;0.7641989588737488
1.1613816022872925;0.7638418078422546
1.1617532968521118;0.7678395509719849
1.1609903573989868;0.7619766592979431
1.1611511707305908;0.7633056640625
1.161310076713562;0.7635974884033203
1.1618398427963257;0.7645848393440247
1.1612575054168701;0.765821099281311
1.1619317531585693;0.7682520151138306
1.1625125408172607;0.764121413230896
1.1611597537994385;0.760757327079773
1.1618618965148926;0.7666985392570496
1.1611244678497314;0.7657365202903748
1.1619118452072144;0.7652239203453064
1.1613013744354248;0.765941858291626
1.1619161367416382;0.7634018063545227
1.1618753671646118;0.7688155174255371
1.1615221500396729;0.7625415921211243
1.161336898803711;0.7650909423828125
1.1621747016906738;0.7657413482666016
1.1614060401916504;0.7638846635818481
1.1610462665557861;0.7612457275390625
1.1621911525726318;0.7663892507553101
1.1613385677337646;0.7675400972366333
1.1619620323181152;0.767951488494873
1.160965919494629;0.763668417930603
1.1622945070266724;0.7685698866844177
1.1613085269927979;0.7678192853927612
1.1616324186325073;0.7652361392974854
1.1609421968460083;0.7647281885147095
1.1618478298187256;0.7656785249710083
1.1618177890777588;0.7676662802696228
1.161624789237976;0.765495777130127
1.1613188982009888;0.7637569904327393
1.161424160003662;0.764878511428833
1.161928415298462;0.7671843767166138
1.1611899137496948;0.7658324241638184
1.1618053913116455;0.7653058767318726
1.1611459255218506;0.7678594589233398
1.1622235774993896;0.7680869102478027
1.1614768505096436;0.7652879953384399
1.161001443862915;0.7631415128707886
1.1613664627075195;0.7633007168769836
1.162140130996704;0.7668918967247009
1.1616085767745972;0.7639681100845337
1.1617063283920288;0.7666617631912231
1.1617687940597534;0.7645719647407532
1.1614512205123901;0.7637165188789368
1.162344217300415;0.7647062540054321
1.16148841381073;0.7675674557685852
1.1622201204299927;0.7658624649047852
1.1617331504821777;0.7678529024124146
1.1618144512176514;0.762110710144043
1.161191701889038;0.7634333968162537
1.161561369895935;0.7620330452919006
1.1622990369796753;0.76551353931427
1.1614046096801758;0.7662159204483032
1.1616452932357788;0.7646437287330627
1.1611900329589844;0.763634979724884
1.162053108215332;0.7703483700752258
1.1615114212036133;0.7646477222442627
1.1613377332687378;0.7613553404808044
1.1612852811813354;0.7658171653747559
1.1617515087127686;0.7644222378730774
1.161226749420166;0.7643064260482788
1.1619431972503662;0.7641029357910156
1.1622803211212158;0.7657660245895386
1.161211609840393;0.7628873586654663
1.1619120836257935;0.7662895321846008
1.1614716053009033;0.767440140247345
1.1619148254394531;0.7658950090408325
1.161157250404358;0.7645528316497803
1.16151762008667;0.7639385461807251
1.1618387699127197;0.764241635799408
1.1620537042617798;0.7633201479911804
1.1611003875732422;0.7681695222854614
1.1610774993896484;0.7638416886329651
1.16107976436615;0.7631968259811401
1.161564826965332;0.7652724385261536
1.1620943546295166;0.7658272981643677
1.161928653717041;0.7634369134902954
1.161571741104126;0.7645693421363831
1.1620616912841797;0.7661517858505249
1.1612236499786377;0.7628237009048462
1.1615777015686035;0.7609821557998657
1.1611899137496948;0.7644140720367432
1.1620972156524658;0.7658236026763916
1.1618366241455078;0.7638279795646667
1.1616450548171997;0.7690540552139282
1.1615426540374756;0.7661776542663574
1.1614304780960083;0.7658308744430542
1.161696434020996;0.7633436918258667
1.161976933479309;0.7646253108978271
1.1617029905319214;0.7632356882095337
1.1620041131973267;0.767033576965332
1.1616225242614746;0.7625439763069153
1.1611499786376953;0.7652426958084106
1.161966323852539;0.7673975229263306
1.161800503730774;0.761817991733551
1.1610844135284424;0.7655142545700073
1.1609569787979126;0.7645312547683716
1.1614898443222046;0.7627285718917847
1.1609022617340088;0.7654272317886353
1.1617892980575562;0.7652890086174011
1.163282036781311;0.7648409605026245
1.161216378211975;0.7627420425415039
1.161260962486267;0.7656903862953186
1.1623369455337524;0.7666589021682739
1.1623599529266357;0.7715405821800232
1.16213858127594;0.7647455930709839
1.1615016460418701;0.7629386782646179
1.161922574043274;0.7665735483169556
1.1618926525115967;0.7646657228469849
1.162197232246399;0.7673078179359436
1.162154197692871;0.7655547857284546
1.1610000133514404;0.7629791498184204
1.1619200706481934;0.7651543617248535
1.1614491939544678;0.7647722959518433
1.1618093252182007;0.7642166614532471
1.1612379550933838;0.7650495767593384
1.1613699197769165;0.7647225856781006
1.1616259813308716;0.7634484767913818
1.1615947484970093;0.765703022480011
1.161316990852356;0.7666364908218384
1.1614024639129639;0.7661113142967224
1.1618784666061401;0.7664970755577087
1.1618854999542236;0.7674036622047424
1.162139654159546;0.76810622215271
1.1612064838409424;0.7665103077888489
1.162808895111084;0.7665935754776001
1.161791205406189;0.7648221850395203
1.1611276865005493;0.765857458114624
1.1615185737609863;0.7630429267883301
1.1618092060089111;0.7683656811714172
1.161179542541504;0.7649863958358765
1.1615238189697266;0.7657199501991272
1.1611453294754028;0.7653544545173645
1.1623260974884033;0.7672805190086365
1.1610161066055298;0.7631916999816895
1.1615111827850342;0.7629090547561646
1.161498785018921;0.7625731229782104
1.1617441177368164;0.7654916048049927
1.1619980335235596;0.7646003365516663
1.1619431972503662;0.7667313814163208
1.1619006395339966;0.7632593512535095
1.1613575220108032;0.7629535794258118
1.161766529083252;0.7697616815567017
1.1614432334899902;0.7665441632270813
1.1620573997497559;0.7643496990203857
1.1615090370178223;0.764108419418335
1.160965919494629;0.7630771398544312
1.1614675521850586;0.7636007070541382
1.1620408296585083;0.7696644067764282
1.161545753479004;0.7622811794281006
1.1617140769958496;0.7643906474113464
1.1620829105377197;0.7655194401741028
1.161351203918457;0.7618711590766907
1.1610461473464966;0.7639893889427185
1.1612837314605713;0.7637962102890015
1.1613527536392212;0.7662088871002197
1.1615629196166992;0.764618992805481
1.1618425846099854;0.7636412978172302
1.1617772579193115;0.7643142938613892
1.161475658416748;0.7645410299301147
1.161609172821045;0.7646152377128601
1.1625148057937622;0.7658126354217529
1.1619832515716553;0.7685650587081909
1.1623704433441162;0.7657871246337891
1.1616970300674438;0.7655090689659119
1.1615632772445679;0.7624666690826416
1.1623916625976562;0.7655347585678101
1.1613290309906006;0.7642232179641724
1.1612415313720703;0.7642714381217957
1.1620280742645264;0.7651419639587402
1.1622802019119263;0.7661514282226562
1.1616675853729248;0.7652104496955872
1.1628491878509521;0.7676487565040588
1.163235068321228;0.7681398391723633
1.1615731716156006;0.7638643980026245
1.161391258239746;0.7647867202758789
1.162668228149414;0.7643184065818787
1.1614949703216553;0.7635912895202637
1.1609001159667969;0.7611443400382996
1.1621589660644531;0.7660126090049744
1.162351131439209;0.7676689624786377
1.1618363857269287;0.7646189332008362
1.161909580230713;0.7655377388000488
1.161271572113037;0.7621845006942749
1.1617376804351807;0.7663292288780212
1.1617918014526367;0.7632858753204346
1.161163091659546;0.7661933898925781
1.161046028137207;0.7637110948562622
1.1610908508300781;0.7638550400733948
1.1621119976043701;0.7640483975410461
1.162158727645874;0.7663074731826782
1.1611506938934326;0.7653506398200989
1.1612576246261597;0.7630642652511597
1.1612939834594727;0.7648137807846069
1.1622180938720703;0.7641124725341797
1.1620335578918457;0.7649276256561279
1.161454439163208;0.7643643021583557
1.1614054441452026;0.7635342478752136
1.1615443229675293;0.7653045654296875
1.161802053451538;0.764599621295929
1.162022352218628;0.7632306814193726
1.1619157791137695;0.7640305757522583
1.1616883277893066;0.7642872333526611
1.1613948345184326;0.7643374800682068
1.1614515781402588;0.7647793889045715
1.1618435382843018;0.764224648475647
1.161738634109497;0.7652009129524231
1.1613421440124512;0.7640823125839233
1.1616214513778687;0.7647335529327393
1.161445140838623;0.7671191692352295
1.1615768671035767;0.764717698097229
1.1617062091827393;0.763749361038208
1.1614251136779785;0.7652522921562195
1.1621196269989014;0.7661638855934143
1.1609481573104858;0.7657756209373474
1.1612181663513184;0.7675429582595825
1.1612709760665894;0.7652928233146667
1.1613655090332031;0.765313982963562
1.1617093086242676;0.7688901424407959
1.1615757942199707;0.7656018733978271
1.1626050472259521;0.7644627094268799
1.1633689403533936;0.7687696814537048
1.1620311737060547;0.7652020454406738
1.161142110824585;0.7632954120635986
1.1618716716766357;0.7634074687957764
1.161980152130127;0.7641987800598145
1.1615310907363892;0.7652069330215454
1.161413311958313;0.7665841579437256
1.1618200540542603;0.7660825252532959
1.1610723733901978;0.7650207281112671
1.1612093448638916;0.7632615566253662
1.1611531972885132;0.7657947540283203
1.1623930931091309;0.7677174210548401
1.1613456010818481;0.7650726437568665
1.1615071296691895;0.7669388651847839
1.1609302759170532;0.7648555636405945
1.1616675853729248;0.765311598777771
1.1615902185440063;0.7625978589057922
1.1617283821105957;0.765722930431366
1.1615768671035767;0.7638734579086304
1.1635782718658447;0.7686962485313416
1.162217378616333;0.7657959461212158
1.161125659942627;0.7643183469772339
1.1612361669540405;0.7662901282310486
1.1609199047088623;0.7652629613876343
1.161215901374817;0.7639641761779785
1.1609108448028564;0.7622733116149902
1.1614627838134766;0.7665817737579346
1.1609992980957031;0.7622531056404114
1.1608455181121826;0.7645720839500427
1.1612763404846191;0.7633401155471802
1.1624188423156738;0.7647017240524292
1.1615302562713623;0.7666094899177551
1.1622892618179321;0.7653816342353821
1.1619571447372437;0.7623202204704285
1.161819338798523;0.7646793127059937
1.161407470703125;0.7620000839233398
1.1618967056274414;0.7651348114013672
1.1614296436309814;0.7631059885025024
1.1620075702667236;0.7646751403808594
1.1618050336837769;0.7656220197677612
1.1614254713058472;0.7640327215194702
1.1615163087844849;0.7656224370002747
1.1620838642120361;0.769438624382019
1.1611851453781128;0.7645618915557861
1.1614680290222168;0.7647671699523926
1.1614502668380737;0.764965832233429
1.161487340927124;0.7641654014587402
1.1618809700012207;0.766622006893158
1.1619184017181396;0.763544499874115
1.1622941493988037;0.7664890289306641
1.1615991592407227;0.7650613188743591
1.161177158355713;0.7675616145133972
1.1617859601974487;0.762718915939331
1.161643385887146;0.7665923237800598
1.161513090133667;0.7658882141113281
1.161737084388733;0.7647170424461365
1.1611254215240479;0.7631226778030396
1.1616129875183105;0.763495147228241
1.1626203060150146;0.7641570568084717
1.1618257761001587;0.7656943798065186
1.1616156101226807;0.7637410163879395
1.1615049839019775;0.7655199766159058
1.1614683866500854;0.7668592929840088
1.1611756086349487;0.7633841037750244
1.1620062589645386;0.7658329010009766
1.161674976348877;0.7654004693031311
1.1613571643829346;0.7611836194992065
1.1617203950881958;0.7631295919418335
1.1614221334457397;0.7645568251609802
1.1616432666778564;0.7642015814781189
1.1615244150161743;0.7641236782073975
1.1623823642730713;0.7674716711044312
1.1615222692489624;0.7670133113861084
1.1620229482650757;0.7667925953865051
1.1615064144134521;0.7640446424484253
1.1624960899353027;0.7667784690856934
1.161749243736267;0.7660653591156006
1.1618692874908447;0.7642835378646851
1.1619479656219482;0.7662582397460938
1.1621644496917725;0.7682948708534241
1.1622469425201416;0.7669350504875183
1.1610536575317383;0.7645495533943176
1.1618413925170898;0.763679563999176
1.161181926727295;0.7644070982933044
1.1624772548675537;0.7660290002822876
1.1616793870925903;0.7663100957870483
1.1616744995117188;0.7636491060256958
1.1614573001861572;0.7626187801361084
1.1615889072418213;0.7655920386314392
1.1614422798156738;0.7636754512786865
1.1619317531585693;0.7694591283798218
1.1612379550933838;0.7658676505088806
1.1623936891555786;0.7656101584434509
1.1615097522735596;0.7648451924324036
1.1618551015853882;0.764731764793396
1.1611740589141846;0.7644001245498657
1.1615142822265625;0.7655695080757141
1.1618839502334595;0.7644290328025818
1.1612237691879272;0.7620891332626343
1.161904215812683;0.766370415687561
1.161624789237976;0.7654821276664734
1.1615132093429565;0.7627909183502197
1.1615108251571655;0.7647527456283569
1.1625008583068848;0.7652487754821777
1.1619246006011963;0.7659825682640076
1.1619200706481934;0.7671819925308228
1.1614190340042114;0.7651119232177734
1.161266565322876;0.765289306640625
1.1614093780517578;0.7642855644226074
1.1615524291992188;0.7634466290473938
1.1621878147125244;0.7660159468650818
1.1611520051956177;0.7622178196907043
1.1612714529037476;0.7639917135238647
1.1619242429733276;0.7695775032043457
1.162001132965088;0.7661356925964355
1.1615029573440552;0.7677408456802368
1.1613973379135132;0.7644100189208984
1.1614720821380615;0.7640729546546936
1.1617916822433472;0.7675262689590454
1.1616158485412598;0.7628757357597351
1.1620299816131592;0.7649694085121155
1.1618348360061646;0.7673129439353943
1.1619467735290527;0.7678951621055603
1.1615740060806274;0.7637197375297546
1.161308765411377;0.7639636993408203
1.161454439163208;0.765748918056488
1.1615571975708008;0.7686403393745422
1.162116289138794;0.766424834728241
1.1614220142364502;0.7626619338989258
1.161414623260498;0.7656716704368591
1.1613541841506958;0.7662779688835144
1.162428617477417;0.7676475644111633
1.1613520383834839;0.7625113725662231
1.1616894006729126;0.7672449350357056
1.1615432500839233;0.7655106782913208
1.161205768585205;0.7641510963439941
1.161658525466919;0.7625457048416138
1.161490797996521;0.7628692388534546
1.1612701416015625;0.7626878023147583
1.1612108945846558;0.7657148838043213
1.1616008281707764;0.7651991248130798
1.1619750261306763;0.766179084777832
1.1612553596496582;0.7627331018447876
1.1612567901611328;0.7628602981567383
1.1613761186599731;0.7644970417022705
1.1620441675186157;0.7650531530380249
1.1614665985107422;0.763142466545105
1.1617932319641113;0.7667350769042969
1.161618709564209;0.7650039792060852
1.1615043878555298;0.7639474868774414
1.1618839502334595;0.7623015642166138
1.1610462665557861;0.7611030340194702
1.1612629890441895;0.7635370492935181
1.1613456010818481;0.7634503841400146
1.1609828472137451;0.7648991346359253
1.1613454818725586;0.7631629109382629
1.1612753868103027;0.7630136013031006
1.1631888151168823;0.7660160064697266
1.1613490581512451;0.765436053276062
1.161325454711914;0.7639119625091553
1.161647081375122;0.7643946409225464
1.1613401174545288;0.7638530731201172
1.16348135471344;0.7677273750305176
1.1618502140045166;0.7659543752670288
1.1619770526885986;0.7690963745117188
1.1613718271255493;0.7646691799163818
1.1615632772445679;0.7678464651107788
1.161672830581665;0.7644912004470825
1.161176085472107;0.7666000127792358
1.161626935005188;0.765357494354248
1.161319375038147;0.7667238116264343
1.161589503288269;0.7629655599594116
1.1622236967086792;0.7658722400665283
1.1617615222930908;0.7665809392929077
1.1613290309906006;0.7650187015533447
1.1615538597106934;0.7625945806503296
1.1616649627685547;0.7646666765213013
1.161881923675537;0.7642000913619995
1.1615673303604126;0.7670190334320068
1.1611899137496948;0.7625685334205627
1.1616592407226562;0.76340651512146
1.1618778705596924;0.7656716108322144
1.1625920534133911;0.7662697434425354
1.161555290222168;0.763835072517395
1.1613433361053467;0.7639706134796143
1.1618729829788208;0.7659591436386108
1.1628888845443726;0.7675725221633911
1.1617852449417114;0.7680196762084961
1.1619504690170288;0.7647536993026733
1.1614642143249512;0.7643752098083496
1.1614971160888672;0.7658997178077698
1.1619664430618286;0.7656081318855286
1.161362886428833;0.7630822062492371
1.1620099544525146;0.7674782872200012
1.1617136001586914;0.7640422582626343
1.161487340927124;0.7645246386528015
1.161496639251709;0.7626882791519165
1.1615569591522217;0.7629324197769165
1.1621288061141968;0.7698714733123779
1.1620304584503174;0.7645114660263062
1.161415696144104;0.7665640711784363
1.1613876819610596;0.7648693919181824
1.1611453294754028;0.7647693753242493
1.1627752780914307;0.7651653289794922
1.1617724895477295;0.7634779214859009
1.1616771221160889;0.7648131251335144
1.1615338325500488;0.7660715579986572
1.1622737646102905;0.7660524845123291
1.1617847681045532;0.7628360986709595
1.1618255376815796;0.7650439739227295
1.1609501838684082;0.7615126371383667
1.1611641645431519;0.7653130888938904
1.162238597869873;0.7640332579612732
1.1614495515823364;0.7674375176429749
1.1616895198822021;0.7646160125732422
1.1612510681152344;0.7625712156295776
1.1615279912948608;0.7646245956420898
1.161128044128418;0.7640074491500854
1.1614738702774048;0.7649716734886169
1.1619901657104492;0.764602541923523
1.1615772247314453;0.7640601396560669
1.1630195379257202;0.7652288675308228
1.1609811782836914;0.7652225494384766
1.1613028049468994;0.7648864984512329
1.161143183708191;0.7677481174468994
1.1623120307922363;0.7692432403564453
1.1616566181182861;0.7656720280647278
1.1621155738830566;0.7680398225784302
1.161308765411377;0.7633213996887207
1.1612401008605957;0.7661856412887573
1.1618953943252563;0.7636477947235107
1.1619932651519775;0.7670038938522339
1.161458969116211;0.7646285891532898
1.1617578268051147;0.7673435211181641
1.161806583404541;0.7643078565597534
1.161789059638977;0.7648780345916748
1.1625546216964722;0.766685962677002
1.1615201234817505;0.7647136449813843
1.1610844135284424;0.7628403306007385
1.161422848701477;0.7652236819267273
1.1616277694702148;0.7680573463439941
1.1616524457931519;0.768220841884613
1.1619815826416016;0.7693878412246704
1.161453127861023;0.7642610669136047
1.1612861156463623;0.7633772492408752
1.1609981060028076;0.7638171315193176
1.16144597530365;0.7660921812057495
1.1617614030838013;0.7678070068359375
1.1617965698242188;0.7676969766616821
1.162224531173706;0.7698737382888794
1.1611623764038086;0.7630799412727356
1.1628620624542236;0.7688636779785156
1.1622052192687988;0.7643910050392151
1.1621323823928833;0.7639878988265991
1.1623904705047607;0.7650472521781921
1.1617977619171143;0.7657498121261597
1.1615415811538696;0.7658543586730957
1.1617646217346191;0.7637718319892883
1.16143798828125;0.7667973041534424
1.1616522073745728;0.7677522301673889
1.1616394519805908;0.7646363973617554
1.1612235307693481;0.765866219997406
1.1617727279663086;0.7636127471923828
1.1613893508911133;0.7644040584564209
1.1616636514663696;0.7641889452934265
1.1612608432769775;0.7629208564758301
1.161819338798523;0.765108048915863
1.161415696144104;0.7662420272827148
1.1616132259368896;0.7642853260040283
1.1613671779632568;0.7640412449836731
1.161224365234375;0.7645463347434998
1.1614372730255127;0.7654591798782349
1.1611106395721436;0.7654244899749756
1.1614046096801758;0.7662161588668823
1.1614404916763306;0.7630719542503357
1.1614824533462524;0.7645529508590698
1.1616661548614502;0.7616630792617798
1.1611943244934082;0.7628770470619202
1.1612796783447266;0.7642216682434082
1.1613420248031616;0.7622374892234802
1.161719799041748;0.7641953825950623
1.161661148071289;0.7646116614341736
1.1612962484359741;0.7620205879211426
1.1614940166473389;0.764176070690155
1.1612697839736938;0.7668614983558655
1.1611754894256592;0.7633315324783325
1.1622798442840576;0.7665461301803589
1.1621849536895752;0.7651659250259399
1.1619819402694702;0.7653844356536865
1.161228895187378;0.7645958662033081
1.161354422569275;0.7671975493431091
1.1625962257385254;0.765495777130127
1.1613056659698486;0.764113187789917
1.1618229150772095;0.7658215165138245
1.162670373916626;0.7657357454299927
1.1613178253173828;0.7641721367835999
1.161388635635376;0.7659851908683777
1.1618070602416992;0.7635236382484436
1.161970615386963;0.7641127109527588
1.1618552207946777;0.7641851902008057
1.1618461608886719;0.7640753984451294
1.1618484258651733;0.7645262479782104
1.1615618467330933;0.7658184766769409
1.1618900299072266;0.7661446332931519
1.1620053052902222;0.7652972936630249
1.160962462425232;0.7647273540496826
1.1615538597106934;0.7656333446502686
1.161142110824585;0.7632535099983215
1.161396861076355;0.7668830156326294
1.162574052810669;0.7663624882698059
1.162339687347412;0.7671822309494019
1.1621441841125488;0.7657820582389832
1.161818265914917;0.766326904296875
1.1614634990692139;0.7652259469032288
1.1614177227020264;0.7636950016021729
1.161547064781189;0.7635061740875244
1.161527156829834;0.7656119465827942
1.1613199710845947;0.7629242539405823
1.1626280546188354;0.7690874934196472
1.1617341041564941;0.7647634744644165
1.1615607738494873;0.765455424785614
1.1614412069320679;0.7669292688369751
1.1616090536117554;0.7625495195388794
1.1619267463684082;0.7649237513542175
1.1622278690338135;0.7630422115325928
1.161927342414856;0.765937328338623
1.1621955633163452;0.7653630971908569
1.1614328622817993;0.764275074005127
1.1616096496582031;0.7646454572677612
1.1622912883758545;0.765709400177002
1.1613521575927734;0.7659849524497986
1.1615424156188965;0.7637618184089661
1.1616063117980957;0.7638638019561768
1.1620912551879883;0.7678059935569763
1.1616082191467285;0.7660282850265503
1.1614079475402832;0.7656604051589966
1.1612629890441895;0.7652702927589417
1.1615785360336304;0.7651769518852234
1.1611740589141846;0.7650251984596252
1.161616325378418;0.7646236419677734
1.1612919569015503;0.7645151615142822
1.161574363708496;0.7646507024765015
1.161424160003662;0.7631051540374756
1.1612575054168701;0.762886106967926
1.1615720987319946;0.7650762796401978
1.161808967590332;0.7661307454109192
1.1613805294036865;0.7621766924858093
1.162064552307129;0.7641488313674927
1.161517858505249;0.7684308290481567
1.1625635623931885;0.7636650800704956
1.1613171100616455;0.7628839015960693
1.1609803438186646;0.7653214335441589
1.1615073680877686;0.7626164555549622
1.1614493131637573;0.7668476104736328
1.1616977453231812;0.7692869901657104
1.1612355709075928;0.7618668675422668
1.1619880199432373;0.7653740048408508
1.1615402698516846;0.7632282972335815
1.1618434190750122;0.7654418349266052
1.161609172821045;0.7637434005737305
1.16168212890625;0.7638377547264099
1.1616061925888062;0.7611861824989319
1.1615203619003296;0.7633734345436096
1.1619701385498047;0.7654462456703186
1.1615720987319946;0.7650667428970337
1.1614428758621216;0.7633112072944641
1.1616960763931274;0.7637945413589478
1.1621754169464111;0.7630916237831116
1.161685824394226;0.7659767866134644
1.1616708040237427;0.7647966742515564
1.1616477966308594;0.7639636993408203
1.161534070968628;0.7638920545578003
1.161621332168579;0.762035608291626
1.1625874042510986;0.7643287181854248
1.1616005897521973;0.7646594047546387
1.1618878841400146;0.7657051086425781
1.1614470481872559;0.7646260261535645
1.1615228652954102;0.7654971480369568
1.1621413230895996;0.7645165324211121
1.1618804931640625;0.7656351327896118
1.1617777347564697;0.767479658126831
1.1615197658538818;0.7637495994567871
1.161575436592102;0.7643835544586182
1.1610428094863892;0.7670801877975464
1.16163969039917;0.7620338201522827
1.1616989374160767;0.765889048576355
1.1619316339492798;0.7651417255401611
1.1616055965423584;0.7649439573287964
1.1612253189086914;0.7661101818084717
1.1617763042449951;0.7666118741035461
1.1617306470870972;0.7620290517807007
1.162287950515747;0.767004132270813
1.1612720489501953;0.7635061144828796
1.1611148118972778;0.7625349760055542
1.1614497900009155;0.7622216939926147
1.1611943244934082;0.7620695233345032
1.1613578796386719;0.7641726136207581
1.1616597175598145;0.7639434933662415
1.1619690656661987;0.7633829712867737
1.161496639251709;0.7641056776046753
1.1612569093704224;0.7650356292724609
1.161295771598816;0.7663400769233704
1.1620603799819946;0.7666779160499573
1.1610863208770752;0.7618153095245361
1.1616708040237427;0.7635118961334229
1.1622183322906494;0.7670298218727112
1.162260890007019;0.7641786336898804
1.1610496044158936;0.7650896906852722
1.1614315509796143;0.7658339738845825
1.16175377368927;0.7652372121810913
1.1617661714553833;0.7653411030769348
1.162029504776001;0.7671959400177002
1.1611254215240479;0.765379786491394
1.1615746021270752;0.7652772068977356
1.1613194942474365;0.7623541355133057
1.1613671779632568;0.7679489254951477
1.161208987236023;0.7640100717544556
1.1616318225860596;0.7665733098983765
1.1614718437194824;0.7628102898597717
1.1622130870819092;0.7657790184020996
1.1617944240570068;0.7650244832038879
1.1611806154251099;0.7633129954338074
1.161665916442871;0.7615605592727661
1.161026120185852;0.7626527547836304
1.1615992784500122;0.7625524401664734
1.16133451461792;0.7658793330192566
1.16225266456604;0.764644205570221
1.1617156267166138;0.7666741609573364
1.1622052192687988;0.7639014720916748
1.1617193222045898;0.7651554942131042
1.1617543697357178;0.7634561061859131
1.1615883111953735;0.7639465928077698
1.1617062091827393;0.7630414366722107
1.1613167524337769;0.7620816230773926
1.1613409519195557;0.7636311650276184
1.1624276638031006;0.7679834365844727
1.161490559577942;0.7636332511901855
1.1612194776535034;0.7643510103225708
1.1620595455169678;0.7663179636001587
1.160933494567871;0.7633107900619507
1.1611276865005493;0.763877272605896
1.161341667175293;0.7645552158355713
1.1623766422271729;0.7640252709388733
1.1618852615356445;0.7655701041221619
1.1616135835647583;0.763533353805542
1.1620603799819946;0.7656134963035583
1.1618566513061523;0.7663466930389404
1.1614998579025269;0.7621558904647827
1.1621665954589844;0.7675888538360596
1.162311315536499;0.7642333507537842
1.1617628335952759;0.7638988494873047
1.1619312763214111;0.764656662940979
1.1622931957244873;0.7677861452102661
1.161988377571106;0.7655307054519653
1.1618276834487915;0.767897367477417
1.162236213684082;0.7634581923484802
1.1616076231002808;0.7642781734466553
1.1622185707092285;0.7677746415138245
1.1615710258483887;0.764643669128418
1.16140615940094;0.7635192275047302
1.161970615386963;0.7658951282501221
1.1613057851791382;0.7658889889717102
1.1621882915496826;0.7645256519317627
1.1616997718811035;0.7645869255065918
1.1611878871917725;0.762364387512207
1.1612836122512817;0.7670274376869202
1.1613218784332275;0.7640788555145264
1.1614041328430176;0.7643778920173645
1.161142110824585;0.7618354558944702
1.1612519025802612;0.7657849192619324
1.161365032196045;0.7643371820449829
1.1616090536117554;0.7647861838340759
1.1619172096252441;0.764886200428009
1.1613454818725586;0.7626457214355469
1.1611075401306152;0.7666851878166199
1.1621464490890503;0.7656365633010864
1.1613049507141113;0.7641134262084961
1.1620447635650635;0.7679208517074585
1.161726951599121;0.7643723487854004
1.162294864654541;0.7666887640953064
1.161391258239746;0.7627235651016235
1.1615195274353027;0.7633719444274902
1.1629319190979004;0.7657632827758789
1.1612131595611572;0.7636142373085022
1.161348819732666;0.760148286819458
1.16158127784729;0.7637618184089661
1.161347508430481;0.7639814615249634
1.1613414287567139;0.7670111656188965
1.1616005897521973;0.7626040577888489
1.161918044090271;0.7667959928512573
1.161474585533142;0.7656626105308533
1.1622705459594727;0.7668123245239258
1.161510705947876;0.7663565874099731
1.1616008281707764;0.7632350921630859
1.1617859601974487;0.7670359015464783
1.161207914352417;0.7641255259513855
1.161549687385559;0.7640392780303955
1.1614645719528198;0.7692155838012695
1.1611706018447876;0.7653467655181885
1.1617203950881958;0.7634902000427246
1.161614179611206;0.7626305222511292
1.162118911743164;0.7632054090499878
1.1620447635650635;0.765673041343689
1.162075161933899;0.7659239768981934
1.1614576578140259;0.7651998400688171
1.161608338356018;0.7644332051277161
1.161597728729248;0.7648285627365112
1.1615525484085083;0.7683680057525635
1.1614971160888672;0.7614707946777344
1.1612563133239746;0.7681297063827515
1.1617562770843506;0.7634450793266296
1.161888837814331;0.7655091285705566
1.1614930629730225;0.764542818069458
1.1623568534851074;0.7625389099121094
1.1614720821380615;0.7644940614700317
1.1620211601257324;0.7635915279388428
1.1613539457321167;0.7638254761695862
1.1617382764816284;0.7613639235496521
1.162001132965088;0.7693345546722412
1.1615264415740967;0.7629704475402832
1.1619081497192383;0.7646175026893616
1.161625862121582;0.7654917240142822
1.1616307497024536;0.7648841142654419
1.1617918014526367;0.7652524709701538
1.161446213722229;0.7645292282104492
1.1615519523620605;0.7681949138641357
1.1617200374603271;0.7647870779037476
1.1612989902496338;0.7640119791030884
1.162246584892273;0.7645930051803589
1.1625066995620728;0.768333911895752
1.1611652374267578;0.7628227472305298
1.161895513534546;0.7643947005271912
1.16122305393219;0.761589527130127
1.1618932485580444;0.7636682391166687
1.1618781089782715;0.7636716365814209
1.1613421440124512;0.7634983062744141
1.1613285541534424;0.763774037361145
1.1617271900177002;0.766255795955658
1.1619582176208496;0.7624932527542114
1.1613376140594482;0.7635842561721802
1.1616727113723755;0.7635644674301147
1.161097526550293;0.7670803070068359
1.1618099212646484;0.7652348279953003
1.1622769832611084;0.7671716809272766
1.1612054109573364;0.762660026550293
1.1615164279937744;0.7666816115379333
1.1617958545684814;0.7668299078941345
1.1624342203140259;0.7658172845840454
1.161612868309021;0.7667152881622314
1.161726713180542;0.7663745880126953
1.1611816883087158;0.7625488638877869
1.1610952615737915;0.7622325420379639
1.1618459224700928;0.7648880481719971
1.1624338626861572;0.7660828828811646
1.1619755029678345;0.7668310403823853
1.1618194580078125;0.7671196460723877
1.1627224683761597;0.7666200995445251
1.1617255210876465;0.762470006942749
1.1627901792526245;0.7650851011276245
1.1614267826080322;0.7691540122032166
1.1614935398101807;0.7650855779647827
1.162037968635559;0.7648174166679382
1.1624820232391357;0.7671820521354675
1.1613311767578125;0.7642315030097961
1.1621990203857422;0.7645788192749023
1.161228060722351;0.7644985318183899
1.161414384841919;0.7633505463600159
1.161393165588379;0.7649221420288086
1.1619906425476074;0.766972541809082
1.161912441253662;0.7663799524307251
1.1611281633377075;0.7664624452590942
1.161095380783081;0.7648264765739441
1.1610790491104126;0.7652222514152527
1.161719560623169;0.7653151750564575
1.1626312732696533;0.7640999555587769
1.1612235307693481;0.7639829516410828
1.162232518196106;0.764350175857544
1.162322759628296;0.7655178904533386
1.1614234447479248;0.7629950642585754
1.1617144346237183;0.7623027563095093
1.162086009979248;0.7660347819328308
1.1611096858978271;0.7634720206260681
1.1616132259368896;0.7657445669174194
1.1620101928710938;0.7670239806175232
1.1616606712341309;0.7650035619735718
1.1618003845214844;0.7640321850776672
1.161592960357666;0.7642196416854858
1.161046028137207;0.7660839557647705
1.1618322134017944;0.7639709115028381
1.1614179611206055;0.7635771036148071
1.161698818206787;0.7668687105178833
1.1614024639129639;0.7651968002319336
1.1616997718811035;0.7683342099189758
1.1625138521194458;0.7641766667366028
