TV;KL
1.999976396560669;13.872101783752441
1.3998788595199585;1.2523139715194702
1.4001061916351318;1.207741379737854
1.3999130725860596;1.2089349031448364
1.400317668914795;1.2094134092330933
1.3999453783035278;1.2088426351547241
1.400339126586914;1.2085185050964355
1.4000239372253418;1.207727074623108
1.3999242782592773;1.2094968557357788
1.4002000093460083;1.2088710069656372
1.3999065160751343;1.2076442241668701
1.40008544921875;1.2079343795776367
1.4003708362579346;1.2090206146240234
1.4002468585968018;1.2082687616348267
1.3998744487762451;1.207953929901123
1.4000998735427856;1.2087218761444092
1.4000585079193115;1.207261323928833
1.3999074697494507;1.209018588066101
1.4001381397247314;1.2077363729476929
1.399975061416626;1.2070932388305664
1.400005578994751;1.207535743713379
1.4012224674224854;1.2085920572280884
1.4001591205596924;1.2077745199203491
1.3998942375183105;1.2090755701065063
1.4000859260559082;1.2078710794448853
1.3998435735702515;1.2085202932357788
1.4000043869018555;1.2073359489440918
1.400005578994751;1.2083134651184082
1.400085687637329;1.2089061737060547
1.400127649307251;1.2080421447753906
1.40024733543396;1.2082555294036865
1.4001414775848389;1.2064813375473022
1.4002907276153564;1.2068222761154175
1.4001660346984863;1.2097868919372559
1.4001591205596924;1.2087211608886719
1.4001824855804443;1.208691120147705
1.4004631042480469;1.2097357511520386
1.3999139070510864;1.2085905075073242
1.4001816511154175;1.2092399597167969
1.3999375104904175;1.2092078924179077
1.3999953269958496;1.2093100547790527
1.3998682498931885;1.2084141969680786
1.4000054597854614;1.2079471349716187
1.400148868560791;1.2068912982940674
1.3999755382537842;1.2082422971725464
1.4004483222961426;1.2074702978134155
1.4002199172973633;1.2082011699676514
1.3999876976013184;1.2077081203460693
1.4001762866973877;1.2089745998382568
1.4003005027770996;1.2080011367797852
1.400289535522461;1.207018494606018
1.3998939990997314;1.2077385187149048
1.3999558687210083;1.2058781385421753
1.4006071090698242;1.2071398496627808
1.4000544548034668;1.207291841506958
1.4000539779663086;1.207581639289856
1.4001588821411133;1.2074536085128784
1.3999242782592773;1.208275556564331
1.4000552892684937;1.2069803476333618
1.399973750114441;1.2078667879104614
1.4000059366226196;1.2092318534851074
1.4002399444580078;1.2077195644378662
1.40008544921875;1.2104182243347168
1.400085687637329;1.2094684839248657
1.4006680250167847;1.2084243297576904
1.3999149799346924;1.2079085111618042
1.399946928024292;1.2073700428009033
1.4000204801559448;1.207330346107483
1.3998744487762451;1.2082964181900024
1.399937629699707;1.2074934244155884
1.4003709554672241;1.2079174518585205
1.3999240398406982;1.2062578201293945
1.4002366065979004;1.207122564315796
1.4001059532165527;1.2088899612426758
1.3999756574630737;1.2062715291976929
1.399874210357666;1.2066196203231812
1.3999242782592773;1.2068192958831787
1.4001355171203613;1.207006812095642
1.3999817371368408;1.207749605178833
1.3998744487762451;1.2091537714004517
1.4002394676208496;1.209672212600708
1.4003956317901611;1.2077888250350952
1.399987816810608;1.2099084854125977
1.4004813432693481;1.2104488611221313
1.4002091884613037;1.2107999324798584
1.4003081321716309;1.2102304697036743
1.4000056982040405;1.2066681385040283
1.4000134468078613;1.2075573205947876
1.39988374710083;1.2081836462020874
1.4005404710769653;1.2076972723007202
1.4000056982040405;1.2083563804626465
1.399923324584961;1.2096413373947144
1.40000581741333;1.2077722549438477
1.40043044090271;1.2093474864959717
1.3999240398406982;1.2073482275009155
1.399961233139038;1.2103105783462524
1.4000763893127441;1.208161473274231
1.3999555110931396;1.2070692777633667
1.399874210357666;1.206577181816101
1.4002801179885864;1.2094223499298096
1.3999136686325073;1.2082103490829468
1.3999749422073364;1.2074118852615356
1.3999556303024292;1.2084606885910034
1.399987816810608;1.2086845636367798
1.3999061584472656;1.2072440385818481
1.3999557495117188;1.208431363105774
1.4001564979553223;1.2082799673080444
1.3998935222625732;1.2082829475402832
1.4001023769378662;1.208592176437378
1.4003394842147827;1.2080508470535278
1.3999961614608765;1.2081797122955322
1.4002089500427246;1.2070577144622803
1.3999755382537842;1.2093192338943481
1.4000205993652344;1.2074275016784668
1.3998744487762451;1.209133505821228
1.400336742401123;1.2103976011276245
1.40000581741333;1.2069026231765747
1.399874210357666;1.2080597877502441
1.3999555110931396;1.2068583965301514
1.3999272584915161;1.2076709270477295
1.4002090692520142;1.2069743871688843
1.4000542163848877;1.207352638244629
1.4000542163848877;1.2074923515319824
1.400388479232788;1.2101695537567139
1.40005362033844;1.209338903427124
1.3999555110931396;1.2074452638626099
1.4004483222961426;1.208303689956665
1.399874210357666;1.2084966897964478
1.399874210357666;1.2080408334732056
1.399874210357666;1.2093971967697144
1.4001084566116333;1.2086938619613647
1.4000775814056396;1.2085230350494385
1.3998439311981201;1.2085198163986206
1.3999660015106201;1.2074940204620361
1.399896264076233;1.2081583738327026
1.4001356363296509;1.2070780992507935
1.4004237651824951;1.206824541091919
1.4000537395477295;1.2067828178405762
1.4002366065979004;1.2075880765914917
1.400002360343933;1.2066227197647095
1.3999242782592773;1.2071459293365479
1.3998939990997314;1.2079875469207764
1.3999241590499878;1.2078179121017456
1.4001249074935913;1.2064557075500488
1.4001250267028809;1.207016944885254
1.4000552892684937;1.2060577869415283
1.40000581741333;1.2067309617996216
1.400118112564087;1.2079046964645386
1.4000768661499023;1.2069035768508911
1.3999242782592773;1.2083394527435303
1.399975299835205;1.2074512243270874
1.4000797271728516;1.2074121236801147
1.3999996185302734;1.2077959775924683
1.3999555110931396;1.2078514099121094
1.4000858068466187;1.208507776260376
1.3998942375183105;1.208940029144287
1.4001555442810059;1.2073347568511963
1.3998563289642334;1.209640383720398
1.4000542163848877;1.2088148593902588
1.399843692779541;1.2078921794891357
1.4003210067749023;1.208217978477478
1.3998744487762451;1.2067339420318604
1.3999242782592773;1.2093478441238403
1.4002680778503418;1.2092386484146118
1.4000706672668457;1.2070287466049194
1.4002881050109863;1.2080951929092407
1.3998761177062988;1.2093170881271362
1.4001789093017578;1.2092798948287964
1.4005424976348877;1.2091528177261353
1.3998637199401855;1.2106146812438965
1.4000544548034668;1.2087072134017944
1.3999137878417969;1.2066426277160645
1.4000056982040405;1.207669973373413
1.3999757766723633;1.2090693712234497
1.3999238014221191;1.2076072692871094
1.3998639583587646;1.2077419757843018
1.4000484943389893;1.2067506313323975
1.3999239206314087;1.207332968711853
1.3999245166778564;1.2069106101989746
1.4004404544830322;1.2078839540481567
1.399914026260376;1.206312656402588
1.3999552726745605;1.2065027952194214
1.4001773595809937;1.208141565322876
1.3999950885772705;1.2080285549163818
1.400158166885376;1.2088570594787598
1.4004695415496826;1.2109441757202148
1.3999555110931396;1.2093276977539062
1.3998968601226807;1.2072787284851074
1.4001096487045288;1.2079108953475952
1.3998706340789795;1.207195520401001
1.3999576568603516;1.2078208923339844
1.4000056982040405;1.2065739631652832
1.3999556303024292;1.206607699394226
1.4000054597854614;1.2098705768585205
1.4006682634353638;1.209335446357727
1.3999619483947754;1.2084909677505493
1.4004764556884766;1.2086923122406006
1.3999581336975098;1.2086981534957886
1.4000236988067627;1.2080724239349365
1.399857997894287;1.2093287706375122
1.4000056982040405;1.207378625869751
1.3999241590499878;1.2058480978012085
1.4000365734100342;1.206583023071289
1.3998761177062988;1.2081388235092163
1.3999648094177246;1.2072006464004517
1.400085210800171;1.20894193649292
1.4005253314971924;1.2091548442840576
1.3998334407806396;1.2073215246200562
1.3999650478363037;1.2086951732635498
1.3999141454696655;1.2074394226074219
1.399924397468567;1.2078994512557983
1.4005705118179321;1.2077910900115967
1.40007746219635;1.2078458070755005
1.4001343250274658;1.20818293094635
1.3999254703521729;1.2069010734558105
1.4005241394042969;1.2067220211029053
1.4000239372253418;1.208548665046692
1.399975299835205;1.2095030546188354
1.4000056982040405;1.2073410749435425
1.4000771045684814;1.2081851959228516
1.3999537229537964;1.206738829612732
1.3999245166778564;1.2091498374938965
1.3999052047729492;1.2100775241851807
1.4000575542449951;1.2083089351654053
1.3999136686325073;1.2074872255325317
1.4003183841705322;1.2080150842666626
1.4001353979110718;1.2069108486175537
1.400317907333374;1.2083048820495605
1.40025794506073;1.2069016695022583
1.3999950885772705;1.2078033685684204
1.3999242782592773;1.2086858749389648
1.4000022411346436;1.2098569869995117
1.400058627128601;1.2089959383010864
1.4004194736480713;1.2079657316207886
1.4002091884613037;1.2092058658599854
1.400087833404541;1.2084485292434692
1.3999137878417969;1.209416389465332
1.3999242782592773;1.208573579788208
1.3999207019805908;1.2075196504592896
1.4000540971755981;1.2095158100128174
1.399893879890442;1.207419753074646
1.3999453783035278;1.2092630863189697
1.399873971939087;1.2073122262954712
1.3999242782592773;1.2073849439620972
1.3999555110931396;1.2088596820831299
1.4003069400787354;1.2081419229507446
1.40000581741333;1.2070176601409912
1.3999242782592773;1.2063419818878174
1.4003710746765137;1.2076654434204102
1.4001281261444092;1.2073965072631836
1.3999377489089966;1.2060238122940063
1.4001054763793945;1.2081552743911743
1.40013587474823;1.206599473953247
1.3999956846237183;1.2086042165756226
1.3999955654144287;1.2082127332687378
1.4000797271728516;1.2074048519134521
1.3999648094177246;1.2077518701553345
1.400085210800171;1.208954930305481
1.3999241590499878;1.2074671983718872
1.4000539779663086;1.208738088607788
1.400123119354248;1.2082372903823853
1.4005008935928345;1.2075592279434204
1.4004098176956177;1.2093546390533447
1.40066659450531;1.2105371952056885
1.4000542163848877;1.2082531452178955
1.4000377655029297;1.2088576555252075
1.4001790285110474;1.2076398134231567
1.4003679752349854;1.210069179534912
1.400005578994751;1.2079432010650635
1.399873971939087;1.2075772285461426
1.4001728296279907;1.2083121538162231
1.3999879360198975;1.2065379619598389
1.3999557495117188;1.208765983581543
1.4000542163848877;1.209263563156128
1.40000581741333;1.2083415985107422
1.3998563289642334;1.207607626914978
1.3999919891357422;1.2095633745193481
1.4003955125808716;1.20856773853302
1.4000025987625122;1.2084136009216309
1.3999249935150146;1.2076517343521118
1.4000041484832764;1.20770263671875
1.4000543355941772;1.2095927000045776
1.4000554084777832;1.2090154886245728
1.400169849395752;1.2074226140975952
1.399946928024292;1.2072359323501587
1.400000810623169;1.207255244255066
1.400127649307251;1.2069765329360962
1.3999183177947998;1.207273006439209
1.399874210357666;1.2088489532470703
1.4000474214553833;1.2092784643173218
1.4002094268798828;1.2082457542419434
1.4004716873168945;1.2093555927276611
1.40000581741333;1.205796480178833
1.4002842903137207;1.2089779376983643
1.4003393650054932;1.2086111307144165
1.3999208211898804;1.2088481187820435
1.4000749588012695;1.2069029808044434
1.3998451232910156;1.2110317945480347
1.3999245166778564;1.2076934576034546
1.400339126586914;1.2092136144638062
1.4001352787017822;1.2080646753311157
1.400446891784668;1.2088432312011719
1.4002892971038818;1.2083532810211182
1.3999667167663574;1.2101354598999023
1.3999569416046143;1.2080166339874268
1.400085687637329;1.2096811532974243
1.40020751953125;1.208346962928772
1.3999065160751343;1.209078073501587
1.400004506111145;1.206460952758789
1.3999378681182861;1.210098385810852
1.3999137878417969;1.2078860998153687
1.4005566835403442;1.207917332649231
1.400067687034607;1.2063783407211304
1.40000581741333;1.2093157768249512
1.400280237197876;1.2076756954193115
1.4007110595703125;1.2088812589645386
1.4000056982040405;1.2090500593185425
1.40008544921875;1.2069528102874756
1.4002580642700195;1.2080663442611694
1.4000564813613892;1.2081953287124634
1.4004271030426025;1.2089073657989502
1.4002718925476074;1.2073718309402466
1.4000542163848877;1.2088961601257324
1.3999254703521729;1.207779049873352
1.4001522064208984;1.2080258131027222
1.4001507759094238;1.2080461978912354
1.4000135660171509;1.208292841911316
1.4001277685165405;1.2098462581634521
1.3999450206756592;1.2075717449188232
1.4000041484832764;1.2084391117095947
1.4000539779663086;1.2088483572006226
1.4005422592163086;1.2102649211883545
1.3999239206314087;1.2069305181503296
1.4000244140625;1.2070409059524536
1.400231957435608;1.2079211473464966
1.3999242782592773;1.207764744758606
1.400067925453186;1.2071043252944946
1.4002681970596313;1.2107704877853394
1.4003392457962036;1.2087570428848267
1.4000542163848877;1.2079838514328003
1.4000537395477295;1.206799030303955
1.4000053405761719;1.2069852352142334
1.3999242782592773;1.2080988883972168
1.400005578994751;1.2068769931793213
1.399924397468567;1.2082654237747192
1.4001342058181763;1.2085456848144531
1.3998563289642334;1.2067004442214966
1.4002211093902588;1.2071489095687866
1.3999240398406982;1.2078626155853271
1.40008544921875;1.2084580659866333
1.400024175643921;1.208138346672058
1.399924397468567;1.2095566987991333
1.40008544921875;1.2070814371109009
1.4002788066864014;1.2081501483917236
1.4000059366226196;1.2079342603683472
1.40000581741333;1.2070438861846924
1.4001356363296509;1.2088593244552612
1.4003956317901611;1.2080577611923218
1.399890661239624;1.2086045742034912
1.400177001953125;1.2079330682754517
1.40000581741333;1.207133412361145
1.4001569747924805;1.2080419063568115
1.400197982788086;1.2090376615524292
1.400156855583191;1.2075015306472778
1.4004530906677246;1.2089056968688965
1.4000540971755981;1.2072581052780151
1.40005362033844;1.207654356956482
1.4006884098052979;1.2078545093536377
1.4000855684280396;1.2070043087005615
1.3999242782592773;1.209006667137146
1.4001593589782715;1.2078016996383667
1.400075912475586;1.2105257511138916
1.3998382091522217;1.2080024480819702
1.3999254703521729;1.2070368528366089
1.3999242782592773;1.2076674699783325
1.40000581741333;1.208560824394226
1.3999472856521606;1.2063748836517334
1.4000771045684814;1.2104326486587524
1.3999063968658447;1.207828164100647
1.3999240398406982;1.2075450420379639
1.4004769325256348;1.2107449769973755
1.40000581741333;1.207985520362854
1.4005440473556519;1.208230972290039
1.3998744487762451;1.2083882093429565
1.4001750946044922;1.2099257707595825
1.400005578994751;1.2077924013137817
1.40000581741333;1.207363486289978
1.4000413417816162;1.2086293697357178
1.399893879890442;1.20774245262146
1.3999240398406982;1.2079721689224243
1.4002580642700195;1.2082306146621704
1.400005578994751;1.2067747116088867
1.40008544921875;1.2089556455612183
1.3998943567276;1.2063415050506592
1.4000540971755981;1.2075432538986206
1.3998744487762451;1.2059311866760254
1.4000853300094604;1.2079544067382812
1.4001357555389404;1.2084074020385742
1.4002091884613037;1.2077465057373047
1.400421380996704;1.2093157768249512
1.3999242782592773;1.2087124586105347
1.399873971939087;1.2071563005447388
1.4009032249450684;1.2101423740386963
1.40012788772583;1.2086198329925537
1.4000084400177002;1.2090986967086792
1.3999757766723633;1.2084481716156006
1.4006531238555908;1.2074452638626099
1.4000976085662842;1.2089766263961792
1.3999216556549072;1.2084592580795288
1.3999240398406982;1.2063857316970825
1.399874210357666;1.2079355716705322
1.4000043869018555;1.206815242767334
1.40025794506073;1.2076624631881714
1.4001357555389404;1.2085680961608887
1.4001357555389404;1.2074923515319824
1.3999546766281128;1.2087112665176392
1.3999559879302979;1.207899570465088
1.4001247882843018;1.2086073160171509
1.4001376628875732;1.2073066234588623
1.4001178741455078;1.2080131769180298
1.400005578994751;1.2074122428894043
1.3999862670898438;1.2079997062683105
1.4000041484832764;1.2082411050796509
1.399987816810608;1.2088558673858643
1.3999671936035156;1.206872582435608
1.3999242782592773;1.2079628705978394
1.4000053405761719;1.2074449062347412
1.4000744819641113;1.2079883813858032
1.4006069898605347;1.208522081375122
1.4002089500427246;1.2079057693481445
1.3999876976013184;1.207898497581482
1.4007558822631836;1.2094954252243042
1.3999965190887451;1.208571434020996
1.4000775814056396;1.2090909481048584
1.4005405902862549;1.2093762159347534
1.400018334388733;1.207984447479248
1.400067687034607;1.2077902555465698
1.4000539779663086;1.2099170684814453
1.4001762866973877;1.2063322067260742
1.4002093076705933;1.20884108543396
1.3999555110931396;1.2075706720352173
1.40000581741333;1.205944299697876
1.3999757766723633;1.2067636251449585
1.4000873565673828;1.20917809009552
1.3999755382537842;1.2074720859527588
1.4003188610076904;1.2094155550003052
1.4000853300094604;1.2082887887954712
1.4000766277313232;1.2086800336837769
1.4000059366226196;1.208707571029663
1.4001328945159912;1.2085039615631104
1.4001809358596802;1.2083264589309692
1.399843692779541;1.2080051898956299
1.4000712633132935;1.2095465660095215
1.3998740911483765;1.2068707942962646
1.3999242782592773;1.208829402923584
1.4004766941070557;1.208674430847168
1.3999242782592773;1.2069917917251587
1.4000751972198486;1.2069298028945923
1.3998682498931885;1.2078361511230469
1.4002074003219604;1.2080109119415283
1.3999242782592773;1.210105299949646
1.3999555110931396;1.2079111337661743
1.400159239768982;1.2073668241500854
1.4002087116241455;1.2077171802520752
1.4001789093017578;1.2069792747497559
1.4002065658569336;1.2105602025985718
1.4000837802886963;1.2084136009216309
1.400133728981018;1.208380937576294
1.4000543355941772;1.2080085277557373
1.3999555110931396;1.2080223560333252
1.4005701541900635;1.2082407474517822
1.400209665298462;1.2111847400665283
1.4003087282180786;1.20845365524292
1.400071382522583;1.2085464000701904
1.400461196899414;1.208438754081726
1.39988374710083;1.2090122699737549
1.4000364542007446;1.2093596458435059
1.4002063274383545;1.2066493034362793
1.3999147415161133;1.2076618671417236
1.4001355171203613;1.2064779996871948
1.400116205215454;1.2101550102233887
1.40012526512146;1.2084378004074097
1.3999874591827393;1.206346035003662
1.4002211093902588;1.2087842226028442
1.4003453254699707;1.2070519924163818
1.4000542163848877;1.207363247871399
1.399914026260376;1.2079799175262451
1.4001753330230713;1.2078516483306885
1.4001355171203613;1.2060136795043945
1.4000239372253418;1.208109974861145
1.3999241590499878;1.2082642316818237
1.400308609008789;1.2079106569290161
1.4000544548034668;1.2097355127334595
1.4000205993652344;1.2084168195724487
1.3999240398406982;1.2077897787094116
1.4001054763793945;1.2066640853881836
1.3999245166778564;1.2070841789245605
1.3999558687210083;1.207627534866333
1.400005578994751;1.208379864692688
1.400085687637329;1.208536982536316
1.3998738527297974;1.2074378728866577
1.4000059366226196;1.2074849605560303
1.4000554084777832;1.207007646560669
1.3999556303024292;1.209707498550415
1.399924397468567;1.2069118022918701
1.4000855684280396;1.2075525522232056
1.4001591205596924;1.2104326486587524
1.3998435735702515;1.2091821432113647
1.3999245166778564;1.2088937759399414
1.4001357555389404;1.2072553634643555
1.400005578994751;1.2074567079544067
1.4000539779663086;1.2078742980957031
1.4001355171203613;1.2063575983047485
1.4000756740570068;1.2095603942871094
1.3998637199401855;1.2074354887008667
1.4001171588897705;1.206879734992981
1.3999953269958496;1.2068207263946533
1.400288701057434;1.2074097394943237
1.4000749588012695;1.2087087631225586
1.4000775814056396;1.2072299718856812
1.3999261856079102;1.2070413827896118
1.39995539188385;1.2088466882705688
1.3999497890472412;1.207458734512329
1.4002814292907715;1.2097938060760498
1.4000544548034668;1.208097219467163
1.3998744487762451;1.2080293893814087
1.4001201391220093;1.2076122760772705
1.3999245166778564;1.2061476707458496
1.4000948667526245;1.2094488143920898
1.3999876976013184;1.2075989246368408
1.3999344110488892;1.2075469493865967
1.4009419679641724;1.2083395719528198
1.4001355171203613;1.208681583404541
1.4001178741455078;1.206885576248169
1.400132656097412;1.2083326578140259
1.399877667427063;1.210361361503601
1.4001749753952026;1.2091752290725708
1.40000581741333;1.2087830305099487
1.4003183841705322;1.207161545753479
1.4000778198242188;1.2074360847473145
1.4003245830535889;1.2094601392745972
1.399994134902954;1.2099156379699707
1.4003981351852417;1.2077531814575195
1.4003030061721802;1.2085235118865967
1.4002888202667236;1.2090665102005005
1.3999378681182861;1.2067595720291138
1.4002881050109863;1.207747459411621
1.4001116752624512;1.207797884941101
1.4002087116241455;1.2063958644866943
1.4000059366226196;1.2082886695861816
1.3998939990997314;1.2075629234313965
1.3998939990997314;1.2070345878601074
1.4001243114471436;1.2081718444824219
1.3999242782592773;1.207978367805481
1.4001176357269287;1.2080272436141968
1.40008544921875;1.2065116167068481
1.3998943567276;1.2053520679473877
1.40000581741333;1.206566572189331
1.4000449180603027;1.2087734937667847
1.4000539779663086;1.2072627544403076
1.400583028793335;1.2098278999328613
1.4000052213668823;1.2073513269424438
1.4002093076705933;1.2097914218902588
1.4000372886657715;1.2093641757965088
1.4000041484832764;1.2064683437347412
1.4001356363296509;1.20790433883667
1.4006836414337158;1.2080236673355103
1.3998563289642334;1.2067559957504272
1.4001177549362183;1.2068796157836914
1.400370717048645;1.210960865020752
1.3999783992767334;1.2092483043670654
1.399876356124878;1.2057851552963257
1.4000054597854614;1.208006501197815
1.400206446647644;1.2071934938430786
1.3998751640319824;1.2083925008773804
1.4002089500427246;1.208551287651062
1.4000238180160522;1.2075989246368408
1.3998260498046875;1.2068724632263184
1.3999552726745605;1.2090256214141846
1.3999240398406982;1.2078338861465454
1.4005475044250488;1.2080918550491333
1.4000537395477295;1.2089606523513794
1.400406837463379;1.2102091312408447
1.40000581741333;1.2090550661087036
1.4000239372253418;1.2072657346725464
1.4002890586853027;1.2078399658203125
1.3999935388565063;1.2093254327774048
1.4000539779663086;1.2086154222488403
1.4000054597854614;1.2079570293426514
1.399917483329773;1.208381175994873
1.3998939990997314;1.2075889110565186
1.400519609451294;1.2078101634979248
1.4000052213668823;1.2083375453948975
1.4000710248947144;1.2066186666488647
1.400005578994751;1.2094780206680298
1.4000582695007324;1.2084050178527832
1.4000558853149414;1.2071818113327026
1.3999242782592773;1.2064050436019897
1.4002681970596313;1.207675576210022
1.3998405933380127;1.2087348699569702
1.399843692779541;1.2069557905197144
1.3998738527297974;1.2080940008163452
1.399987816810608;1.2074328660964966
1.4000236988067627;1.2067432403564453
1.400692105293274;1.208509087562561
1.3999953269958496;1.2082918882369995
1.3999245166778564;1.206180214881897
1.4000483751296997;1.208301067352295
1.40028977394104;1.2074699401855469
1.3999555110931396;1.2076492309570312
1.4003286361694336;1.2100383043289185
1.4001588821411133;1.2081644535064697
1.4001355171203613;1.207517385482788
1.4001052379608154;1.2075142860412598
1.3998939990997314;1.2083373069763184
1.3999065160751343;1.2078869342803955
1.3999240398406982;1.210069179534912
1.400081992149353;1.2083797454833984
1.400339126586914;1.2089370489120483
1.399874210357666;1.2073949575424194
1.4000239372253418;1.2074387073516846
1.3999559879302979;1.2072042226791382
1.3999934196472168;1.208992838859558
1.3998939990997314;1.208080768585205
1.4000036716461182;1.2093369960784912
1.3999377489089966;1.2076350450515747
1.3999242782592773;1.2080432176589966
1.3998440504074097;1.2072385549545288
1.399914264678955;1.2067714929580688
1.3998560905456543;1.2074908018112183
1.4000544548034668;1.2071462869644165
1.3999242782592773;1.2083652019500732
1.4002277851104736;1.209191083908081
1.3999377489089966;1.2092804908752441
1.4001588821411133;1.2086491584777832
1.4003491401672363;1.2068638801574707
1.40000581741333;1.2069770097732544
1.3999240398406982;1.207013487815857
1.4000952243804932;1.2083100080490112
1.4000542163848877;1.2093809843063354
1.3998920917510986;1.2089247703552246
1.40000581741333;1.2078824043273926
1.4001911878585815;1.2068722248077393
1.399874210357666;1.2088851928710938
1.400073528289795;1.2089673280715942
1.4003890752792358;1.2086760997772217
1.4001054763793945;1.2069220542907715
1.3999944925308228;1.207397222518921
1.4006218910217285;1.2083990573883057
1.4005767107009888;1.2089811563491821
1.399975299835205;1.2083393335342407
1.400085210800171;1.2072632312774658
1.399873971939087;1.2081985473632812
1.399873971939087;1.2069939374923706
1.399924397468567;1.2084248065948486
1.3999543190002441;1.2086085081100464
1.4000777006149292;1.209484577178955
1.399977207183838;1.208493947982788
1.4000542163848877;1.209049105644226
1.4000136852264404;1.2072683572769165
1.4004368782043457;1.2119371891021729
1.4002525806427002;1.209273338317871
1.3999242782592773;1.2075902223587036
1.4002267122268677;1.2093831300735474
1.3998743295669556;1.2073776721954346
1.3999953269958496;1.2063668966293335
1.400076150894165;1.208017349243164
1.3998441696166992;1.2089056968688965
1.4000375270843506;1.207579493522644
1.3999139070510864;1.2071723937988281
1.4000056982040405;1.2083065509796143
1.400059700012207;1.208042860031128
1.3998439311981201;1.2087574005126953
1.4000059366226196;1.207582712173462
1.4003010988235474;1.208262324333191
1.4002790451049805;1.2081314325332642
1.4002094268798828;1.2081462144851685
1.3999242782592773;1.2065277099609375
1.400005578994751;1.2075138092041016
1.4003205299377441;1.2065881490707397
1.4003164768218994;1.209491491317749
1.4001097679138184;1.207960605621338
1.400005578994751;1.206931471824646
1.4001054763793945;1.20731782913208
1.399994969367981;1.2072334289550781
1.4000858068466187;1.208038330078125
1.4001355171203613;1.2067322731018066
1.400053858757019;1.207068681716919
1.4002094268798828;1.2077659368515015
1.3999557495117188;1.2088967561721802
1.4000059366226196;1.2092357873916626
1.400519847869873;1.2081961631774902
1.3999240398406982;1.208003282546997
1.3999558687210083;1.206844687461853
1.3999245166778564;1.2079718112945557
1.3998568058013916;1.208126187324524
1.4000542163848877;1.2077327966690063
1.3998441696166992;1.2075600624084473
1.4006471633911133;1.2088887691497803
1.4000377655029297;1.2079116106033325
1.3999557495117188;1.2086387872695923
1.400005578994751;1.207068681716919
1.3998968601226807;1.2079081535339355
1.400005578994751;1.207303762435913
1.3999251127243042;1.2085132598876953
1.3998737335205078;1.207990050315857
1.4000060558319092;1.2079039812088013
1.4000855684280396;1.2085115909576416
1.4003212451934814;1.2071808576583862
1.4002090692520142;1.2103753089904785
1.3999402523040771;1.2085211277008057
1.4001290798187256;1.2086812257766724
1.400338888168335;1.2075337171554565
1.4001235961914062;1.2097424268722534
1.40035080909729;1.2083019018173218
1.3999242782592773;1.2067387104034424
1.3998684883117676;1.2069737911224365
1.4000599384307861;1.2110451459884644
1.3998939990997314;1.208054780960083
1.4000039100646973;1.206993579864502
1.4000768661499023;1.2086914777755737
1.400207757949829;1.208548665046692
1.3998939990997314;1.2084888219833374
1.4002958536148071;1.2065571546554565
1.4000712633132935;1.2090057134628296
1.400005578994751;1.2073668241500854
1.4001071453094482;1.2068527936935425
1.399988055229187;1.2076668739318848
1.4000041484832764;1.206708550453186
1.4001762866973877;1.2086716890335083
1.400026798248291;1.2072914838790894
1.4000544548034668;1.209154725074768
1.3999853134155273;1.2089338302612305
1.4001777172088623;1.2097915410995483
1.4002711772918701;1.2082654237747192
1.4003617763519287;1.2089455127716064
1.3998939990997314;1.208059549331665
1.4001359939575195;1.207008719444275
1.399994134902954;1.206875205039978
1.40010404586792;1.2086831331253052
1.3999241590499878;1.207756757736206
1.4000041484832764;1.2083919048309326
1.400005578994751;1.207002878189087
1.400098204612732;1.209088921546936
1.3999695777893066;1.2070202827453613
1.3999643325805664;1.207772970199585
1.4000544548034668;1.2094074487686157
1.4002702236175537;1.209791898727417
1.4000598192214966;1.209378719329834
1.3999241590499878;1.2076350450515747
1.4002089500427246;1.2074849605560303
1.4000775814056396;1.2074261903762817
1.4003677368164062;1.2092036008834839
1.4002394676208496;1.2087091207504272
1.3999557495117188;1.2069823741912842
1.3999556303024292;1.2074241638183594
1.4002914428710938;1.2079355716705322
1.3999375104904175;1.2071720361709595
1.399874210357666;1.2076823711395264
1.4000539779663086;1.2067294120788574
1.4000039100646973;1.2075424194335938
1.4000208377838135;1.208055019378662
1.399870753288269;1.2082023620605469
1.4000210762023926;1.2078759670257568
1.3999066352844238;1.207970380783081
1.4001359939575195;1.2087695598602295
1.3999377489089966;1.2083722352981567
1.3998939990997314;1.2079745531082153
1.4002578258514404;1.2080128192901611
1.399873971939087;1.2077200412750244
1.3999238014221191;1.208238959312439
1.3999950885772705;1.210482120513916
1.4002091884613037;1.2094594240188599
1.4000046253204346;1.2100410461425781
1.3999555110931396;1.2073616981506348
1.40000581741333;1.2079925537109375
1.3998692035675049;1.2117078304290771
1.3999998569488525;1.2093526124954224
1.3998740911483765;1.2084122896194458
1.3999450206756592;1.210592269897461
1.4001591205596924;1.2073856592178345
1.4002577066421509;1.2069437503814697
1.4009499549865723;1.2102090120315552
1.3999865055084229;1.2088135480880737
1.40000581741333;1.2103458642959595
1.3999028205871582;1.2080408334732056
1.4003833532333374;1.2088372707366943
1.4000239372253418;1.2080274820327759
1.399957537651062;1.2086914777755737
1.3999556303024292;1.2086352109909058
1.3998439311981201;1.2074599266052246
1.4000550508499146;1.207658052444458
1.4000542163848877;1.2094740867614746
1.3998637199401855;1.208416223526001
1.400130033493042;1.207984447479248
1.4000599384307861;1.2082593441009521
1.4000751972198486;1.2079017162322998
1.40000581741333;1.2084611654281616
1.3999242782592773;1.2069505453109741
1.4000295400619507;1.2083603143692017
1.4000542163848877;1.2076797485351562
1.4002573490142822;1.2099323272705078
1.3999879360198975;1.2081397771835327
1.3999754190444946;1.2082853317260742
1.4005218744277954;1.207751750946045
1.3998438119888306;1.2077993154525757
1.3998560905456543;1.206650733947754
1.3999240398406982;1.2076261043548584
1.4001359939575195;1.2073134183883667
1.4001109600067139;1.208435297012329
1.400085687637329;1.210129737854004
1.3999239206314087;1.207628846168518
1.4000028371810913;1.2080599069595337
1.399924397468567;1.2079544067382812
1.3998440504074097;1.2082719802856445
1.399873971939087;1.2097203731536865
1.3999764919281006;1.2093429565429688
1.3999242782592773;1.2067394256591797
1.4003839492797852;1.2085833549499512
1.3999754190444946;1.209958791732788
1.4000040292739868;1.2089427709579468
1.3999574184417725;1.2085387706756592
1.3999379873275757;1.2089346647262573
1.4008136987686157;1.207558274269104
1.3999241590499878;1.2080386877059937
1.4002091884613037;1.2072045803070068
1.3999078273773193;1.2082810401916504
1.4004347324371338;1.2082139253616333
1.400254249572754;1.2079806327819824
1.4002118110656738;1.2064522504806519
1.399918556213379;1.2066930532455444
1.3998959064483643;1.2085210084915161
1.4000542163848877;1.2087820768356323
1.4005423784255981;1.2076741456985474
1.4000041484832764;1.2065497636795044
1.3999253511428833;1.2075364589691162
1.400067687034607;1.2087931632995605
1.399975299835205;1.209113359451294
1.4001561403274536;1.2074211835861206
1.3999240398406982;1.2068275213241577
1.3999756574630737;1.2074191570281982
1.400254249572754;1.2076987028121948
1.3999755382537842;1.2075190544128418
1.3998260498046875;1.2072975635528564
1.40028977394104;1.208056926727295
1.4000056982040405;1.2072426080703735
1.40011727809906;1.2083097696304321
1.399924397468567;1.2056686878204346
1.4001014232635498;1.2082034349441528
1.3999755382537842;1.2072242498397827
1.3998740911483765;1.2090318202972412
1.3999578952789307;1.2072943449020386
1.3999754190444946;1.20737886428833
1.4002056121826172;1.2076406478881836
1.399973750114441;1.2092944383621216
1.4001353979110718;1.2076563835144043
1.3999555110931396;1.2072972059249878
1.3999242782592773;1.2089892625808716
1.4000778198242188;1.2097744941711426
1.3999946117401123;1.207617998123169
1.3999242782592773;1.2081294059753418
1.3998762369155884;1.2103644609451294
1.4002677202224731;1.2091997861862183
1.4004247188568115;1.2086464166641235
1.3999738693237305;1.2086853981018066
1.40000581741333;1.207780122756958
1.4000473022460938;1.2102108001708984
1.4000850915908813;1.208048939704895
1.4004402160644531;1.208606481552124
1.399925708770752;1.2075117826461792
1.4003161191940308;1.2073856592178345
1.399874210357666;1.2079834938049316
1.4003064632415771;1.2082223892211914
1.3999648094177246;1.2075251340866089
1.4006836414337158;1.2084968090057373
1.4000675678253174;1.207898497581482
1.399874210357666;1.2094868421554565
1.400105357170105;1.2083041667938232
1.3998744487762451;1.2073651552200317
1.4006046056747437;1.2076421976089478
1.4002881050109863;1.2079662084579468
1.4000537395477295;1.2090895175933838
1.3999242782592773;1.2073912620544434
1.3999906778335571;1.2070808410644531
1.400191307067871;1.2063673734664917
1.400099277496338;1.2070955038070679
1.3999444246292114;1.2073049545288086
1.4001355171203613;1.2073869705200195
1.4000775814056396;1.2098840475082397
1.3998740911483765;1.2081313133239746
1.4001113176345825;1.2079393863677979
1.4000773429870605;1.2078460454940796
1.4002091884613037;1.2104508876800537
1.4000059366226196;1.208005428314209
1.4001765251159668;1.2070775032043457
1.4002208709716797;1.210134506225586
1.4000060558319092;1.2074522972106934
1.400322437286377;1.209674596786499
1.40043044090271;1.208017110824585
1.4003982543945312;1.208507776260376
1.4002211093902588;1.2066975831985474
1.4001286029815674;1.2083461284637451
1.400585412979126;1.2093594074249268
1.4000773429870605;1.207180380821228
1.3999242782592773;1.2073752880096436
1.3998743295669556;1.2060309648513794
1.400367021560669;1.2070237398147583
1.4000060558319092;1.2071609497070312
1.400272011756897;1.209112524986267
1.39994478225708;1.2070226669311523
1.3999378681182861;1.2077621221542358
1.4000059366226196;1.2073029279708862
1.4002900123596191;1.2080817222595215
1.3999152183532715;1.209607720375061
1.4000056982040405;1.20718514919281
1.4000575542449951;1.2103548049926758
1.400148868560791;1.2087113857269287
1.4000041484832764;1.2076191902160645
1.4005545377731323;1.2090383768081665
1.4000778198242188;1.2061423063278198
1.4000060558319092;1.2091318368911743
1.4000598192214966;1.2078512907028198
1.400339126586914;1.2102044820785522
1.3999251127243042;1.2068078517913818
1.4000060558319092;1.2075881958007812
1.39995539188385;1.2077921628952026
1.399989366531372;1.209573745727539
1.3999255895614624;1.2068798542022705
1.4001014232635498;1.20918607711792
1.4002890586853027;1.2073702812194824
1.3999254703521729;1.2091506719589233
1.400191307067871;1.207161784172058
1.400232195854187;1.2084311246871948
1.4002798795700073;1.2093051671981812
1.3999242782592773;1.2074992656707764
1.400407314300537;1.208912968635559
1.399825930595398;1.2074434757232666
1.4002501964569092;1.209492802619934
1.4000239372253418;1.207940697669983
1.4001355171203613;1.2077800035476685
1.4001221656799316;1.2078585624694824
1.3998737335205078;1.2089534997940063
1.3999178409576416;1.2069127559661865
1.400097370147705;1.2072933912277222
1.4001591205596924;1.2083895206451416
1.4000775814056396;1.206971287727356
1.399987816810608;1.2091987133026123
1.3999048471450806;1.2086490392684937
1.4004480838775635;1.207831621170044
1.4000427722930908;1.2080594301223755
1.4003410339355469;1.2075459957122803
1.3999137878417969;1.2077827453613281
1.4002588987350464;1.207142949104309
1.400052785873413;1.2082034349441528
1.3999063968658447;1.2080354690551758
1.4001357555389404;1.2077893018722534
1.4001355171203613;1.2084205150604248
1.40000581741333;1.2077840566635132
1.40012788772583;1.2076412439346313
1.40008544921875;1.2076483964920044
1.4000773429870605;1.2082439661026
1.4001524448394775;1.2094500064849854
1.3999242782592773;1.2075965404510498
1.4002070426940918;1.2080215215682983
1.400289535522461;1.2081698179244995
1.400097131729126;1.207971453666687
1.400099515914917;1.2079451084136963
1.4005382061004639;1.208175539970398
1.40000581741333;1.207820177078247
1.4000056982040405;1.2073476314544678
1.400227665901184;1.2078248262405396
1.3999062776565552;1.2079193592071533
1.4000446796417236;1.208031415939331
1.4000053405761719;1.205954909324646
1.4000539779663086;1.207251787185669
1.3999242782592773;1.2071211338043213
1.4002368450164795;1.209226131439209
1.3998441696166992;1.206945776939392
1.4002103805541992;1.208681583404541
1.4002090692520142;1.2087386846542358
1.3999197483062744;1.2085248231887817
1.3999561071395874;1.2077350616455078
1.4000754356384277;1.2081983089447021
1.4001870155334473;1.2097245454788208
1.4001591205596924;1.2077950239181519
1.40012788772583;1.2086023092269897
1.4001201391220093;1.2080248594284058
1.400125503540039;1.2085846662521362
1.4000258445739746;1.2080882787704468
1.3999240398406982;1.209074854850769
1.4001275300979614;1.2066280841827393
1.4001095294952393;1.206942081451416
1.4000043869018555;1.2069674730300903
1.4000244140625;1.2079282999038696
1.3999557495117188;1.207818865776062
1.4001054763793945;1.2069766521453857
1.4000053405761719;1.2075445652008057
1.3999862670898438;1.2067224979400635
1.3999183177947998;1.2078336477279663
1.3998942375183105;1.2065846920013428
1.4003562927246094;1.210410475730896
1.4000053405761719;1.2062398195266724
1.3999254703521729;1.209118366241455
1.4000260829925537;1.2080535888671875
1.4004936218261719;1.2095891237258911
1.399990200996399;1.2080928087234497
1.4003088474273682;1.207968831062317
1.4001356363296509;1.2071144580841064
1.399999976158142;1.2072213888168335
1.4002395868301392;1.2073993682861328
1.3999240398406982;1.2077194452285767
1.4000849723815918;1.2077609300613403
1.3999640941619873;1.2099255323410034
1.4000778198242188;1.2094815969467163
1.4001988172531128;1.2084312438964844
1.4003533124923706;1.2097992897033691
1.3999242782592773;1.2099140882492065
1.3999245166778564;1.2078096866607666
1.4000056982040405;1.2084022760391235
1.40000581741333;1.207511305809021
1.400339126586914;1.2078295946121216
1.3999454975128174;1.209059238433838
1.3999245166778564;1.2068182229995728
1.4000037908554077;1.2074596881866455
1.4001972675323486;1.2086127996444702
1.3999558687210083;1.2074230909347534
1.4002068042755127;1.2087905406951904
1.3999996185302734;1.2079870700836182
1.40000581741333;1.2066818475723267
1.4001611471176147;1.2101564407348633
1.4006016254425049;1.2091418504714966
1.399924397468567;1.2087074518203735
1.399874210357666;1.2081096172332764
1.399975299835205;1.2091069221496582
1.4000041484832764;1.2100070714950562
1.3999555110931396;1.2092950344085693
1.3999183177947998;1.2087304592132568
1.40000581741333;1.208000659942627
1.4000054597854614;1.2072603702545166
1.399937629699707;1.2079780101776123
1.4000036716461182;1.207419753074646
1.4000053405761719;1.2080514430999756
1.400622844696045;1.208003282546997
1.3999251127243042;1.208056926727295
1.400227665901184;1.2080599069595337
1.4002301692962646;1.2080720663070679
1.39997398853302;1.2073074579238892
1.4000544548034668;1.2089768648147583
1.40000581741333;1.2078139781951904
1.4002000093460083;1.2097140550613403
1.3999453783035278;1.2077337503433228
1.4000542163848877;1.2074005603790283
1.4001353979110718;1.206949234008789
1.400546669960022;1.208616852760315
1.3999499082565308;1.208369255065918
1.4001357555389404;1.208382487297058
1.4000043869018555;1.2085318565368652
1.3999242782592773;1.2070086002349854
1.4001556634902954;1.2097563743591309
1.4001355171203613;1.2088679075241089
1.3998737335205078;1.2091174125671387
1.40012788772583;1.2083684206008911
1.3999558687210083;1.2075202465057373
1.3999238014221191;1.2080899477005005
1.3999756574630737;1.2067549228668213
1.4000003337860107;1.2077889442443848
1.399977445602417;1.2090998888015747
1.4000189304351807;1.2095011472702026
1.399873971939087;1.2088695764541626
1.3999862670898438;1.2082901000976562
1.3999875783920288;1.2095760107040405
1.4001054763793945;1.2070733308792114
1.4001591205596924;1.207510232925415
1.4000056982040405;1.2080765962600708
1.3999953269958496;1.2092803716659546
1.399874210357666;1.2092050313949585
1.400002360343933;1.2084852457046509
1.399873971939087;1.2088278532028198
1.4004707336425781;1.2078826427459717
1.4002819061279297;1.2086243629455566
1.400339126586914;1.2073951959609985
1.3999255895614624;1.2095030546188354
1.4002962112426758;1.207106351852417
1.4002091884613037;1.20742666721344
1.3999736309051514;1.207802176475525
1.4000053405761719;1.2066372632980347
1.4001562595367432;1.2078220844268799
1.3999245166778564;1.2063933610916138
1.4001177549362183;1.2099806070327759
1.4003982543945312;1.2079668045043945
1.4006264209747314;1.2076332569122314
1.400085210800171;1.2076865434646606
1.3999500274658203;1.2079968452453613
1.400206208229065;1.209995150566101
1.3999558687210083;1.2099111080169678
1.40000581741333;1.2071726322174072
1.3998667001724243;1.2083152532577515
1.3999238014221191;1.209238886833191
1.3999245166778564;1.2096236944198608
1.4001789093017578;1.2077600955963135
1.40013587474823;1.2085494995117188
1.3999063968658447;1.2067652940750122
1.4000039100646973;1.2068240642547607
1.4000595808029175;1.2080588340759277
1.400352954864502;1.2085024118423462
1.3998441696166992;1.2078510522842407
1.4000544548034668;1.206670880317688
1.4000749588012695;1.2075940370559692
1.40000581741333;1.209369421005249
1.399925708770752;1.2073153257369995
1.4000542163848877;1.2071473598480225
1.4000041484832764;1.2086235284805298
1.3999238014221191;1.2068727016448975
1.4000542163848877;1.2071073055267334
1.4000775814056396;1.2074369192123413
1.4000544548034668;1.2078396081924438
1.4002718925476074;1.2096619606018066
1.4005521535873413;1.2087695598602295
1.3998942375183105;1.2095613479614258
1.4001272916793823;1.2075328826904297
1.3999881744384766;1.2092519998550415
1.399975299835205;1.207208275794983
1.400302767753601;1.208391547203064
1.4000056982040405;1.2100838422775269
1.3999453783035278;1.207118034362793
1.3999245166778564;1.2072498798370361
1.3999218940734863;1.2075437307357788
1.3999273777008057;1.2082916498184204
1.3999556303024292;1.2097725868225098
1.3999139070510864;1.207115888595581
1.3999061584472656;1.2080837488174438
1.4005011320114136;1.2097887992858887
1.4000036716461182;1.208466649055481
1.3999875783920288;1.2073172330856323
1.399874210357666;1.2072211503982544
1.3999953269958496;1.2074227333068848
1.400005578994751;1.2065155506134033
1.3999255895614624;1.2088135480880737
1.4001877307891846;1.2084648609161377
1.40000581741333;1.2077679634094238
1.4005244970321655;1.2095978260040283
1.400085687637329;1.2071983814239502
1.4000039100646973;1.2067850828170776
1.3998939990997314;1.2064056396484375
1.3999875783920288;1.2062628269195557
1.4002878665924072;1.2108032703399658
1.3999254703521729;1.2074636220932007
1.4002587795257568;1.2087358236312866
1.399944543838501;1.2078872919082642
1.3999841213226318;1.2071011066436768
1.4000542163848877;1.2081257104873657
1.3999736309051514;1.2075834274291992
1.4001178741455078;1.208266258239746
1.399925708770752;1.2078627347946167
1.4003088474273682;1.2071845531463623
1.399894118309021;1.2061972618103027
1.4000749588012695;1.2070327997207642
1.4000539779663086;1.207149624824524
1.4003148078918457;1.2109723091125488
1.40013587474823;1.2081058025360107
1.4006565809249878;1.2095670700073242
1.4001436233520508;1.2086459398269653
1.40000581741333;1.2072453498840332
1.4002681970596313;1.208006501197815
1.3999979496002197;1.2108142375946045
1.4002089500427246;1.2082206010818481
1.3999245166778564;1.2070163488388062
1.3999242782592773;1.2085130214691162
1.4001357555389404;1.2078784704208374
1.400005578994751;1.208738088607788
1.3999450206756592;1.2082751989364624
1.4002187252044678;1.2081050872802734
1.3999847173690796;1.2083964347839355
1.3999720811843872;1.2094271183013916
1.4000056982040405;1.2076423168182373
1.400005578994751;1.207586646080017
1.4002187252044678;1.208164930343628
1.3998762369155884;1.2074768543243408
1.4003159999847412;1.208420991897583
1.399957537651062;1.2105706930160522
1.3998937606811523;1.2078384160995483
1.4000552892684937;1.208317518234253
1.4000855684280396;1.2111468315124512
1.4004273414611816;1.2079319953918457
1.4006301164627075;1.2096507549285889
1.3999558687210083;1.2090529203414917
1.3998942375183105;1.2083016633987427
1.3998438119888306;1.2073071002960205
1.4000041484832764;1.207764744758606
1.4004371166229248;1.206587791442871
1.3998421430587769;1.209281325340271
1.4000542163848877;1.2093994617462158
1.3999135494232178;1.2078572511672974
1.4001069068908691;1.206559181213379
1.4005646705627441;1.2076669931411743
1.4003393650054932;1.207308053970337
1.4000056982040405;1.2086461782455444
1.4000005722045898;1.207862377166748
1.400005578994751;1.2075755596160889
1.3999555110931396;1.2090294361114502
1.399874210357666;1.209375262260437
1.400179147720337;1.2097500562667847
1.3999078273773193;1.206305980682373
1.4001288414001465;1.2078853845596313
1.4006519317626953;1.2070181369781494
1.4005975723266602;1.2073010206222534
1.3999953269958496;1.2085535526275635
1.3999254703521729;1.20847487449646
1.4002708196640015;1.2094013690948486
1.3998744487762451;1.2068469524383545
1.3999738693237305;1.2073904275894165
1.3999240398406982;1.2073583602905273
1.4007525444030762;1.2098612785339355
1.400005578994751;1.206627368927002
1.3999875783920288;1.2091103792190552
1.3999556303024292;1.2070245742797852
1.4006468057632446;1.209469199180603
1.4000041484832764;1.2070558071136475
1.4002094268798828;1.2074488401412964
1.4002890586853027;1.2082929611206055
1.4000060558319092;1.2070214748382568
1.399963617324829;1.208363652229309
1.3999996185302734;1.20824134349823
1.4001283645629883;1.2080153226852417
1.3999955654144287;1.208142876625061
1.4001986980438232;1.207804560661316
1.3999950885772705;1.2068049907684326
1.3999242782592773;1.2065926790237427
1.4001288414001465;1.2072335481643677
1.400004506111145;1.2067540884017944
1.4000365734100342;1.2068536281585693
1.399874210357666;1.206162929534912
1.3999242782592773;1.2075291872024536
1.400238275527954;1.209879755973816
1.3999650478363037;1.2070308923721313
1.4000041484832764;1.2076289653778076
1.399949550628662;1.2072899341583252
1.4001097679138184;1.2091323137283325
1.399953842163086;1.2070540189743042
1.3999738693237305;1.2072111368179321
1.4000542163848877;1.2054870128631592
1.4007272720336914;1.207775592803955
1.4002093076705933;1.207977533340454
1.3999555110931396;1.2087498903274536
1.3999955654144287;1.2068464756011963
1.4004892110824585;1.209206461906433
1.400005578994751;1.207837462425232
1.3998939990997314;1.2082056999206543
1.4001986980438232;1.2088252305984497
1.4001984596252441;1.2078970670700073
1.3999080657958984;1.206742525100708
1.399873971939087;1.2084879875183105
1.3999252319335938;1.2063761949539185
1.399874210357666;1.2077431678771973
1.3999998569488525;1.2078866958618164
1.4000475406646729;1.2078382968902588
1.4002892971038818;1.2075951099395752
1.3999996185302734;1.207858920097351
1.3999149799346924;1.2090221643447876
1.4000059366226196;1.2085928916931152
1.4001283645629883;1.206952691078186
1.4000873565673828;1.2069460153579712
1.4002089500427246;1.2086652517318726
1.4000043869018555;1.2081066370010376
1.4003312587738037;1.2085394859313965
1.4006335735321045;1.2089124917984009
1.3999879360198975;1.2092732191085815
1.4002680778503418;1.2095683813095093
1.3998439311981201;1.2070155143737793
1.3999134302139282;1.206505298614502
1.3999066352844238;1.2079405784606934
1.3998738527297974;1.2091113328933716
1.3999875783920288;1.2079429626464844
1.3999958038330078;1.2100011110305786
1.4000978469848633;1.2079521417617798
1.4000022411346436;1.2075679302215576
1.3999137878417969;1.2078795433044434
1.4002876281738281;1.20945143699646
1.3998761177062988;1.2075090408325195
1.3999555110931396;1.2088664770126343
1.4000041484832764;1.2083185911178589
1.4000539779663086;1.2075709104537964
1.4001250267028809;1.2088333368301392
1.4000542163848877;1.2071006298065186
1.3999136686325073;1.2105475664138794
1.4000470638275146;1.2083474397659302
1.4004768133163452;1.208168387413025
1.4000853300094604;1.2061625719070435
1.400339126586914;1.2069767713546753
1.4003269672393799;1.2072795629501343
1.4000539779663086;1.2077531814575195
1.4001784324645996;1.2076621055603027
1.399873971939087;1.2082736492156982
1.40012788772583;1.208038330078125
1.40008544921875;1.2069480419158936
1.4000542163848877;1.2074638605117798
1.399924635887146;1.2089370489120483
1.4000704288482666;1.2069801092147827
1.4001179933547974;1.207377314567566
1.4001173973083496;1.206203818321228
1.4001224040985107;1.208239197731018
1.4004229307174683;1.2071372270584106
1.4000054597854614;1.2085583209991455
1.3998734951019287;1.2091495990753174
1.4001554250717163;1.2096314430236816
1.4002070426940918;1.2074171304702759
1.400127649307251;1.2080790996551514
1.3998260498046875;1.2072453498840332
1.4000602960586548;1.2088093757629395
1.400339126586914;1.208725929260254
1.399894118309021;1.206716537475586
1.4002275466918945;1.2085174322128296
1.3999242782592773;1.2084407806396484
1.4001177549362183;1.206550121307373
1.3999245166778564;1.2071797847747803
1.4002394676208496;1.209955096244812
1.4001710414886475;1.2087182998657227
1.399977445602417;1.2069990634918213
1.3998737335205078;1.2080376148223877
1.3998439311981201;1.2092821598052979
1.3998740911483765;1.2085644006729126
1.3999184370040894;1.2081151008605957
1.39998197555542;1.2071549892425537
1.400087594985962;1.2071903944015503
1.399993658065796;1.2070837020874023
1.4001049995422363;1.2079883813858032
1.4001355171203613;1.208682894706726
1.4000554084777832;1.209410548210144
1.4000043869018555;1.2061210870742798
1.4004204273223877;1.208117961883545
1.3998559713363647;1.2087558507919312
1.4000542163848877;1.2085117101669312
1.3998744487762451;1.2062766551971436
1.3999996185302734;1.209336280822754
1.4003071784973145;1.208561897277832
1.4000552892684937;1.2077953815460205
1.400024175643921;1.208046555519104
1.4002890586853027;1.2104570865631104
1.4001175165176392;1.207348346710205
1.4008557796478271;1.2090760469436646
1.4000858068466187;1.2070941925048828
1.4000043869018555;1.207359790802002
1.4001985788345337;1.2080100774765015
1.4003105163574219;1.2086893320083618
1.4000203609466553;1.2074307203292847
1.3999958038330078;1.2071086168289185
1.3999242782592773;1.2053475379943848
1.400005578994751;1.2081667184829712
1.4005417823791504;1.2083402872085571
1.400475263595581;1.2076754570007324
