TV;KL
1.2571496963500977;4.423055648803711
0.36677271127700806;0.2867341637611389
0.2928538918495178;0.18120074272155762
0.2887912392616272;0.15175698697566986
0.2747216820716858;0.1313500702381134
0.22158128023147583;0.08530344069004059
0.22189940512180328;0.0773971825838089
0.19160504639148712;0.06427481025457382
0.222280815243721;0.07305963337421417
0.1975969523191452;0.05485110729932785
0.19761183857917786;0.05267544835805893
0.20438028872013092;0.0572868213057518
0.17777305841445923;0.05016016215085983
0.18564081192016602;0.046948544681072235
0.18576407432556152;0.0450943261384964
0.17627033591270447;0.0482184961438179
0.18392056226730347;0.04228133335709572
0.16176092624664307;0.037407323718070984
0.17755278944969177;0.046182166785001755
0.1647419035434723;0.029350753873586655
0.16482670605182648;0.03452365845441818
0.17214423418045044;0.03595788776874542
0.1707293838262558;0.038482747972011566
0.16508245468139648;0.036051906645298004
0.16677406430244446;0.03664744272828102
0.16376453638076782;0.03072056919336319
0.1700323224067688;0.03260748088359833
0.1690489947795868;0.036000072956085205
0.1692676544189453;0.03428817540407181
0.1646609902381897;0.02869054675102234
0.15656232833862305;0.028504639863967896
0.16082125902175903;0.02979985624551773
0.1528346985578537;0.027894943952560425
0.16901256144046783;0.03181830421090126
0.15924698114395142;0.029638200998306274
0.15539363026618958;0.027586251497268677
0.1593475341796875;0.025608163326978683
0.1577136367559433;0.02812403440475464
0.17343276739120483;0.030207645148038864
0.16152489185333252;0.024502847343683243
0.15757344663143158;0.02308153733611107
0.15665097534656525;0.02504979819059372
0.15750038623809814;0.023098494857549667
0.1614130288362503;0.024161070585250854
0.1528928279876709;0.0224430151283741
0.14760448038578033;0.021469220519065857
0.1458701491355896;0.021524392068386078
0.15939399600028992;0.027383245527744293
0.15062181651592255;0.021661244332790375
0.15722081065177917;0.02494903653860092
0.1543608158826828;0.022993847727775574
0.15239399671554565;0.023398153483867645
0.15658491849899292;0.02424948662519455
0.16300126910209656;0.024708949029445648
0.14880019426345825;0.021955303847789764
0.16317318379878998;0.0247902013361454
0.14294731616973877;0.02028471603989601
0.15838345885276794;0.02269813045859337
0.1606595516204834;0.02427230402827263
0.15305811166763306;0.021982990205287933
0.15057605504989624;0.025120463222265244
0.15615764260292053;0.02352992817759514
0.15940380096435547;0.02177136391401291
0.156264990568161;0.021673161536455154
0.16117006540298462;0.022520624101161957
0.15473806858062744;0.022978540509939194
0.14964307844638824;0.021059051156044006
0.1508348435163498;0.020394738763570786
0.15680712461471558;0.023747723549604416
0.14853067696094513;0.02094578742980957
0.15683753788471222;0.02366304025053978
0.1485602855682373;0.02221790701150894
0.1451212614774704;0.01946934685111046
0.15573039650917053;0.022092130035161972
0.16164231300354004;0.024324923753738403
0.15252098441123962;0.021562572568655014
0.15953399240970612;0.023106001317501068
0.14437341690063477;0.02106913924217224
0.15827256441116333;0.021862294524908066
0.15125462412834167;0.021914541721343994
0.15253543853759766;0.023209601640701294
0.14806003868579865;0.02172359824180603
0.15557825565338135;0.02041124925017357
0.15603183209896088;0.021550491452217102
0.16425874829292297;0.024528704583644867
0.1498745083808899;0.0203692764043808
0.14613065123558044;0.02208436280488968
0.1619703769683838;0.022682759910821915
0.15516014397144318;0.02156539261341095
0.1516093909740448;0.02162327989935875
0.15472623705863953;0.021074723452329636
0.14839646220207214;0.022214028984308243
0.1521088182926178;0.02348330244421959
0.14843133091926575;0.022348150610923767
0.14630694687366486;0.020393114537000656
0.14931660890579224;0.02094143256545067
0.15601351857185364;0.020518630743026733
0.16383537650108337;0.02198951318860054
0.15496519207954407;0.02215830236673355
0.1521124541759491;0.02267158403992653
0.16063153743743896;0.021767042577266693
0.1609625667333603;0.025263190269470215
0.15857788920402527;0.022522717714309692
0.15536101162433624;0.023735716938972473
0.16856949031352997;0.025471828877925873
0.161748006939888;0.024918455630540848
0.1534653753042221;0.02097165584564209
0.16741079092025757;0.025060642510652542
0.1616964340209961;0.025778256356716156
0.157746821641922;0.023279540240764618
0.1611323356628418;0.021382659673690796
0.1624491810798645;0.02349001169204712
0.1545654833316803;0.02288416028022766
0.1535102128982544;0.023105129599571228
0.1472514569759369;0.02024465799331665
0.15539096295833588;0.022660549730062485
0.15587523579597473;0.021433617919683456
0.15602627396583557;0.022686056792736053
0.16459304094314575;0.024178601801395416
0.1669081449508667;0.023449350148439407
0.15687833726406097;0.024119749665260315
0.16401180624961853;0.02479475736618042
0.15924452245235443;0.02151568979024887
0.15918898582458496;0.020214665681123734
0.14775565266609192;0.023788481950759888
0.1508324146270752;0.021631523966789246
0.15899521112442017;0.022043131291866302
0.15306341648101807;0.022030845284461975
0.15517489612102509;0.021816395223140717
0.15445290505886078;0.023349296301603317
0.16009025275707245;0.02287617325782776
0.15828533470630646;0.020777300000190735
0.159303218126297;0.02310621365904808
0.1640845090150833;0.02445356175303459
0.15096694231033325;0.02061440795660019
0.15678301453590393;0.022080108523368835
0.14615899324417114;0.019781038165092468
0.1675097644329071;0.023827210068702698
0.15908631682395935;0.024389442056417465
0.17464178800582886;0.026134822517633438
0.14482508599758148;0.02141387388110161
0.16190093755722046;0.025347385555505753
0.1451302021741867;0.018571756780147552
0.17144718766212463;0.026003774255514145
0.15688684582710266;0.024472668766975403
0.14782015979290009;0.018522247672080994
0.16071635484695435;0.023568518459796906
0.15658822655677795;0.023117240518331528
0.16657011210918427;0.022953830659389496
0.15142320096492767;0.022135794162750244
0.1646842062473297;0.02472100406885147
0.15938544273376465;0.02520088106393814
0.1595330834388733;0.02254040539264679
0.1543700098991394;0.021810412406921387
0.15746766328811646;0.023394934833049774
0.1552816778421402;0.021602168679237366
0.16561517119407654;0.023956283926963806
0.15972140431404114;0.024687588214874268
0.15274624526500702;0.024320557713508606
0.16010963916778564;0.022410135716199875
0.16057707369327545;0.024220675230026245
0.15356582403182983;0.021888665854930878
0.16016554832458496;0.022438988089561462
0.15226466953754425;0.01944151520729065
0.15788260102272034;0.022564075887203217
0.15997052192687988;0.022578537464141846
0.14861376583576202;0.020532045513391495
0.1562737673521042;0.022485680878162384
0.15739096701145172;0.022565655410289764
0.14973331987857819;0.023042183369398117
0.1578977406024933;0.023535408079624176
0.14749599993228912;0.020919598639011383
0.1629195213317871;0.02412329614162445
0.15588825941085815;0.022841349244117737
0.15596742928028107;0.021885346621274948
0.15495902299880981;0.022564727813005447
0.15480829775333405;0.022647008299827576
0.17196398973464966;0.026289276778697968
0.15839624404907227;0.02151600643992424
0.1559392213821411;0.023862965404987335
0.14651982486248016;0.019853346049785614
0.1584874540567398;0.02146454155445099
0.16478785872459412;0.02465396374464035
0.1488124132156372;0.021395232528448105
0.15828248858451843;0.02289225161075592
0.15998084843158722;0.022011995315551758
0.15472009778022766;0.024205002933740616
0.1605120152235031;0.02595401555299759
0.1596420258283615;0.024271178990602493
0.15183432400226593;0.020971398800611496
0.14439335465431213;0.019856464117765427
0.16671213507652283;0.024651281535625458
0.1500152349472046;0.019970111548900604
0.16019344329833984;0.02390832081437111
0.17086300253868103;0.02915579080581665
0.15657168626785278;0.02412094920873642
0.15171003341674805;0.021593093872070312
0.15585169196128845;0.022621776908636093
0.16154974699020386;0.022827357053756714
0.15862411260604858;0.023719344288110733
0.1651388704776764;0.0246896855533123
0.16997763514518738;0.027875691652297974
0.14465077221393585;0.022394511848688126
0.14274027943611145;0.02311563864350319
0.15955063700675964;0.02305949479341507
0.15848812460899353;0.021521806716918945
0.1467934399843216;0.0202258862555027
0.15525440871715546;0.020923558622598648
0.15543530881404877;0.022216130048036575
0.15811777114868164;0.02684294804930687
0.16908836364746094;0.025281555950641632
0.1472790688276291;0.020316340029239655
0.16186170279979706;0.0219980850815773
0.16723790764808655;0.02402915060520172
0.15257415175437927;0.01954621821641922
0.1548607051372528;0.02221675217151642
0.15624575316905975;0.023713018745183945
0.1535055935382843;0.023135583847761154
0.14999306201934814;0.019783005118370056
0.15236057341098785;0.021041717380285263
0.15052874386310577;0.02197197452187538
0.15048325061798096;0.01974930241703987
0.147438645362854;0.02020387351512909
0.15222972631454468;0.023748289793729782
0.15900133550167084;0.02077370136976242
0.1530601680278778;0.021262671798467636
0.15397575497627258;0.01996421068906784
0.17050763964653015;0.029870741069316864
0.16367699205875397;0.024579539895057678
0.1474427580833435;0.019969776272773743
0.15735986828804016;0.022475309669971466
0.16375690698623657;0.022602811455726624
0.1580195426940918;0.023304395377635956
0.16784533858299255;0.030306704342365265
0.1602126955986023;0.024379201233386993
0.15216796100139618;0.0227607861161232
0.16009438037872314;0.024727433919906616
0.15407568216323853;0.02043233811855316
0.1471801996231079;0.020623262971639633
0.1511307954788208;0.02119479328393936
0.14725010097026825;0.01910926029086113
0.16060727834701538;0.023357313126325607
0.14874327182769775;0.02251630648970604
0.1497603952884674;0.020703237503767014
0.15903130173683167;0.024138502776622772
0.1496390998363495;0.023594677448272705
0.15450964868068695;0.023214008659124374
0.1595625877380371;0.022399667650461197
0.16262200474739075;0.02351565659046173
0.156681627035141;0.023680325597524643
0.1624363511800766;0.02361135184764862
0.15398439764976501;0.020055409520864487
0.14935456216335297;0.020601734519004822
0.17104870080947876;0.027407236397266388
0.1571972370147705;0.02226540446281433
0.1571742445230484;0.024487927556037903
0.15770256519317627;0.024377290159463882
0.15822802484035492;0.021562926471233368
0.1524137705564499;0.022690672427415848
0.15827569365501404;0.024310395121574402
0.15032780170440674;0.02179969847202301
0.1506766974925995;0.02180733159184456
0.14997261762619019;0.023385602980852127
0.1582152545452118;0.024886906147003174
0.16139432787895203;0.02153673768043518
0.15575282275676727;0.02353367954492569
0.15961243212223053;0.02183762937784195
0.15342465043067932;0.022324543446302414
0.14859968423843384;0.02121955156326294
0.15667679905891418;0.021481622010469437
0.14956888556480408;0.021615222096443176
0.15334096550941467;0.021973423659801483
0.1584198772907257;0.024798952043056488
0.15510937571525574;0.023291300982236862
0.15560120344161987;0.024237539619207382
0.15957507491111755;0.024268291890621185
0.15147235989570618;0.022332310676574707
0.16182243824005127;0.024242982268333435
0.16666576266288757;0.025076210498809814
0.1435825526714325;0.02151179313659668
0.15888191759586334;0.023037202656269073
0.146279975771904;0.022019848227500916
0.16091391444206238;0.022634081542491913
0.15702484548091888;0.020997170358896255
0.1595074087381363;0.024990476667881012
0.15403029322624207;0.022494014352560043
0.15523116290569305;0.024390462785959244
0.15486164391040802;0.023043591529130936
0.15128087997436523;0.02005401998758316
0.16312602162361145;0.022812601178884506
0.15480369329452515;0.022374138236045837
0.16149945557117462;0.02314913645386696
0.16338133811950684;0.022886894643306732
0.15647158026695251;0.02433232218027115
0.14923086762428284;0.02162860333919525
0.17001840472221375;0.02686692401766777
0.14970284700393677;0.019866302609443665
0.1583503782749176;0.02469823509454727
0.15464121103286743;0.02250780165195465
0.14876341819763184;0.02241506427526474
0.1624838262796402;0.02312881499528885
0.16759344935417175;0.02511482685804367
0.15291298925876617;0.0219128355383873
0.1582344025373459;0.024660199880599976
0.15160734951496124;0.02491983026266098
0.15437635779380798;0.01923377439379692
0.14322680234909058;0.018623672425746918
0.15835578739643097;0.021930161863565445
0.15191015601158142;0.02199777215719223
0.15649639070034027;0.022622443735599518
0.15567339956760406;0.024158455431461334
0.15038013458251953;0.021004654467105865
0.1581483781337738;0.02691761404275894
0.15460717678070068;0.021531611680984497
0.16258344054222107;0.026015348732471466
0.14985588192939758;0.021997064352035522
0.15230096876621246;0.020837515592575073
0.15258292853832245;0.020904622972011566
0.15029940009117126;0.022529669106006622
0.17357680201530457;0.027250483632087708
0.15683582425117493;0.020637646317481995
0.16623803973197937;0.02401738241314888
0.16925440728664398;0.025460943579673767
0.15953126549720764;0.023866910487413406
0.15097098052501678;0.021806783974170685
0.14507301151752472;0.021234747022390366
0.1637711226940155;0.023020382970571518
0.15500223636627197;0.02120806649327278
0.1626848429441452;0.02518707886338234
0.15919795632362366;0.02462250366806984
0.15099115669727325;0.020495042204856873
0.14491745829582214;0.01924130693078041
0.1562105417251587;0.024878278374671936
0.16046245396137238;0.0224442258477211
0.14803507924079895;0.01951492950320244
0.16315679252147675;0.02481532096862793
0.1541074961423874;0.021352067589759827
0.15136602520942688;0.02110353112220764
0.14648133516311646;0.02118842676281929
0.14636100828647614;0.019424907863140106
0.15637372434139252;0.0214337557554245
0.15918171405792236;0.021983861923217773
0.1594134420156479;0.023787129670381546
0.14321890473365784;0.020519614219665527
0.15267881751060486;0.022601760923862457
0.14912091195583344;0.022374257445335388
0.16237640380859375;0.02447294443845749
0.16529083251953125;0.024377480149269104
0.15712028741836548;0.02261555939912796
0.1535741239786148;0.021676667034626007
0.16342028975486755;0.022932440042495728
0.1572890281677246;0.022864598780870438
0.14555063843727112;0.019235745072364807
0.16960172355175018;0.02453450858592987
0.1588406264781952;0.021874509751796722
0.16507862508296967;0.024133380502462387
0.16431832313537598;0.02793843299150467
0.16332021355628967;0.023617029190063477
0.1524917334318161;0.0227091982960701
0.15687289834022522;0.02237030863761902
0.1524261236190796;0.021854959428310394
0.1615828275680542;0.02317112684249878
0.14984238147735596;0.019762355834245682
0.1532445102930069;0.02129238471388817
0.15691140294075012;0.023344919085502625
0.16396093368530273;0.02554207667708397
0.170228973031044;0.02327387034893036
0.14529240131378174;0.023056097328662872
0.1523270308971405;0.022370532155036926
0.14916370809078217;0.019303597509860992
0.16258549690246582;0.02285321056842804
0.16199365258216858;0.022343263030052185
0.16091272234916687;0.024762272834777832
0.15329194068908691;0.02103130891919136
0.14673948287963867;0.022885434329509735
0.15448173880577087;0.022671431303024292
0.15617048740386963;0.02206844836473465
0.15854832530021667;0.023638106882572174
0.14714455604553223;0.020469821989536285
0.1703794002532959;0.024465549737215042
0.14685656130313873;0.02206147462129593
0.1581297218799591;0.022656269371509552
0.1572284996509552;0.02407176047563553
0.14994749426841736;0.021105293184518814
0.16803258657455444;0.02421492338180542
0.15407732129096985;0.022536247968673706
0.15086016058921814;0.01963595300912857
0.1556893289089203;0.02365495264530182
0.15359020233154297;0.023179709911346436
0.15458261966705322;0.023669615387916565
0.1492433249950409;0.020701643079519272
0.16354823112487793;0.02148711308836937
0.1459093540906906;0.02255605161190033
0.15099425613880157;0.020261220633983612
0.1583089828491211;0.02363187074661255
0.14896324276924133;0.020504873245954514
0.1639353334903717;0.022899679839611053
0.1508914828300476;0.022316209971904755
0.1537221074104309;0.022701893001794815
0.15329298377037048;0.02218848466873169
0.15195819735527039;0.023105807602405548
0.15633118152618408;0.022967256605625153
0.15292233228683472;0.023122720420360565
0.15707886219024658;0.022529691457748413
0.1526954174041748;0.0208805613219738
0.15960745513439178;0.026947811245918274
0.17604149878025055;0.027628034353256226
0.14768563210964203;0.019454874098300934
0.15913838148117065;0.02226700633764267
0.1549835056066513;0.02458285167813301
0.1580856740474701;0.021904565393924713
0.15655183792114258;0.023983120918273926
0.16067785024642944;0.0241105854511261
0.14829833805561066;0.019389010965824127
0.1607019305229187;0.02439016103744507
0.14731280505657196;0.019807923585176468
0.15501877665519714;0.021975472569465637
0.14942041039466858;0.02003195509314537
0.15720683336257935;0.022618509829044342
0.14820775389671326;0.020330466330051422
0.16187897324562073;0.02512039989233017
0.15852661430835724;0.021400053054094315
0.15788710117340088;0.023930668830871582
0.15221115946769714;0.02106284350156784
0.15984250605106354;0.02393873780965805
0.1502617448568344;0.020460624247789383
0.15633484721183777;0.022882845252752304
0.154885396361351;0.021257348358631134
0.1494634747505188;0.020832695066928864
0.15241220593452454;0.022177770733833313
0.1470930278301239;0.019691605120897293
0.15510939061641693;0.020361490547657013
0.16195796430110931;0.025734230875968933
0.16263043880462646;0.023477863520383835
0.16590771079063416;0.02417398989200592
0.15601330995559692;0.024252861738204956
0.16209545731544495;0.025817248970270157
0.1629696786403656;0.02394135296344757
0.14912381768226624;0.021795127540826797
0.15841977298259735;0.023058027029037476
0.15985828638076782;0.024169523268938065
0.16070428490638733;0.023769445717334747
0.15437473356723785;0.02191895991563797
0.16179579496383667;0.02522541582584381
0.14733995497226715;0.025392375886440277
0.1587691456079483;0.025967545807361603
0.15863114595413208;0.024583276361227036
0.15214231610298157;0.0209411159157753
0.14648431539535522;0.020748421549797058
0.15470260381698608;0.02236606925725937
0.1568419337272644;0.0223078653216362
0.15393409132957458;0.022963494062423706
0.15851502120494843;0.02416597306728363
0.1565065085887909;0.024664953351020813
0.15954644978046417;0.023532837629318237
0.15971031785011292;0.02202441543340683
0.15341675281524658;0.022781915962696075
0.15455147624015808;0.02345457673072815
0.15293152630329132;0.021586008369922638
0.15379852056503296;0.020935840904712677
0.15573500096797943;0.022233441472053528
0.1680935025215149;0.024380013346672058
0.1572284698486328;0.025092892348766327
0.16766178607940674;0.024095699191093445
0.15345411002635956;0.020288415253162384
0.1665956974029541;0.024445869028568268
0.16271886229515076;0.024529889225959778
0.1579234004020691;0.02221367508172989
0.1626000851392746;0.023015767335891724
0.1554662138223648;0.022333260625600815
0.14905314147472382;0.02163253352046013
0.16662782430648804;0.024109188467264175
0.1615341454744339;0.023328252136707306
0.1647726446390152;0.02526942640542984
0.16364464163780212;0.02294735610485077
0.15865610539913177;0.021914198994636536
0.15429258346557617;0.022071771323680878
0.15102341771125793;0.022323817014694214
0.16120538115501404;0.02382819354534149
0.14925943315029144;0.021023493260145187
0.15629370510578156;0.022308774292469025
0.16288645565509796;0.024704158306121826
0.15438368916511536;0.022302906960248947
0.14995959401130676;0.01888342574238777
0.16906709969043732;0.026753734797239304
0.1620674431324005;0.021910589188337326
0.161709263920784;0.023775596171617508
0.15728901326656342;0.02300216630101204
0.15312890708446503;0.02229641005396843
0.16420955955982208;0.023325320333242416
0.15725846588611603;0.020921841263771057
0.16494885087013245;0.022046759724617004
0.16273027658462524;0.024226684123277664
0.15789654850959778;0.021252267062664032
0.15898606181144714;0.02204236388206482
0.16016395390033722;0.027534835040569305
0.15571922063827515;0.023052193224430084
0.16236519813537598;0.02368207648396492
0.1554374396800995;0.02224620059132576
0.15489083528518677;0.02228262647986412
0.1625615507364273;0.02186441794037819
0.1613789200782776;0.02236086130142212
0.15655262768268585;0.022532004863023758
0.16130998730659485;0.023583918809890747
0.16098931431770325;0.021870288997888565
0.16189385950565338;0.023939110338687897
0.1511426568031311;0.02052685245871544
0.1768137514591217;0.02686406672000885
0.15938642621040344;0.022923972457647324
0.1510586440563202;0.020505547523498535
0.1568828970193863;0.02396198734641075
0.1491405963897705;0.020440876483917236
0.15998178720474243;0.02185480296611786
0.17247745394706726;0.028140969574451447
0.16207775473594666;0.021639715880155563
0.15835657715797424;0.023982971906661987
0.16730672121047974;0.02472090721130371
0.1550869643688202;0.02064795047044754
0.1591983139514923;0.02252541482448578
0.1508667767047882;0.020789995789527893
0.1623930037021637;0.026813946664333344
0.15380170941352844;0.022308174520730972
0.16155342757701874;0.02374761551618576
0.16056908667087555;0.024341367185115814
0.14944857358932495;0.02186531201004982
0.16434678435325623;0.023125726729631424
0.1533668488264084;0.021118171513080597
0.14941973984241486;0.022849321365356445
0.16509492695331573;0.025237172842025757
0.15647992491722107;0.023222044110298157
0.16469472646713257;0.02296316623687744
0.16304877400398254;0.022866591811180115
0.16955193877220154;0.02737182378768921
0.15247972309589386;0.02135852724313736
0.15800036489963531;0.022863149642944336
0.15620243549346924;0.021997928619384766
0.15147680044174194;0.021193675696849823
0.1557331383228302;0.022503264248371124
0.15102139115333557;0.020843632519245148
0.1532047986984253;0.022114410996437073
0.15705886483192444;0.022142305970191956
0.16240528225898743;0.02532413974404335
0.1692456603050232;0.023057706654071808
0.15041333436965942;0.020998094230890274
0.1526642143726349;0.021289803087711334
0.15418986976146698;0.021578259766101837
0.16266274452209473;0.02376396954059601
0.1469079554080963;0.020888052880764008
0.15957467257976532;0.025609470903873444
0.15539082884788513;0.02189471200108528
0.15985015034675598;0.022201385349035263
0.1619502604007721;0.023196987807750702
0.17043408751487732;0.02676895260810852
0.14788739383220673;0.02067207545042038
0.14597110450267792;0.02019161731004715
0.1586284637451172;0.022702455520629883
0.15796849131584167;0.025396011769771576
0.15584434568881989;0.023681651800870895
0.1636826992034912;0.02480117231607437
0.15676434338092804;0.024729624390602112
0.1522730588912964;0.024316467344760895
0.15923824906349182;0.023873917758464813
0.14711123704910278;0.019891370087862015
0.15516486763954163;0.022024821490049362
0.15154430270195007;0.020051032304763794
0.15740841627120972;0.02126496285200119
0.15226495265960693;0.024007000029087067
0.1527036428451538;0.02119826152920723
0.14987069368362427;0.02258434146642685
0.143350750207901;0.01935534179210663
0.15937916934490204;0.02142181247472763
0.15500862896442413;0.022325117141008377
0.15197712182998657;0.02128961682319641
0.15403616428375244;0.0220603346824646
0.1518876701593399;0.02518399804830551
0.16239306330680847;0.02457190304994583
0.16246140003204346;0.024114150553941727
0.1588476151227951;0.023543566465377808
0.15533804893493652;0.021811343729496002
0.1586090624332428;0.021358881145715714
0.16088874638080597;0.02638164907693863
0.16174858808517456;0.025310389697551727
0.163726806640625;0.02730492502450943
0.15566450357437134;0.0261131152510643
0.15867942571640015;0.02400311827659607
0.16727596521377563;0.02570592612028122
0.16185227036476135;0.022639118134975433
0.1769658327102661;0.02546292543411255
0.15491005778312683;0.023102901875972748
0.1588483601808548;0.022586878389120102
0.14904360473155975;0.020849213004112244
0.1497533917427063;0.021060794591903687
0.16236579418182373;0.026080366224050522
0.16132119297981262;0.02310018241405487
0.1590823382139206;0.02293618768453598
0.15597878396511078;0.023387767374515533
0.15714047849178314;0.022722408175468445
0.16130170226097107;0.02144230157136917
0.15777218341827393;0.025520402938127518
0.1646232008934021;0.026112429797649384
0.16174587607383728;0.02470487728714943
0.15529215335845947;0.021020665764808655
0.1539110541343689;0.022048771381378174
0.15862363576889038;0.024702612310647964
0.16701819002628326;0.024085938930511475
0.16502472758293152;0.02445799484848976
0.16176775097846985;0.024885572493076324
0.1566919982433319;0.021433789283037186
0.15546618402004242;0.02156611531972885
0.15267381072044373;0.021275602281093597
0.15700086951255798;0.02229899913072586
0.16189813613891602;0.02490784227848053
0.16346120834350586;0.024963829666376114
0.15848959982395172;0.021917320787906647
0.15246106684207916;0.023746199905872345
0.1652035117149353;0.028158679604530334
0.17446699738502502;0.026156079024076462
0.16292127966880798;0.023737691342830658
0.1550026535987854;0.022159907966852188
0.15942195057868958;0.02252236008644104
0.15768082439899445;0.023640770465135574
0.15060624480247498;0.021051425486803055
0.154485821723938;0.022005215287208557
0.1596783697605133;0.023930154740810394
0.15704943239688873;0.02260012924671173
0.16913950443267822;0.02408084273338318
0.1554778814315796;0.02477821707725525
0.15746243298053741;0.021898917853832245
0.15189556777477264;0.021375682204961777
0.15645480155944824;0.020301055163145065
0.16299304366111755;0.022554602473974228
0.1624327003955841;0.024377211928367615
0.16345611214637756;0.026272203773260117
0.1592099517583847;0.02261245995759964
0.15681135654449463;0.022350169718265533
0.15639261901378632;0.021605081856250763
0.16400839388370514;0.0252569317817688
0.16014128923416138;0.022844836115837097
0.15713559091091156;0.023964501917362213
0.1619659811258316;0.023885328322649002
0.1566275954246521;0.02336222678422928
0.15239673852920532;0.02138368785381317
0.1566125452518463;0.02169474959373474
0.15260741114616394;0.02272263541817665
0.15972763299942017;0.025571037083864212
0.1573791205883026;0.022200342267751694
0.15108570456504822;0.022570647299289703
0.16174831986427307;0.024013187736272812
0.1515459567308426;0.023075658828020096
0.1558457612991333;0.021944671869277954
0.15819314122200012;0.023875359445810318
0.16704285144805908;0.024575211107730865
0.1649494469165802;0.024165887385606766
0.1535923182964325;0.023494038730859756
0.1656777709722519;0.02599148452281952
0.1501445770263672;0.02100677788257599
0.14778286218643188;0.018891427665948868
0.1585676074028015;0.025438182055950165
0.1562487930059433;0.026434682309627533
0.15402790904045105;0.021650277078151703
0.1528317928314209;0.020636074244976044
0.14719974994659424;0.020599596202373505
0.16149504482746124;0.02333417534828186
0.1622711718082428;0.02217136323451996
0.16430072486400604;0.024603169411420822
0.1651846319437027;0.02547609433531761
0.16171403229236603;0.02666947990655899
0.15972062945365906;0.027067355811595917
0.16580268740653992;0.023486226797103882
0.1576753556728363;0.022472772747278214
0.15643951296806335;0.02158593386411667
0.15338589251041412;0.019727762788534164
0.1540655493736267;0.021927110850811005
0.16238638758659363;0.027466222643852234
0.15814460813999176;0.02360638976097107
0.1553422212600708;0.023972220718860626
0.1465490758419037;0.02027161791920662
0.1493663191795349;0.02396566793322563
0.17561855912208557;0.027242500334978104
0.15439647436141968;0.02467944100499153
0.16448980569839478;0.027181148529052734
0.15725378692150116;0.023107104003429413
0.14479486644268036;0.0182221420109272
0.16951315104961395;0.024966638535261154
0.17045336961746216;0.02520512044429779
0.15926216542720795;0.02357928454875946
0.16733546555042267;0.02498219907283783
0.163740873336792;0.024013817310333252
0.15071874856948853;0.02159940078854561
0.1526331752538681;0.020830005407333374
0.15031543374061584;0.021264448761940002
0.1600850522518158;0.025381676852703094
0.15004543960094452;0.02303396537899971
0.16173069179058075;0.023009460419416428
0.1586478352546692;0.024114467203617096
0.1646897792816162;0.024645932018756866
0.15937258303165436;0.02264278382062912
0.16274487972259521;0.02358309179544449
0.1636648178100586;0.023089900612831116
0.15632927417755127;0.022849295288324356
0.15694786608219147;0.019591011106967926
0.15372782945632935;0.022487953305244446
0.1570253074169159;0.021785378456115723
0.15726730227470398;0.020800873637199402
0.15901322662830353;0.022186409682035446
0.16684219241142273;0.02656663954257965
0.16079694032669067;0.024154439568519592
0.16758683323860168;0.025042153894901276
0.15455427765846252;0.02356019616127014
0.1547921597957611;0.02293349802494049
0.1561671793460846;0.02111418917775154
0.14924383163452148;0.024370096623897552
0.15778721868991852;0.021366655826568604
0.15233555436134338;0.02174423262476921
0.15223532915115356;0.02209273725748062
0.15151485800743103;0.021780528128147125
0.15208423137664795;0.021316729485988617
0.15696173906326294;0.023873645812273026
0.17441333830356598;0.027504712343215942
0.15795955061912537;0.022236254066228867
0.1639358103275299;0.02662578970193863
0.164590984582901;0.02403310313820839
0.1610518991947174;0.022498801350593567
0.15678748488426208;0.02370637282729149
0.1635666787624359;0.02624615654349327
0.15713372826576233;0.021642737090587616
0.15817531943321228;0.021017655730247498
0.15649031102657318;0.022687017917633057
0.1485770344734192;0.017547663301229477
0.15882745385169983;0.024108126759529114
0.1532171368598938;0.02218383178114891
0.15766891837120056;0.020076856017112732
0.15165138244628906;0.02049167826771736
0.1558181345462799;0.021675758063793182
0.16490846872329712;0.02357223629951477
0.15771549940109253;0.022924579679965973
0.1493474841117859;0.019386671483516693
0.15721459686756134;0.0219232439994812
0.15718655288219452;0.02231365069746971
0.15980195999145508;0.022214002907276154
0.1553310751914978;0.02515435963869095
0.16544625163078308;0.023802049458026886
0.15665778517723083;0.024013802409172058
0.1530444324016571;0.02486357092857361
0.1613687127828598;0.02251609042286873
0.16055065393447876;0.023506291210651398
0.1665712296962738;0.025277361273765564
0.15642112493515015;0.02096497267484665
0.15465375781059265;0.022663049399852753
0.15889078378677368;0.022578105330467224
0.14772853255271912;0.021161474287509918
0.15210360288619995;0.02185945212841034
0.16134679317474365;0.02492586523294449
0.163650780916214;0.025056153535842896
0.14889541268348694;0.018454454839229584
0.15047883987426758;0.0212656632065773
0.17536871135234833;0.02593674510717392
0.15136845409870148;0.02276299148797989
0.15667861700057983;0.024653878062963486
0.157058447599411;0.022412460297346115
0.1513647735118866;0.021380990743637085
0.16341237723827362;0.023790456354618073
0.15509599447250366;0.02181249111890793
0.15792864561080933;0.023116134107112885
0.15324662625789642;0.023930750787258148
0.15576061606407166;0.022972382605075836
0.15328159928321838;0.02056756615638733
0.1566590964794159;0.02264361083507538
0.16530051827430725;0.025979362428188324
0.15715375542640686;0.02237502485513687
0.1517496109008789;0.019343160092830658
0.1636492758989334;0.02382063865661621
0.1523609161376953;0.02232334017753601
0.15519657731056213;0.021626554429531097
0.15529802441596985;0.022430606186389923
0.16762259602546692;0.02503836154937744
0.15286055207252502;0.022702056914567947
0.1610000729560852;0.023864053189754486
0.1603221297264099;0.02485658973455429
0.15652412176132202;0.020365875214338303
0.162220299243927;0.022369664162397385
0.15362398326396942;0.02315344661474228
0.15267141163349152;0.021759137511253357
0.15777963399887085;0.02422872930765152
0.16378413140773773;0.02356286346912384
0.14973074197769165;0.020410969853401184
0.16289526224136353;0.02223486453294754
0.16172504425048828;0.02134939283132553
0.15243938565254211;0.022195227444171906
0.16237059235572815;0.026175688952207565
0.1582111418247223;0.02229427546262741
0.16372230648994446;0.02384260669350624
0.15792062878608704;0.02250894531607628
0.15803278982639313;0.022761888802051544
0.1552535891532898;0.022950351238250732
0.170650452375412;0.02378278225660324
0.16163058578968048;0.0228867344558239
0.1598179042339325;0.021722670644521713
0.1547396183013916;0.021199122071266174
0.15656283497810364;0.024029411375522614
0.15954656898975372;0.023069873452186584
0.15424774587154388;0.02250578999519348
0.1660531759262085;0.024538647383451462
0.1598374843597412;0.022567108273506165
0.15905582904815674;0.021514631807804108
0.1637771725654602;0.02281130850315094
0.14868389070034027;0.019729770720005035
0.16051121056079865;0.023350432515144348
0.1544075608253479;0.023303523659706116
0.15183311700820923;0.020639382302761078
0.1610380858182907;0.023342080414295197
0.1550154983997345;0.020866338163614273
0.17136290669441223;0.02520143613219261
0.15807953476905823;0.024069126695394516
0.15547047555446625;0.023517325520515442
0.166336327791214;0.02664981037378311
0.15151077508926392;0.022011712193489075
0.16609352827072144;0.02637453004717827
0.16379016637802124;0.024396132677793503
0.1566709578037262;0.021650981158018112
0.16487988829612732;0.022406823933124542
0.16188088059425354;0.023997385054826736
0.16330718994140625;0.024110417813062668
0.15459273755550385;0.020985078066587448
0.16034460067749023;0.022352389991283417
0.16198372840881348;0.021840490400791168
0.15331301093101501;0.022655587643384933
0.15980790555477142;0.022710353136062622
0.15689903497695923;0.025156676769256592
0.16211427748203278;0.02213631197810173
0.16858763992786407;0.02429216355085373
0.157974973320961;0.021065346896648407
0.16323402523994446;0.024490591138601303
0.15274907648563385;0.02323857694864273
0.15728163719177246;0.02326902747154236
0.16061249375343323;0.023935385048389435
0.15465793013572693;0.022715304046869278
0.15557557344436646;0.023524079471826553
0.15109358727931976;0.022725865244865417
0.1651802659034729;0.023714937269687653
0.15900708734989166;0.022393345832824707
0.17104138433933258;0.024405542761087418
0.15865692496299744;0.021780550479888916
0.1444706916809082;0.018175922334194183
0.1525581330060959;0.021261319518089294
0.155906081199646;0.0231182724237442
0.15563100576400757;0.020562946796417236
0.15281620621681213;0.020150076597929
0.1578163057565689;0.02443777769804001
0.15446004271507263;0.022436387836933136
0.15487703680992126;0.02051176130771637
0.15715359151363373;0.02280912548303604
0.1557900458574295;0.021701008081436157
0.1673860102891922;0.02432500198483467
0.14613303542137146;0.01960134506225586
0.16170944273471832;0.021845780313014984
0.16393369436264038;0.024264845997095108
0.15384414792060852;0.022571638226509094
0.1621728241443634;0.022244326770305634
0.15488415956497192;0.019758976995944977
0.16364511847496033;0.02416302263736725
0.16597124934196472;0.02493448182940483
0.15470139682292938;0.025150183588266373
0.15890295803546906;0.024461504071950912
0.1511719971895218;0.021671481430530548
0.15268564224243164;0.022031597793102264
0.15473304688930511;0.0238540917634964
0.152127206325531;0.023799113929271698
0.1533282995223999;0.022586021572351456
0.1683264672756195;0.02462835982441902
0.17752736806869507;0.026415131986141205
0.16257645189762115;0.02584683895111084
0.15228116512298584;0.023823648691177368
0.156666100025177;0.0225764699280262
0.16197717189788818;0.02247803285717964
0.15846487879753113;0.023050501942634583
0.16332373023033142;0.02304624393582344
0.16116803884506226;0.02420232445001602
0.15899978578090668;0.02448844537138939
0.15361928939819336;0.023309141397476196
0.15273001790046692;0.022442221641540527
0.1514594554901123;0.022537201642990112
0.16297775506973267;0.024267055094242096
0.14953231811523438;0.021935585886240005
0.15638425946235657;0.022405218333005905
0.17139919102191925;0.026597950607538223
0.14966636896133423;0.023590944707393646
0.14950323104858398;0.02239442616701126
0.16259488463401794;0.022867392748594284
0.14846821129322052;0.023097246885299683
0.1610109657049179;0.024180840700864792
0.16076451539993286;0.023710403591394424
0.1532471477985382;0.020977750420570374
0.15457427501678467;0.022305533289909363
0.150954931974411;0.02155337855219841
0.1627124398946762;0.02234436571598053
0.15362931787967682;0.021689068526029587
0.15093623101711273;0.02069655805826187
0.15526512265205383;0.021565452218055725
0.15124189853668213;0.020066916942596436
0.16053375601768494;0.023891404271125793
0.16393546760082245;0.023075297474861145
0.15715321898460388;0.022968187928199768
0.15630394220352173;0.023717045783996582
0.1446560025215149;0.019136298447847366
0.17023703455924988;0.025351397693157196
0.1585422307252884;0.022806581109762192
0.1632348895072937;0.024067364633083344
0.16083282232284546;0.024454228579998016
0.15217161178588867;0.022661596536636353
0.15729689598083496;0.022247765213251114
0.15875646471977234;0.022284753620624542
0.1636507660150528;0.023831158876419067
0.1493566483259201;0.02056003361940384
0.15458622574806213;0.021503429859876633
0.15261274576187134;0.023478683084249496
0.15832267701625824;0.021198377013206482
0.1528097689151764;0.021809924393892288
0.15480367839336395;0.021092485636472702
0.15844877064228058;0.02166668325662613
0.15801739692687988;0.023981381207704544
0.1474553793668747;0.020300455391407013
0.1527203768491745;0.02086951583623886
0.1676836460828781;0.02340766414999962
0.16961853206157684;0.025293461978435516
0.15897288918495178;0.02337481826543808
0.15178334712982178;0.020115651190280914
0.1527116298675537;0.02094075083732605
0.15514621138572693;0.023702867329120636
0.1526038646697998;0.021717656403779984
0.15609578788280487;0.020661048591136932
0.1499570906162262;0.02047627791762352
0.1572214961051941;0.023789577186107635
0.14726102352142334;0.018814995884895325
0.1585635542869568;0.02260535955429077
0.15700814127922058;0.021623849868774414
0.14911606907844543;0.019106034189462662
0.15100979804992676;0.023300103843212128
0.1558854579925537;0.022963225841522217
0.1535031497478485;0.020528055727481842
0.15140077471733093;0.020897123962640762
0.1618008017539978;0.023742515593767166
0.1623685657978058;0.024085652083158493
0.15714538097381592;0.02267932891845703
0.152863547205925;0.021893996745347977
0.15442149341106415;0.021081987768411636
0.15621668100357056;0.022194162011146545
0.1585313379764557;0.021726682782173157
0.15172861516475677;0.022097423672676086
0.16262848675251007;0.022976022213697433
0.15680773556232452;0.023220613598823547
0.1646648794412613;0.02688583731651306
0.14930015802383423;0.02306731790304184
0.15426813066005707;0.02389330416917801
0.15157711505889893;0.021939225494861603
0.1597178876399994;0.023543044924736023
0.16306979954242706;0.02490081638097763
0.1514345407485962;0.02067391946911812
0.161423921585083;0.02284403145313263
0.1596146672964096;0.023807857185602188
0.16291597485542297;0.023520328104496002
0.16857263445854187;0.02500227838754654
0.1518694907426834;0.02180042862892151
0.17342829704284668;0.025347251445055008
0.15464255213737488;0.023878633975982666
0.15710213780403137;0.022568047046661377
0.1680770218372345;0.02596205100417137
0.15959149599075317;0.022835467010736465
0.1628524512052536;0.026195742189884186
0.16045841574668884;0.02320948615670204
0.16522260010242462;0.02422456443309784
0.1553933322429657;0.020329952239990234
0.15528129041194916;0.021517489105463028
0.160848006606102;0.026330098509788513
0.15774567425251007;0.02048405632376671
0.16124269366264343;0.024077460169792175
0.15225093066692352;0.020949475467205048
0.14586377143859863;0.01875476911664009
0.13900484144687653;0.017362885177135468
0.16633164882659912;0.02553565427660942
0.14899830520153046;0.01922888308763504
0.1532401442527771;0.021427802741527557
0.15395767986774445;0.021790899336338043
0.15830710530281067;0.021073605865240097
0.1533886194229126;0.0217299684882164
0.15442636609077454;0.02260637655854225
0.1551448404788971;0.023943793028593063
0.15276587009429932;0.022443018853664398
0.16423285007476807;0.02412400394678116
0.1520376205444336;0.022122234106063843
0.15364676713943481;0.026026643812656403
0.1562466025352478;0.021345101296901703
0.15588194131851196;0.02325066551566124
0.1550692915916443;0.023239176720380783
0.15885069966316223;0.024190019816160202
0.1576513946056366;0.024319075047969818
0.15600360929965973;0.022065214812755585
0.15372228622436523;0.020818084478378296
0.16716162860393524;0.02486307919025421
0.15790177881717682;0.023503310978412628
0.15408435463905334;0.023128267377614975
0.16878286004066467;0.025245513767004013
0.15394604206085205;0.021741114556789398
0.15069401264190674;0.021345749497413635
0.14852868020534515;0.019584350287914276
0.16009020805358887;0.021482758224010468
0.147192120552063;0.019858859479427338
0.15833082795143127;0.021713487803936005
0.17695365846157074;0.024603024125099182
0.16534015536308289;0.024469342082738876
0.15728692710399628;0.023008044809103012
0.1500270515680313;0.020721565932035446
0.16233035922050476;0.024006731808185577
0.16673409938812256;0.026922937482595444
0.1501423418521881;0.021966014057397842
0.16305063664913177;0.02282661572098732
0.16271460056304932;0.025346487760543823
0.1557196080684662;0.021624363958835602
0.15174253284931183;0.022696219384670258
0.15858247876167297;0.023249849677085876
0.15926124155521393;0.021392524242401123
0.15615388751029968;0.021817073225975037
0.1642642319202423;0.023060392588377
0.16101697087287903;0.022935688495635986
0.14990094304084778;0.02254898101091385
0.15371856093406677;0.02339290827512741
0.16243918240070343;0.026845857501029968
0.15950947999954224;0.023129038512706757
0.1523342728614807;0.022468894720077515
0.155668705701828;0.02480112761259079
0.1583508849143982;0.023355580866336823
0.1556614190340042;0.024336986243724823
0.14958426356315613;0.0200248621404171
0.15426036715507507;0.0225418359041214
0.16076314449310303;0.0235239639878273
0.15783847868442535;0.021767839789390564
0.15913239121437073;0.02423299103975296
0.1464308500289917;0.0196063332259655
0.16071443259716034;0.025291576981544495
0.15941162407398224;0.02421664446592331
0.16316412389278412;0.02380094677209854
0.16108939051628113;0.02357861027121544
0.15732116997241974;0.021211959421634674
0.15071064233779907;0.0207916721701622
0.15764735639095306;0.023877479135990143
0.15050682425498962;0.020859133452177048
0.15136706829071045;0.020619414746761322
0.159577876329422;0.02434290573000908
0.1464310586452484;0.021779902279376984
0.15815353393554688;0.023773513734340668
0.16762928664684296;0.025335390120744705
0.16001075506210327;0.023165710270404816
0.1603330373764038;0.023083671927452087
0.1672266125679016;0.023763880133628845
0.15672746300697327;0.024109594523906708
0.17058852314949036;0.026595648378133774
0.1538592278957367;0.02267489954829216
0.16595076024532318;0.024821128696203232
0.16076898574829102;0.022561829537153244
0.16635537147521973;0.024721011519432068
0.1667075753211975;0.02532670646905899
0.15674155950546265;0.022409480065107346
0.1643960177898407;0.027270536869764328
0.1518414467573166;0.023056745529174805
0.15506961941719055;0.02269154042005539
0.1582263708114624;0.022713150829076767
0.155959352850914;0.020233169198036194
0.15792757272720337;0.02233092486858368
0.16290637850761414;0.024838455021381378
0.15562281012535095;0.019944440573453903
0.16820769011974335;0.027141496539115906
0.15909534692764282;0.023707032203674316
0.149755597114563;0.021074555814266205
0.15446510910987854;0.02332185208797455
0.16491875052452087;0.026018008589744568
0.17027801275253296;0.02718975767493248
0.1574026346206665;0.02632308006286621
0.15191400051116943;0.02133047580718994
0.1553957313299179;0.02620856836438179
0.16088563203811646;0.023952417075634003
0.14898666739463806;0.020180560648441315
0.1680499017238617;0.02312406897544861
0.16722023487091064;0.023259755223989487
0.15383492410182953;0.021425317972898483
0.16068920493125916;0.021692823618650436
0.15437406301498413;0.022285744547843933
0.15604212880134583;0.02296587824821472
0.1577664613723755;0.021205320954322815
0.14865873754024506;0.019026145339012146
0.14648526906967163;0.02016013115644455
0.1516944169998169;0.022312812507152557
0.155757337808609;0.023941919207572937
0.15469738841056824;0.021859392523765564
0.14681413769721985;0.021502360701560974
0.15709078311920166;0.021074838936328888
0.16026924550533295;0.02660064399242401
0.16125506162643433;0.023502543568611145
0.15579673647880554;0.021870803087949753
0.1582092046737671;0.02487650141119957
0.15253324806690216;0.022974934428930283
0.16620174050331116;0.02433832362294197
0.16015376150608063;0.023222625255584717
0.15901446342468262;0.023345448076725006
0.14835932850837708;0.01983443647623062
0.15742862224578857;0.021793551743030548
0.1615222990512848;0.024836234748363495
0.16359731554985046;0.026141319423913956
0.16250106692314148;0.022459521889686584
0.1496737003326416;0.020119287073612213
0.16100367903709412;0.023367803543806076
0.170205757021904;0.027468089014291763
0.15512265264987946;0.02083011344075203
0.1541469693183899;0.02230965346097946
0.16938920319080353;0.025867898017168045
0.16312329471111298;0.02136039361357689
0.14695753157138824;0.02016318589448929
0.15822824835777283;0.022027835249900818
0.1580672562122345;0.023028023540973663
0.16136547923088074;0.02215854823589325
0.15855002403259277;0.022719554603099823
0.15797635912895203;0.02271324396133423
0.16778823733329773;0.023319728672504425
0.1525259017944336;0.02142864093184471
0.1605566143989563;0.02594687044620514
0.15054281055927277;0.02087981253862381
0.1703213006258011;0.025837313383817673
0.15630072355270386;0.02424359694123268
0.15821462869644165;0.02236621081829071
0.15122833847999573;0.022994432598352432
0.16011524200439453;0.02369452640414238
0.1533912867307663;0.022361688315868378
0.15148469805717468;0.02251514419913292
0.1513729691505432;0.02066665142774582
0.15045325458049774;0.023857779800891876
0.15403272211551666;0.022696472704410553
0.15528163313865662;0.02196020632982254
0.1658184975385666;0.02392365038394928
0.1543104201555252;0.023997992277145386
0.15394183993339539;0.022136658430099487
0.15929818153381348;0.021578766405582428
0.14819937944412231;0.021655723452568054
0.159525528550148;0.02234862744808197
0.15584436058998108;0.02305489033460617
0.159457266330719;0.023935914039611816
0.1455146074295044;0.021441061049699783
0.16697758436203003;0.023899242281913757
0.15087655186653137;0.02155771106481552
0.15803378820419312;0.0233226977288723
0.14912652969360352;0.02006395161151886
0.1480240523815155;0.01911250129342079
0.15613053739070892;0.021827835589647293
0.16519397497177124;0.026970453560352325
0.17114923894405365;0.024740319699048996
0.1639249324798584;0.024853862822055817
0.15408632159233093;0.022090818732976913
0.15360334515571594;0.022589322179555893
0.16086046397686005;0.02332654967904091
0.16635096073150635;0.024415291845798492
0.15542568266391754;0.02271907776594162
0.16358914971351624;0.02402668446302414
0.1577003002166748;0.021490827202796936
0.15494586527347565;0.023736990988254547
0.16075876355171204;0.026378236711025238
0.1763424426317215;0.02625305950641632
0.14770695567131042;0.020549342036247253
0.1562318652868271;0.02245783433318138
0.14733465015888214;0.02038150280714035
0.15317818522453308;0.02138189971446991
0.166483536362648;0.025178249925374985
0.1566876918077469;0.02760506421327591
0.15491363406181335;0.022581178694963455
0.16008886694908142;0.02208676189184189
0.1614227294921875;0.024515725672245026
0.15416401624679565;0.023454956710338593
0.1506320834159851;0.022373586893081665
0.1510087102651596;0.0227322056889534
0.16418808698654175;0.024455174803733826
0.1552642434835434;0.022215958684682846
0.15870817005634308;0.02345772087574005
0.15384502708911896;0.020850487053394318
0.15359652042388916;0.021345771849155426
0.15690144896507263;0.022115085273981094
0.16003967821598053;0.025849752128124237
0.1611926555633545;0.025398511439561844
0.17431335151195526;0.025439538061618805
0.14312537014484406;0.019753798842430115
0.154818594455719;0.020233094692230225
0.1529804766178131;0.02429923042654991
0.14890073239803314;0.020879313349723816
0.15663433074951172;0.02321695163846016
0.14961287379264832;0.02002241089940071
0.14886757731437683;0.02332114428281784
0.14857330918312073;0.01941104233264923
0.15728792548179626;0.021469183266162872
0.16683919727802277;0.02388475090265274
0.16435375809669495;0.023809388279914856
0.15185104310512543;0.02194257080554962
0.15674741566181183;0.019867897033691406
0.15321657061576843;0.023268315941095352
0.16055108606815338;0.024707555770874023
0.15381303429603577;0.024574972689151764
0.1566760241985321;0.022803474217653275
0.16527584195137024;0.023207291960716248
0.1600712537765503;0.024554893374443054
0.14988121390342712;0.02175820991396904
0.16054481267929077;0.023737911134958267
0.1602412313222885;0.023581281304359436
0.1556517332792282;0.022906240075826645
0.15938718616962433;0.021253906190395355
0.1530006378889084;0.02334379032254219
0.1523067057132721;0.020378120243549347
0.15476036071777344;0.021477799862623215
0.15534797310829163;0.02506723627448082
0.14776089787483215;0.019547119736671448
0.1440933346748352;0.02414742112159729
0.14687269926071167;0.020691633224487305
0.1492784023284912;0.02387157827615738
0.16269724071025848;0.024754662066698074
0.1708257645368576;0.025976091623306274
0.14827905595302582;0.02185695245862007
0.15242105722427368;0.021919861435890198
0.15647953748703003;0.022973500192165375
0.15308013558387756;0.020656496286392212
0.15748006105422974;0.022319450974464417
0.15722471475601196;0.024066194891929626
0.15418772399425507;0.024059917777776718
0.15373565256595612;0.022572696208953857
0.15396448969841003;0.021318331360816956
0.16098982095718384;0.022224266082048416
0.15521380305290222;0.02390919253230095
0.14450988173484802;0.018551062792539597
0.16139791905879974;0.023525256663560867
0.1648501753807068;0.026142068207263947
0.15589061379432678;0.02324725314974785
0.1419495940208435;0.02044990286231041
0.15529468655586243;0.02188962697982788
0.15112191438674927;0.020794939249753952
0.1627500057220459;0.027242332696914673
0.15819066762924194;0.023530706763267517
0.13940447568893433;0.019776076078414917
0.1636989861726761;0.02367309108376503
0.16942371428012848;0.025136161595582962
0.15226484835147858;0.02019723504781723
0.15810087323188782;0.02400888502597809
0.1536387950181961;0.021161861717700958
0.1599043905735016;0.025351539254188538
0.15563416481018066;0.023424480110406876
0.1633675992488861;0.024388190358877182
0.15519899129867554;0.02345287799835205
0.15679147839546204;0.026545722037553787
0.1559988558292389;0.022702258080244064
0.16067758202552795;0.02201949805021286
0.14811845123767853;0.019483599811792374
0.13993719220161438;0.019640035927295685
0.15620940923690796;0.02359314262866974
0.15474025905132294;0.02421937882900238
0.15246379375457764;0.020525425672531128
0.1527235209941864;0.023992888629436493
0.1625506430864334;0.02270636335015297
0.15052959322929382;0.02227829396724701
0.15643733739852905;0.024165771901607513
0.15003472566604614;0.023155201226472855
0.1589624136686325;0.024006132036447525
0.15064460039138794;0.02191269025206566
0.16474778950214386;0.024842537939548492
0.15459570288658142;0.023038290441036224
0.14672602713108063;0.020115934312343597
0.16529518365859985;0.02230469137430191
0.16407586634159088;0.02792704477906227
0.15551802515983582;0.02280031144618988
0.14944814145565033;0.020755577832460403
0.15368396043777466;0.02219069004058838
0.1598389744758606;0.022889316082000732
0.15872305631637573;0.02042744681239128
0.15947255492210388;0.022084809839725494
0.14909741282463074;0.02084609866142273
0.15140222012996674;0.021208513528108597
0.15973471105098724;0.023783594369888306
0.15998582541942596;0.02401265874505043
0.16203156113624573;0.023360207676887512
0.15361599624156952;0.021865807473659515
0.1532982438802719;0.02160520851612091
0.15130600333213806;0.02202523872256279
0.1569809913635254;0.024115197360515594
0.1653325855731964;0.024955041706562042
0.1484765112400055;0.021211352199316025
0.15318405628204346;0.022686701267957687
0.15305235981941223;0.021368693560361862
0.1516846865415573;0.021977730095386505
0.15455202758312225;0.023155078291893005
0.16234572231769562;0.02583666890859604
0.1499805450439453;0.022543251514434814
0.1548064798116684;0.02126806229352951
0.14902952313423157;0.02229725569486618
0.1466364562511444;0.020873580127954483
0.14686214923858643;0.021783657371997833
0.15090426802635193;0.02273096889257431
0.14094725251197815;0.022550314664840698
0.14022979140281677;0.01838800683617592
0.155135840177536;0.022638924419879913
0.1498134583234787;0.020461201667785645
0.1469579041004181;0.02079514041543007
0.1587314009666443;0.02337024360895157
0.1613086760044098;0.022478628903627396
0.1584027260541916;0.02509758248925209
0.157347172498703;0.021680276840925217
0.15515995025634766;0.023934073746204376
0.1555916965007782;0.024136841297149658
0.14589861035346985;0.020885847508907318
0.14773261547088623;0.024165533483028412
0.15836063027381897;0.023466337472200394
0.1460019052028656;0.021491747349500656
0.15330004692077637;0.021149881184101105
0.1523502916097641;0.020035024732351303
0.15608066320419312;0.02297588810324669
0.16003598272800446;0.02422454208135605
0.1606111228466034;0.023551471531391144
0.14849212765693665;0.019012846052646637
0.15188653767108917;0.023560859262943268
0.14775031805038452;0.01951686665415764
0.1571154147386551;0.022956281900405884
0.15327149629592896;0.022276781499385834
0.14233480393886566;0.019610028713941574
0.15225782990455627;0.022410355508327484
0.16318143904209137;0.022323645651340485
0.15149691700935364;0.02206810563802719
0.1527678519487381;0.025643259286880493
0.14515119791030884;0.020355388522148132
0.15476569533348083;0.0213937871158123
0.1520235538482666;0.019733451306819916
0.15106293559074402;0.022837664932012558
0.15743973851203918;0.022376831620931625
0.15553900599479675;0.0248025581240654
0.15270176529884338;0.0229942724108696
