TV;KL
1.2655045986175537;4.435474395751953
0.3656022250652313;0.2554379105567932
0.2546961307525635;0.10932783037424088
0.21273066103458405;0.06319954246282578
0.18233515322208405;0.05533713102340698
0.18043121695518494;0.0424976609647274
0.15241564810276031;0.03441024571657181
0.1412355899810791;0.02518068253993988
0.15665775537490845;0.028594309464097023
0.12366072833538055;0.021468035876750946
0.13776057958602905;0.02428659237921238
0.1377970576286316;0.020089974626898766
0.12932786345481873;0.020144764333963394
0.13812941312789917;0.018953818827867508
0.11275556683540344;0.018055971711874008
0.12924276292324066;0.018382877111434937
0.12780329585075378;0.019353706389665604
0.10103337466716766;0.01356501691043377
0.12314611673355103;0.017220204696059227
0.12180747091770172;0.01675863191485405
0.1089135929942131;0.013137571513652802
0.10990303754806519;0.015485402196645737
0.10536128282546997;0.014521175995469093
0.12921012938022614;0.017754580825567245
0.1116507351398468;0.01553451456129551
0.10733141750097275;0.014476653188467026
0.12054599821567535;0.015060622245073318
0.1241704672574997;0.017170611768960953
0.10679934173822403;0.014784321188926697
0.1134895607829094;0.01558836828917265
0.11230872571468353;0.015146578662097454
0.12253019213676453;0.016972661018371582
0.09834655374288559;0.01314575131982565
0.10860836505889893;0.01564805395901203
0.12161051481962204;0.015233100391924381
0.11401533335447311;0.014916952699422836
0.11618233472108841;0.015699733048677444
0.10564126819372177;0.013240178115665913
0.1367630958557129;0.020546134561300278
0.11756205558776855;0.01636228710412979
0.12551817297935486;0.017394501715898514
0.11126300692558289;0.015195226296782494
0.11004982888698578;0.014007806777954102
0.1344563364982605;0.02098931185901165
0.10698707401752472;0.015489820390939713
0.11623064428567886;0.014940685592591763
0.10664871335029602;0.014591967687010765
0.12096454203128815;0.015980934724211693
0.12353067100048065;0.019551029428839684
0.11944165825843811;0.01518323365598917
0.1070285439491272;0.01367969997227192
0.12051046639680862;0.018815360963344574
0.11603434383869171;0.01519287284463644
0.1350802481174469;0.018687324598431587
0.1195012554526329;0.016523467376828194
0.11520808190107346;0.016623586416244507
0.11970674991607666;0.016267256811261177
0.1007394939661026;0.013975780457258224
0.09998156130313873;0.015140754170715809
0.11112800985574722;0.014969651587307453
0.10325741767883301;0.013896599411964417
0.11163792759180069;0.01637861132621765
0.12297334522008896;0.01868520863354206
0.10624830424785614;0.014420634135603905
0.10668153315782547;0.013576771132647991
0.1206788644194603;0.014851341024041176
0.12032957375049591;0.017027240246534348
0.09002900123596191;0.012481789104640484
0.11157695204019547;0.015467923134565353
0.10791082680225372;0.015772491693496704
0.12296809256076813;0.01775542087852955
0.11428406089544296;0.015653636306524277
0.11346803605556488;0.014740134589374065
0.12249472737312317;0.01667778752744198
0.10600303113460541;0.015188753604888916
0.09034015238285065;0.012530388310551643
0.11720345914363861;0.013421869836747646
0.13823097944259644;0.02011895552277565
0.11550040543079376;0.015341859310865402
0.11331715434789658;0.01721867360174656
0.11180838197469711;0.01449103094637394
0.12885424494743347;0.018103020265698433
0.11381453275680542;0.01620294153690338
0.10308893769979477;0.014298148453235626
0.12451019883155823;0.017295263707637787
0.11425291001796722;0.016897860914468765
0.10954010486602783;0.016473278403282166
0.11739788204431534;0.020877815783023834
0.11993145197629929;0.015113849192857742
0.11597890406847;0.015963055193424225
0.11252553015947342;0.015562037006020546
0.11205017566680908;0.013624312356114388
0.11555996537208557;0.01761755160987377
0.10294370353221893;0.01384807750582695
0.11212672293186188;0.014516481198370457
0.10792677849531174;0.014712605625391006
0.10805705934762955;0.01374777965247631
0.0972791388630867;0.011986781843006611
0.10985894501209259;0.015275070443749428
0.10797259956598282;0.016374893486499786
0.10218846797943115;0.015118026174604893
0.09848540276288986;0.013461597263813019
0.09922993183135986;0.012625383213162422
0.12482564151287079;0.016407128423452377
0.1207764595746994;0.01650991663336754
0.11048178374767303;0.014988547191023827
0.10236052423715591;0.013011173345148563
0.1035868376493454;0.013567130081355572
0.10580570250749588;0.016718246042728424
0.10025607794523239;0.01518271490931511
0.0998418927192688;0.013646576553583145
0.11305119097232819;0.0131622813642025
0.11569250375032425;0.0158393532037735
0.09953073412179947;0.014761853963136673
0.10753168165683746;0.015119431540369987
0.1215657889842987;0.015618878416717052
0.11386121809482574;0.01467333547770977
0.11467507481575012;0.01743217185139656
0.11610542237758636;0.015558337792754173
0.11193378269672394;0.014809994958341122
0.1197592243552208;0.016881998628377914
0.11480392515659332;0.01677834615111351
0.11278340220451355;0.015908893197774887
0.12068793177604675;0.016018319875001907
0.10463438928127289;0.014859598129987717
0.11801178753376007;0.016154704615473747
0.10980135947465897;0.014034098014235497
0.10174283385276794;0.01377361174672842
0.10127933323383331;0.014519806019961834
0.10661179572343826;0.01606617122888565
0.12554673850536346;0.01655176840722561
0.11807145178318024;0.018346790224313736
0.11741723120212555;0.017105093225836754
0.10763545334339142;0.016270052641630173
0.11548808217048645;0.017998825758695602
0.11766064167022705;0.015713181346654892
0.123114213347435;0.01809469237923622
0.10420187562704086;0.016569014638662338
0.11134924739599228;0.01724449172616005
0.1147846132516861;0.01625363528728485
0.10724474489688873;0.01633371040225029
0.11791055649518967;0.01655908301472664
0.11362162232398987;0.014640224166214466
0.11353842914104462;0.015689371153712273
0.11619175225496292;0.015067964792251587
0.11359886080026627;0.01605108566582203
0.10196644067764282;0.013899112120270729
0.10702227056026459;0.014155473560094833
0.1143416315317154;0.01886122301220894
0.10880079120397568;0.01585824228823185
0.10287658125162125;0.013320382684469223
0.10317642241716385;0.013517506420612335
0.12555906176567078;0.01549194473773241
0.12054651230573654;0.01605377160012722
0.1201055496931076;0.017045265063643456
0.10463452339172363;0.015779495239257812
0.10968124866485596;0.01610400341451168
0.10775995254516602;0.01649630442261696
0.11898709088563919;0.016226256266236305
0.1160913035273552;0.017213666811585426
0.11140751838684082;0.016787197440862656
0.1131577119231224;0.017064930871129036
0.11648421734571457;0.01515398919582367
0.11591845750808716;0.016109544783830643
0.09286177158355713;0.01222466304898262
0.1105017215013504;0.01609877310693264
0.10962869226932526;0.014612993225455284
0.10904572904109955;0.015420732088387012
0.11813497543334961;0.018849946558475494
0.10413923859596252;0.01607530005276203
0.10579967498779297;0.012565748766064644
0.11320366710424423;0.01687707006931305
0.11259425431489944;0.01456126943230629
0.11483407020568848;0.01521387230604887
0.1146104633808136;0.01494317315518856
0.12615549564361572;0.01685968227684498
0.10533952713012695;0.01410374790430069
0.1007680892944336;0.013740628957748413
0.09789814800024033;0.015078380703926086
0.1129666343331337;0.014407224953174591
0.10585145652294159;0.014762575738132
0.12357395887374878;0.01854410395026207
0.10477510094642639;0.014010362327098846
0.11563128978013992;0.017813224345445633
0.11523498594760895;0.015549981966614723
0.11103934794664383;0.016821548342704773
0.11253984272480011;0.016224581748247147
0.09815970063209534;0.014058639295399189
0.11475632339715958;0.01564796455204487
0.11741109937429428;0.017362486571073532
0.10319198668003082;0.01347639411687851
0.11438719928264618;0.015276320278644562
0.11191178858280182;0.01502988114953041
0.10551303625106812;0.013889200985431671
0.10733939707279205;0.016400186344981194
0.10200807452201843;0.011633682996034622
0.10819034278392792;0.013662678189575672
0.11291350424289703;0.015206805430352688
0.10811164230108261;0.014155955985188484
0.12055215239524841;0.01745796389877796
0.10674478113651276;0.013424270786345005
0.10430283099412918;0.014796344563364983
0.11567258834838867;0.01645674742758274
0.10767747461795807;0.015732230618596077
0.11628898978233337;0.015884101390838623
0.10640019178390503;0.015408898703753948
0.09882767498493195;0.014598243869841099
0.09136714786291122;0.01352353673428297
0.0904264971613884;0.013719126582145691
0.11929295212030411;0.01774977147579193
0.10872149467468262;0.016344238072633743
0.10082397609949112;0.012861808761954308
0.11815585196018219;0.01565784402191639
0.11273805797100067;0.015709104016423225
0.12776485085487366;0.017642416059970856
0.1150762066245079;0.016660818830132484
0.10984113067388535;0.014802337624132633
0.10364512354135513;0.01335054263472557
0.1177394837141037;0.01698162592947483
0.11473333835601807;0.015339551493525505
0.10408394038677216;0.014046432450413704
0.10317423194646835;0.016119904816150665
0.09370863437652588;0.01212829165160656
0.11755290627479553;0.017915574833750725
0.10401667654514313;0.014579227194190025
0.10270093381404877;0.012959829531610012
0.1229693591594696;0.01611545868217945
0.1105010136961937;0.01593141444027424
0.10417920351028442;0.013930960558354855
0.11172512918710709;0.014621329493820667
0.09889209270477295;0.012772963382303715
0.10368302464485168;0.01493888534605503
0.09534406661987305;0.014019948430359364
0.11416880041360855;0.01603659987449646
0.10670189559459686;0.014206549152731895
0.11068740487098694;0.01355118677020073
0.10650848597288132;0.013701033778488636
0.12026795744895935;0.017438681796193123
0.11114729940891266;0.015151754952967167
0.10557695478200912;0.014888148754835129
0.10222764313220978;0.01294737122952938
0.11450419574975967;0.014694718644022942
0.10710332542657852;0.014757908880710602
0.10988921672105789;0.013025887310504913
0.11470961570739746;0.017835592851042747
0.11067242920398712;0.015226580202579498
0.11435844749212265;0.015775419771671295
0.1109808012843132;0.013781257905066013
0.10803171992301941;0.014098353683948517
0.12045060843229294;0.016457239165902138
0.11086522042751312;0.014543737284839153
0.11732686311006546;0.017829440534114838
0.0926261842250824;0.012832581996917725
0.09953589737415314;0.01538926362991333
0.11538328975439072;0.015320410951972008
0.12391875684261322;0.01891282945871353
0.1154460459947586;0.017235107719898224
0.10533414781093597;0.014530167914927006
0.10855347663164139;0.017286617308855057
0.11012108623981476;0.016208231449127197
0.1265835464000702;0.01926218345761299
0.12783756852149963;0.019024908542633057
0.11456355452537537;0.016378767788410187
0.12348727136850357;0.01749231293797493
0.11702994257211685;0.016645802184939384
0.09978368878364563;0.014952133409678936
0.11105207353830338;0.013996634632349014
0.11565866321325302;0.015580262988805771
0.11654307693243027;0.016084972769021988
0.12211207300424576;0.01754356361925602
0.10688482224941254;0.01469302736222744
0.11636523902416229;0.017384853214025497
0.1075754463672638;0.014894528314471245
0.11822571605443954;0.017369171604514122
0.11163166165351868;0.017660265788435936
0.11064253747463226;0.01723724976181984
0.1292300522327423;0.01896882988512516
0.1254633367061615;0.017349548637866974
0.13806632161140442;0.019020650535821915
0.09231829643249512;0.012926672585308552
0.11745918542146683;0.015239324420690536
0.11369462311267853;0.01541278138756752
0.09576759487390518;0.014815055765211582
0.10628923028707504;0.013668138533830643
0.12862807512283325;0.017488393932580948
0.1117331013083458;0.014070820063352585
0.11619877070188522;0.01684246025979519
0.11228430271148682;0.015476909466087818
0.10498711466789246;0.013678397983312607
0.11882270872592926;0.017287148162722588
0.10401184111833572;0.01480463333427906
0.11868896335363388;0.01411963626742363
0.1102989912033081;0.014436673372983932
0.11299166083335876;0.01533459685742855
0.13368511199951172;0.019244829192757607
0.10933893173933029;0.015106801874935627
0.10665085911750793;0.015242406167089939
0.1168990507721901;0.016914188861846924
0.12909859418869019;0.016487814486026764
0.09842495620250702;0.015308153815567493
0.12144473195075989;0.017748819664120674
0.12363775819540024;0.016354242339730263
0.11532599478960037;0.014488929882645607
0.11445537209510803;0.014616995118558407
0.12476269900798798;0.018519602715969086
0.12342306226491928;0.019324183464050293
0.09738695621490479;0.014363963156938553
0.1110752522945404;0.014463592320680618
0.11252856999635696;0.016427163034677505
0.11341270804405212;0.013637874275445938
0.10088388621807098;0.012882862240076065
0.10376055538654327;0.014147546142339706
0.10704108327627182;0.013584612868726254
0.10261443257331848;0.014210845343768597
0.11360392719507217;0.015367243438959122
0.1281498372554779;0.018168915063142776
0.10607440769672394;0.01329608354717493
0.11506839096546173;0.01519323606044054
0.09477278590202332;0.01156526431441307
0.11358802020549774;0.015207655727863312
0.10978254675865173;0.014361544512212276
0.12457721680402756;0.017306601628661156
0.10648064315319061;0.014860512688755989
0.1072452962398529;0.014411041513085365
0.1003333181142807;0.014012802392244339
0.12466613948345184;0.01752646639943123
0.10886669158935547;0.015193849802017212
0.10079909861087799;0.014180032536387444
0.1070757806301117;0.014667886309325695
0.0976678878068924;0.015011449344456196
0.11093001067638397;0.01633387617766857
0.11832556128501892;0.01755273900926113
0.10236167907714844;0.013135603629052639
0.09900328516960144;0.013945348560810089
0.11896520853042603;0.01732552796602249
0.10696611553430557;0.014548796229064465
0.12521646916866302;0.0171864815056324
0.12331900745630264;0.01710493490099907
0.11516965925693512;0.015299969352781773
0.10048489272594452;0.012413553893566132
0.12536731362342834;0.01713481917977333
0.11405950784683228;0.014618419110774994
0.11930932104587555;0.016056988388299942
0.11506202816963196;0.01502394862473011
0.10010936856269836;0.012749424204230309
0.1112658679485321;0.014259180054068565
0.12885527312755585;0.016102906316518784
0.11000536382198334;0.014873053878545761
0.12800846993923187;0.02141052484512329
0.09562019258737564;0.01317666843533516
0.11878655850887299;0.01581374928355217
0.10565043985843658;0.014170743525028229
0.11581307649612427;0.015955446287989616
0.10317971557378769;0.014694256708025932
0.10674037039279938;0.015215037390589714
0.10331010818481445;0.01492778118699789
0.1255134642124176;0.0174226313829422
0.10930569469928741;0.013936787843704224
0.1309271901845932;0.0186057947576046
0.11436612904071808;0.015797827392816544
0.11388874053955078;0.01600497215986252
0.11214146763086319;0.017049916088581085
0.11021464318037033;0.01566956378519535
0.10761229693889618;0.01681242138147354
0.10392807424068451;0.01531614363193512
0.12053437530994415;0.017319727689027786
0.11061730980873108;0.014601371251046658
0.11210374534130096;0.018866349011659622
0.10477481782436371;0.013013292104005814
0.11773305386304855;0.01760091260075569
0.11137165129184723;0.013502812013030052
0.12475716322660446;0.017025304958224297
0.1282464563846588;0.01797163113951683
0.10689668357372284;0.014492712914943695
0.1111052855849266;0.016504980623722076
0.1113307848572731;0.019846811890602112
0.11193031817674637;0.017498938366770744
0.09687644243240356;0.014274876564741135
0.11904868483543396;0.014793336391448975
0.13021092116832733;0.018037790432572365
0.11394920945167542;0.016877641901373863
0.11816032975912094;0.016387294977903366
0.10030055046081543;0.013963313773274422
0.10681096464395523;0.014179665595293045
0.11353348195552826;0.01573825627565384
0.11711112409830093;0.017556797713041306
0.11094927042722702;0.016150005161762238
0.11286339908838272;0.015559322200715542
0.10600055754184723;0.013195404782891273
0.1073581799864769;0.01353684812784195
0.09761345386505127;0.013803331181406975
0.12315922230482101;0.01769973523914814
0.1118781715631485;0.017056748270988464
0.11451948434114456;0.015986915677785873
0.11381940543651581;0.013809490017592907
0.10912582278251648;0.014489156194031239
0.09860984236001968;0.01297644805163145
0.12878882884979248;0.017380012199282646
0.09957772493362427;0.014415585435926914
0.10590872168540955;0.013520447537302971
0.09607836604118347;0.011902314610779285
0.11524976044893265;0.01686195842921734
0.12813010811805725;0.019822094589471817
0.11370262503623962;0.015848150476813316
0.09170566499233246;0.012150467373430729
0.11068660765886307;0.016227366402745247
0.10194513946771622;0.01369810663163662
0.13178351521492004;0.01950535923242569
0.1138191819190979;0.018223688006401062
0.10897780954837799;0.016262788325548172
0.10996801406145096;0.014419380575418472
0.11715953052043915;0.015718303620815277
0.11981391906738281;0.015466956421732903
0.11119788885116577;0.014169387519359589
0.1177797019481659;0.015075011178851128
0.1234295666217804;0.017035014927387238
0.1203133687376976;0.019383296370506287
0.11246977746486664;0.016662320122122765
0.09638354182243347;0.012412315234541893
0.11628276854753494;0.016506213694810867
0.12702924013137817;0.01741737872362137
0.10523536801338196;0.014060115441679955
0.11967936903238297;0.015424881130456924
0.11207897961139679;0.015463866293430328
0.0960865169763565;0.01315291877835989
0.09591856598854065;0.013814774341881275
0.10821616649627686;0.016555095091462135
0.09981554746627808;0.014910886064171791
0.10139301419258118;0.014165282249450684
0.10040247440338135;0.014315572567284107
0.12232790887355804;0.01597532257437706
0.11501310765743256;0.01738646626472473
0.1185782253742218;0.018967390060424805
0.12665608525276184;0.018062196671962738
0.11952793598175049;0.01638495922088623
0.12147300690412521;0.02213636413216591
0.08735182136297226;0.013501540757715702
0.0937831848859787;0.013054079376161098
0.12153589725494385;0.018165770918130875
0.10865350067615509;0.014033911749720573
0.11027517914772034;0.016698433086276054
0.10741977393627167;0.017741350457072258
0.10397035628557205;0.016000399366021156
0.11256903409957886;0.015232485719025135
0.11330507695674896;0.017067978158593178
0.12488820403814316;0.020367152988910675
0.12065200507640839;0.017894944176077843
0.10368095338344574;0.01623706892132759
0.11363250762224197;0.015275736339390278
0.11301621049642563;0.01570926234126091
0.10628752410411835;0.014431256800889969
0.12002436816692352;0.016129396855831146
0.10909634083509445;0.016444247215986252
0.12613222002983093;0.017870241776108742
0.11822499334812164;0.014999810606241226
0.109001524746418;0.014947585761547089
0.09999217092990875;0.014436858706176281
0.1094362884759903;0.015057563781738281
0.10259517282247543;0.014511970803141594
0.10515215992927551;0.015220523811876774
0.11923523247241974;0.015555059537291527
0.11433368176221848;0.01608608290553093
0.10202524811029434;0.013141289353370667
0.10855209827423096;0.013483614660799503
0.10887602716684341;0.014525583013892174
0.110884889960289;0.016086114570498466
0.13080547749996185;0.017548734322190285
0.09578782320022583;0.014168266206979752
0.11380027234554291;0.016895810142159462
0.10819067060947418;0.014904811978340149
0.12346740812063217;0.016467634588479996
0.10452567785978317;0.013508851639926434
0.08895251154899597;0.011209654621779919
0.10916370153427124;0.016398893669247627
0.12178968638181686;0.016498351469635963
0.1135239377617836;0.0142604298889637
0.12191706895828247;0.017942629754543304
0.10802523046731949;0.012767057865858078
0.11383940279483795;0.015636028721928596
0.10662199556827545;0.013803591951727867
0.10456428676843643;0.014815026894211769
0.1116199791431427;0.01532086730003357
0.13220255076885223;0.017570465803146362
0.10319535434246063;0.013654163107275963
0.10515016317367554;0.013986088335514069
0.1167479008436203;0.01866169460117817
0.09906681627035141;0.014791697263717651
0.11734260618686676;0.016149835661053658
0.13084062933921814;0.017840424552559853
0.11681289970874786;0.016738133504986763
0.11398635804653168;0.015736307948827744
0.11501164734363556;0.01482965238392353
0.11918981373310089;0.015494784340262413
0.10537631809711456;0.014118782244622707
0.10969196259975433;0.013648530468344688
0.10490529239177704;0.014081533998250961
0.10224005579948425;0.013928290456533432
0.10067616403102875;0.01391140278428793
0.12428666651248932;0.018930509686470032
0.10071733593940735;0.013217238709330559
0.11782369762659073;0.0169968381524086
0.09656033664941788;0.01277695782482624
0.10567724704742432;0.012634934857487679
0.11358674615621567;0.01670870929956436
0.11934545636177063;0.01829124614596367
0.11921966075897217;0.016205821186304092
0.10402681678533554;0.015575563535094261
0.12000666558742523;0.018091291189193726
0.1236313059926033;0.015451062470674515
0.11025672405958176;0.0165848508477211
0.116134874522686;0.017864737659692764
0.10327169299125671;0.014813030138611794
0.1128072738647461;0.016038354486227036
0.10677558183670044;0.014818022027611732
0.1220206767320633;0.01609264872968197
0.11659662425518036;0.0143347829580307
0.1069502979516983;0.014836778864264488
0.10050185024738312;0.013155506923794746
0.09960213303565979;0.014365509152412415
0.11794932186603546;0.015181983821094036
0.12250658869743347;0.019078398123383522
0.12064195424318314;0.01859099045395851
0.09644246101379395;0.011397927068173885
0.12042862176895142;0.015626711770892143
0.10334475338459015;0.01546679250895977
0.1120692789554596;0.018093708902597427
0.10848455131053925;0.01394649501889944
0.1251111924648285;0.017226438969373703
0.11938896030187607;0.017210593447089195
0.09896370023488998;0.013516003265976906
0.11587554216384888;0.015529461205005646
0.1254694163799286;0.018765654414892197
0.1005139872431755;0.01327400654554367
0.1026628389954567;0.012598313391208649
0.11953500658273697;0.015732811763882637
0.10681094229221344;0.01431160606443882
0.12128867208957672;0.016228126361966133
0.1185104176402092;0.015761559829115868
0.09528565406799316;0.012095518410205841
0.09586304426193237;0.012267513200640678
0.11119456589221954;0.015184870921075344
0.10943479090929031;0.013116438873112202
0.10686110705137253;0.014877866953611374
0.10868477821350098;0.015175110660493374
0.0919402688741684;0.011554324999451637
0.1177382618188858;0.016913820058107376
0.11618587374687195;0.015727370977401733
0.11422482132911682;0.014865005388855934
0.12824928760528564;0.01927500218153
0.09793543070554733;0.012719092890620232
0.11718933284282684;0.01533281896263361
0.10858602076768875;0.014311430975794792
0.11265025287866592;0.014548411592841148
0.11936359107494354;0.018364228308200836
0.117396280169487;0.017939429730176926
0.11277300119400024;0.01735163852572441
0.12105259299278259;0.017185868695378304
0.10210509598255157;0.013276731595396996
0.11427333205938339;0.015472371131181717
0.1117413341999054;0.015931710600852966
0.1265566051006317;0.015397043898701668
0.1107431948184967;0.015808885917067528
0.11636095494031906;0.01629657857120037
0.1036573126912117;0.016474978998303413
0.09840203821659088;0.013720721937716007
0.11871694028377533;0.01761186495423317
0.11239612102508545;0.014042763039469719
0.1049228310585022;0.013194489292800426
0.11158766597509384;0.016332395374774933
0.11780411005020142;0.01615893840789795
0.10824747383594513;0.015553383156657219
0.10460919886827469;0.011650586500763893
0.117474764585495;0.01625492051243782
0.10274969041347504;0.012764831073582172
0.10276159644126892;0.011462707072496414
0.11710045486688614;0.017434006556868553
0.11710813641548157;0.015693649649620056
0.1130712702870369;0.017014510929584503
0.10578854382038116;0.013970618136227131
0.10509942471981049;0.01527795847505331
0.1108536422252655;0.014164782129228115
0.12013915926218033;0.017526939511299133
0.1000874787569046;0.01542767882347107
0.1064392477273941;0.0134954284876585
0.12778908014297485;0.01912267878651619
0.10765859484672546;0.015510663390159607
0.11176683008670807;0.01724426820874214
0.10471586138010025;0.014772853814065456
0.10770923644304276;0.01523892767727375
0.10533757507801056;0.014105353504419327
0.11302133649587631;0.018364418298006058
0.12121567130088806;0.01764049381017685
0.11757352203130722;0.018868163228034973
0.1129215657711029;0.015431101433932781
0.10795630514621735;0.015182479284703732
0.1104145497083664;0.014885121025145054
0.09942643344402313;0.013540186919271946
0.12192600965499878;0.01652798056602478
0.11380121111869812;0.018947158008813858
0.10676640272140503;0.013056881725788116
0.10492514073848724;0.015412731096148491
0.10563500225543976;0.01461217924952507
0.1254182606935501;0.019907748326659203
0.11954201757907867;0.01730421930551529
0.11332085728645325;0.014469802379608154
0.10976837575435638;0.016625355929136276
0.12008851766586304;0.017306864261627197
0.10218152403831482;0.013842448592185974
0.09351839125156403;0.01218391116708517
0.09478893876075745;0.013412943109869957
0.12280775606632233;0.01572362892329693
0.10186345875263214;0.016744397580623627
0.10425887256860733;0.0164557583630085
0.10316930711269379;0.015067492611706257
0.1223248839378357;0.018514301627874374
0.11022219061851501;0.014041266404092312
0.12157405912876129;0.01707771234214306
0.11078856885433197;0.01624773070216179
0.09397324174642563;0.01458406075835228
0.11261773109436035;0.01617238111793995
0.11282700300216675;0.014402208849787712
0.10431677103042603;0.013982892967760563
0.09932012856006622;0.014790275134146214
0.12005531042814255;0.0163344107568264
0.10025654733181;0.015054970979690552
0.10814402252435684;0.015244945883750916
0.12386052310466766;0.014986760914325714
0.10448522865772247;0.014342540875077248
0.12411771714687347;0.01999538019299507
0.10707668960094452;0.014049711637198925
0.13423433899879456;0.0192739088088274
0.10807031393051147;0.01490279845893383
0.10116806626319885;0.01542983390390873
0.11651205271482468;0.01815478503704071
0.10338373482227325;0.015532031655311584
0.1053650826215744;0.014685256406664848
0.10044308751821518;0.01292854081839323
0.10159525275230408;0.014616625383496284
0.11457829922437668;0.015511606819927692
0.12340012192726135;0.018947578966617584
0.10048864781856537;0.013964703306555748
0.11176573485136032;0.0173572339117527
0.10362555086612701;0.013736261054873466
0.11185558140277863;0.016217904165387154
0.10260729491710663;0.011378003284335136
0.10895177721977234;0.01448881346732378
0.11839712411165237;0.01669878140091896
0.10699101537466049;0.013932703994214535
0.1068236231803894;0.01504063606262207
0.09777798503637314;0.014288315549492836
0.10556648671627045;0.015056855045258999
0.0923444852232933;0.011996986344456673
0.10943292081356049;0.014936617575585842
0.12042376399040222;0.01688564196228981
0.10556167364120483;0.014571882784366608
0.10429191589355469;0.01286743301898241
0.10472975671291351;0.013563083484768867
0.10576260089874268;0.015126755461096764
0.1055775135755539;0.013816269114613533
0.107577845454216;0.015808476135134697
0.09657890349626541;0.013444631360471249
0.10377227514982224;0.01478763110935688
0.11529076099395752;0.015431968495249748
0.09474195539951324;0.012322491966187954
0.11110049486160278;0.01174299605190754
0.11940781772136688;0.016254056245088577
0.10792017728090286;0.01508045382797718
0.10329178720712662;0.014685380272567272
0.10532873868942261;0.014914603903889656
0.11550361663103104;0.01557247620075941
0.11480370163917542;0.014100546017289162
0.0988120287656784;0.012297121807932854
0.1011965274810791;0.012345992028713226
0.11244073510169983;0.015436499379575253
0.09164974093437195;0.014140838757157326
0.09675678610801697;0.012777107767760754
0.11775340139865875;0.015432063490152359
0.1269311010837555;0.01810922659933567
0.10538575053215027;0.01544765941798687
0.12148112058639526;0.018852462992072105
0.10392935574054718;0.01597568951547146
0.1023174449801445;0.014117280021309853
0.1189655065536499;0.01856015808880329
0.1119750514626503;0.015840664505958557
0.1104336529970169;0.014275818131864071
0.11520127952098846;0.01726791262626648
0.09893365949392319;0.012723490595817566
0.11355600506067276;0.01292401272803545
0.1061740592122078;0.01511810626834631
0.10642464458942413;0.015418201684951782
0.12489762157201767;0.016268687322735786
0.10518614947795868;0.014228422194719315
0.10817943513393402;0.016444217413663864
0.11149483919143677;0.015935078263282776
0.0998321920633316;0.01424960047006607
0.11328437179327011;0.014837700873613358
0.11959391087293625;0.017300928011536598
0.10823145508766174;0.014895599335432053
0.11215956509113312;0.016610782593488693
0.103309765458107;0.01418566145002842
0.11522947996854782;0.01625596545636654
0.13020402193069458;0.016596000641584396
0.12006698548793793;0.01706233248114586
0.11006209999322891;0.015201101079583168
0.11446057260036469;0.017913270741701126
0.11279776692390442;0.01479085348546505
0.10222111642360687;0.014584355056285858
0.10862524062395096;0.015187515877187252
0.12368607521057129;0.017518164590001106
0.11150478571653366;0.016470186412334442
0.1102965921163559;0.015863778069615364
0.10423542559146881;0.01454857923090458
0.1194436103105545;0.015420230105519295
0.1161215677857399;0.017859838902950287
0.10799106955528259;0.018819164484739304
0.1178053766489029;0.015057320706546307
0.11299242079257965;0.016125023365020752
0.1035618707537651;0.014115381054580212
0.11054375022649765;0.014659332111477852
0.10486899316310883;0.014957373961806297
0.09894151985645294;0.01417290885001421
0.10496431589126587;0.014233341440558434
0.11836858093738556;0.01668483391404152
0.10986113548278809;0.01596147008240223
0.1094960868358612;0.01548630278557539
0.12389853596687317;0.01888640597462654
0.11937558650970459;0.016853243112564087
0.10844945907592773;0.01640121452510357
0.11372106522321701;0.015378471463918686
0.11468766629695892;0.015529238618910313
0.10110754519701004;0.014263506978750229
0.13196878135204315;0.019609998911619186
0.1126558855175972;0.01753000169992447
0.1100548505783081;0.015077276155352592
0.11636334657669067;0.01771186664700508
0.10693514347076416;0.013585435226559639
0.11199310421943665;0.015366102568805218
0.0960538387298584;0.013158593326807022
0.11286398023366928;0.01618685945868492
0.11437197029590607;0.01682203635573387
0.11851333826780319;0.01831798069179058
0.11526954919099808;0.014554290100932121
0.10347332060337067;0.01469741202890873
0.1280507892370224;0.019395602867007256
0.09984161704778671;0.013529258780181408
0.10629543662071228;0.015980161726474762
0.10475622117519379;0.01621900126338005
0.10319782048463821;0.016678251326084137
0.11601424962282181;0.01688765175640583
0.11659783869981766;0.014811443164944649
0.1192483901977539;0.01667824760079384
0.10633976757526398;0.015141461975872517
0.11243724822998047;0.015602217987179756
0.13256248831748962;0.017138753086328506
0.09422910213470459;0.013239328749477863
0.11627785116434097;0.01668493263423443
0.09437187761068344;0.012645283713936806
0.10549677908420563;0.013966565951704979
0.11038786172866821;0.015553480014204979
0.11943715810775757;0.020752832293510437
0.10399765521287918;0.014236759394407272
0.10129430890083313;0.015030095353722572
0.10765844583511353;0.0129141416400671
0.11768357455730438;0.017003420740365982
0.1048908531665802;0.013564742170274258
0.10482308268547058;0.014583796262741089
0.11891434341669083;0.019248858094215393
0.10405111312866211;0.01400558091700077
0.11163172125816345;0.014212499372661114
0.10737280547618866;0.015390396118164062
0.10992350429296494;0.015462720766663551
0.12427017092704773;0.016858253628015518
0.1152416318655014;0.016580626368522644
0.11224046349525452;0.015909845009446144
0.11206935346126556;0.016589345410466194
0.1285766065120697;0.01766788959503174
0.10323376953601837;0.014156969264149666
0.11113138496875763;0.017489254474639893
0.0949878841638565;0.013215260580182076
0.12028982490301132;0.015860160812735558
0.13321247696876526;0.017964977771043777
0.1073053777217865;0.015077117830514908
0.1107209101319313;0.015338889323174953
0.11126002669334412;0.016088880598545074
0.11147541552782059;0.017185045406222343
0.1139737144112587;0.017686251550912857
0.09599818289279938;0.013340462930500507
0.11692290008068085;0.015367467887699604
0.10853332281112671;0.014453875832259655
0.11427218466997147;0.01485434640198946
0.1163121834397316;0.016683967784047127
0.1021178811788559;0.016410699114203453
0.11075184494256973;0.01605048030614853
0.0993226170539856;0.014327945187687874
0.11480320245027542;0.015116867609322071
0.11598175019025803;0.01810573600232601
0.09778817743062973;0.01410704292356968
0.11534180492162704;0.01438642106950283
0.1146523505449295;0.015934370458126068
0.11066022515296936;0.01711690053343773
0.09913848340511322;0.014795328490436077
0.09870287030935287;0.012379367835819721
0.11211877316236496;0.01369765680283308
0.10116584599018097;0.014655394479632378
0.1125960573554039;0.015479722991585732
0.11316874623298645;0.0177934393286705
0.1079665869474411;0.013660477474331856
0.10737858712673187;0.01618080586194992
0.10409107804298401;0.014680459164083004
0.12368792295455933;0.016756217926740646
0.11697019636631012;0.014359001070261002
0.12899282574653625;0.01845831423997879
0.1067037433385849;0.014901798218488693
0.09806816279888153;0.012574195861816406
0.10526605695486069;0.01540800929069519
0.12235794216394424;0.018175341188907623
0.11164829134941101;0.017352240160107613
0.11513016372919083;0.016996055841445923
0.11322888731956482;0.01791663095355034
0.1197153776884079;0.016256701201200485
0.09942340850830078;0.013941437937319279
0.10775821655988693;0.017123576253652573
0.10065825283527374;0.014913853257894516
0.10711318999528885;0.015890566632151604
0.10724776983261108;0.013746747747063637
0.09527067095041275;0.012217773124575615
0.12231601774692535;0.017114480957388878
0.11038373410701752;0.015541808679699898
0.10820111632347107;0.013863049447536469
0.11019129306077957;0.015146667137742043
0.10188581049442291;0.016501983627676964
0.11495091766119003;0.015635475516319275
0.11007288843393326;0.016682786867022514
0.10271294414997101;0.01524108275771141
0.11992480605840683;0.016976039856672287
0.10196025669574738;0.01535620354115963
0.11059102416038513;0.01718820445239544
0.11186794191598892;0.016987256705760956
0.09753604978322983;0.014244355261325836
0.12770938873291016;0.019036203622817993
0.10271769762039185;0.014938048087060452
0.1091475784778595;0.016238342970609665
0.1023867279291153;0.012693183496594429
0.10115883499383926;0.013516303151845932
0.10458652675151825;0.01509297639131546
0.11760972440242767;0.017211582511663437
0.11235339939594269;0.015029136091470718
0.10019712150096893;0.01329120434820652
0.11191576719284058;0.01498130988329649
0.11973139643669128;0.01648543030023575
0.11697416007518768;0.01617550477385521
0.11553676426410675;0.017958253622055054
0.10691232979297638;0.015862155705690384
0.1275038868188858;0.01740921474993229
0.09723201394081116;0.013689801096916199
0.11755850166082382;0.01756497099995613
0.11596602201461792;0.016758300364017487
0.10319167375564575;0.014136780053377151
0.1103515550494194;0.015852482989430428
0.10851676762104034;0.01423964835703373
0.10489705204963684;0.01330413669347763
0.12421133369207382;0.019141878932714462
0.12031224370002747;0.01776205748319626
0.10780816525220871;0.013692928478121758
0.09542958438396454;0.014841809868812561
0.11336929351091385;0.017090486362576485
0.10098576545715332;0.014441920444369316
0.10618092119693756;0.013838963583111763
0.11551637202501297;0.016155194491147995
0.11797237396240234;0.01948050782084465
0.11159667372703552;0.014070674777030945
0.10743121057748795;0.0162318404763937
0.12953034043312073;0.017293529585003853
0.11291609704494476;0.01387050375342369
0.10048183053731918;0.013797145336866379
0.11921490728855133;0.01721760630607605
0.1070590615272522;0.015968304127454758
0.11742398142814636;0.0161863062530756
0.10815442353487015;0.017425280064344406
0.10778476297855377;0.015072846785187721
0.10578548163175583;0.012817461043596268
0.11854545772075653;0.016295507550239563
0.12051349878311157;0.01880285143852234
0.11372267454862595;0.015316864475607872
0.10061579942703247;0.013001862913370132
0.11574793606996536;0.013839364051818848
0.10842695087194443;0.013719912618398666
0.11126147955656052;0.015075547620654106
0.12282579392194748;0.018375517800450325
0.1006670594215393;0.013101139105856419
0.10793156921863556;0.01314598135650158
0.11140776425600052;0.017862658947706223
0.10529603064060211;0.014784225262701511
0.11282753944396973;0.016406498849391937
0.10412585735321045;0.014289764687418938
0.10930752754211426;0.0168832428753376
0.1068783849477768;0.013912441208958626
0.09866855293512344;0.012127680703997612
0.11592952907085419;0.01651296392083168
0.11034265160560608;0.01829437166452408
0.1167769730091095;0.016131006181240082
0.1113099753856659;0.01612592674791813
0.12163697183132172;0.017706874758005142
0.10882624983787537;0.01496147457510233
0.12096597254276276;0.01728050224483013
0.11029751598834991;0.01523856446146965
0.11628563702106476;0.01652064546942711
0.09960471838712692;0.011890215799212456
0.1129164770245552;0.016433242708444595
0.12690091133117676;0.01772894710302353
0.10684283077716827;0.01301225833594799
0.10425526648759842;0.014335484243929386
0.10263635218143463;0.01414633821696043
0.10941936075687408;0.017511101439595222
0.10559511184692383;0.014280101284384727
0.12368465960025787;0.018734551966190338
0.10018110275268555;0.012947158887982368
0.11072757840156555;0.01347772590816021
0.10594779998064041;0.01520809531211853
0.12521779537200928;0.017314691096544266
0.11754507571458817;0.018794028088450432
0.1261608898639679;0.020059987902641296
0.12005980312824249;0.014711026102304459
0.11997917294502258;0.017717644572257996
0.10502389073371887;0.015582854859530926
0.12976951897144318;0.018366187810897827
0.12761050462722778;0.019041411578655243
0.1166658103466034;0.01695215329527855
0.11260990798473358;0.014835701324045658
0.10879552364349365;0.014465443789958954
0.11858320236206055;0.017348162829875946
0.1251019686460495;0.019916027784347534
0.10552257299423218;0.014921553432941437
0.10924214124679565;0.014182733371853828
0.11595815420150757;0.014613449573516846
0.12103358656167984;0.01690017059445381
0.1168365329504013;0.016652269288897514
0.13230587542057037;0.017324943095445633
0.10301059484481812;0.014083623886108398
0.11477692425251007;0.015586144290864468
0.115996353328228;0.015805164352059364
0.10593882203102112;0.014654484577476978
0.1169990599155426;0.01507292129099369
0.12198835611343384;0.01653178036212921
0.12406015396118164;0.01767009124159813
0.10951651632785797;0.016668658703565598
0.11081564426422119;0.01639123447239399
0.10739658772945404;0.01607721485197544
0.10761457681655884;0.01351007167249918
0.10884664952754974;0.014251027256250381
0.09392914175987244;0.010625998489558697
0.10858102887868881;0.01418276410549879
0.11887285113334656;0.018290646374225616
0.10199311375617981;0.012686408124864101
0.10387999564409256;0.014672094024717808
0.11741919815540314;0.017317669466137886
0.10999429225921631;0.013464290648698807
0.10622294247150421;0.014665082097053528
0.09671631455421448;0.011071532964706421
0.11718186736106873;0.017212413251399994
0.12268991023302078;0.017889780923724174
0.10664631426334381;0.014922434464097023
0.1018078625202179;0.013275987468659878
0.11409032344818115;0.01578051969408989
0.11119216680526733;0.016244322061538696
0.114199198782444;0.015538576059043407
0.10270951688289642;0.01489238627254963
0.10867851227521896;0.013905012980103493
0.11900167912244797;0.015993816778063774
0.10337666422128677;0.016449179500341415
0.09298841655254364;0.012778683565557003
0.10044890642166138;0.0138288214802742
0.11796851456165314;0.016594363376498222
0.11061462759971619;0.013245003297924995
0.08948507159948349;0.011391342617571354
0.1150166317820549;0.015548232942819595
0.1064375713467598;0.014143528416752815
0.12361234426498413;0.017130780965089798
0.11585947871208191;0.014915361069142818
0.10451292991638184;0.014136411249637604
0.10219220072031021;0.014749230816960335
0.10991998016834259;0.014519262127578259
0.09930938482284546;0.014067735522985458
0.11242768168449402;0.015545211732387543
0.11908683180809021;0.01675279811024666
0.10932539403438568;0.014743347652256489
0.11800281703472137;0.01947186514735222
0.1114172413945198;0.01723543368279934
0.10739081352949142;0.01762295328080654
0.11103396117687225;0.016810784116387367
0.11712390184402466;0.01719384454190731
0.10042060911655426;0.014441750012338161
0.10463941097259521;0.013564897701144218
0.13077184557914734;0.018695399165153503
0.09930747002363205;0.013484690338373184
0.09868419170379639;0.013860880397260189
0.10061763226985931;0.012681093998253345
0.12122239172458649;0.01681911200284958
0.12064655125141144;0.017988741397857666
0.1265738159418106;0.01861242577433586
0.10213467478752136;0.014135675504803658
0.11381329596042633;0.015035295858979225
0.11742445826530457;0.016673127189278603
0.13054576516151428;0.01814858429133892
0.09945392608642578;0.012238804250955582
0.11092723906040192;0.016213998198509216
0.0992661565542221;0.014462356455624104
0.13534992933273315;0.019312065094709396
0.10766786336898804;0.015213805250823498
0.11658743023872375;0.014802686870098114
0.11637735366821289;0.017201820388436317
0.11763983219861984;0.016870448365807533
0.10667846351861954;0.013013284653425217
0.10490123927593231;0.014330074191093445
0.10500233620405197;0.013265191577374935
0.1036275327205658;0.016531942412257195
0.11593428254127502;0.015558850951492786
0.09259280562400818;0.013398917391896248
0.12099313735961914;0.015829499810934067
0.11377902328968048;0.016467269510030746
0.12187661975622177;0.017362304031848907
0.10695074498653412;0.015015758574008942
0.12461496889591217;0.017725929617881775
0.10975036025047302;0.016828523948788643
0.11617275327444077;0.017300575971603394
0.1050281673669815;0.015153062529861927
0.12024296820163727;0.01660122163593769
0.12788742780685425;0.016232600435614586
0.09851187467575073;0.01280992291867733
0.11229028552770615;0.01533789187669754
0.11043498665094376;0.01606544479727745
0.1252559870481491;0.017219340428709984
0.10729758441448212;0.013737763278186321
0.10455915331840515;0.013813255354762077
0.11539942026138306;0.015844877809286118
0.10101530700922012;0.01346784271299839
0.11139225959777832;0.015040511265397072
0.11097638309001923;0.01696281135082245
0.10686905682086945;0.012415008619427681
0.11401498317718506;0.016345035284757614
0.10490642488002777;0.01336733065545559
0.11541426181793213;0.014633985236287117
0.10007217526435852;0.013023103587329388
0.11672884970903397;0.01878643035888672
0.1012330874800682;0.015614470466971397
0.11650410294532776;0.017536619678139687
0.10067033767700195;0.013309238478541374
0.11291103065013885;0.013386907055974007
0.09830415993928909;0.013316802680492401
0.11657573282718658;0.016158653423190117
0.09698645025491714;0.013480733148753643
0.12019600719213486;0.016138646751642227
0.11666890233755112;0.01837744750082493
0.11000677198171616;0.013880289159715176
0.12476446479558945;0.01700589619576931
0.11524541676044464;0.016358133405447006
0.09847371280193329;0.011353565379977226
0.12358149886131287;0.016815602779388428
0.1159907877445221;0.01682063192129135
0.10381735861301422;0.014997661113739014
0.11175229400396347;0.01523347944021225
0.11714960634708405;0.016695404425263405
0.11774590611457825;0.01635529287159443
0.10720108449459076;0.014611850492656231
0.11814376711845398;0.018245503306388855
0.10864344239234924;0.014170467853546143
0.12240296602249146;0.0177067331969738
0.1164005771279335;0.017014911398291588
0.11561772227287292;0.017224859446287155
0.12077577412128448;0.01604173704981804
0.11225997656583786;0.016687404364347458
0.09280837327241898;0.013538412749767303
0.11272725462913513;0.015862327069044113
0.10373660176992416;0.014245632104575634
0.1165367141366005;0.016325494274497032
0.11803169548511505;0.0173744335770607
0.1055440753698349;0.015207560732960701
0.12402111291885376;0.018633227795362473
0.11357071250677109;0.01605071872472763
0.10014896839857101;0.014791298657655716
0.11878810822963715;0.014745187014341354
0.10664579272270203;0.01634080894291401
0.11896079778671265;0.016818232834339142
0.10997233539819717;0.018305566161870956
0.11840098351240158;0.01683463528752327
0.10234852135181427;0.01284866128116846
0.11370415985584259;0.015198595821857452
0.11628513038158417;0.016200659796595573
0.10976701974868774;0.016582271084189415
0.12481232732534409;0.01410336047410965
0.1218690574169159;0.017383567988872528
0.10609545558691025;0.014254494570195675
0.1212855726480484;0.016321083530783653
0.11556829512119293;0.01579013280570507
0.11522546410560608;0.018684761598706245
0.11942898482084274;0.018640954047441483
0.11349653452634811;0.016030944883823395
0.11938904225826263;0.015690956264734268
0.10708355903625488;0.013000274077057838
0.09539548307657242;0.01529459748417139
0.12950831651687622;0.019628921523690224
0.09600859880447388;0.013949884101748466
0.12571880221366882;0.017339903861284256
0.11009101569652557;0.013676978647708893
0.10662879794836044;0.015693530440330505
0.10629157721996307;0.013779832050204277
0.11654474586248398;0.016575900837779045
0.09636487066745758;0.013712884858250618
0.13098281621932983;0.018222657963633537
0.10897146165370941;0.014652285724878311
0.10432811081409454;0.013269939459860325
0.11227475106716156;0.014714610762894154
0.10074140131473541;0.015336474403738976
0.11086186021566391;0.014988130889832973
0.10087011754512787;0.013194240629673004
0.11360391229391098;0.015475468710064888
0.1293565034866333;0.017254997044801712
0.10857558250427246;0.013058334589004517
0.11889511346817017;0.016776984557509422
0.11953271925449371;0.016845107078552246
0.11396123468875885;0.015620453283190727
0.10145094245672226;0.013569645583629608
0.12556485831737518;0.01664263755083084
0.11925923079252243;0.017817199230194092
0.10494402796030045;0.013586858287453651
0.11808933317661285;0.01600078120827675
0.10867439955472946;0.01485166884958744
0.12580755352973938;0.017831437289714813
0.11889278143644333;0.01487826555967331
0.11676493287086487;0.014728287234902382
0.11590330302715302;0.015082712285220623
0.10783885419368744;0.013512076810002327
0.09958699345588684;0.013734892942011356
0.10613314807415009;0.014771124348044395
0.12323333323001862;0.01881285384297371
0.10657361149787903;0.015064671635627747
0.11120155453681946;0.015363589860498905
0.1051066517829895;0.013932494446635246
0.12128312140703201;0.014124379493296146
0.11668124794960022;0.017053160816431046
0.12461920827627182;0.019994139671325684
0.11724983155727386;0.016127988696098328
0.10191678255796432;0.01335261669009924
0.11686405539512634;0.015645546838641167
0.11324559152126312;0.014358987100422382
0.102004274725914;0.014719773083925247
0.1101040169596672;0.01426893100142479
0.11598426848649979;0.01662137359380722
0.11025017499923706;0.01467961072921753
0.11189395189285278;0.014783676713705063
0.12620407342910767;0.017818566411733627
0.09944410622119904;0.014407914131879807
0.11519884318113327;0.014396676793694496
0.11758860945701599;0.015358809381723404
0.12014225125312805;0.01611100323498249
0.099809929728508;0.012674432247877121
0.11041006445884705;0.01684918813407421
0.11543479561805725;0.017164507880806923
0.110818050801754;0.01527397520840168
0.10421133786439896;0.015070906840264797
0.10840584337711334;0.015039768069982529
0.09437976032495499;0.013866637833416462
0.0951334610581398;0.012370998971164227
0.10638391971588135;0.012661718763411045
0.10506059229373932;0.013772993348538876
0.11807268857955933;0.017952444031834602
0.11305001378059387;0.015064101666212082
0.09553232789039612;0.012964127585291862
0.11296115070581436;0.016409359872341156
0.11084313690662384;0.015321160666644573
0.09792304039001465;0.011764641851186752
0.10971089452505112;0.01657145284116268
0.10723381489515305;0.013409227132797241
0.10926524549722672;0.015367012470960617
0.10761626064777374;0.016505345702171326
0.12282854318618774;0.017829110845923424
0.1104932427406311;0.014549287036061287
0.10530027747154236;0.015292271971702576
0.0987522080540657;0.01400261465460062
0.10494992136955261;0.01351854857057333
0.0975232943892479;0.01473621092736721
0.13178971409797668;0.019864892587065697
0.11079813539981842;0.015415697358548641
0.10989507287740707;0.015236779116094112
0.09853509068489075;0.01386465784162283
0.12487640976905823;0.01747322455048561
0.11504945158958435;0.016264379024505615
0.0891435444355011;0.010806813836097717
0.1154344230890274;0.015168372541666031
0.10197065770626068;0.0157003290951252
0.11534501612186432;0.014082774519920349
0.10817699134349823;0.015204368159174919
0.12449340522289276;0.018758513033390045
0.12201587110757828;0.014698085375130177
0.10937564074993134;0.013392689637839794
0.10314512252807617;0.013812770135700703
0.11396890878677368;0.01450388878583908
0.1171320453286171;0.01699121855199337
0.11621072143316269;0.01594955287873745
0.1176024004817009;0.016971349716186523
0.10505615174770355;0.015225108712911606
0.10827575623989105;0.01752941682934761
0.1036132425069809;0.015359895303845406
0.11624309420585632;0.016332855448126793
0.11604932695627213;0.015827760100364685
0.1107042133808136;0.016085127368569374
0.11435255408287048;0.017167992889881134
0.11773566156625748;0.017041686922311783
0.12251128256320953;0.01776767335832119
0.11001773923635483;0.01384514756500721
0.10283909738063812;0.014920137822628021
0.10427296161651611;0.01241152361035347
0.107754647731781;0.013447228819131851
0.12125909328460693;0.017393367365002632
0.11015593260526657;0.015654919669032097
0.1089354008436203;0.01787453144788742
0.11854004859924316;0.017260724678635597
0.10879310220479965;0.013240819796919823
0.11121906340122223;0.014285736717283726
0.11553199589252472;0.01601508818566799
0.12890565395355225;0.01937764137983322
0.11729302257299423;0.016892217099666595
0.10439091920852661;0.012854576110839844
0.11871884763240814;0.01604696735739708
0.11151869595050812;0.01519216038286686
0.1112901121377945;0.01415642537176609
0.11430676281452179;0.015156721696257591
0.13220766186714172;0.01960238441824913
0.11746133863925934;0.01800188235938549
0.10874643176794052;0.01466977410018444
0.10630190372467041;0.015973834320902824
0.10801736265420914;0.013880427926778793
0.09573410451412201;0.013027731329202652
0.11649724096059799;0.016168031841516495
0.10793241113424301;0.01653186045587063
0.10805678367614746;0.015421640127897263
0.10658571124076843;0.014369379729032516
0.12024537473917007;0.017260883003473282
0.1151019036769867;0.016289861872792244
0.1020769327878952;0.01371053233742714
0.09738002717494965;0.01346094161272049
0.11180168390274048;0.017963912338018417
0.1094403862953186;0.014642906375229359
0.11107676476240158;0.01506619993597269
0.10447832942008972;0.014028605073690414
0.10531213879585266;0.014144467189908028
0.10683131217956543;0.013038177974522114
0.11135430634021759;0.016108516603708267
0.10634273290634155;0.013018867000937462
0.1158757284283638;0.020525094121694565
0.11193699389696121;0.01615874283015728
0.11639866232872009;0.019457440823316574
0.13401804864406586;0.017595959827303886
0.1049804612994194;0.013225254602730274
0.10768962651491165;0.015277314931154251
0.11956285685300827;0.0186210535466671
0.10258010029792786;0.014145027846097946
0.09611748903989792;0.014497337862849236
0.11107520759105682;0.015659017488360405
0.12602397799491882;0.01822165958583355
0.10550790280103683;0.014382496476173401
0.10770796984434128;0.016489144414663315
0.12159458547830582;0.017869137227535248
0.10704724490642548;0.013190116733312607
0.10400618612766266;0.012275989167392254
0.11704640835523605;0.01876913383603096
0.11383824050426483;0.01663673110306263
0.10842803120613098;0.01598554290831089
0.09687945991754532;0.014380759559571743
0.1060471162199974;0.014220044948160648
0.10887236893177032;0.014973238110542297
0.11246179789304733;0.016823269426822662
0.10587155818939209;0.01629776507616043
0.10602204501628876;0.014868303202092648
0.10202569514513016;0.013561326079070568
0.11336217820644379;0.015597434714436531
0.109010711312294;0.014819063246250153
0.11163266003131866;0.016086667776107788
0.09518177807331085;0.013627043925225735
0.10343708097934723;0.013573113828897476
0.11014154553413391;0.0141975162550807
0.11346516013145447;0.014369216747581959
0.103366419672966;0.015365572646260262
0.11688195914030075;0.015466365963220596
0.1117480993270874;0.01658005639910698
0.10877923667430878;0.015138203278183937
0.12002059072256088;0.015956297516822815
0.1200660914182663;0.016667980700731277
0.11006356030702591;0.013587860390543938
0.11439036577939987;0.016313038766384125
0.09993822127580643;0.013421542011201382
0.11916061490774155;0.016423776745796204
0.08876778930425644;0.012249164283275604
0.09653987735509872;0.012621806003153324
0.11063531041145325;0.01393926702439785
0.1059953048825264;0.014283115975558758
0.11541565507650375;0.015910178422927856
0.12036752700805664;0.015238719061017036
0.10655729472637177;0.014677638188004494
