TV;KL
1.9999850988388062;14.567373275756836
1.7409887313842773;8.6500244140625
1.5313308238983154;8.690652847290039
1.492016315460205;9.563806533813477
1.5347497463226318;9.74163818359375
1.5912058353424072;9.404572486877441
1.6203958988189697;8.781269073486328
1.6169062852859497;7.768640041351318
1.612151861190796;6.9101128578186035
1.6073689460754395;6.23063850402832
1.588464379310608;5.464719772338867
1.554787278175354;4.861478328704834
1.521066665649414;4.354644775390625
1.4978420734405518;3.86954402923584
1.4638901948928833;3.454347610473633
1.442453145980835;3.1237239837646484
1.414196252822876;2.776932716369629
1.3708465099334717;2.564544200897217
1.33943510055542;2.3130087852478027
1.3159427642822266;2.085413932800293
1.2765804529190063;1.896357536315918
1.2396208047866821;1.763545274734497
1.22907555103302;1.6056684255599976
1.1989846229553223;1.4682912826538086
1.179824948310852;1.3639822006225586
1.1485347747802734;1.2875306606292725
1.1279466152191162;1.168989658355713
1.1060700416564941;1.1063232421875
1.0901281833648682;1.046614170074463
1.0974936485290527;1.0216524600982666
1.073354721069336;0.9441056847572327
1.0540869235992432;0.8811056613922119
1.056687831878662;0.8798688054084778
1.0320329666137695;0.8276247382164001
1.034265160560608;0.8046054244041443
1.028393030166626;0.7552756667137146
1.0185980796813965;0.7330684661865234
1.0119142532348633;0.7246143221855164
1.006538987159729;0.6979143619537354
1.0024714469909668;0.6811261773109436
0.996816098690033;0.6684326529502869
0.9950366020202637;0.6570258140563965
0.9922677278518677;0.6328940391540527
0.9931837320327759;0.6276301741600037
0.993517279624939;0.628040611743927
0.9903091788291931;0.6065000891685486
0.9894659519195557;0.6087233424186707
0.9878256320953369;0.5827174782752991
0.9877244234085083;0.5887283086776733
0.9886729121208191;0.5796269178390503
0.9895340800285339;0.5775999426841736
0.9900548458099365;0.5734571814537048
0.9874868988990784;0.5661632418632507
0.9892750978469849;0.5660972595214844
0.987515926361084;0.5633645057678223
0.9872016906738281;0.5549842715263367
0.9882014989852905;0.5545926094055176
0.9879107475280762;0.5545051097869873
0.9888625144958496;0.5507684350013733
0.9876899719238281;0.5499764084815979
0.9870692491531372;0.551456093788147
0.9882370829582214;0.5452183485031128
0.9873968362808228;0.5433458089828491
0.9873323440551758;0.5482845902442932
0.9878684878349304;0.5464816093444824
0.9882494211196899;0.5431338548660278
0.9870890974998474;0.5408892631530762
0.9881888628005981;0.5407158136367798
0.9874939322471619;0.545140266418457
0.9882400035858154;0.5381660461425781
0.9872919321060181;0.5362704992294312
0.9882346391677856;0.5383373498916626
0.9892778992652893;0.5419501662254333
0.9872695207595825;0.5365106463432312
0.9881135821342468;0.5379455089569092
0.9877691268920898;0.53905189037323
0.9876621961593628;0.5378908514976501
0.9872349500656128;0.5367311835289001
0.9878391027450562;0.5344566702842712
0.9873447418212891;0.5376169681549072
0.9876033663749695;0.5388002395629883
0.9877545833587646;0.5353959798812866
0.9882530570030212;0.5387130379676819
0.9879062175750732;0.5375844836235046
0.9879410266876221;0.5346465706825256
0.9881244897842407;0.5376436114311218
0.9882546067237854;0.5363045334815979
0.9883345365524292;0.5351688265800476
0.9886417388916016;0.5364465117454529
0.988599419593811;0.5359415411949158
0.9889992475509644;0.5369836688041687
0.9897586107254028;0.5372547507286072
0.9892634153366089;0.5361781120300293
0.9889662861824036;0.536003589630127
0.988429069519043;0.5377382636070251
0.9896716475486755;0.5343645811080933
0.9894492626190186;0.5362842082977295
0.9883924126625061;0.5338788032531738
0.9877820014953613;0.5378250479698181
0.9885745048522949;0.5365004539489746
0.9902225732803345;0.5367701649665833
0.9885947704315186;0.537529706954956
0.9883483052253723;0.5353355407714844
0.9880552291870117;0.5351113677024841
0.9883130192756653;0.5380312204360962
0.9891718626022339;0.5355521440505981
0.9887436628341675;0.5350878238677979
0.9879432320594788;0.5336899757385254
0.9887740612030029;0.5362315773963928
0.9877902269363403;0.5354271531105042
0.9882310628890991;0.5375032424926758
0.9880431890487671;0.5344144105911255
0.9887877702713013;0.5350052714347839
0.9888262748718262;0.5357158780097961
0.9900345802307129;0.536680281162262
0.9885683059692383;0.5360087156295776
0.9879485368728638;0.5334457755088806
0.9896503686904907;0.5374407172203064
0.9895635843276978;0.535763680934906
0.9894574880599976;0.5367639064788818
0.9890251159667969;0.5355291962623596
0.9891256093978882;0.5378992557525635
0.9893418550491333;0.533808171749115
0.9897586703300476;0.5354875326156616
0.9890174865722656;0.5342618227005005
0.9892356395721436;0.5369833111763
0.9899433851242065;0.5380836725234985
0.9880622625350952;0.5345559120178223
0.989471971988678;0.5341908931732178
0.989476203918457;0.5361562967300415
0.9890466332435608;0.540094792842865
0.9893129467964172;0.5373506546020508
0.9890978932380676;0.5331688523292542
0.9896026849746704;0.537405788898468
0.9885088205337524;0.5330243110656738
0.9894055128097534;0.5384805798530579
0.9886209964752197;0.5375354290008545
0.9884219765663147;0.5367769002914429
0.9887215495109558;0.5357017517089844
0.9895534515380859;0.5361870527267456
0.989331841468811;0.5336858034133911
0.9903702735900879;0.5412976741790771
0.9904648065567017;0.5379568338394165
0.9888644218444824;0.5343968868255615
0.9889435768127441;0.5346620082855225
0.9896311163902283;0.5397729873657227
0.9896689653396606;0.537868082523346
0.9903082847595215;0.5366567373275757
0.9883108139038086;0.5374499559402466
0.9893505573272705;0.5381027460098267
0.9895505309104919;0.5374164581298828
0.9893323183059692;0.5370635986328125
0.989273190498352;0.5390354990959167
0.9916396141052246;0.5393726825714111
0.9897297024726868;0.537483274936676
0.9897501468658447;0.5370524525642395
0.9884803295135498;0.5365861654281616
0.9893910884857178;0.5377956628799438
0.9897876381874084;0.534512460231781
0.9896661639213562;0.5371174216270447
0.9888013601303101;0.5355352163314819
0.9892789721488953;0.537079930305481
0.9884173274040222;0.536338210105896
0.988899827003479;0.5366837978363037
0.9905545115470886;0.5369004607200623
0.9888958930969238;0.536368727684021
0.9897439479827881;0.5376553535461426
0.9890957474708557;0.5363253355026245
0.9910598993301392;0.5388227701187134
0.9884428977966309;0.5354648232460022
0.989383339881897;0.5369597673416138
0.988919198513031;0.5363717079162598
0.989309549331665;0.5328011512756348
0.9897855520248413;0.5363039970397949
0.9894211292266846;0.5390529036521912
0.9904881119728088;0.5380189418792725
0.9895426034927368;0.5378466248512268
0.990551769733429;0.5356045961380005
0.9894105195999146;0.5380927324295044
0.9895944595336914;0.5373806953430176
0.9889573454856873;0.5332234501838684
0.9913901090621948;0.542170524597168
0.9897012710571289;0.5371363759040833
0.9891972541809082;0.5378276109695435
0.9898831248283386;0.5363189578056335
0.9894753694534302;0.5376164317131042
0.9899449348449707;0.5372636318206787
0.9889324903488159;0.535394549369812
0.9901233911514282;0.537266731262207
0.988795280456543;0.5361855626106262
0.9902669787406921;0.5386084318161011
0.9887081980705261;0.5368221998214722
0.9898613691329956;0.5336552858352661
0.9884566068649292;0.5346150994300842
0.989388644695282;0.5342578887939453
0.9894578456878662;0.5369863510131836
0.9907487630844116;0.5361016392707825
0.9892855882644653;0.5379680395126343
0.9894470572471619;0.5366817712783813
0.9891002178192139;0.5357743501663208
0.9898701906204224;0.5350862741470337
0.989341139793396;0.536665678024292
0.9903901815414429;0.5382011532783508
0.9892783164978027;0.5373380780220032
0.9893033504486084;0.5368504524230957
0.9901494979858398;0.5359373688697815
0.9891085028648376;0.5381494164466858
0.9892448782920837;0.53568434715271
0.9890201091766357;0.5341309905052185
0.9889971017837524;0.5377803444862366
0.989133894443512;0.5361118912696838
0.9904772043228149;0.5378608107566833
0.9900100231170654;0.5341960787773132
0.989728569984436;0.5379002094268799
0.9897616505622864;0.5371478199958801
0.9897874593734741;0.5346929430961609
0.9905498623847961;0.5394077897071838
0.9916543960571289;0.5392844676971436
0.9891579151153564;0.5372920036315918
0.9895544648170471;0.5357195734977722
0.9896453619003296;0.5348950624465942
0.9907123446464539;0.5386052131652832
0.9897505044937134;0.5382651090621948
0.9899871945381165;0.5362807512283325
0.989753246307373;0.5369857549667358
0.9891726970672607;0.5385249853134155
0.9894225001335144;0.5385209918022156
0.9893612861633301;0.5384382605552673
0.9897686839103699;0.5360804200172424
0.9905415773391724;0.53898024559021
0.9893406629562378;0.5375670194625854
0.9890338778495789;0.5365228652954102
0.9900921583175659;0.5359830856323242
0.9899792075157166;0.537233829498291
0.9907309412956238;0.5381137132644653
0.9896948337554932;0.537722110748291
0.9886926412582397;0.535174548625946
0.9892016053199768;0.5365161895751953
0.990310788154602;0.537288248538971
0.9907546043395996;0.5388774871826172
0.9897578358650208;0.5350911617279053
0.9911452531814575;0.5406976938247681
0.9900651574134827;0.5379881858825684
0.9889508485794067;0.5348371267318726
0.9902024269104004;0.5359042882919312
0.9889890551567078;0.5365440249443054
0.9900907278060913;0.5353598594665527
0.9903863668441772;0.5401304364204407
0.9900180101394653;0.5386103987693787
0.9900619387626648;0.5393763184547424
0.990723192691803;0.5362793207168579
0.9896105527877808;0.5339481234550476
0.9896559119224548;0.5359936356544495
0.9930521249771118;0.5395852327346802
0.9898644685745239;0.5407307147979736
0.9900124073028564;0.5371800661087036
0.990287184715271;0.5367327928543091
0.9916933178901672;0.5383897423744202
0.9901868104934692;0.5380470752716064
0.9895967245101929;0.5373563766479492
0.989501953125;0.5339526534080505
0.9896271228790283;0.5372894406318665
0.9906703233718872;0.5380930304527283
0.9903766512870789;0.5365691184997559
0.9898284673690796;0.5379706621170044
0.9895730018615723;0.5385772585868835
0.9904532432556152;0.5360631942749023
0.989411473274231;0.537121057510376
0.9904340505599976;0.5372301936149597
0.9902957081794739;0.5398621559143066
0.9902610778808594;0.5383116006851196
0.9901793003082275;0.5363165140151978
0.9892792105674744;0.5357605814933777
0.9891157746315002;0.5377569198608398
0.9894660115242004;0.5372116565704346
0.9905731678009033;0.5377541184425354
0.9904654026031494;0.5381120443344116
0.9897178411483765;0.5358757972717285
0.9902026653289795;0.5374974012374878
0.9905491471290588;0.5383189916610718
0.9898850321769714;0.5362289547920227
0.9900919198989868;0.5363620519638062
0.9906483888626099;0.5409930944442749
0.9901688098907471;0.5349352359771729
0.9904369115829468;0.5411521196365356
0.989543080329895;0.536027193069458
0.9896772503852844;0.536702573299408
0.9897657632827759;0.5395538806915283
0.9907523393630981;0.5408456921577454
0.9902612566947937;0.5382480621337891
0.9908242225646973;0.5331223607063293
0.9894123077392578;0.5375174283981323
0.9889346361160278;0.5358340740203857
0.9901005029678345;0.5365174412727356
0.9903286099433899;0.5365377068519592
0.9903416633605957;0.5389837622642517
0.990363359451294;0.5350378751754761
0.9906076788902283;0.5367403030395508
0.9903169274330139;0.5360894799232483
0.9910653829574585;0.5389962196350098
0.9905053377151489;0.5350891351699829
0.9903692007064819;0.538506269454956
0.9891788363456726;0.534396231174469
0.9908298254013062;0.538335382938385
0.9906145334243774;0.5376375317573547
0.9908197522163391;0.5350514054298401
0.9898139238357544;0.5369248390197754
0.9900211095809937;0.5348200798034668
0.9893960952758789;0.5360455513000488
0.9902204275131226;0.538241982460022
0.9895976781845093;0.5356544256210327
0.9917485117912292;0.540310800075531
0.989838182926178;0.5349346995353699
0.9896554350852966;0.5360281467437744
0.9900632500648499;0.5375345349311829
0.9895696043968201;0.537598729133606
0.9898191690444946;0.5358173847198486
0.9909067153930664;0.5385124683380127
0.9903419017791748;0.5384252667427063
0.990410566329956;0.5370975732803345
0.9902065992355347;0.5362140536308289
0.9898231029510498;0.5370448231697083
0.990362286567688;0.5392186641693115
0.9895919561386108;0.538535475730896
0.9894483685493469;0.5370515584945679
0.9893488883972168;0.536839485168457
0.9902325868606567;0.5373653173446655
0.9903912544250488;0.5379495620727539
0.9901570081710815;0.5364871025085449
0.990565299987793;0.5350554585456848
0.9904509782791138;0.536708414554596
0.9898358583450317;0.5369166731834412
0.9899879693984985;0.5367940664291382
0.9900896549224854;0.5377613306045532
0.990447998046875;0.5353361964225769
0.9895719289779663;0.5390159487724304
0.9900088310241699;0.5342581272125244
0.9903008937835693;0.5343788266181946
0.9910383224487305;0.5372612476348877
0.990484356880188;0.5396101474761963
0.9899885058403015;0.5374090671539307
0.9908368587493896;0.5379490256309509
0.990675687789917;0.537676215171814
0.9911300539970398;0.5395042896270752
0.9892732501029968;0.5366299748420715
0.989862859249115;0.5369442105293274
0.9894154071807861;0.5376445651054382
0.9898895621299744;0.5353106260299683
0.9899700880050659;0.534943699836731
0.9903639554977417;0.5365807414054871
0.9896871447563171;0.5407630205154419
0.989659309387207;0.5346633195877075
0.9895844459533691;0.5367588400840759
0.989915132522583;0.5378396511077881
0.989767849445343;0.5370426177978516
0.9894516468048096;0.5366663336753845
0.9907828569412231;0.5392153263092041
0.9908885955810547;0.5360338687896729
0.9903961420059204;0.5379603505134583
0.9900023937225342;0.534336507320404
0.9891008138656616;0.5367355942726135
0.9902868270874023;0.5401314496994019
0.9904528856277466;0.5395076274871826
0.9906377196311951;0.5403991341590881
0.9906089901924133;0.5385520458221436
0.9901248216629028;0.5349820256233215
0.989328920841217;0.5361024141311646
0.9909881353378296;0.539618730545044
0.9899357557296753;0.5361577272415161
0.9909403324127197;0.5349316596984863
0.9899947643280029;0.5425982475280762
0.9897955656051636;0.537600576877594
0.9902271628379822;0.5375962257385254
0.9901224374771118;0.5408657789230347
0.9898332953453064;0.5356249809265137
0.9895550012588501;0.536073625087738
0.9912870526313782;0.5390767455101013
0.9909461736679077;0.5401941537857056
0.9900339841842651;0.5389729738235474
0.9899289011955261;0.5357169508934021
0.9905791282653809;0.5359245538711548
0.990301787853241;0.5384857654571533
0.9893538951873779;0.5334904193878174
0.9904180765151978;0.5380009412765503
0.9892125129699707;0.5383248925209045
0.990497350692749;0.5354089140892029
0.9900961518287659;0.534793496131897
0.9897809028625488;0.5366573333740234
0.9903836846351624;0.5372328758239746
0.9899573922157288;0.5366811752319336
0.9898432493209839;0.5372120141983032
0.9902615547180176;0.5361253619194031
0.9912050366401672;0.5395779609680176
0.9904454350471497;0.5363817811012268
0.9897595643997192;0.5377823710441589
0.9903092384338379;0.5374622344970703
0.9900209903717041;0.5383338928222656
0.9893532991409302;0.5366102457046509
0.9896363019943237;0.5381569862365723
0.990053653717041;0.5376119613647461
0.9907698631286621;0.5363702774047852
0.9908132553100586;0.5403208136558533
0.9901822805404663;0.5359004139900208
0.9893196821212769;0.5361149311065674
0.989273190498352;0.5364713072776794
0.9903953075408936;0.5387124419212341
0.9900970458984375;0.5382289886474609
0.9896678924560547;0.5375423431396484
0.9896899461746216;0.5353304147720337
0.990193247795105;0.537997305393219
0.9899228811264038;0.5377495288848877
0.9905009269714355;0.5400481224060059
0.990216851234436;0.5403493046760559
0.9897860288619995;0.5380457639694214
0.990455150604248;0.5367588996887207
0.9888598918914795;0.5377798676490784
0.9903908967971802;0.537157416343689
0.9906921982765198;0.5386747121810913
0.9904879331588745;0.5381234288215637
0.9908863306045532;0.5372138619422913
0.9909688234329224;0.5352880358695984
0.9897695779800415;0.538287878036499
0.9908051490783691;0.5380824208259583
0.9899594187736511;0.5380703210830688
0.9898425340652466;0.5351054668426514
0.9911431670188904;0.5406978726387024
0.9895811080932617;0.5349341034889221
0.9905561208724976;0.539181113243103
0.9906885623931885;0.5360246896743774
0.9920638203620911;0.5374706387519836
0.9912720322608948;0.5398061275482178
0.9908113479614258;0.535355269908905
0.9896247386932373;0.5367120504379272
0.9897741079330444;0.5384619235992432
0.9899592399597168;0.5383151173591614
0.9897489547729492;0.5369619727134705
0.9900049567222595;0.5380136966705322
0.9902474284172058;0.5346630215644836
0.9908318519592285;0.538743257522583
0.9908816814422607;0.5410779714584351
0.991787850856781;0.5388616919517517
0.98963862657547;0.5383199453353882
0.9898498058319092;0.5383540987968445
0.9912490248680115;0.536220371723175
0.9905370473861694;0.5348718166351318
0.9918951988220215;0.5401482582092285
0.990917444229126;0.5372955799102783
0.9907346963882446;0.5411897301673889
0.9902417063713074;0.5368226766586304
0.9900621175765991;0.5353446006774902
0.9904193878173828;0.5382615327835083
0.9895203113555908;0.5376201272010803
0.9904853105545044;0.5393173694610596
0.9905424118041992;0.5379180908203125
0.9903222322463989;0.5394097566604614
0.9904357194900513;0.5358407497406006
0.9891306161880493;0.5339874029159546
0.9901644587516785;0.537187933921814
0.9903901219367981;0.5380393266677856
0.9902350902557373;0.5371749997138977
0.9910162687301636;0.5375999808311462
0.9898993968963623;0.5369313359260559
0.9919785261154175;0.5414319634437561
0.9908246397972107;0.5397775173187256
0.9904970526695251;0.5371041297912598
0.9902160167694092;0.5362159013748169
0.9905611276626587;0.5381916761398315
0.9907243251800537;0.5401729941368103
0.9905662536621094;0.5367846488952637
0.9908596277236938;0.5378634929656982
0.9908990859985352;0.5413903594017029
0.9922811388969421;0.5381690263748169
0.9905428886413574;0.5411185026168823
0.9903871417045593;0.5386602878570557
0.9918049573898315;0.5394971370697021
0.990315318107605;0.5374047160148621
0.993095874786377;0.5426961779594421
0.9899043440818787;0.5375030040740967
0.9900456666946411;0.5366246700286865
0.9903365969657898;0.5387300252914429
0.9906580448150635;0.5355931520462036
0.9894596338272095;0.5372359752655029
0.9904578328132629;0.5394177436828613
0.9901978969573975;0.5338526964187622
0.9896334409713745;0.5357961654663086
0.9914376735687256;0.538727879524231
0.9900929927825928;0.538578987121582
0.9911770820617676;0.5387580394744873
0.99128258228302;0.5382518768310547
0.9899551868438721;0.5383645296096802
0.9906324148178101;0.5402495861053467
0.9925740957260132;0.5383357405662537
0.9902519583702087;0.5387594699859619
0.9909157752990723;0.5379278063774109
0.9907519817352295;0.5372544527053833
0.9920474290847778;0.5401146411895752
0.9917876720428467;0.5388414859771729
0.9905135631561279;0.5375275015830994
0.9905405044555664;0.5367048382759094
0.9911209344863892;0.5384607315063477
0.990253210067749;0.5374308824539185
0.9917322397232056;0.5376153588294983
0.9906361103057861;0.5364667773246765
0.9912673234939575;0.5373450517654419
0.9910715222358704;0.5395270586013794
0.9907035231590271;0.5356098413467407
0.9913930296897888;0.5407142043113708
0.9912952184677124;0.5395120978355408
0.9913963079452515;0.5381519198417664
0.991186261177063;0.5416056513786316
0.9905378818511963;0.536112368106842
0.9916969537734985;0.5368621349334717
0.9905298352241516;0.5367444753646851
0.9901130795478821;0.5385995507240295
0.9924495220184326;0.5391637086868286
0.990641176700592;0.5385583639144897
0.9907364845275879;0.5373719334602356
0.9911589622497559;0.5392882227897644
0.9912832975387573;0.5374735593795776
0.9913226962089539;0.5375680327415466
0.9920624494552612;0.5407571196556091
0.9909149408340454;0.5398035049438477
0.9897176027297974;0.5345041751861572
0.9907983541488647;0.5347777605056763
0.9909234642982483;0.5357109308242798
0.9918646812438965;0.5387513637542725
0.9905439019203186;0.5367146730422974
0.9911728501319885;0.5369164943695068
0.9902409315109253;0.5385414958000183
0.9908721446990967;0.5370938777923584
0.9901890754699707;0.533392071723938
0.991142988204956;0.5393940210342407
0.9916884303092957;0.5362918376922607
0.9912948608398438;0.5370383262634277
0.9906381964683533;0.5389503240585327
0.9906771183013916;0.5383810997009277
0.9908314943313599;0.5369100570678711
0.9906579256057739;0.5373496413230896
0.9918462634086609;0.539284348487854
0.9906532764434814;0.5409131646156311
0.9909233450889587;0.5356155633926392
0.9911422729492188;0.5382205843925476
0.9908563494682312;0.5402795672416687
0.9904893040657043;0.5369865894317627
0.9906771779060364;0.5362486839294434
0.9910780191421509;0.538464367389679
0.9918777942657471;0.5389659404754639
0.9917228817939758;0.5379502177238464
0.9902373552322388;0.5350816249847412
0.9910001754760742;0.5383270382881165
0.9909899234771729;0.5381909608840942
0.9913191199302673;0.5351824760437012
0.9902768731117249;0.5377150177955627
0.9901658892631531;0.5362001657485962
0.9908664226531982;0.5352758169174194
0.9909085631370544;0.5380940437316895
0.990688681602478;0.5382412075996399
0.9905920028686523;0.5348575115203857
0.9908995628356934;0.5384190082550049
0.9909405708312988;0.5395181179046631
0.9905880689620972;0.5374345779418945
0.9912401437759399;0.539145827293396
0.9912426471710205;0.5393192768096924
0.9909448027610779;0.5385226011276245
0.9907203316688538;0.5380128622055054
0.9906240701675415;0.5376864075660706
0.9907575249671936;0.5363275408744812
0.9900956153869629;0.5364289283752441
0.9916051030158997;0.540213406085968
0.9918230772018433;0.5428991317749023
0.9907388687133789;0.5371047258377075
0.9908630847930908;0.5348756313323975
0.9918927550315857;0.5398180484771729
0.9909802675247192;0.5375418663024902
0.9911122918128967;0.5382333397865295
0.9905127286911011;0.5371588468551636
0.9908549785614014;0.5385710597038269
0.9921313524246216;0.5412386655807495
0.9901788234710693;0.5382275581359863
0.989957332611084;0.5357028245925903
0.9903000593185425;0.5396451950073242
0.9900898933410645;0.5399067401885986
0.989970326423645;0.5369911193847656
0.9911174774169922;0.5399069786071777
0.9917049407958984;0.5389935970306396
0.990849494934082;0.5376227498054504
0.9913128614425659;0.5382694602012634
0.991452157497406;0.5388793349266052
0.9900590181350708;0.5364007353782654
0.9906855821609497;0.5377481579780579
0.9910464882850647;0.5389671325683594
0.9906238913536072;0.5379434823989868
0.9905456304550171;0.5360903739929199
0.9919434189796448;0.5386192202568054
0.9910016655921936;0.5396662354469299
0.9913057088851929;0.535339891910553
0.9903457164764404;0.5382195115089417
0.9904181957244873;0.5360385775566101
0.9915340542793274;0.536759614944458
0.9910076856613159;0.5387543439865112
0.9904966354370117;0.5393578410148621
0.9906162023544312;0.5381316542625427
0.991690456867218;0.5398443341255188
0.9920178651809692;0.5398433804512024
0.9908573627471924;0.5377827882766724
0.9905155897140503;0.5396093726158142
0.9917908906936646;0.5387778282165527
0.9906238317489624;0.53486168384552
0.9899578094482422;0.5386674404144287
0.9907102584838867;0.5372815132141113
0.9905681610107422;0.5367220640182495
0.9900212287902832;0.5348254442214966
0.9912326335906982;0.5384142398834229
0.9894680380821228;0.5355350971221924
0.9901044964790344;0.5377534031867981
0.9906679391860962;0.5381843447685242
0.9909828305244446;0.5364198684692383
0.9914213418960571;0.5372741222381592
0.9915550947189331;0.5387307405471802
0.9908608198165894;0.5387217998504639
0.9905537366867065;0.5357987880706787
0.9907811880111694;0.5372653007507324
0.9915558099746704;0.5417563319206238
0.9901360273361206;0.5370928645133972
0.9916085004806519;0.5392334461212158
0.9917569756507874;0.5384960174560547
0.9917409420013428;0.5378609299659729
0.9917489886283875;0.5376453399658203
0.9905887842178345;0.5377843379974365
0.9910720586776733;0.5386185050010681
0.9909001588821411;0.5401812791824341
0.9905824661254883;0.5369156002998352
0.9912459850311279;0.5368013978004456
0.9904175996780396;0.5383033156394958
0.9915045499801636;0.5402374863624573
0.9910054206848145;0.5365105867385864
0.9907741546630859;0.5392961502075195
0.9911912679672241;0.539330780506134
0.9915169477462769;0.5385161638259888
0.9908137321472168;0.5370137691497803
0.991928219795227;0.5390274524688721
0.990548849105835;0.539908766746521
0.99126136302948;0.5416072607040405
0.990303635597229;0.537431001663208
0.9921441078186035;0.5429028272628784
0.9900525212287903;0.5344926118850708
0.990874171257019;0.5366040468215942
0.9910107851028442;0.5378670692443848
0.99125736951828;0.539114773273468
0.9921411871910095;0.5400596857070923
0.990590512752533;0.535332977771759
0.9901320934295654;0.5389117002487183
0.9909809827804565;0.5376471281051636
0.9897122383117676;0.5360173583030701
0.9909801483154297;0.5392708778381348
0.9921976327896118;0.5398508906364441
0.990938663482666;0.5394253730773926
0.9908283948898315;0.5358073711395264
0.9909129738807678;0.538311243057251
0.99104905128479;0.5407530069351196
0.9901036024093628;0.5362964272499084
0.9909383654594421;0.5379912853240967
0.9911030530929565;0.5358917713165283
0.9907723665237427;0.5385156869888306
0.9903181195259094;0.539131760597229
0.9903081059455872;0.5384153127670288
0.9909611940383911;0.5369867086410522
0.990243673324585;0.5351204872131348
0.9906798601150513;0.5361164808273315
0.9913772940635681;0.5391234755516052
0.9907110929489136;0.5402551889419556
0.9909062385559082;0.5356460213661194
0.9904001355171204;0.5371090173721313
0.9905476570129395;0.535822868347168
0.991352915763855;0.5382823348045349
0.9912716150283813;0.5371260643005371
0.9919010400772095;0.5382121801376343
0.9916646480560303;0.5407825112342834
0.9918891191482544;0.5412216782569885
0.9915102124214172;0.5389383435249329
0.9909696578979492;0.5380379557609558
0.9901310205459595;0.536361038684845
0.9906173944473267;0.5405247211456299
0.9899410009384155;0.5354346036911011
0.9910131692886353;0.5410547852516174
0.9907035827636719;0.537672758102417
0.990103542804718;0.5376365184783936
0.991309642791748;0.539169430732727
0.9913015365600586;0.5419710874557495
0.9915156364440918;0.5372409224510193
0.9909145832061768;0.5387275815010071
0.9907407760620117;0.53673255443573
0.9908479452133179;0.5402768850326538
0.9906712174415588;0.5384072661399841
0.990284264087677;0.5389176607131958
0.9900763034820557;0.5387158989906311
0.9908738136291504;0.5365861654281616
0.9912304878234863;0.5368177890777588
0.9914679527282715;0.5407112240791321
0.9909993410110474;0.5376288890838623
0.9914114475250244;0.5406137704849243
0.9911045432090759;0.5386660099029541
0.9917235374450684;0.5401232242584229
0.9905644655227661;0.5360926389694214
0.9920310974121094;0.5382721424102783
0.990777313709259;0.5383596420288086
0.9906488656997681;0.5344714522361755
0.9905362129211426;0.5354257822036743
0.9903523921966553;0.534380316734314
0.9910492897033691;0.5366554260253906
0.9908058643341064;0.5373098850250244
0.9909806847572327;0.5385370254516602
0.9898755550384521;0.5367066264152527
0.9910038113594055;0.5413315296173096
0.9902006983757019;0.5361073017120361
0.9915673732757568;0.5381226539611816
0.9915719032287598;0.5372959971427917
0.9911971092224121;0.5371052026748657
0.9904859066009521;0.5381966829299927
0.9904890060424805;0.5338414907455444
0.991451621055603;0.5379762649536133
0.9903358817100525;0.5383275747299194
0.9914488792419434;0.5379639267921448
0.9924818277359009;0.5391451120376587
0.9918032884597778;0.5386524796485901
0.9909358024597168;0.5374571681022644
0.9917663335800171;0.539141058921814
0.9916157722473145;0.5393117666244507
0.990983247756958;0.5394589900970459
0.990540623664856;0.5381378531455994
0.9923745393753052;0.5372180342674255
0.9914941191673279;0.5410333275794983
0.9910846948623657;0.5392163991928101
0.9918859004974365;0.542131781578064
0.990481972694397;0.5380131602287292
0.9912112355232239;0.538320779800415
0.9900739192962646;0.5374061465263367
0.9908739328384399;0.5364952087402344
0.9911531209945679;0.5350742340087891
0.9917426109313965;0.5373499393463135
0.9919674396514893;0.5384585857391357
0.9894521236419678;0.5383193492889404
0.9915245175361633;0.5366971492767334
0.9912302494049072;0.538964033126831
0.9903174638748169;0.5340983867645264
0.9915357232093811;0.5377262234687805
0.9909418821334839;0.5414015054702759
0.9920521378517151;0.5380663275718689
0.9905892014503479;0.5354061126708984
0.9913792610168457;0.5401279926300049
0.9913462996482849;0.538179874420166
0.9899865984916687;0.535211980342865
0.9908217191696167;0.5406570434570312
0.9907875061035156;0.5353882312774658
0.990921139717102;0.5395828485488892
0.9908679127693176;0.5410277247428894
0.990292489528656;0.5375617742538452
0.9910045862197876;0.5379267930984497
0.9901422262191772;0.5387134552001953
0.9903539419174194;0.5369436144828796
0.9901015758514404;0.5381804704666138
0.9912734031677246;0.5375857949256897
0.9908772706985474;0.5402579307556152
0.991199791431427;0.5354779958724976
0.9916406869888306;0.5385481119155884
0.990530788898468;0.5396305322647095
0.9911938905715942;0.5385446548461914
0.9920014142990112;0.539914071559906
0.9902404546737671;0.5356559753417969
0.9904869794845581;0.5385319590568542
0.9910204410552979;0.5356624126434326
0.9910038709640503;0.5346963405609131
0.9911868572235107;0.539933979511261
0.9902403354644775;0.5373363494873047
0.9900459051132202;0.537738561630249
0.9917424917221069;0.5373343229293823
0.9903954267501831;0.5358409881591797
0.9905228614807129;0.5373856425285339
0.9904894828796387;0.5361899137496948
0.9921528697013855;0.5393462777137756
0.990879476070404;0.5355212688446045
0.9922362565994263;0.5364382266998291
0.9906013011932373;0.5372307300567627
0.9911782741546631;0.5380072593688965
0.9903061389923096;0.5345456600189209
0.9920303821563721;0.5403615832328796
0.9916924238204956;0.5390594005584717
0.9911096096038818;0.5383054614067078
0.9912318587303162;0.5379292368888855
0.9913733601570129;0.5388728976249695
0.9900914430618286;0.5381572842597961
0.9914926290512085;0.5370544195175171
0.9907629489898682;0.5386740565299988
0.9911414384841919;0.5376132726669312
0.9914040565490723;0.5400912761688232
0.9907486438751221;0.5386205315589905
0.9916325807571411;0.5374505519866943
0.9912170171737671;0.5395175814628601
0.991214394569397;0.5373306274414062
0.9915056824684143;0.5405312180519104
0.991339921951294;0.5386395454406738
0.9904581904411316;0.5364837050437927
0.9909425377845764;0.5380369424819946
0.9902348518371582;0.5361663699150085
0.991018533706665;0.5385347604751587
0.9913671612739563;0.5391368269920349
0.991279125213623;0.5384450554847717
0.9908167123794556;0.5393441319465637
0.991274356842041;0.538017988204956
0.9934095144271851;0.5404526591300964
0.9916595220565796;0.5395469665527344
0.990198016166687;0.536614179611206
0.9912363290786743;0.5397568345069885
0.9903631210327148;0.5361414551734924
0.9903723001480103;0.5375479459762573
0.990805983543396;0.5381375551223755
0.9916712045669556;0.536718487739563
0.9903478622436523;0.5404590368270874
0.9905706644058228;0.5359638333320618
0.9906535148620605;0.5363339185714722
0.9933040142059326;0.5403102040290833
0.9913831949234009;0.5411478281021118
0.9910600185394287;0.536307692527771
0.9916639924049377;0.5380119681358337
0.9915642142295837;0.5389688014984131
0.9904581308364868;0.5380452871322632
0.9903665781021118;0.539228081703186
0.9905216693878174;0.5373823046684265
0.9909940958023071;0.5350364446640015
0.9906931519508362;0.5391063690185547
0.9912319183349609;0.5395504236221313
0.9900732040405273;0.5351868867874146
0.9915326833724976;0.5405081510543823
0.9905917644500732;0.5372477769851685
0.9900208711624146;0.5367714166641235
0.9917558431625366;0.5403978824615479
0.992012619972229;0.5409559011459351
0.9917172193527222;0.5362426042556763
0.9906027317047119;0.5348822474479675
0.990612268447876;0.5380491614341736
0.9913334846496582;0.539240837097168
0.9914186000823975;0.5391234159469604
0.9912322163581848;0.5365982055664062
0.9907859563827515;0.5374947190284729
0.9915432929992676;0.5397270917892456
0.9909242391586304;0.538154125213623
0.9916816353797913;0.5417002439498901
0.9914922118186951;0.5407102108001709
0.9911637306213379;0.5358520746231079
0.9910256862640381;0.5389448404312134
0.9909436702728271;0.5373110175132751
0.99080890417099;0.5381253957748413
0.991474986076355;0.5391552448272705
0.9910656213760376;0.536900520324707
0.9904214143753052;0.5381225347518921
0.9923248291015625;0.539844274520874
0.990628719329834;0.5383437871932983
0.9922782778739929;0.5397733449935913
0.9913851022720337;0.5383358001708984
0.9905300140380859;0.5367525219917297
0.9910764694213867;0.5372802019119263
0.9908996224403381;0.5392637252807617
0.9908150434494019;0.5379869341850281
0.9920850992202759;0.5397129654884338
0.9910205006599426;0.5396984815597534
0.9907546639442444;0.5374417304992676
0.9913903474807739;0.5388185381889343
0.9913742542266846;0.5379126071929932
0.9901502132415771;0.5367921590805054
0.9925717711448669;0.5381566286087036
0.9916216135025024;0.5391406416893005
0.9914635419845581;0.5383956432342529
0.9912093281745911;0.5351788401603699
0.9913345575332642;0.5382923483848572
0.9907116889953613;0.5361519455909729
0.9910907745361328;0.5411182641983032
0.9926406145095825;0.5410218238830566
0.9907416105270386;0.5409571528434753
0.9913681149482727;0.5373556613922119
0.9920920729637146;0.5405495762825012
0.9913231134414673;0.5391100645065308
0.9913656711578369;0.5368351936340332
0.9905591011047363;0.5416698455810547
0.990775465965271;0.5376155972480774
0.9913697242736816;0.5380106568336487
0.9911397695541382;0.5392076969146729
0.991376519203186;0.5380716323852539
0.9908459186553955;0.5377147197723389
0.9915481805801392;0.5402434468269348
0.9913811087608337;0.5388025045394897
0.9900714159011841;0.5365289449691772
0.9910675287246704;0.5391287803649902
0.9907801151275635;0.5374029874801636
0.9921931028366089;0.540799617767334
0.9918974041938782;0.5411784648895264
0.9903939962387085;0.5366024971008301
0.9905059337615967;0.5360563397407532
0.9917719960212708;0.5399627685546875
0.991926908493042;0.5382740497589111
0.9907305240631104;0.539671003818512
0.9912378787994385;0.5379352569580078
0.9906708002090454;0.5390555262565613
0.9898668527603149;0.537710428237915
0.99048912525177;0.5361132621765137
0.9902374744415283;0.5361279249191284
0.9912458062171936;0.5384799242019653
0.9915789365768433;0.5366236567497253
0.9911354184150696;0.5386568307876587
0.9914059638977051;0.5374363660812378
0.991981029510498;0.5373297929763794
0.9905961751937866;0.5397290587425232
0.9908161759376526;0.5352323055267334
0.9901772141456604;0.5371646285057068
0.990985631942749;0.5386506915092468
0.9911171197891235;0.536989152431488
0.9902322292327881;0.5384554266929626
0.9909895658493042;0.5389321446418762
0.9913113117218018;0.538051426410675
0.9910346269607544;0.5399212837219238
0.9909974336624146;0.5369248390197754
0.9904743432998657;0.5378701686859131
0.990811824798584;0.5376608967781067
0.9913448691368103;0.5399850606918335
0.990858793258667;0.539371132850647
0.9911878108978271;0.5392916798591614
0.9911044836044312;0.5392661094665527
0.9910531640052795;0.538737416267395
0.9901798963546753;0.5362443923950195
0.9910038113594055;0.5381156206130981
0.9912832975387573;0.5364507436752319
0.991576075553894;0.5368923544883728
0.9907553195953369;0.5387488603591919
0.9905980229377747;0.5389891266822815
0.9917430877685547;0.5399190187454224
0.9918344616889954;0.5348044633865356
0.9915196895599365;0.538417398929596
0.9912003874778748;0.5369876623153687
0.9906675219535828;0.538065493106842
0.9912235140800476;0.5398847460746765
0.9908731579780579;0.5399356484413147
0.9907308220863342;0.5371256470680237
0.9910328388214111;0.5372994542121887
0.9913944005966187;0.5377116203308105
0.9907386302947998;0.5352975726127625
0.9920706748962402;0.5384506583213806
0.9910813570022583;0.5391422510147095
0.9908668994903564;0.5393630862236023
0.9899423122406006;0.5366333723068237
0.9916263818740845;0.5387529134750366
0.9914728403091431;0.5385029911994934
0.9918262362480164;0.5378960371017456
0.9906857013702393;0.5384807586669922
0.9916893243789673;0.5372573137283325
0.9908521175384521;0.5395596027374268
0.9901317358016968;0.5354348421096802
0.9911335110664368;0.5404112935066223
0.9909448027610779;0.5369701981544495
0.9906244277954102;0.5357168912887573
0.9901049137115479;0.5370061993598938
0.9906237721443176;0.5381263494491577
0.9913378953933716;0.5376596450805664
0.990663468837738;0.5386810302734375
0.9919711351394653;0.5360897183418274
0.9908362030982971;0.5400424003601074
0.9908809065818787;0.5395976305007935
0.9912807941436768;0.5363173484802246
0.9917205572128296;0.5370689630508423
0.991399347782135;0.5385337471961975
0.990617036819458;0.5373525023460388
0.9913638234138489;0.538959264755249
0.992376446723938;0.5408757328987122
0.9908061027526855;0.5360239744186401
0.9921047687530518;0.5410013198852539
0.9920560121536255;0.5386523604393005
0.9917011260986328;0.5421894192695618
0.9909623265266418;0.5367985367774963
0.9906933903694153;0.5369573831558228
0.9902455806732178;0.5357599854469299
0.9904308915138245;0.5370606780052185
0.9911253452301025;0.536977231502533
0.9909491539001465;0.5389420986175537
0.9905332326889038;0.5389962792396545
0.9914195537567139;0.5383481979370117
0.9903683662414551;0.5386026501655579
0.9906738996505737;0.5371893644332886
0.9915547966957092;0.5392682552337646
0.9915326833724976;0.5395849943161011
0.9905756711959839;0.5379133224487305
0.991233766078949;0.5376992225646973
0.9910281300544739;0.5357911586761475
0.9908113479614258;0.5374865531921387
0.9907810688018799;0.5366398096084595
0.9905303716659546;0.5390726923942566
0.9910154938697815;0.5400891304016113
0.9909976720809937;0.5393490791320801
0.9903797507286072;0.5391051173210144
0.9906573295593262;0.5369623303413391
0.9905374050140381;0.5383133292198181
0.9915777444839478;0.5393023490905762
0.990696132183075;0.5365253686904907
0.9910314083099365;0.5395568013191223
0.9899489283561707;0.5367550253868103
0.991355299949646;0.5371372699737549
0.9912376403808594;0.5376929044723511
0.9913744926452637;0.5435575842857361
0.9912400245666504;0.5383683443069458
0.9919226169586182;0.5381779074668884
0.9911442995071411;0.540179967880249
0.991468071937561;0.5378967523574829
0.9908974170684814;0.5361984372138977
0.9906065464019775;0.5406265258789062
0.9901986122131348;0.5383706092834473
0.9905309677124023;0.5367736220359802
0.9918835163116455;0.5396403074264526
0.9910659790039062;0.53785240650177
0.9900170564651489;0.5387179851531982
0.9901460409164429;0.5373956561088562
0.9910057783126831;0.5371816754341125
0.9908590912818909;0.5379717350006104
0.9916700124740601;0.5381263494491577
0.9910511374473572;0.5385576486587524
0.9913791418075562;0.5375603437423706
0.9912608861923218;0.5383524298667908
0.9908158779144287;0.5400888919830322
0.9913153648376465;0.5389842987060547
0.991373598575592;0.5405554175376892
0.9908201694488525;0.5393728017807007
0.9908645153045654;0.5380687713623047
0.9913344383239746;0.5381068587303162
0.9912287592887878;0.5389518141746521
0.9898679852485657;0.5377640724182129
0.9898656010627747;0.5342893004417419
0.9908328056335449;0.5352176427841187
0.9917654395103455;0.5373340845108032
0.9910814762115479;0.5386747121810913
0.9917521476745605;0.5382771492004395
0.9914247989654541;0.5379794836044312
0.9901988506317139;0.5353599190711975
0.9914268255233765;0.5369776487350464
0.9910498261451721;0.5377482771873474
0.990794837474823;0.5374733805656433
0.9913548827171326;0.5377834439277649
0.9915471076965332;0.5414585471153259
0.9914843440055847;0.5407431125640869
0.991399884223938;0.5373381972312927
0.9903984665870667;0.5376216173171997
0.9908463954925537;0.5383715033531189
0.9905043244361877;0.5368762016296387
0.9916077852249146;0.5402724146842957
0.9900631308555603;0.5356943607330322
0.9907596707344055;0.5384871959686279
0.9909862279891968;0.5370725393295288
0.9902781844139099;0.5389630794525146
0.991676926612854;0.5408125519752502
0.9911068677902222;0.538082480430603
0.9911611080169678;0.5369879007339478
0.9901531934738159;0.5405723452568054
0.9910197257995605;0.5394244194030762
0.9911586046218872;0.5358362197875977
0.9910763502120972;0.5392129421234131
0.9912986755371094;0.5374686121940613
0.9915841817855835;0.5403326749801636
0.991301417350769;0.5397694706916809
0.9909466505050659;0.5378239154815674
0.9910910129547119;0.5405948162078857
0.9904651641845703;0.5384958982467651
0.9909892082214355;0.5407319664955139
0.9904999732971191;0.53981614112854
0.9910256862640381;0.5376639366149902
0.9916050434112549;0.5387132167816162
0.9908130168914795;0.5373468995094299
0.9911328554153442;0.5376028418540955
0.991317868232727;0.5402911901473999
0.991012454032898;0.5382137894630432
0.9927431344985962;0.5408796072006226
0.9924716949462891;0.5396660566329956
0.9916039705276489;0.5393811464309692
0.9920095205307007;0.5400102138519287
0.9908271431922913;0.5387364625930786
0.9909404516220093;0.537960410118103
0.990310788154602;0.5371537208557129
0.9900873899459839;0.5356412529945374
0.9914799332618713;0.5372883677482605
0.9914228916168213;0.538337230682373
0.9920955896377563;0.5387669205665588
0.99241042137146;0.5388785600662231
0.9921958446502686;0.5374280214309692
0.9913313388824463;0.5382756590843201
0.9904966354370117;0.5382969975471497
0.9905471205711365;0.5391772985458374
0.9907077550888062;0.5381709337234497
0.9918723106384277;0.5363297462463379
0.9912458658218384;0.5393377542495728
0.9924969673156738;0.5413491725921631
0.9915719032287598;0.5378575325012207
0.9916986227035522;0.537513017654419
0.9910778999328613;0.5373193025588989
0.9910567998886108;0.5377385020256042
0.990700364112854;0.5399355292320251
0.9917843341827393;0.5389023423194885
0.9909670948982239;0.5394724011421204
0.9905552864074707;0.5387330055236816
0.9900239109992981;0.5357528328895569
0.9912853240966797;0.5394687652587891
0.9921942949295044;0.5380188226699829
0.9912066459655762;0.5366054177284241
0.9909100532531738;0.5396141409873962
0.9905439615249634;0.5369583368301392
0.9911490678787231;0.5398107767105103
0.9908807277679443;0.537775456905365
0.9920009970664978;0.5370592474937439
0.9911549091339111;0.5376356840133667
0.9905897974967957;0.5354130864143372
0.9909016489982605;0.5368766784667969
0.9910203218460083;0.5393179655075073
0.9902817010879517;0.5377529859542847
0.9912298321723938;0.5377392768859863
0.9903309345245361;0.5400112867355347
0.9906821250915527;0.5389981865882874
0.9923559427261353;0.5383408069610596
0.9909625053405762;0.5389543771743774
0.9903753995895386;0.5375502705574036
0.9912543296813965;0.5355373620986938
0.9917423725128174;0.5385315418243408
0.9906435608863831;0.5390658974647522
0.9912972450256348;0.5391871929168701
0.9918044805526733;0.5404366254806519
0.9920793771743774;0.5425505638122559
0.9913265705108643;0.5394660234451294
0.9908384084701538;0.5379992723464966
0.991426944732666;0.5383477807044983
0.9911884665489197;0.5377707481384277
0.9914356470108032;0.540818989276886
0.9912165403366089;0.5374691486358643
0.9906792640686035;0.5377083420753479
0.9911699891090393;0.5379465818405151
0.9905732870101929;0.5392391681671143
0.9911453723907471;0.5400938391685486
0.9903824329376221;0.5354750752449036
0.9911754131317139;0.5384538769721985
0.9926543235778809;0.5399392247200012
0.9901436567306519;0.5359101295471191
0.9898494482040405;0.5391780138015747
0.9910207986831665;0.5366216897964478
0.9910949468612671;0.540122389793396
0.9906700849533081;0.5383638739585876
0.9915431141853333;0.5368956923484802
0.9911516904830933;0.5386831760406494
0.9907017946243286;0.5379760265350342
0.9911391735076904;0.5409536361694336
0.9910078644752502;0.5358397960662842
0.9921908378601074;0.5423104763031006
0.9924467206001282;0.5409263968467712
0.9917644262313843;0.5392811298370361
0.9906126856803894;0.5373181104660034
0.9913102984428406;0.5388703346252441
0.9920352697372437;0.5382792353630066
0.9926843047142029;0.5414618849754333
0.9905201196670532;0.5391600728034973
0.9914071559906006;0.5373616814613342
0.9912028312683105;0.5372424125671387
0.991370677947998;0.5391795635223389
0.991228461265564;0.5390099287033081
0.9912266135215759;0.5375007390975952
0.990862250328064;0.536797046661377
0.9909487366676331;0.5373801589012146
0.9906141757965088;0.5390365719795227
0.9908521175384521;0.5375652313232422
0.9917252063751221;0.5402995944023132
0.9904682636260986;0.5381017923355103
0.9916470050811768;0.5404809713363647
0.9926793575286865;0.5400288105010986
0.9908814430236816;0.5364797711372375
0.9912571907043457;0.5388746857643127
0.9914827346801758;0.5405003428459167
0.9919754862785339;0.5373187065124512
0.9909638166427612;0.5420475602149963
0.9919009208679199;0.5386086702346802
0.9912056922912598;0.5385748147964478
0.9921379089355469;0.5405980944633484
0.99116051197052;0.538286030292511
0.9910359382629395;0.5368021726608276
0.9923844337463379;0.5392327904701233
0.9912047982215881;0.5400137305259705
0.991028904914856;0.5368168354034424
0.9904776811599731;0.5391930937767029
0.98990398645401;0.5353964567184448
0.9909306764602661;0.5385857820510864
0.9909673929214478;0.5374250411987305
0.9906562566757202;0.5364062786102295
0.9921677112579346;0.5432470440864563
0.9917320013046265;0.5402107238769531
0.9911369681358337;0.5369619727134705
0.9909607172012329;0.5385829210281372
0.9910833835601807;0.5362340211868286
0.9908196330070496;0.537178635597229
0.9917774200439453;0.5437522530555725
0.992168664932251;0.5410950183868408
0.9915064573287964;0.5372443199157715
0.9913337230682373;0.5391839742660522
0.990646243095398;0.5398358106613159
0.9915879964828491;0.5358375906944275
0.9910749197006226;0.5355693101882935
0.9920457601547241;0.5383642315864563
0.9913259744644165;0.5384712219238281
0.9902452826499939;0.5354851484298706
0.9920937418937683;0.5412560701370239
0.9906196594238281;0.5350303053855896
0.9908410906791687;0.5380427241325378
0.991176426410675;0.5386172533035278
0.9923055171966553;0.5441388487815857
0.9904978275299072;0.5370349287986755
0.9902805089950562;0.5388211011886597
0.9928317666053772;0.5367529392242432
0.9923996925354004;0.5392410755157471
0.9924222230911255;0.5407646894454956
0.991552472114563;0.5389200448989868
0.9905540943145752;0.537784993648529
0.9917502403259277;0.5378056168556213
0.9905446767807007;0.5375146865844727
0.9910128116607666;0.5393174290657043
0.9924079775810242;0.5384253859519958
0.9909441471099854;0.5378076434135437
0.9913343191146851;0.5365703701972961
0.9911395907402039;0.5391823649406433
0.9923034310340881;0.5374054908752441
0.991539478302002;0.540878176689148
0.9915182590484619;0.5378974080085754
0.9906564950942993;0.5384955406188965
0.9907095432281494;0.5350605845451355
0.9907445907592773;0.5373433828353882
0.991079568862915;0.5367433428764343
0.9902310371398926;0.5384358167648315
0.9909418821334839;0.5397893190383911
0.9903731942176819;0.5345708727836609
0.9907726645469666;0.5368748903274536
0.990883469581604;0.5385541915893555
0.9909791946411133;0.5384681224822998
0.9922765493392944;0.5397107601165771
0.9918302893638611;0.5388782620429993
0.9921572208404541;0.5402045249938965
0.991884708404541;0.5385341644287109
0.9920926094055176;0.5386191010475159
0.9911481738090515;0.540327787399292
0.9912244081497192;0.5368196964263916
0.9916419982910156;0.5379430055618286
0.9914464354515076;0.5410857200622559
0.991733193397522;0.5414797067642212
0.9921567440032959;0.538666307926178
0.990841269493103;0.5351002812385559
0.991300106048584;0.5388063192367554
0.9912826418876648;0.5395448207855225
0.9911534786224365;0.5394811630249023
0.9925771951675415;0.5395640730857849
0.9920578002929688;0.5374152660369873
0.9922410249710083;0.5377966165542603
0.990441083908081;0.536035418510437
0.9912893772125244;0.5365737676620483
0.9913102984428406;0.5395486950874329
0.9923328757286072;0.5379096269607544
0.991235613822937;0.537847101688385
0.9917696714401245;0.5361602902412415
0.9913982152938843;0.5414595603942871
0.991122841835022;0.5399470329284668
0.9901516437530518;0.5372318029403687
0.9918301105499268;0.5408616065979004
0.9917058348655701;0.536391019821167
0.9916490316390991;0.5375912189483643
0.991506814956665;0.5378801822662354
0.9926853775978088;0.5391924381256104
0.9913300275802612;0.5368391871452332
0.9908485412597656;0.5385253429412842
0.9914350509643555;0.5379137992858887
0.9907118082046509;0.5375620126724243
0.9914537668228149;0.5366843938827515
0.9915162324905396;0.5397120118141174
0.9910569190979004;0.535132110118866
0.9903666973114014;0.5379263758659363
0.9908630847930908;0.5406875014305115
0.9911221265792847;0.5364722013473511
0.9913579225540161;0.5422674417495728
0.992476224899292;0.5407696962356567
0.9908287525177002;0.5398597121238708
0.9908428192138672;0.537766695022583
0.9910053014755249;0.5385217070579529
0.9914268851280212;0.536582887172699
0.990766704082489;0.5387581586837769
0.9907894134521484;0.5382850766181946
0.992459774017334;0.538352370262146
0.9913161993026733;0.5385586619377136
0.9906079769134521;0.539218544960022
0.9908775091171265;0.5362328290939331
0.9919694662094116;0.5382462739944458
0.990690290927887;0.535367488861084
0.9920132160186768;0.5374276638031006
0.9928706288337708;0.5432765483856201
0.9917885065078735;0.5384212732315063
0.9905266761779785;0.5363983511924744
0.9912320375442505;0.5394998788833618
0.9917106628417969;0.5357807874679565
0.9902993440628052;0.5380199551582336
0.9918056726455688;0.5369518995285034
0.9913337826728821;0.5375127792358398
0.9918572306632996;0.5379360318183899
0.9923037886619568;0.5383114218711853
0.9913407564163208;0.5364903211593628
0.9909206628799438;0.5405277013778687
0.9928111433982849;0.5391975045204163
0.9913485050201416;0.5377068519592285
0.9914815425872803;0.5396459698677063
0.9909389019012451;0.5362539291381836
0.99010169506073;0.5372892618179321
0.9912017583847046;0.539067268371582
0.990633487701416;0.5363512635231018
0.9920854568481445;0.5385692119598389
0.9913381338119507;0.538398802280426
0.9911866188049316;0.5384587645530701
0.9906491041183472;0.5370112657546997
0.9915759563446045;0.5369818210601807
0.9919138550758362;0.5404572486877441
0.9917203783988953;0.5411475300788879
0.9916744232177734;0.5361762642860413
0.9902241230010986;0.537453293800354
0.9907819032669067;0.5380171537399292
0.9919558167457581;0.5397083163261414
0.9904961585998535;0.5393343567848206
0.9909791946411133;0.5380697846412659
0.9917087554931641;0.5410322546958923
0.990553617477417;0.5363134145736694
0.9904587268829346;0.5383428335189819
0.9909868240356445;0.5392025709152222
0.9918650388717651;0.5403053760528564
0.9908655285835266;0.5383700728416443
0.9916749000549316;0.5414761304855347
0.992181658744812;0.5407631993293762
0.9910224676132202;0.5393123626708984
0.9905919432640076;0.5355100035667419
0.9911656379699707;0.5411326885223389
0.9921283721923828;0.539319634437561
0.9916559457778931;0.5392528772354126
0.9909446239471436;0.538526177406311
0.9910295009613037;0.5350221395492554
0.990849494934082;0.5366442203521729
0.9911456108093262;0.5373799800872803
0.9920821189880371;0.5396711230278015
0.9903753995895386;0.5374911427497864
0.9922695755958557;0.5372260808944702
0.9908609390258789;0.535496711730957
0.9906887412071228;0.5373363494873047
0.9912875890731812;0.5387006402015686
