TV;KL
1.9999850988388062;14.588615417480469
1.7179772853851318;9.290535926818848
1.5030229091644287;7.349753379821777
1.4246437549591064;6.56869649887085
1.3652820587158203;5.991639137268066
1.3544719219207764;5.668821334838867
1.313501238822937;5.347180366516113
1.313370704650879;5.263736248016357
1.3012791872024536;5.004437446594238
1.259807825088501;4.790569305419922
1.283491849899292;4.719120502471924
1.2462518215179443;4.6620659828186035
1.1921777725219727;4.404638767242432
1.2249835729599;4.436659812927246
1.2108685970306396;4.3128437995910645
1.1885472536087036;4.273665428161621
1.1691086292266846;4.177674293518066
1.1650123596191406;4.130224227905273
1.1457926034927368;3.992499351501465
1.159757137298584;3.9548325538635254
1.1396479606628418;3.8424253463745117
1.1254489421844482;3.706146717071533
1.08103609085083;3.5686686038970947
1.089353084564209;3.5302228927612305
1.0667908191680908;3.4847118854522705
1.0488362312316895;3.3548965454101562
1.0444540977478027;3.2313804626464844
1.034496784210205;3.211388111114502
0.9957788586616516;2.9969913959503174
0.9870083928108215;2.9579224586486816
0.9980354905128479;2.8623056411743164
0.9728808403015137;2.7400283813476562
0.9370118379592896;2.6727447509765625
0.9427151083946228;2.6548588275909424
0.9142968654632568;2.4786462783813477
0.9260693192481995;2.433302879333496
0.9000611305236816;2.350599527359009
0.872918426990509;2.1832733154296875
0.8730089068412781;2.1138765811920166
0.8424553871154785;2.090841054916382
0.8290004730224609;2.0047240257263184
0.845063328742981;1.8876432180404663
0.8175750970840454;1.889297366142273
0.8053188323974609;1.774736762046814
0.7997841238975525;1.7052221298217773
0.7834849953651428;1.554237723350525
0.7582145929336548;1.5300699472427368
0.7411143779754639;1.4922548532485962
0.7309524416923523;1.4199681282043457
0.698611855506897;1.3361555337905884
0.6820782423019409;1.18852961063385
0.6744680404663086;1.1516437530517578
0.6567125916481018;1.05809485912323
0.6587553024291992;1.075485348701477
0.6252548098564148;0.9209356904029846
0.6088721752166748;0.9140215516090393
0.6132404804229736;0.8715357780456543
0.6007531881332397;0.8524029850959778
0.5712572336196899;0.7866119146347046
0.5550481081008911;0.693871021270752
0.5560063719749451;0.6806270480155945
0.5488578081130981;0.6382142305374146
0.5210549831390381;0.5930606722831726
0.513639509677887;0.5404807329177856
0.5230202078819275;0.5492674708366394
0.5033729076385498;0.513978123664856
0.493937611579895;0.4595656394958496
0.46581369638442993;0.4536994695663452
0.4473796486854553;0.3976300358772278
0.46478068828582764;0.4083056151866913
0.445894718170166;0.3538810610771179
0.4358663558959961;0.3251120150089264
0.43255600333213806;0.3380776047706604
0.4240988790988922;0.3242007791996002
0.41085314750671387;0.2701990604400635
0.41771984100341797;0.26701053977012634
0.41589024662971497;0.2721133232116699
0.39152488112449646;0.26625385880470276
0.4000803828239441;0.24519947171211243
0.390336275100708;0.2224351167678833
0.3902106285095215;0.21399933099746704
0.39004725217819214;0.2115398347377777
0.3965199291706085;0.20477896928787231
0.35880568623542786;0.17689761519432068
0.37497252225875854;0.17109596729278564
0.3629113733768463;0.1567448526620865
0.35558199882507324;0.14425641298294067
0.36636364459991455;0.13723063468933105
0.36261171102523804;0.13594701886177063
0.3645925521850586;0.13546717166900635
0.3596734404563904;0.12672221660614014
0.36581695079803467;0.12617799639701843
0.36018967628479004;0.12707409262657166
0.3575200140476227;0.12212883681058884
0.3604552149772644;0.11415918916463852
0.36590906977653503;0.12345696985721588
0.3616933524608612;0.11378651112318039
0.36415180563926697;0.1078948974609375
0.35983237624168396;0.10192390531301498
0.3606905937194824;0.10536345839500427
0.36198052763938904;0.10891345143318176
0.35728490352630615;0.10379864275455475
0.356641948223114;0.09926848113536835
0.35825061798095703;0.10333599895238876
0.3581579625606537;0.0999392420053482
0.36027753353118896;0.0975925475358963
0.35949182510375977;0.09765009582042694
0.3627606928348541;0.09997881948947906
0.35883232951164246;0.09706560522317886
0.3523787260055542;0.09351986646652222
0.3637852072715759;0.09495101869106293
0.3555898070335388;0.09392894804477692
0.355858713388443;0.09381520748138428
0.3566191494464874;0.09176366776227951
0.35199886560440063;0.08979548513889313
0.35567528009414673;0.0942845344543457
0.352610319852829;0.09325291216373444
0.35117700695991516;0.09345244616270065
0.3578321039676666;0.09349307417869568
0.35182589292526245;0.093418188393116
0.3576142191886902;0.0947592556476593
0.35883116722106934;0.09282255172729492
0.3580070734024048;0.0938592329621315
0.3567699193954468;0.08836208283901215
0.3530406951904297;0.09107111394405365
0.3526933193206787;0.08732036501169205
0.3585459589958191;0.09359252452850342
0.35006725788116455;0.08930599689483643
0.3625785708427429;0.09328503906726837
0.36248090863227844;0.0919196605682373
0.36266815662384033;0.09336169064044952
0.35275882482528687;0.08923749625682831
0.35396453738212585;0.0882040336728096
0.35915079712867737;0.09061284363269806
0.3555092215538025;0.08679402619600296
0.36241409182548523;0.09037767350673676
0.3595256209373474;0.0904783084988594
0.35215210914611816;0.08817245066165924
0.36295920610427856;0.09136191755533218
0.3591105043888092;0.09125993400812149
0.3525182902812958;0.08877107501029968
0.36238837242126465;0.09000447392463684
0.35578852891921997;0.09030606597661972
0.35270363092422485;0.08948440849781036
0.3567352294921875;0.09115398675203323
0.3523164391517639;0.08840255439281464
0.35534003376960754;0.08827129006385803
0.35290825366973877;0.09096872806549072
0.35561585426330566;0.09295760840177536
0.35207101702690125;0.08793306350708008
0.3479669392108917;0.08620212972164154
0.34957581758499146;0.08928267657756805
0.3571966886520386;0.08729498088359833
0.35694849491119385;0.0882190689444542
0.36029356718063354;0.0901515930891037
0.36492204666137695;0.09174387156963348
0.3503573536872864;0.08806173503398895
0.3574054539203644;0.09050783514976501
0.3488919138908386;0.09203031659126282
0.35534876585006714;0.08726361393928528
0.35222941637039185;0.08860249817371368
0.35215920209884644;0.08703158795833588
0.3576468229293823;0.08902134746313095
0.3578794002532959;0.08748121559619904
0.3564229905605316;0.08877258002758026
0.3528177738189697;0.0881865993142128
0.3564768433570862;0.09150353074073792
0.35441112518310547;0.08800461143255234
0.3576876223087311;0.09044492244720459
0.3526623845100403;0.09063078463077545
0.363905668258667;0.0915469154715538
0.3600051999092102;0.08895830810070038
0.35173481702804565;0.08904855698347092
0.358630895614624;0.09104322642087936
0.36960384249687195;0.08967109769582748
0.3590172529220581;0.09173216670751572
0.3515525460243225;0.08886470645666122
0.36701273918151855;0.09324218332767487
0.3553285002708435;0.09094829112291336
0.3474939465522766;0.08948612213134766
0.3601740002632141;0.08923956751823425
0.3575032949447632;0.08955895155668259
0.36194249987602234;0.08871245384216309
0.36414945125579834;0.09146074205636978
0.35848432779312134;0.09117213636636734
0.35565468668937683;0.09198414534330368
0.3562076687812805;0.09145068377256393
0.36046865582466125;0.08761674165725708
0.35253000259399414;0.08558368682861328
0.35772573947906494;0.09253671020269394
0.3565351963043213;0.08869117498397827
0.35393601655960083;0.08886689692735672
0.36047154664993286;0.08958582580089569
0.36661869287490845;0.09099887311458588
0.3477494716644287;0.08520534634590149
0.35699883103370667;0.09130167961120605
0.3524811267852783;0.0882871001958847
0.3597756624221802;0.09209075570106506
0.3579508364200592;0.09170776605606079
0.3542535603046417;0.08689568936824799
0.3504377603530884;0.08729840815067291
0.3582020103931427;0.08788494765758514
0.35742712020874023;0.08681182563304901
0.3533492684364319;0.08961319923400879
0.35811924934387207;0.08811986446380615
0.36129310727119446;0.09070312976837158
0.3556450605392456;0.09232418239116669
0.35265016555786133;0.08807213604450226
0.35252654552459717;0.08899848908185959
0.3556920886039734;0.0886821448802948
0.34944915771484375;0.089144766330719
0.35169747471809387;0.08919581025838852
0.35978418588638306;0.08886289596557617
0.3553743362426758;0.09057475626468658
0.35617712140083313;0.08695270121097565
0.3569892346858978;0.09099547564983368
0.35188478231430054;0.08828271925449371
0.3562007546424866;0.08840923756361008
0.35159265995025635;0.08828848600387573
0.3641452491283417;0.09161126613616943
0.35718703269958496;0.08743506669998169
0.3611541986465454;0.08984251320362091
0.35226088762283325;0.08658228814601898
0.35035043954849243;0.0866125226020813
0.3500959277153015;0.08808085322380066
0.35236960649490356;0.0898427963256836
0.35944366455078125;0.08972053229808807
0.3576200306415558;0.08892343938350677
0.3510410487651825;0.08572673797607422
0.3568890690803528;0.08843368291854858
0.3571004867553711;0.08780622482299805
0.3558182120323181;0.08845709264278412
0.3549928665161133;0.08803148567676544
0.3520701825618744;0.08757997304201126
0.35729119181632996;0.0870366021990776
0.3539954423904419;0.0905146449804306
0.34966403245925903;0.08381152898073196
0.3522748351097107;0.08755062520503998
0.3555057644844055;0.0868423581123352
0.35554075241088867;0.08945026993751526
0.35345369577407837;0.08668994903564453
0.3560488224029541;0.08749710023403168
0.35804152488708496;0.09215842187404633
0.35067927837371826;0.0877588614821434
0.3550545573234558;0.08711408823728561
0.3505176901817322;0.08706465363502502
0.35060063004493713;0.09063051640987396
0.3559753894805908;0.08785560727119446
0.35755792260169983;0.08672253042459488
0.3504394292831421;0.08920662105083466
0.3533886671066284;0.0870252400636673
0.3523433208465576;0.08704259991645813
0.35625752806663513;0.08680538088083267
0.3484026789665222;0.08804959058761597
0.35318514704704285;0.08878309279680252
0.35725265741348267;0.08936640620231628
0.35447266697883606;0.09111344814300537
0.3539760708808899;0.09016712009906769
0.3601141571998596;0.08781936764717102
0.35455530881881714;0.08588521927595139
0.3534839153289795;0.08853539824485779
0.35702186822891235;0.09097011387348175
0.35231366753578186;0.08703295886516571
0.3569144010543823;0.08801831305027008
0.35418960452079773;0.08920227736234665
0.3607634902000427;0.08863900601863861
0.3536122143268585;0.08528652787208557
0.3531252443790436;0.0892278328537941
0.3529863655567169;0.08731906116008759
0.3504944443702698;0.08714525401592255
0.35187873244285583;0.09106747806072235
0.35677382349967957;0.08786576986312866
0.35300323367118835;0.09105327725410461
0.35945719480514526;0.09005218744277954
0.365032434463501;0.09080348908901215
0.3592902421951294;0.08902652561664581
0.35509103536605835;0.08947665989398956
0.3571915030479431;0.0896795392036438
0.3570665121078491;0.08904756605625153
0.3565656542778015;0.08711939305067062
0.3558794856071472;0.09177064150571823
0.36095747351646423;0.0906304270029068
0.3569692373275757;0.090899258852005
0.359555721282959;0.09279245138168335
0.3558969497680664;0.09126612544059753
0.3525310754776001;0.08983753621578217
0.3556305170059204;0.08927374333143234
0.35252276062965393;0.08721482753753662
0.3571717143058777;0.08771039545536041
0.3581033945083618;0.09003736823797226
0.35536104440689087;0.08929647505283356
0.3525145649909973;0.0890362560749054
0.34962278604507446;0.08662087470293045
0.3555542826652527;0.08731894940137863
0.36043810844421387;0.08930851519107819
0.36395347118377686;0.08840180933475494
0.350705623626709;0.08890071511268616
0.3540623188018799;0.08980398625135422
0.35246312618255615;0.08817381411790848
0.34890830516815186;0.08982351422309875
0.3618071675300598;0.08881616592407227
0.35036566853523254;0.08774252235889435
0.3579818606376648;0.08944351226091385
0.35572099685668945;0.09017112851142883
0.36278218030929565;0.08965277671813965
0.3542393445968628;0.08739255368709564
0.3503279983997345;0.08643181622028351
0.35354942083358765;0.0868508517742157
0.3544226288795471;0.08792835474014282
0.35241228342056274;0.09036675095558167
0.35637378692626953;0.08730527013540268
0.353049635887146;0.08738909661769867
0.35769137740135193;0.08924265205860138
0.3567242920398712;0.09101119637489319
0.3592388331890106;0.08974596858024597
0.355923056602478;0.08942097425460815
0.3510860204696655;0.08923980593681335
0.3530983626842499;0.0872417539358139
0.35242950916290283;0.0866667628288269
0.35197025537490845;0.087635338306427
0.3531268239021301;0.08630245923995972
0.350904256105423;0.08748860657215118
0.3554728031158447;0.09233138710260391
0.354730486869812;0.09051975607872009
0.3575124740600586;0.09250868856906891
0.36350932717323303;0.09032130986452103
0.35283684730529785;0.08726468682289124
0.3572900891304016;0.0914061963558197
0.3524068593978882;0.08966732025146484
0.3579093813896179;0.08832140266895294
0.355735719203949;0.08980582654476166
0.3516250252723694;0.0845775455236435
0.3631620705127716;0.0892186239361763
0.360914409160614;0.08747002482414246
0.3585267961025238;0.08949336409568787
0.35865193605422974;0.08805885910987854
0.3496318459510803;0.08850918710231781
0.35960307717323303;0.08998604118824005
0.3602350652217865;0.08661823719739914
0.3570849895477295;0.08777812123298645
0.35778430104255676;0.08866250514984131
0.35232603549957275;0.08565045893192291
0.3525257110595703;0.08984887599945068
0.3653585910797119;0.08772885799407959
0.35312679409980774;0.08821599185466766
0.3593621850013733;0.08761078119277954
0.3588900566101074;0.09033709019422531
0.35531431436538696;0.08985567837953568
0.35107848048210144;0.08854320645332336
0.35277441143989563;0.08863930404186249
0.35291731357574463;0.08858830481767654
0.35301727056503296;0.08875097334384918
0.35769951343536377;0.08594952523708344
0.3554595708847046;0.08785773813724518
0.3488125801086426;0.08614736050367355
0.34981465339660645;0.08709315955638885
0.3551662564277649;0.0891287699341774
0.35371121764183044;0.08824102580547333
0.3592440187931061;0.08589757978916168
0.35498154163360596;0.08928627520799637
0.3559231162071228;0.08676091581583023
0.3495858311653137;0.08886890858411789
0.3559287488460541;0.08949936926364899
0.34979531168937683;0.08743735402822495
0.35608235001564026;0.08928463608026505
0.355995774269104;0.08920975029468536
0.35483822226524353;0.0881553366780281
0.3594794273376465;0.08981972932815552
0.3530758023262024;0.08612620085477829
0.3521484434604645;0.08825156837701797
0.354042649269104;0.08723792433738708
0.34905141592025757;0.08779310435056686
0.35542750358581543;0.09236691147089005
0.3595091998577118;0.08907215297222137
0.3606492877006531;0.09007957577705383
0.35305625200271606;0.08708703517913818
0.35724395513534546;0.09067262709140778
0.3561873733997345;0.08777149021625519
0.3494827449321747;0.08742105215787888
0.35850924253463745;0.08526269346475601
0.3522123694419861;0.09026435762643814
0.34837156534194946;0.08795423060655594
0.3523324131965637;0.08738652616739273
0.3585456907749176;0.08900509029626846
0.3550952970981598;0.08716981112957001
0.3530571758747101;0.08792243897914886
0.34658730030059814;0.08817979693412781
0.34852927923202515;0.08582128584384918
0.3548983037471771;0.08915667235851288
0.350911021232605;0.08706935495138168
0.3519948720932007;0.08980366587638855
0.35323530435562134;0.08739777654409409
0.3576023578643799;0.09072143584489822
0.3567904829978943;0.08778616040945053
0.35438328981399536;0.08648419380187988
0.35794371366500854;0.09110456705093384
0.36171627044677734;0.08892253041267395
0.35309916734695435;0.09235413372516632
0.35296353697776794;0.08561189472675323
0.35447603464126587;0.08930675685405731
0.3515155017375946;0.09101857244968414
0.3522263169288635;0.08672524988651276
0.35347622632980347;0.0884050577878952
0.3602105975151062;0.08799785375595093
0.35230550169944763;0.08615031838417053
0.3609827756881714;0.0900295227766037
0.3520975708961487;0.08851321041584015
0.34990835189819336;0.08883088827133179
0.3559574782848358;0.08429092913866043
0.34975939989089966;0.08583670854568481
0.35319602489471436;0.08438676595687866
0.3514989912509918;0.0873732939362526
0.35202598571777344;0.08762319386005402
0.3516775965690613;0.0867120698094368
0.35447174310684204;0.08892509341239929
0.35803741216659546;0.08864118158817291
0.3587581217288971;0.08891794085502625
0.3618244528770447;0.08963999152183533
0.3520679473876953;0.0895543098449707
0.3565877079963684;0.08894161880016327
0.3512972295284271;0.08785080909729004
0.34525591135025024;0.08611372113227844
0.3518633544445038;0.0868564173579216
0.35384446382522583;0.08486010879278183
0.3608916401863098;0.08778689801692963
0.35887411236763;0.08940418064594269
0.35650113224983215;0.0889233872294426
0.3590591847896576;0.08856432139873505
0.3490080237388611;0.08777410537004471
0.36506766080856323;0.08976294100284576
0.35437870025634766;0.08792142570018768
0.362931489944458;0.09349112212657928
0.3467155396938324;0.08940571546554565
0.35302868485450745;0.08870643377304077
0.35687774419784546;0.08664762228727341
0.35002580285072327;0.08681383728981018
0.3525082468986511;0.08702297508716583
0.3519866466522217;0.08954023569822311
0.3566761910915375;0.08736254274845123
0.3533397316932678;0.08748959004878998
0.3573402762413025;0.08937101066112518
0.3490942418575287;0.08673178404569626
0.35407865047454834;0.0882582813501358
0.35641539096832275;0.08674013614654541
0.3506140410900116;0.08724482357501984
0.35306036472320557;0.08981950581073761
0.35964906215667725;0.09121403098106384
0.3492450714111328;0.0850510448217392
0.3493728041648865;0.08723700046539307
0.3577931523323059;0.09315995872020721
0.360891729593277;0.09096941351890564
0.3557822108268738;0.08634103089570999
0.35276269912719727;0.08510246127843857
0.3523457646369934;0.08867388963699341
0.35427266359329224;0.08921706676483154
0.34780579805374146;0.08655346930027008
0.35356515645980835;0.08686479926109314
0.3559492528438568;0.08694495260715485
0.3516712188720703;0.08835636079311371
0.36080503463745117;0.09016851335763931
0.3475649654865265;0.08613337576389313
0.35768628120422363;0.09218069911003113
0.3482518196105957;0.08582279086112976
0.3556063175201416;0.08878146857023239
0.3538033068180084;0.0903853178024292
0.35301944613456726;0.08775071799755096
0.35032325983047485;0.08601678907871246
0.35375258326530457;0.08798900246620178
0.35801559686660767;0.08744190633296967
0.3526240587234497;0.08947457373142242
0.34496986865997314;0.08904637396335602
0.3490293025970459;0.08628099411725998
0.3565952777862549;0.08731421828269958
0.35216712951660156;0.08587995916604996
0.3549370765686035;0.08840231597423553
0.3510853350162506;0.08712081611156464
0.3561578094959259;0.08819995075464249
0.35780447721481323;0.08842603862285614
0.3615267872810364;0.09055931866168976
0.35832899808883667;0.08699938654899597
0.3588145971298218;0.09046486765146255
0.3510585427284241;0.08583182096481323
0.35550105571746826;0.0887189507484436
0.35881370306015015;0.09003469347953796
0.3500545024871826;0.08860689401626587
0.3534157872200012;0.08874514698982239
0.35168221592903137;0.09152741730213165
0.36092686653137207;0.0893256664276123
0.35670655965805054;0.08594301342964172
0.35492897033691406;0.08983896672725677
0.35292357206344604;0.08803174644708633
0.3633768856525421;0.08883024752140045
0.3517487049102783;0.08700132369995117
0.35462814569473267;0.08573795855045319
0.3504314720630646;0.08925093710422516
0.3551998436450958;0.08855365216732025
0.35339727997779846;0.08664621412754059
0.35569947957992554;0.0874737948179245
0.3525424003601074;0.08759510517120361
0.3510904908180237;0.08860448002815247
0.3554816246032715;0.08604537695646286
0.3531677722930908;0.08739057183265686
0.3571065068244934;0.08607736229896545
0.3535614609718323;0.08803202211856842
0.3512701988220215;0.08638976514339447
0.361289918422699;0.08715668320655823
0.3611759543418884;0.0890171229839325
0.3569645285606384;0.09002423286437988
0.3476184010505676;0.08377964794635773
0.35686764121055603;0.08713263273239136
0.3586876094341278;0.08669617772102356
0.3601294159889221;0.08841529488563538
0.3576183319091797;0.08829691261053085
0.35419565439224243;0.08720697462558746
0.35631561279296875;0.0900854542851448
0.35388195514678955;0.08749117702245712
0.34899914264678955;0.08581575751304626
0.3514944314956665;0.0844903439283371
0.3533381223678589;0.08992709219455719
0.35403692722320557;0.0852622538805008
0.3498297333717346;0.08569790422916412
0.35763832926750183;0.09040054678916931
0.35988473892211914;0.09039466828107834
0.3530641794204712;0.08640235662460327
0.35714268684387207;0.0904848575592041
0.35285747051239014;0.08887353539466858
0.35249805450439453;0.08868058770895004
0.35537803173065186;0.08749227225780487
0.3547913432121277;0.08880782127380371
0.3519573211669922;0.08652856200933456
0.3564518690109253;0.08675187826156616
0.35490578413009644;0.0869152769446373
0.3529457449913025;0.085625559091568
0.3481031358242035;0.08538655191659927
0.3557274341583252;0.08840923011302948
0.3533620238304138;0.08775774389505386
0.3587287366390228;0.0874609500169754
0.35019341111183167;0.0856020376086235
0.35158810019493103;0.08674828708171844
0.3539654314517975;0.0862206295132637
0.3535345792770386;0.08793008327484131
0.36587634682655334;0.08946992456912994
0.35653626918792725;0.08686307072639465
0.34804636240005493;0.08967927098274231
0.3470275402069092;0.08428401499986649
0.3444666564464569;0.08566681295633316
0.3540985584259033;0.08635221421718597
0.3508027195930481;0.08630885183811188
0.353998601436615;0.08607999980449677
0.35730963945388794;0.08859944343566895
0.3513450622558594;0.08833089470863342
0.3577820658683777;0.08832776546478271
0.356378972530365;0.0867673009634018
0.35549741983413696;0.09016826003789902
0.3538699746131897;0.08525273203849792
0.353069007396698;0.08669304847717285
0.35500484704971313;0.08708082139492035
0.3524214029312134;0.08532372117042542
0.35407155752182007;0.08717387169599533
0.35803455114364624;0.0867670327425003
0.3592959940433502;0.09123606234788895
0.35051822662353516;0.08938884735107422
0.3472975194454193;0.08540544658899307
0.35212457180023193;0.0881594866514206
0.3530249297618866;0.08414146304130554
0.35856860876083374;0.08676257729530334
0.34886038303375244;0.0877106785774231
0.34984081983566284;0.08669871091842651
0.3534851670265198;0.08774164319038391
0.3639059066772461;0.08965139091014862
0.36079132556915283;0.08912976086139679
0.3506217896938324;0.08798365294933319
0.3477203845977783;0.0866820216178894
0.35758310556411743;0.0884195864200592
0.34743577241897583;0.0897999182343483
0.3624809980392456;0.08661974966526031
0.35110753774642944;0.08736364543437958
0.35759010910987854;0.08562097698450089
0.362168550491333;0.08881281316280365
0.3527044951915741;0.08588507026433945
0.3524981141090393;0.0844542384147644
0.35512611269950867;0.09005396068096161
0.352396160364151;0.08731430768966675
0.34788867831230164;0.08575746417045593
0.35315918922424316;0.08643066883087158
0.3504132032394409;0.0881667286157608
0.3523590862751007;0.08889689296483994
0.36033469438552856;0.08778121322393417
0.34981733560562134;0.08723510801792145
0.35132747888565063;0.09050392359495163
0.36024010181427;0.08798033744096756
0.3521345257759094;0.08592522144317627
0.35251811146736145;0.08641965687274933
0.35259848833084106;0.08658944815397263
0.3501637578010559;0.08772983402013779
0.3453085422515869;0.08449452370405197
0.34874454140663147;0.0876559317111969
0.3543691635131836;0.08626293390989304
0.3505346477031708;0.08755016326904297
0.3536224961280823;0.08561073988676071
0.3518168032169342;0.08330938965082169
0.3523765802383423;0.09030789136886597
0.3532860279083252;0.0864856094121933
0.35694536566734314;0.08917996287345886
0.3533799648284912;0.08842014521360397
0.35421672463417053;0.0890752524137497
0.3500734865665436;0.08513761311769485
0.35299450159072876;0.08917564153671265
0.35082510113716125;0.08772546797990799
0.3538759648799896;0.08735666424036026
0.3536386489868164;0.08622725307941437
0.3494921326637268;0.08486463129520416
0.3538179397583008;0.08721312880516052
0.35358917713165283;0.08447133004665375
0.35015249252319336;0.08864590525627136
0.3505061864852905;0.08776792883872986
0.3489023447036743;0.08825807273387909
0.3542026877403259;0.088648222386837
0.3556298315525055;0.08488686382770538
0.35620155930519104;0.08946603536605835
0.3589959740638733;0.08886010199785233
0.35484033823013306;0.08598364144563675
0.34815478324890137;0.08732190728187561
0.34921982884407043;0.08519129455089569
0.34996193647384644;0.08734778314828873
0.3510979413986206;0.08684521913528442
0.35451802611351013;0.08584921807050705
0.35055506229400635;0.08620406687259674
0.3560318350791931;0.08912255614995956
0.34997260570526123;0.08699770271778107
0.3531796634197235;0.08790898323059082
0.35078778862953186;0.0891406461596489
0.352367103099823;0.08735255897045135
0.3506197929382324;0.08714520931243896
0.35871440172195435;0.08796453475952148
0.3528102934360504;0.0850866436958313
0.35233673453330994;0.08713687211275101
0.3481897711753845;0.08737128227949142
0.3605882525444031;0.08639666438102722
0.3431583642959595;0.08411900699138641
0.35407984256744385;0.08658672869205475
0.3581025004386902;0.0893888846039772
0.36042773723602295;0.08833307027816772
0.3459206819534302;0.08553929626941681
0.3485431671142578;0.08626513928174973
0.3439960479736328;0.08384041488170624
0.352331280708313;0.08631628751754761
0.3518534004688263;0.08822990953922272
0.3438063859939575;0.08344496786594391
0.35220056772232056;0.08872422575950623
0.34895509481430054;0.08457056432962418
0.34599846601486206;0.08768866956233978
0.35857927799224854;0.08843742311000824
0.3582727313041687;0.09171977639198303
0.35746675729751587;0.08820226788520813
0.3524669408798218;0.08957725763320923
0.3479902744293213;0.08287031948566437
0.3484031856060028;0.08397303521633148
0.3530421555042267;0.08828268945217133
0.3485785126686096;0.08275511860847473
0.3555092513561249;0.08731935173273087
0.35161834955215454;0.08685201406478882
0.34374308586120605;0.0850541740655899
0.3557160496711731;0.08844377100467682
0.3491021990776062;0.08536110818386078
0.3527255654335022;0.08594810962677002
0.3475172221660614;0.08262944221496582
0.3508603572845459;0.08634215593338013
0.35516557097435;0.0880819782614708
0.34501492977142334;0.08424051851034164
0.34622740745544434;0.08405795693397522
0.34749242663383484;0.08617620170116425
0.349779337644577;0.08622542023658752
0.3549559712409973;0.088022880256176
0.3437648415565491;0.0865253359079361
0.35751235485076904;0.08741617202758789
0.3525520861148834;0.08750266581773758
0.34721142053604126;0.08559197932481766
0.34888553619384766;0.0856705904006958
0.34694337844848633;0.08454682677984238
0.35310184955596924;0.084801085293293
0.35557883977890015;0.08596183359622955
0.3464992046356201;0.08660780638456345
0.355788916349411;0.0886123776435852
0.3490668535232544;0.0859147310256958
0.35020923614501953;0.0852024033665657
0.36011970043182373;0.08886292576789856
0.3518524169921875;0.08958610892295837
0.34794899821281433;0.0851723700761795
0.35578471422195435;0.08779725432395935
0.3537321984767914;0.08587105572223663
0.3532641530036926;0.08358312398195267
0.3543126583099365;0.08624817430973053
0.34883973002433777;0.08661933988332748
0.3544003963470459;0.08652015030384064
0.3471263647079468;0.08475328981876373
0.3475809097290039;0.08764422684907913
0.34883344173431396;0.08546395599842072
0.3504873514175415;0.08707741647958755
0.35260874032974243;0.08514171093702316
0.3536131978034973;0.08987174183130264
0.34658437967300415;0.08466590940952301
0.3480994701385498;0.08555005490779877
0.35034534335136414;0.08542315661907196
0.35931897163391113;0.08878503739833832
0.35345959663391113;0.08735906332731247
0.35018354654312134;0.08675326406955719
0.35668057203292847;0.08637499809265137
0.34595340490341187;0.08697226643562317
0.35551896691322327;0.08662250638008118
0.3500789403915405;0.08352045714855194
0.34936651587486267;0.08816751837730408
0.3539796471595764;0.08578786253929138
0.3478076457977295;0.0835905522108078
0.35099324584007263;0.08716127276420593
0.3519894480705261;0.0850742980837822
0.36050719022750854;0.08932781219482422
0.35400184988975525;0.08648869395256042
0.35206568241119385;0.08754703402519226
0.3514270782470703;0.08851321041584015
0.3492646813392639;0.08574606478214264
0.3570442795753479;0.08879724144935608
0.354940265417099;0.08672155439853668
0.3555785119533539;0.0871695801615715
0.3566970229148865;0.0861060619354248
0.35500314831733704;0.09023142606019974
0.3529197573661804;0.08700945228338242
0.35291653871536255;0.08634364604949951
0.34952664375305176;0.08424551784992218
0.34886065125465393;0.08571933954954147
0.3440549671649933;0.08535882830619812
0.34968695044517517;0.08726483583450317
0.348521888256073;0.08656536042690277
0.35202205181121826;0.08550025522708893
0.34611326456069946;0.08485083281993866
0.34818315505981445;0.08520516753196716
0.3485329747200012;0.08441220223903656
0.35438376665115356;0.08861102908849716
0.3478737473487854;0.08568108826875687
0.350924551486969;0.085786372423172
0.3533901572227478;0.08590032160282135
0.3539249300956726;0.08602665364742279
0.3538951575756073;0.08694051206111908
0.3536940813064575;0.08678996562957764
0.3493838906288147;0.08412463963031769
0.3603711724281311;0.0887736827135086
0.35072559118270874;0.08623628318309784
0.3467475175857544;0.08342815935611725
0.3564072251319885;0.08682078868150711
0.35439521074295044;0.08729887008666992
0.34610748291015625;0.08472523093223572
0.350229412317276;0.08728279173374176
0.3485075831413269;0.0878986194729805
0.3478381633758545;0.08549942821264267
0.3516668379306793;0.08727344125509262
0.3551253378391266;0.08896712958812714
0.3547848165035248;0.08582666516304016
0.3481085002422333;0.0876607894897461
0.35190945863723755;0.08820261061191559
0.3490736484527588;0.08405709266662598
0.3535501956939697;0.08750509470701218
0.34663456678390503;0.08605541288852692
0.3558781147003174;0.08615435659885406
0.34856116771698;0.08651639521121979
0.3471660614013672;0.08747389167547226
0.3583589792251587;0.08881600201129913
0.34607088565826416;0.08496088534593582
0.3474714159965515;0.0835452675819397
0.3492226302623749;0.0866856724023819
0.3469386696815491;0.08482180535793304
0.346051961183548;0.08604437112808228
0.3451796770095825;0.08660100400447845
0.35993972420692444;0.08734273165464401
0.35347267985343933;0.08542138338088989
0.3443380296230316;0.08600066602230072
0.35541847348213196;0.09040448069572449
0.3473823070526123;0.08562986552715302
0.3491755723953247;0.0849553793668747
0.3561432361602783;0.08528013527393341
0.35390162467956543;0.08796394616365433
0.3482203483581543;0.08491005003452301
0.3498315215110779;0.08609261363744736
0.35748979449272156;0.08554205298423767
0.34917861223220825;0.08216328918933868
0.34635859727859497;0.08336467295885086
0.3668798506259918;0.09121572971343994
0.3479298949241638;0.08393038809299469
0.34704047441482544;0.0862186998128891
0.34839850664138794;0.08548963069915771
0.34782660007476807;0.08709105849266052
0.3474434018135071;0.08577468991279602
0.35380053520202637;0.08754059672355652
0.3527399003505707;0.0893656313419342
0.35158807039260864;0.08618897199630737
0.35792213678359985;0.08745287358760834
0.35257041454315186;0.08550004661083221
0.3605736494064331;0.09235953539609909
0.3496522903442383;0.09040950983762741
0.34868448972702026;0.08419549465179443
0.3503861427307129;0.0846325159072876
0.342279851436615;0.0842864140868187
0.35399580001831055;0.08483456075191498
0.34836792945861816;0.08366042375564575
0.3487306237220764;0.08705176413059235
0.3536539673805237;0.08503478765487671
0.3474050462245941;0.08829084038734436
0.34696733951568604;0.08490543067455292
0.34416311979293823;0.0859014242887497
0.35170644521713257;0.08731983602046967
0.35051971673965454;0.08442830294370651
0.3571980595588684;0.08442825824022293
0.34862083196640015;0.08463548868894577
0.3529137969017029;0.08850593864917755
0.35173726081848145;0.0895056426525116
0.34822219610214233;0.08629684150218964
0.35201865434646606;0.08587144315242767
0.34922492504119873;0.08437545597553253
0.34881773591041565;0.08387641608715057
0.3497914671897888;0.08537773787975311
0.3500049114227295;0.08757789433002472
0.3501179814338684;0.08620394766330719
0.34766143560409546;0.08396133780479431
0.35170066356658936;0.08919548988342285
0.3475090563297272;0.08580935001373291
0.34478241205215454;0.08422324061393738
0.3481518030166626;0.08374336361885071
0.3496774435043335;0.08640042692422867
0.34019026160240173;0.08553070574998856
0.3457339107990265;0.08418793231248856
0.35016342997550964;0.08729559183120728
0.34800076484680176;0.08611848205327988
0.3469904065132141;0.0822158083319664
0.3513483703136444;0.08737483620643616
0.3451516926288605;0.08294796943664551
0.351768434047699;0.09001775085926056
0.3484644293785095;0.08726652711629868
0.34970104694366455;0.08793039619922638
0.35300731658935547;0.08777222037315369
0.35070520639419556;0.08705776929855347
0.34601137042045593;0.08429624885320663
0.34963661432266235;0.08655665814876556
0.35839706659317017;0.0886627733707428
0.3534768521785736;0.08695860207080841
0.35299602150917053;0.08799076080322266
0.34560859203338623;0.0869886502623558
0.3543269634246826;0.08467330038547516
0.34581059217453003;0.08325915783643723
0.3476998209953308;0.083324134349823
0.3473566174507141;0.08626987040042877
0.350954532623291;0.08923698961734772
0.35575225949287415;0.08651259541511536
0.350491464138031;0.08475625514984131
0.3474714756011963;0.08673095703125
0.34995245933532715;0.08277679979801178
0.3519333600997925;0.08767475187778473
0.3542042374610901;0.08671203255653381
0.3465038537979126;0.08445954322814941
0.3543490767478943;0.08566701412200928
0.3573133945465088;0.08999991416931152
0.34909552335739136;0.08426102995872498
0.35231584310531616;0.08392834663391113
0.35258057713508606;0.08672048896551132
0.34932559728622437;0.08494415879249573
0.350468248128891;0.08540821075439453
0.3463484048843384;0.08667035400867462
0.3568497896194458;0.08905509114265442
0.34299254417419434;0.08558636903762817
0.35476893186569214;0.08537604659795761
0.346180260181427;0.08561816066503525
0.346263587474823;0.08353296667337418
0.35312506556510925;0.0866137370467186
0.3491337299346924;0.08752813190221786
0.3469889163970947;0.08731576800346375
0.356253981590271;0.09290606528520584
0.34582948684692383;0.0849689319729805
0.3533794581890106;0.08885279297828674
0.3489578068256378;0.08668942004442215
0.35148531198501587;0.08688084781169891
0.3540111184120178;0.08565685153007507
0.34484970569610596;0.087211474776268
0.3474803566932678;0.08569923043251038
0.35240232944488525;0.08652383089065552
0.3503094017505646;0.08387380838394165
0.351218581199646;0.08683010190725327
0.3521595597267151;0.0857645720243454
0.3547506332397461;0.08499301224946976
0.35154467821121216;0.08642728626728058
0.34695184230804443;0.08706128597259521
0.3493514657020569;0.08458320051431656
0.3507220447063446;0.08678664267063141
0.3602931499481201;0.0887662023305893
0.35429883003234863;0.08904251456260681
0.3532136380672455;0.08635269850492477
0.34816986322402954;0.08663469552993774
0.3471308946609497;0.08734707534313202
0.3497358560562134;0.08482855558395386
0.34897351264953613;0.08418864011764526
0.35208234190940857;0.08679334819316864
0.3495023250579834;0.08658377826213837
0.3474040627479553;0.0830836147069931
0.3487434983253479;0.08759499341249466
0.3516542911529541;0.08691055327653885
0.347792387008667;0.08784206211566925
0.3439977169036865;0.08555206656455994
0.34567105770111084;0.0853952020406723
0.33945804834365845;0.08435921370983124
0.3461534380912781;0.08643627166748047
0.34659290313720703;0.08426186442375183
0.3519527316093445;0.08601710200309753
0.34602534770965576;0.0856228619813919
0.3537088632583618;0.08676531910896301
0.34834885597229004;0.08597858250141144
0.34956926107406616;0.08475660532712936
0.35302117466926575;0.08695244789123535
0.3534869849681854;0.0890638679265976
0.35313957929611206;0.0859367698431015
0.35169702768325806;0.08765949308872223
0.3518204987049103;0.08790959417819977
0.35088616609573364;0.08699290454387665
0.3480619192123413;0.0865107923746109
0.34465643763542175;0.08541485667228699
0.3482890725135803;0.08611884713172913
0.3549904525279999;0.088190458714962
0.3470699191093445;0.08556458353996277
0.3497149348258972;0.08407897502183914
0.3449633717536926;0.08281351625919342
0.3525528311729431;0.08423900604248047
0.34640586376190186;0.08517332375049591
0.3431224226951599;0.08608270436525345
0.3520154356956482;0.0843849927186966
0.34730634093284607;0.0847778469324112
0.35409611463546753;0.08781398832798004
0.3498939871788025;0.08791875094175339
0.35128873586654663;0.08634146302938461
0.34484702348709106;0.08317483216524124
0.35166680812835693;0.08456702530384064
0.3516318202018738;0.0921347588300705
0.3524056673049927;0.0866379588842392
0.34895059466362;0.085889533162117
0.34056732058525085;0.08208546042442322
0.3555572032928467;0.0868971049785614
0.3446166217327118;0.08385828137397766
0.35537806153297424;0.08944661915302277
0.34978073835372925;0.08558396995067596
0.3535154461860657;0.08792868256568909
0.3536929786205292;0.08431172370910645
0.3495620787143707;0.08486759662628174
0.35524630546569824;0.088242307305336
0.3531632423400879;0.08860890567302704
0.3532462418079376;0.0868634283542633
0.34622907638549805;0.08596767485141754
0.3481823205947876;0.08514545857906342
0.3541359007358551;0.08697289228439331
0.3527460992336273;0.08567183464765549
0.3522847890853882;0.0866960734128952
0.35283195972442627;0.08770067989826202
0.3440459370613098;0.0833711177110672
0.34576547145843506;0.08890135586261749
0.3509981632232666;0.08600836247205734
0.3462614119052887;0.08337171375751495
0.3519984483718872;0.08715392649173737
0.3469187021255493;0.082961305975914
0.34266871213912964;0.08562774956226349
0.3443041443824768;0.0882115289568901
0.3429151475429535;0.08473855257034302
0.34714117646217346;0.08287937939167023
0.35140717029571533;0.08640618622303009
0.35620981454849243;0.08776500821113586
0.34484702348709106;0.0852314680814743
0.35013526678085327;0.08613909780979156
0.3506024181842804;0.08504600822925568
0.3502802848815918;0.086480513215065
0.34794047474861145;0.08891572058200836
0.3471252918243408;0.08292629569768906
0.3484938144683838;0.0860769972205162
0.35207146406173706;0.085879847407341
0.3506866693496704;0.08581069111824036
0.34597593545913696;0.08444352447986603
0.3489513397216797;0.08521103858947754
0.35066354274749756;0.08458180725574493
0.3535735607147217;0.0862547904253006
0.34977683424949646;0.08703242987394333
0.35041970014572144;0.08713703602552414
0.353973925113678;0.08732106536626816
0.3409579396247864;0.08342050760984421
0.3448849618434906;0.0873921811580658
0.35388433933258057;0.08614440262317657
0.35404008626937866;0.08850178122520447
0.34972816705703735;0.08555258810520172
0.34790489077568054;0.08606404066085815
0.3467745780944824;0.08807630091905594
0.35277149081230164;0.085804782807827
0.3429590165615082;0.087541364133358
0.34851619601249695;0.0892924964427948
0.3422660231590271;0.08738738298416138
0.3455606698989868;0.08403931558132172
0.34492117166519165;0.08582420647144318
0.35062548518180847;0.08636510372161865
0.34468328952789307;0.08427044749259949
0.3573039472103119;0.09123602509498596
0.35438328981399536;0.08284254372119904
0.347831130027771;0.0828361064195633
0.3480549454689026;0.08424005657434464
0.3511894941329956;0.08545222878456116
0.3409229815006256;0.08496513217687607
0.34832704067230225;0.08667928725481033
0.34566938877105713;0.0808040052652359
0.34806615114212036;0.08581852912902832
0.3496433198451996;0.08547812700271606
0.3535957634449005;0.08829689770936966
0.3516981601715088;0.08458179235458374
0.35894304513931274;0.08576612174510956
0.3532560467720032;0.09150002896785736
0.3459360599517822;0.08464948832988739
0.34992313385009766;0.08696474879980087
0.35417354106903076;0.08875522017478943
0.3602539002895355;0.09342119097709656
0.34526193141937256;0.0842542052268982
0.35289737582206726;0.08611399680376053
0.34723350405693054;0.08541043847799301
0.34499692916870117;0.0868949219584465
0.3516731858253479;0.08243481814861298
0.3528999388217926;0.08690362423658371
0.34658458828926086;0.08606579899787903
0.3439143896102905;0.08407033979892731
0.3401137590408325;0.08375828713178635
0.35472702980041504;0.08741331100463867
0.35285311937332153;0.0840202122926712
0.3541228175163269;0.08734436333179474
0.3573060631752014;0.0884694904088974
0.35622438788414;0.08522804081439972
0.3452504873275757;0.0845305323600769
0.34568268060684204;0.08439002931118011
0.34428030252456665;0.08348256349563599
0.34013423323631287;0.08319339901208878
0.34871506690979004;0.0864715576171875
0.34720563888549805;0.0830143615603447
0.34766244888305664;0.08712682873010635
0.3502765893936157;0.08523054420948029
0.34760499000549316;0.08556205779314041
0.35125505924224854;0.08574175834655762
0.3434056043624878;0.08394555002450943
0.3438485860824585;0.08258261531591415
0.35233673453330994;0.08400432765483856
0.3530944883823395;0.08722318708896637
0.3494352698326111;0.08490945398807526
0.35450825095176697;0.0856505036354065
0.3432421088218689;0.083926722407341
0.34756165742874146;0.082431860268116
0.3495115339756012;0.08620215952396393
0.35245248675346375;0.08545166254043579
0.34186187386512756;0.08700145781040192
0.3504458963871002;0.08460880815982819
0.35259294509887695;0.08699356019496918
0.3493254780769348;0.08328011631965637
0.35049307346343994;0.08466508239507675
0.34103405475616455;0.08677170425653458
0.3416450619697571;0.08465927839279175
0.34938549995422363;0.08497488498687744
0.3424947261810303;0.08396944403648376
0.3494027853012085;0.08398953080177307
0.3518402576446533;0.08664432168006897
0.3461148142814636;0.08535837382078171
0.3488609194755554;0.08338090777397156
0.34910669922828674;0.08532774448394775
0.3527688980102539;0.08547420799732208
0.3557155132293701;0.08720528334379196
0.3498661518096924;0.08795741200447083
0.3488011956214905;0.08400282263755798
0.34196776151657104;0.08657165616750717
0.3479456305503845;0.0864059329032898
0.34568288922309875;0.08647578954696655
0.3483330011367798;0.08730914443731308
0.35102444887161255;0.08513140678405762
0.35149168968200684;0.08551828563213348
0.34716683626174927;0.08567416667938232
0.3459985852241516;0.08467204868793488
0.3470708727836609;0.08283572643995285
0.34330278635025024;0.08330851048231125
0.3477686643600464;0.08557490259408951
0.34973278641700745;0.08632904291152954
0.3414239287376404;0.08368827402591705
0.35378026962280273;0.08652596175670624
0.35742756724357605;0.08495335280895233
0.3491114675998688;0.08662635087966919
0.3488094210624695;0.08394037932157516
0.3475721478462219;0.08456212282180786
0.34476256370544434;0.08527553081512451
0.343227744102478;0.08276745676994324
0.35032427310943604;0.08549413830041885
0.35066884756088257;0.08801639080047607
0.3435739278793335;0.08247853815555573
0.3500567674636841;0.08586440980434418
0.34091857075691223;0.08176157623529434
0.34675103425979614;0.08353845775127411
0.3517976999282837;0.08606836199760437
0.352325439453125;0.08389606326818466
0.344541072845459;0.08438873291015625
0.3470568060874939;0.08572837710380554
0.3403790593147278;0.08210887014865875
0.34576958417892456;0.08491986989974976
0.34159746766090393;0.08246207237243652
0.3491676449775696;0.08791700750589371
0.34614020586013794;0.08593402802944183
0.34646546840667725;0.08475129306316376
0.34504926204681396;0.0848059356212616
0.35194993019104004;0.0865064263343811
0.3484218120574951;0.08315195143222809
0.34499895572662354;0.08508821576833725
0.34992796182632446;0.08530192077159882
0.3515360355377197;0.08706044405698776
0.3524804413318634;0.082704558968544
0.353789746761322;0.08715581893920898
0.34847408533096313;0.08354199677705765
0.34692734479904175;0.08372029662132263
0.3446506857872009;0.08269950747489929
0.3469759523868561;0.08578475564718246
0.34372854232788086;0.08498063683509827
0.34559065103530884;0.08539054542779922
0.34858980774879456;0.08489875495433807
0.35137271881103516;0.08518810570240021
0.35205960273742676;0.08607275784015656
0.3508750796318054;0.08664719760417938
0.3564450740814209;0.08565257489681244
0.3481801152229309;0.08409494161605835
0.34755951166152954;0.08441101759672165
0.34982800483703613;0.08487926423549652
0.3475719094276428;0.08385470509529114
0.3500472903251648;0.08522385358810425
0.3444458246231079;0.08386307954788208
0.3527049422264099;0.08510838449001312
0.3440011143684387;0.0820888802409172
0.34479665756225586;0.08513681590557098
0.34307003021240234;0.08537161350250244
0.3484157919883728;0.0836174488067627
0.3520209789276123;0.08638979494571686
0.34645208716392517;0.08800765126943588
0.3420145511627197;0.08511685580015182
0.34738993644714355;0.0847194716334343
0.34944239258766174;0.08759850263595581
0.35722583532333374;0.08645053952932358
0.3514353036880493;0.08617746829986572
0.3497716784477234;0.08518112450838089
0.34856826066970825;0.08666961640119553
0.345172643661499;0.08326788991689682
0.35588252544403076;0.085817351937294
0.3624960780143738;0.08936144411563873
0.3408520519733429;0.07961834967136383
0.34977349638938904;0.08223551511764526
0.3452085256576538;0.08901163190603256
0.3473113179206848;0.08876341581344604
0.35120320320129395;0.08837400376796722
0.3471447825431824;0.08702181279659271
0.3500869870185852;0.08765997737646103
0.35277247428894043;0.08491496741771698
0.33906570076942444;0.08066517114639282
0.3483555018901825;0.08792637288570404
0.3435020446777344;0.08505617082118988
0.34305787086486816;0.08135489374399185
0.3501465320587158;0.08720049262046814
0.35035616159439087;0.0849192887544632
0.3510228395462036;0.08679787814617157
0.3523983359336853;0.08696727454662323
0.35112738609313965;0.08678409457206726
0.3451451063156128;0.0852738618850708
0.35318294167518616;0.08498464524745941
0.3468785881996155;0.08489996939897537
0.34140461683273315;0.08408277481794357
0.3380868434906006;0.08324781060218811
0.34930089116096497;0.08543960005044937
0.34618550539016724;0.0828905925154686
0.34540480375289917;0.08252084255218506
0.34135371446609497;0.08359504491090775
0.3455302119255066;0.08516005426645279
0.3424493372440338;0.08550301194190979
0.3513815402984619;0.08384498953819275
0.35347115993499756;0.08341819047927856
0.34339630603790283;0.08069285750389099
0.3557589054107666;0.08541740477085114
0.34857869148254395;0.08469555526971817
0.35413455963134766;0.0860905647277832
0.34713566303253174;0.08758877217769623
0.3454742729663849;0.08519329130649567
0.34874388575553894;0.08520850539207458
0.3515501022338867;0.08584323525428772
0.3507770299911499;0.08584176003932953
0.35126763582229614;0.0862223356962204
0.3453586995601654;0.08630920946598053
0.345203161239624;0.08298143744468689
0.34897080063819885;0.08407293260097504
0.3400372266769409;0.08254200965166092
0.341304749250412;0.08438869565725327
0.35382527112960815;0.08637569099664688
0.3531420826911926;0.08345001935958862
0.35019606351852417;0.08491277694702148
0.35047897696495056;0.08293627947568893
0.34674423933029175;0.08329331129789352
0.3521480858325958;0.08432608842849731
0.3410171866416931;0.08117713779211044
0.34726887941360474;0.08301414549350739
0.34310150146484375;0.0824093222618103
0.3512189984321594;0.08463004976511002
0.3448776602745056;0.08664679527282715
0.34442874789237976;0.08442384004592896
0.34458616375923157;0.08387681841850281
0.35057181119918823;0.08492808043956757
0.34600192308425903;0.08415668457746506
0.3394700288772583;0.08172649145126343
0.3477071225643158;0.08408579975366592
0.34972238540649414;0.08491181582212448
0.34306633472442627;0.08365537226200104
0.34383314847946167;0.08125755190849304
0.35143882036209106;0.08537127077579498
0.34624022245407104;0.08365960419178009
0.34028327465057373;0.08525536954402924
0.3469002842903137;0.08751624822616577
0.34952670335769653;0.08651874214410782
0.34912732243537903;0.08658867329359055
0.3412568271160126;0.08336976170539856
0.3514716625213623;0.08341169357299805
0.3501931428909302;0.08429350703954697
0.3529011607170105;0.08562576770782471
0.3424720764160156;0.08201238512992859
0.34357619285583496;0.08408324420452118
0.3465524911880493;0.08518275618553162
0.350241482257843;0.08493772149085999
0.3448551893234253;0.08563174307346344
0.34726589918136597;0.08439566940069199
0.3527570366859436;0.08465686440467834
0.3472869396209717;0.08239129930734634
0.3454219698905945;0.08360344171524048
0.3500082492828369;0.08457185328006744
0.34337615966796875;0.08492494374513626
0.3489183187484741;0.08452828228473663
0.3442772626876831;0.08337826281785965
0.3463926315307617;0.0829402282834053
0.3456422686576843;0.08259820938110352
0.34285497665405273;0.0837283581495285
0.34952256083488464;0.08391456305980682
0.3476645350456238;0.08744686841964722
0.34810376167297363;0.08421488851308823
0.34871453046798706;0.08547241240739822
0.3554655909538269;0.0835450142621994
0.3526211380958557;0.08474799990653992
0.3429906964302063;0.08653596043586731
0.345130056142807;0.08436490595340729
0.34432995319366455;0.08533252775669098
0.35027703642845154;0.08503611385822296
0.34321433305740356;0.08593665063381195
0.3443904519081116;0.0838456004858017
0.34336715936660767;0.08381490409374237
0.34621644020080566;0.08417494595050812
0.34307247400283813;0.08445653319358826
0.3425741195678711;0.08205819129943848
0.34453678131103516;0.0843220055103302
0.3474910259246826;0.08422379195690155
0.34694626927375793;0.08519822359085083
0.34645789861679077;0.08504579961299896
0.343790203332901;0.0846426784992218
0.34482455253601074;0.08615843951702118
0.3517634868621826;0.0842013731598854
0.34535735845565796;0.08523783087730408
0.340404748916626;0.08576454222202301
0.35389265418052673;0.08847611397504807
0.34333962202072144;0.08344604820013046
0.3511119484901428;0.08280783146619797
0.34344223141670227;0.08664724975824356
0.3516375422477722;0.0867631584405899
0.34419628977775574;0.08631888031959534
0.3554975986480713;0.08862242102622986
0.35578757524490356;0.08838477730751038
0.349029004573822;0.08483944833278656
0.351504921913147;0.08659107983112335
0.34028735756874084;0.08269955217838287
0.34371721744537354;0.08257152140140533
0.3434070944786072;0.08132204413414001
0.35131600499153137;0.08422034978866577
0.34138113260269165;0.08265160024166107
0.3456927537918091;0.08451585471630096
0.34512490034103394;0.0843091607093811
0.35237517952919006;0.08461570739746094
0.3474976420402527;0.08173839747905731
0.3509925305843353;0.08331423997879028
0.3444410562515259;0.08418314158916473
0.3428577780723572;0.08581110835075378
0.3423718214035034;0.0820857435464859
0.3423526883125305;0.08324562013149261
0.3481217622756958;0.0815841555595398
0.3469962477684021;0.08663469552993774
0.3549885153770447;0.0868825763463974
0.3426121473312378;0.08427904546260834
0.34110724925994873;0.08279009163379669
0.34344738721847534;0.08146095275878906
0.34247756004333496;0.08428843319416046
0.34573477506637573;0.08501788973808289
0.3468046188354492;0.08454231917858124
0.3441222906112671;0.08387290686368942
0.3487181067466736;0.08514650166034698
0.34584909677505493;0.08237670361995697
0.34990590810775757;0.08206349611282349
0.341747522354126;0.08596987277269363
0.34751829504966736;0.08479618281126022
0.34580710530281067;0.08538330346345901
0.34785032272338867;0.08541715145111084
0.3443392217159271;0.08449661731719971
0.3396987020969391;0.08369655907154083
0.34301677346229553;0.08187391608953476
0.3441515564918518;0.0836264044046402
0.339460551738739;0.08271799981594086
0.3431708812713623;0.08345586061477661
0.349134624004364;0.08591663837432861
0.3446023464202881;0.0836261585354805
0.343485951423645;0.0832933858036995
0.3436858057975769;0.08313654363155365
0.3475315570831299;0.08648913353681564
0.3455156087875366;0.08363628387451172
0.3462534546852112;0.08213742077350616
0.3486550748348236;0.08764401823282242
0.3540613353252411;0.08757422864437103
0.3429865837097168;0.08340923488140106
0.3447798192501068;0.08570580184459686
0.3462481200695038;0.08557916432619095
0.3500075936317444;0.08581670373678207
0.3468954563140869;0.08386725187301636
0.34738361835479736;0.0848160907626152
0.34802889823913574;0.08483637124300003
0.34266066551208496;0.08310042321681976
0.3507387638092041;0.08304627239704132
0.3469061851501465;0.08235812187194824
0.3504739999771118;0.08539474010467529
0.3409183621406555;0.08184541761875153
0.35788047313690186;0.08593760430812836
0.344668984413147;0.08367957174777985
0.3372270166873932;0.08158602565526962
0.3548879027366638;0.08540283143520355
0.3434866666793823;0.08369658142328262
0.3500428795814514;0.08438132703304291
0.3455899655818939;0.08317743241786957
0.348228394985199;0.08382710069417953
0.3502297103404999;0.08862946927547455
0.3429422974586487;0.08534146845340729
0.34765613079071045;0.08369304239749908
0.35193806886672974;0.0856148973107338
0.3412107527256012;0.08420246094465256
0.34885674715042114;0.08559390902519226
0.340862512588501;0.08212035894393921
0.34983447194099426;0.08531923592090607
0.35049933195114136;0.0857774019241333
0.3485911190509796;0.08404196053743362
0.34346866607666016;0.0819699838757515
