TV;KL
1.999972939491272;13.892578125
1.4003169536590576;1.2473608255386353
1.4000948667526245;1.2067712545394897
1.4002312421798706;1.2059072256088257
1.4002538919448853;1.2097722291946411
1.400154948234558;1.2062894105911255
1.4005393981933594;1.207179307937622
1.4001543521881104;1.2053717374801636
1.400154948234558;1.2074236869812012
1.4003496170043945;1.2093455791473389
1.4002532958984375;1.2083654403686523
1.4004034996032715;1.2061434984207153
1.400154948234558;1.2064622640609741
1.4001364707946777;1.207520842552185
1.4005022048950195;1.20574152469635
1.4002166986465454;1.2052432298660278
1.4000941514968872;1.2060863971710205
1.4004546403884888;1.2074130773544312
1.4002186059951782;1.2081265449523926
1.400156855583191;1.2077358961105347
1.4002535343170166;1.2085384130477905
1.400309681892395;1.2089052200317383
1.4002538919448853;1.2081356048583984
1.4001580476760864;1.2083485126495361
1.4002313613891602;1.2077503204345703
1.4005022048950195;1.2073111534118652
1.4006829261779785;1.207796335220337
1.4007643461227417;1.207161545753479
1.4001935720443726;1.206844687461853
1.4002532958984375;1.2070000171661377
1.4002528190612793;1.206301212310791
1.4001816511154175;1.2057206630706787
1.400216817855835;1.206668734550476
1.4004113674163818;1.2063379287719727
1.4001554250717163;1.2077186107635498
1.4003076553344727;1.2067108154296875
1.4003081321716309;1.2068040370941162
1.4003669023513794;1.20714271068573
1.4006637334823608;1.2093974351882935
1.4002524614334106;1.20767343044281
1.4010095596313477;1.2090600728988647
1.400118112564087;1.2064987421035767
1.4005028009414673;1.2068393230438232
1.4002175331115723;1.2089365720748901
1.400193452835083;1.2075096368789673
1.4002528190612793;1.2081958055496216
1.4004130363464355;1.2078419923782349
1.4002923965454102;1.2077699899673462
1.4003756046295166;1.205834984779358
1.4000954627990723;1.207309603691101
1.4001939296722412;1.2074601650238037
1.4001574516296387;1.2062824964523315
1.4002525806427002;1.2073668241500854
1.4005414247512817;1.210904836654663
1.4002177715301514;1.2080937623977661
1.4003084897994995;1.208331823348999
1.4001191854476929;1.2064391374588013
1.4001338481903076;1.2075011730194092
1.4002532958984375;1.2075802087783813
1.4001355171203613;1.2073249816894531
1.400638461112976;1.2077867984771729
1.400253176689148;1.2081505060195923
1.4005149602890015;1.2081648111343384
1.4004124402999878;1.2082324028015137
1.4000740051269531;1.2078851461410522
1.4005600214004517;1.2088195085525513
1.400109052658081;1.2079986333847046
1.4003134965896606;1.2080883979797363
1.4003784656524658;1.2060083150863647
1.4004119634628296;1.2060428857803345
1.4001171588897705;1.2070543766021729
1.4007008075714111;1.207552194595337
1.4007821083068848;1.2090728282928467
1.4003746509552002;1.2085808515548706
1.4002752304077148;1.2073721885681152
1.4005318880081177;1.2072635889053345
1.4000465869903564;1.2066584825515747
1.4003506898880005;1.2072285413742065
1.4001195430755615;1.20648193359375
1.4001483917236328;1.2071948051452637
1.4004985094070435;1.2098441123962402
1.4002407789230347;1.208046793937683
1.400097131729126;1.2069740295410156
1.400193452835083;1.2065316438674927
1.4003968238830566;1.20769202709198
1.4004456996917725;1.206892490386963
1.4002537727355957;1.2072067260742188
1.4003688097000122;1.207297444343567
1.4005768299102783;1.2075738906860352
1.4003130197525024;1.2075369358062744
1.4001895189285278;1.2088837623596191
1.400059461593628;1.207947015762329
1.4005630016326904;1.2086143493652344
1.4000952243804932;1.2083882093429565
1.400404691696167;1.2080572843551636
1.4000943899154663;1.2066892385482788
1.4000741243362427;1.2080912590026855
1.400133728981018;1.2086830139160156
1.400195837020874;1.2080005407333374
1.4002536535263062;1.2076575756072998
1.4001121520996094;1.2078298330307007
1.4003140926361084;1.2078980207443237
1.4000968933105469;1.2088907957077026
1.4001541137695312;1.2056037187576294
1.400154709815979;1.2061365842819214
1.4006253480911255;1.2092331647872925
1.400253176689148;1.2070248126983643
1.4000884294509888;1.2084239721298218
1.4007740020751953;1.2081079483032227
1.4001538753509521;1.2067644596099854
1.4001551866531372;1.2065012454986572
1.4000940322875977;1.2071917057037354
1.4002528190612793;1.207058072090149
1.4002412557601929;1.2063969373703003
1.4002745151519775;1.2074663639068604
1.4001712799072266;1.207836389541626
1.400094747543335;1.207183599472046
1.4005030393600464;1.2070213556289673
1.4002771377563477;1.2065415382385254
1.4004067182540894;1.2088901996612549
1.4005780220031738;1.2065232992172241
1.400154709815979;1.2070430517196655
1.400253176689148;1.2071806192398071
1.4001184701919556;1.2077056169509888
1.4001333713531494;1.2069774866104126
1.4001067876815796;1.2099577188491821
1.4002180099487305;1.20757257938385
1.4005026817321777;1.2088723182678223
1.4001452922821045;1.2085691690444946
1.400093913078308;1.2072291374206543
1.4001189470291138;1.2060108184814453
1.4002526998519897;1.2074788808822632
1.4003303050994873;1.207842230796814
1.4006919860839844;1.206095814704895
1.4002537727355957;1.2062370777130127
1.4006128311157227;1.207489013671875
1.400230884552002;1.2075392007827759
1.4005634784698486;1.2072865962982178
1.4001963138580322;1.2077585458755493
1.4000940322875977;1.206876516342163
1.4004732370376587;1.2067782878875732
1.4001550674438477;1.209291934967041
1.4004219770431519;1.206157922744751
1.400404691696167;1.207639455795288
1.400209665298462;1.208432674407959
1.4003982543945312;1.206394910812378
1.4004472494125366;1.2073925733566284
1.400253415107727;1.206584095954895
1.4004943370819092;1.2058866024017334
1.4003132581710815;1.207267165184021
1.4006372690200806;1.2063658237457275
1.400094747543335;1.2054026126861572
1.4001190662384033;1.206181287765503
1.4002466201782227;1.209876298904419
1.4001553058624268;1.2082805633544922
1.4002530574798584;1.2071791887283325
1.4001857042312622;1.207761287689209
1.4004110097885132;1.2070640325546265
1.4001190662384033;1.2047933340072632
1.400403380393982;1.206835389137268
1.4002536535263062;1.206688642501831
1.4001076221466064;1.206721544265747
1.4001957178115845;1.2086893320083618
1.40061616897583;1.2068876028060913
1.4004809856414795;1.2077219486236572
1.4004127979278564;1.2075260877609253
1.4001529216766357;1.2067264318466187
1.4001545906066895;1.2056437730789185
1.400148630142212;1.2071712017059326
1.400253176689148;1.2074763774871826
1.400193452835083;1.2062658071517944
1.4000943899154663;1.206830382347107
1.4001938104629517;1.2064740657806396
1.4000732898712158;1.206307291984558
1.4002530574798584;1.2070354223251343
1.400253415107727;1.2073920965194702
1.4004650115966797;1.2079893350601196
1.4001330137252808;1.207649827003479
1.4001933336257935;1.2073174715042114
1.4001555442810059;1.2069668769836426
1.4001554250717163;1.207902193069458
1.400254249572754;1.20759916305542
1.4001543521881104;1.208905577659607
1.4005696773529053;1.2077698707580566
1.4005624055862427;1.206374168395996
1.400312900543213;1.2071914672851562
1.400133728981018;1.2068350315093994
1.4004037380218506;1.2064859867095947
1.4000946283340454;1.2075759172439575
1.400313377380371;1.2071137428283691
1.4003076553344727;1.2067828178405762
1.4004111289978027;1.207721471786499
1.4004099369049072;1.2082786560058594
1.4003322124481201;1.20899498462677
1.4003512859344482;1.206227421760559
1.4002528190612793;1.2071332931518555
1.400352120399475;1.2077198028564453
1.4002325534820557;1.2087435722351074
1.4002470970153809;1.2063697576522827
1.400216817855835;1.2071223258972168
1.4003686904907227;1.2069997787475586
1.4002540111541748;1.208177089691162
1.4000942707061768;1.2066385746002197
1.4001182317733765;1.2066282033920288
1.4000945091247559;1.2075313329696655
1.4001188278198242;1.206440806388855
1.4000945091247559;1.2062145471572876
1.4000945091247559;1.2070695161819458
1.4003123044967651;1.2089515924453735
1.400205373764038;1.2071468830108643
1.4005626440048218;1.208328127861023
1.4004122018814087;1.2074079513549805
1.4003758430480957;1.2067667245864868
1.4007575511932373;1.2085230350494385
1.4002400636672974;1.2072687149047852
1.4002532958984375;1.2077170610427856
1.400154709815979;1.2094573974609375
1.400543212890625;1.2079674005508423
1.4002176523208618;1.2080481052398682
1.400330662727356;1.2067816257476807
1.4001555442810059;1.2079956531524658
1.4001508951187134;1.2063075304031372
1.400315523147583;1.2080328464508057
1.4001189470291138;1.205120325088501
1.400191068649292;1.2073713541030884
1.4002522230148315;1.2073776721954346
1.4001928567886353;1.2083898782730103
1.4000952243804932;1.2088432312011719
1.4002535343170166;1.2080215215682983
1.4002870321273804;1.208133578300476
1.4006993770599365;1.2083989381790161
1.4006013870239258;1.2087894678115845
1.4001425504684448;1.209192156791687
1.4002059698104858;1.2071269750595093
1.4001545906066895;1.2077957391738892
1.4002044200897217;1.206460952758789
1.4001554250717163;1.207131266593933
1.4003515243530273;1.2075072526931763
1.4002488851547241;1.2098113298416138
1.4003218412399292;1.2078003883361816
1.4002174139022827;1.2065554857254028
1.4000943899154663;1.2072718143463135
1.400154948234558;1.2058135271072388
1.4002538919448853;1.207405924797058
1.40008544921875;1.2087647914886475
1.4000370502471924;1.2076458930969238
1.4003139734268188;1.2062164545059204
1.4004931449890137;1.2074118852615356
1.4002325534820557;1.2074640989303589
1.4002317190170288;1.2063746452331543
1.401384949684143;1.2075614929199219
1.400670051574707;1.207147240638733
1.4004119634628296;1.2083673477172852
1.400193452835083;1.2067770957946777
1.4005777835845947;1.2063945531845093
1.4004944562911987;1.2075875997543335
1.4003443717956543;1.206305980682373
1.400315523147583;1.2058554887771606
1.400193691253662;1.2058407068252563
1.400390386581421;1.2071470022201538
1.40024733543396;1.2070759534835815
1.4001185894012451;1.2070798873901367
1.4005622863769531;1.2076027393341064
1.400285005569458;1.2064788341522217
1.4000978469848633;1.2065439224243164
1.4002538919448853;1.2062971591949463
1.4003996849060059;1.2077388763427734
1.4002543687820435;1.2076921463012695
1.4001545906066895;1.207289218902588
1.4004034996032715;1.206953525543213
1.4004065990447998;1.2074885368347168
1.4000942707061768;1.2072536945343018
1.4000945091247559;1.2062464952468872
1.4002532958984375;1.206026554107666
1.4000948667526245;1.206154227256775
1.4002771377563477;1.2084190845489502
1.4000946283340454;1.2075258493423462
1.400423288345337;1.205969214439392
1.400661587715149;1.2089226245880127
1.4000579118728638;1.20657217502594
1.4001861810684204;1.2081834077835083
1.400562047958374;1.2089710235595703
1.400154948234558;1.2067211866378784
1.4000953435897827;1.207669734954834
1.4003345966339111;1.2071490287780762
1.4000588655471802;1.2090808153152466
1.4001966714859009;1.2070595026016235
1.4002543687820435;1.2074339389801025
1.4001479148864746;1.2074565887451172
1.4001339673995972;1.2077220678329468
1.4001425504684448;1.2078990936279297
1.4004665613174438;1.2074851989746094
1.4000818729400635;1.2072913646697998
1.4001870155334473;1.2051540613174438
1.4001541137695312;1.2069814205169678
1.4001717567443848;1.2075912952423096
1.4002102613449097;1.2084801197052002
1.4001548290252686;1.2056392431259155
1.4001185894012451;1.2066271305084229
1.400098204612732;1.2068822383880615
1.4002330303192139;1.2095134258270264
1.4001060724258423;1.2069898843765259
1.4005217552185059;1.2075554132461548
1.4000591039657593;1.207480788230896
1.4001224040985107;1.206443190574646
1.4004812240600586;1.2083024978637695
1.400660753250122;1.20741605758667
1.400255560874939;1.207792043685913
1.4003130197525024;1.2085398435592651
1.4000731706619263;1.2080482244491577
1.4003134965896606;1.206663727760315
1.4002538919448853;1.2067242860794067
1.4001927375793457;1.207618236541748
1.400192379951477;1.2078092098236084
1.4002044200897217;1.2064437866210938
1.4001569747924805;1.2079333066940308
1.4001548290252686;1.2074302434921265
1.4006377458572388;1.2073973417282104
1.4000957012176514;1.2087090015411377
1.4003441333770752;1.2062938213348389
1.4003148078918457;1.2071231603622437
1.400660514831543;1.206861972808838
1.4000952243804932;1.2088121175765991
1.4002530574798584;1.207862377166748
1.4002312421798706;1.2069458961486816
1.4004037380218506;1.2076988220214844
1.400193214416504;1.210620641708374
1.4003732204437256;1.2080128192901611
1.4003387689590454;1.2082397937774658
1.4004428386688232;1.2071954011917114
1.4005624055862427;1.2077816724777222
1.4001216888427734;1.2078415155410767
1.400215983390808;1.2067980766296387
1.4003759622573853;1.2084790468215942
1.4001195430755615;1.207326889038086
1.4004002809524536;1.2058545351028442
1.400058388710022;1.2068405151367188
1.400193691253662;1.2076555490493774
1.40009343624115;1.2074153423309326
1.4000582695007324;1.207467794418335
1.4006009101867676;1.2095298767089844
1.4001338481903076;1.2064261436462402
1.4004117250442505;1.20785391330719
1.4007211923599243;1.2086986303329468
1.400193691253662;1.2080055475234985
1.400352120399475;1.207254409790039
1.4003114700317383;1.2082641124725342
1.4001505374908447;1.2077497243881226
1.400154948234558;1.2074099779129028
1.4001209735870361;1.2095993757247925
1.4001544713974;1.2069716453552246
1.400412917137146;1.208006501197815
1.4002466201782227;1.2084064483642578
1.40021812915802;1.2056734561920166
1.4000736474990845;1.2060562372207642
1.4001553058624268;1.206212043762207
1.4003136157989502;1.2069445848464966
1.4001939296722412;1.206689476966858
1.4001548290252686;1.206674575805664
1.4008525609970093;1.2088123559951782
1.4004137516021729;1.2090169191360474
1.4000976085662842;1.206772804260254
1.4000948667526245;1.2067304849624634
1.400094985961914;1.2068214416503906
1.4002535343170166;1.2067111730575562
1.4003145694732666;1.2079862356185913
1.4002408981323242;1.2086570262908936
1.400368571281433;1.2063273191452026
1.400119662284851;1.2058485746383667
1.4001553058624268;1.2069761753082275
1.4002176523208618;1.2090085744857788
1.4003686904907227;1.2092125415802002
1.400094747543335;1.208552598953247
1.4001920223236084;1.20852530002594
1.400118350982666;1.2070094347000122
1.4001541137695312;1.2078948020935059
1.400394320487976;1.2065085172653198
1.400142788887024;1.2086704969406128
1.400193214416504;1.2081844806671143
1.400094747543335;1.2065688371658325
1.400253415107727;1.2065939903259277
1.4002536535263062;1.2069830894470215
1.4002526998519897;1.2061609029769897
1.400133490562439;1.2071622610092163
1.4002532958984375;1.2067862749099731
1.4001491069793701;1.2065011262893677
1.4005727767944336;1.20768404006958
1.4001564979553223;1.2078917026519775
1.4002535343170166;1.2064539194107056
1.4005123376846313;1.207240343093872
1.4001933336257935;1.2076351642608643
1.4001551866531372;1.2067480087280273
1.4001939296722412;1.2072092294692993
1.4001963138580322;1.2081563472747803
1.4001727104187012;1.2084983587265015
1.400561809539795;1.2099313735961914
1.4002324342727661;1.207217812538147
1.4000955820083618;1.2075546979904175
1.4001551866531372;1.2072702646255493
1.4000848531723022;1.2091312408447266
1.4000558853149414;1.2082605361938477
1.400313377380371;1.207632303237915
1.4003156423568726;1.205934762954712
1.4008663892745972;1.2078346014022827
1.4001190662384033;1.2080267667770386
1.4004144668579102;1.207025408744812
1.4006175994873047;1.207838773727417
1.4001551866531372;1.2065150737762451
1.400155782699585;1.206544280052185
1.4004112482070923;1.2090364694595337
1.4004218578338623;1.208731770515442
1.4004147052764893;1.2075860500335693
1.4001543521881104;1.2077178955078125
1.400151014328003;1.2092273235321045
1.4001576900482178;1.2076539993286133
1.400153636932373;1.2082905769348145
1.4003431797027588;1.206618309020996
1.4002535343170166;1.2067029476165771
1.4003139734268188;1.2081516981124878
1.4004039764404297;1.2076694965362549
1.4003338813781738;1.2070993185043335
1.400312900543213;1.208450198173523
1.4001967906951904;1.20833158493042
1.4002758264541626;1.208168625831604
1.400059461593628;1.2085211277008057
1.4009205102920532;1.2078789472579956
1.4005262851715088;1.2076551914215088
1.4000952243804932;1.2072352170944214
1.4006925821304321;1.2066516876220703
1.4001927375793457;1.2064534425735474
1.4003524780273438;1.2084641456604004
1.4006373882293701;1.2087477445602417
1.4001550674438477;1.2058361768722534
1.4001778364181519;1.2076995372772217
1.4002183675765991;1.2071056365966797
1.4004130363464355;1.2062463760375977
1.4001553058624268;1.2080165147781372
1.4001538753509521;1.2066011428833008
1.4001991748809814;1.2077126502990723
1.4002172946929932;1.2075189352035522
1.4000948667526245;1.2049152851104736
1.400444507598877;1.2077860832214355
1.4002529382705688;1.2070471048355103
1.400193214416504;1.2083640098571777
1.4006218910217285;1.2079212665557861
1.4005024433135986;1.2064160108566284
1.4000942707061768;1.2081252336502075
1.4000375270843506;1.207310676574707
1.4004424810409546;1.2072303295135498
1.4002323150634766;1.2063382863998413
1.4001544713974;1.2072596549987793
1.4003759622573853;1.2066940069198608
1.400406837463379;1.2091211080551147
1.4003123044967651;1.2066572904586792
1.4001944065093994;1.206209659576416
1.4001332521438599;1.2074952125549316
1.400193214416504;1.2063435316085815
1.4001545906066895;1.2081695795059204
1.400465965270996;1.207213282585144
1.4001551866531372;1.2055130004882812
1.4002176523208618;1.2069772481918335
1.4001562595367432;1.208132266998291
1.4001191854476929;1.2070859670639038
1.4001357555389404;1.20805025100708
1.4002532958984375;1.2060706615447998
1.4003751277923584;1.206807255744934
1.4001346826553345;1.2073689699172974
1.4000946283340454;1.2090052366256714
1.400115966796875;1.207779049873352
1.400231122970581;1.2100510597229004
1.400193214416504;1.2075527906417847
1.4002175331115723;1.2085627317428589
1.4005029201507568;1.206008791923523
1.4004639387130737;1.208736538887024
1.4001542329788208;1.2089650630950928
1.4001444578170776;1.2079341411590576
1.4001193046569824;1.2064461708068848
1.4004414081573486;1.2074317932128906
1.4002320766448975;1.206144094467163
1.400083303451538;1.2058032751083374
1.4002163410186768;1.2082085609436035
1.4002525806427002;1.2066971063613892
1.4001541137695312;1.2083944082260132
1.4004114866256714;1.2069929838180542
1.4000886678695679;1.2078595161437988
1.4001562595367432;1.2066855430603027
1.4001541137695312;1.2072283029556274
1.4001338481903076;1.2066055536270142
1.4001195430755615;1.2068425416946411
1.4004981517791748;1.2079681158065796
1.4007272720336914;1.2091103792190552
1.4001555442810059;1.2063965797424316
1.4001550674438477;1.206403136253357
1.4004915952682495;1.207875370979309
1.4001575708389282;1.2062785625457764
1.4005380868911743;1.208181619644165
1.4001544713974;1.2075371742248535
1.4001429080963135;1.209517478942871
1.4001537561416626;1.2063475847244263
1.4004151821136475;1.206890344619751
1.400254487991333;1.2081423997879028
1.4001548290252686;1.2075707912445068
1.4002702236175537;1.20769464969635
1.4007772207260132;1.2107653617858887
1.40024995803833;1.2080399990081787
1.4000948667526245;1.2098190784454346
1.4001340866088867;1.2068982124328613
1.4000823497772217;1.2060091495513916
1.400315284729004;1.2057738304138184
1.4000946283340454;1.206634759902954
1.4004672765731812;1.206871747970581
1.4003124237060547;1.2059450149536133
1.4005990028381348;1.2089900970458984
1.4001721143722534;1.2080559730529785
1.4006609916687012;1.2074143886566162
1.4002535343170166;1.2079259157180786
1.4001548290252686;1.2070637941360474
1.4000937938690186;1.2070367336273193
1.4002176523208618;1.2061933279037476
1.4002318382263184;1.2061455249786377
1.400046467781067;1.2062633037567139
1.4002530574798584;1.2062548398971558
1.4004865884780884;1.2071977853775024
1.4002747535705566;1.208553671836853
1.4001928567886353;1.2060085535049438
1.4001338481903076;1.206296443939209
1.4001190662384033;1.206798791885376
1.4000946283340454;1.2071086168289185
1.4004048109054565;1.2075793743133545
1.4002410173416138;1.2075899839401245
1.4003993272781372;1.2088781595230103
1.4001545906066895;1.206995964050293
1.4001216888427734;1.2078808546066284
1.4000954627990723;1.2083526849746704
1.4005119800567627;1.2068032026290894
1.4000974893569946;1.2065234184265137
1.4003074169158936;1.2083014249801636
1.400313138961792;1.2066656351089478
1.4001553058624268;1.206602931022644
1.4000855684280396;1.2071653604507446
1.4002529382705688;1.2083559036254883
1.400309681892395;1.2071499824523926
1.400150179862976;1.2084242105484009
1.4000582695007324;1.2071027755737305
1.4004387855529785;1.2071232795715332
1.4000970125198364;1.2078897953033447
1.400153636932373;1.2078598737716675
1.4008352756500244;1.2087723016738892
1.4003514051437378;1.2099953889846802
1.4001538753509521;1.2085009813308716
1.4003682136535645;1.2075194120407104
1.4003159999847412;1.2076019048690796
1.4000937938690186;1.207909345626831
1.4004161357879639;1.2066274881362915
1.4005026817321777;1.2084252834320068
1.4000942707061768;1.2059409618377686
1.400240182876587;1.207334280014038
1.4003125429153442;1.2080780267715454
1.4001539945602417;1.2055792808532715
1.400254487991333;1.2080782651901245
1.4000376462936401;1.2072073221206665
1.400315284729004;1.2046301364898682
1.4001803398132324;1.2055997848510742
1.4003136157989502;1.2084649801254272
1.4003520011901855;1.2086576223373413
1.4001185894012451;1.2061022520065308
1.4004298448562622;1.2086732387542725
1.4000592231750488;1.2078341245651245
1.400094747543335;1.2054452896118164
1.4002540111541748;1.207965612411499
1.4001578092575073;1.208269476890564
1.4003134965896606;1.207276463508606
1.4001933336257935;1.207764983177185
1.4000736474990845;1.2087241411209106
1.400073528289795;1.2066065073013306
1.400351881980896;1.2094873189926147
1.400193452835083;1.2061700820922852
1.4001543521881104;1.2047878503799438
1.4001933336257935;1.2069168090820312
1.400132417678833;1.2068121433258057
1.4005132913589478;1.207253336906433
1.4000585079193115;1.2073259353637695
1.400479793548584;1.2094274759292603
1.400193452835083;1.2072913646697998
1.4002528190612793;1.206182837486267
1.4005050659179688;1.2104936838150024
1.4002325534820557;1.2074146270751953
1.4001935720443726;1.2086262702941895
1.4008740186691284;1.2072614431381226
1.400313138961792;1.2072087526321411
1.400193452835083;1.2081573009490967
1.4002180099487305;1.2066165208816528
1.4002172946929932;1.20956552028656
1.4000940322875977;1.205884337425232
1.400599479675293;1.2073485851287842
1.4000942707061768;1.20718252658844
1.4007148742675781;1.2084048986434937
1.4004801511764526;1.2083001136779785
1.4004037380218506;1.2078180313110352
1.4004124402999878;1.207842469215393
1.4003134965896606;1.2078857421875
1.4002535343170166;1.2088868618011475
1.400253176689148;1.20750093460083
1.4001425504684448;1.20787513256073
1.4002541303634644;1.2063336372375488
1.400156021118164;1.2061461210250854
1.4003764390945435;1.207053780555725
1.4001187086105347;1.2082675695419312
1.4002150297164917;1.2071622610092163
1.4001922607421875;1.2061073780059814
1.4001715183258057;1.2075016498565674
1.400152564048767;1.2079564332962036
1.400299310684204;1.2069917917251587
1.4000581502914429;1.2079992294311523
1.4006972312927246;1.207818865776062
1.400253176689148;1.2065502405166626
1.400278091430664;1.2067371606826782
1.4002861976623535;1.20638906955719
1.4001845121383667;1.208011507987976
1.4001266956329346;1.20714271068573
1.4002172946929932;1.2057558298110962
1.4002492427825928;1.2069180011749268
1.400411605834961;1.2069071531295776
1.4004120826721191;1.2058957815170288
1.400119423866272;1.2074580192565918
1.400094747543335;1.2073441743850708
1.4004034996032715;1.2068666219711304
1.4002537727355957;1.2066246271133423
1.4005552530288696;1.2084414958953857
1.400411605834961;1.2083282470703125
1.4002511501312256;1.2070791721343994
1.400550127029419;1.2081094980239868
1.4001930952072144;1.206675410270691
1.40010666847229;1.208213448524475
1.4002500772476196;1.2075653076171875
1.4000303745269775;1.20729660987854
1.4000589847564697;1.2083005905151367
1.4000943899154663;1.2087432146072388
1.4002535343170166;1.2082436084747314
1.4001935720443726;1.2094279527664185
1.4005317687988281;1.207704782485962
1.4001938104629517;1.206834316253662
1.400241494178772;1.2094734907150269
1.4002419710159302;1.2077968120574951
1.4004119634628296;1.2063589096069336
1.4001190662384033;1.2061553001403809
1.4003130197525024;1.2068650722503662
1.4002057313919067;1.2064768075942993
1.4002177715301514;1.2070297002792358
1.4000946283340454;1.2062115669250488
1.400193452835083;1.2055710554122925
1.4000380039215088;1.2068499326705933
1.4003756046295166;1.2065240144729614
1.4001176357269287;1.207086205482483
1.4004019498825073;1.2068456411361694
1.4001338481903076;1.2088197469711304
1.4002536535263062;1.207353949546814
1.4001717567443848;1.206758975982666
1.4000881910324097;1.2097338438034058
1.4003132581710815;1.2073228359222412
1.4002532958984375;1.2067160606384277
1.4003397226333618;1.2068065404891968
1.4000377655029297;1.2071075439453125
1.4003756046295166;1.2088210582733154
1.4000579118728638;1.2076771259307861
1.4003138542175293;1.2072933912277222
1.4001548290252686;1.2076383829116821
1.4001717567443848;1.2053241729736328
1.4002537727355957;1.207082986831665
1.4005392789840698;1.2080610990524292
1.4001481533050537;1.2079049348831177
1.4001927375793457;1.2060401439666748
1.4003759622573853;1.2081294059753418
1.400094747543335;1.2076255083084106
1.4002526998519897;1.205820083618164
1.400217056274414;1.2082059383392334
1.4003758430480957;1.206207036972046
1.4000732898712158;1.208319902420044
1.4002171754837036;1.2088220119476318
1.400232195854187;1.2088356018066406
1.4002923965454102;1.20717191696167
1.400600552558899;1.2062087059020996
1.4000725746154785;1.207452654838562
1.4002925157546997;1.2076451778411865
1.4001065492630005;1.207370400428772
1.4000972509384155;1.2070348262786865
1.4000941514968872;1.207092523574829
1.4000941514968872;1.2065119743347168
1.4001187086105347;1.207441806793213
1.400797963142395;1.2098101377487183
1.4001544713974;1.2063729763031006
1.4002180099487305;1.2096092700958252
1.400404453277588;1.2054831981658936
1.4006258249282837;1.2084763050079346
1.4004122018814087;1.2081365585327148
1.4004658460617065;1.2080310583114624
1.4002540111541748;1.2074917554855347
1.4001582860946655;1.2077114582061768
1.4003515243530273;1.2073700428009033
1.4003549814224243;1.2084920406341553
1.4004961252212524;1.2070578336715698
1.4002563953399658;1.2059189081192017
1.4004789590835571;1.2079124450683594
1.4000587463378906;1.2085390090942383
1.4004924297332764;1.2070255279541016
1.4001544713974;1.2078508138656616
1.4002422094345093;1.2068125009536743
1.4004771709442139;1.2071999311447144
1.4000740051269531;1.2064911127090454
1.400678038597107;1.2098443508148193
1.4004456996917725;1.2070881128311157
1.4003328084945679;1.207227110862732
1.4001420736312866;1.2070274353027344
1.4002532958984375;1.2074494361877441
1.4004113674163818;1.2073649168014526
1.400154709815979;1.2057759761810303
1.4001924991607666;1.2073462009429932
1.4000957012176514;1.2095746994018555
1.4002541303634644;1.2072421312332153
1.400433897972107;1.208878517150879
1.400254487991333;1.206788182258606
1.4001355171203613;1.2077058553695679
1.4000606536865234;1.2075600624084473
1.400193452835083;1.2069967985153198
1.4007357358932495;1.2081384658813477
1.4001193046569824;1.2082048654556274
1.400232195854187;1.2087239027023315
1.4004216194152832;1.2088485956192017
1.400136113166809;1.2073900699615479
1.400344729423523;1.207790493965149
1.4002779722213745;1.207897424697876
1.4002325534820557;1.2074434757232666
1.4004148244857788;1.207702875137329
1.4000979661941528;1.2064356803894043
1.400193452835083;1.2056889533996582
1.4003345966339111;1.2089059352874756
1.4002773761749268;1.2067561149597168
1.4002536535263062;1.207585334777832
1.4001538753509521;1.207446575164795
1.4003136157989502;1.2065021991729736
1.400094985961914;1.2066632509231567
1.4002180099487305;1.206227421760559
1.4000589847564697;1.2070244550704956
1.4000974893569946;1.2067817449569702
1.4003081321716309;1.2069010734558105
1.4001191854476929;1.2053186893463135
1.4001187086105347;1.206794261932373
1.4000587463378906;1.2084622383117676
1.4002407789230347;1.2075881958007812
1.4006013870239258;1.2078388929367065
1.4006611108779907;1.2069978713989258
1.4003126621246338;1.2085938453674316
1.4001572132110596;1.2064054012298584
1.400313138961792;1.2068901062011719
1.400046706199646;1.2077114582061768
1.4001864194869995;1.208560824394226
1.4001544713974;1.2080111503601074
1.4001550674438477;1.2072970867156982
1.4001545906066895;1.2073506116867065
1.400193452835083;1.2071118354797363
1.4004111289978027;1.2079271078109741
1.4004122018814087;1.2062913179397583
1.4004905223846436;1.205601692199707
1.4002115726470947;1.2068287134170532
1.4004119634628296;1.2061437368392944
1.4001544713974;1.2069655656814575
1.4000948667526245;1.2085306644439697
1.4003140926361084;1.207112193107605
1.400490164756775;1.2066713571548462
1.4001938104629517;1.2063329219818115
1.4005656242370605;1.2085751295089722
1.4001543521881104;1.2067841291427612
1.4001426696777344;1.2081685066223145
1.4002654552459717;1.206429123878479
1.4004039764404297;1.2081376314163208
1.4001431465148926;1.207890272140503
1.4003127813339233;1.2092194557189941
1.4001190662384033;1.2071884870529175
1.400253176689148;1.2057061195373535
1.4002528190612793;1.2072354555130005
1.4001574516296387;1.2069108486175537
1.4001550674438477;1.2087563276290894
1.4000376462936401;1.2073581218719482
1.400313377380371;1.2081700563430786
1.400118350982666;1.208743691444397
1.4003057479858398;1.209312915802002
1.4001554250717163;1.2061846256256104
1.4001929759979248;1.2061692476272583
1.4001930952072144;1.2090405225753784
1.4001191854476929;1.2061518430709839
1.400467038154602;1.2088377475738525
1.400256633758545;1.207184910774231
1.400098204612732;1.2057527303695679
1.4000827074050903;1.2070273160934448
1.400134563446045;1.2065179347991943
1.4001544713974;1.2073383331298828
1.4000593423843384;1.206296443939209
1.4000942707061768;1.2060322761535645
1.4009168148040771;1.2093063592910767
1.4001439809799194;1.2067451477050781
1.400229573249817;1.2090259790420532
1.400410532951355;1.2074337005615234
1.4001545906066895;1.2080518007278442
1.400094985961914;1.2085087299346924
1.400411605834961;1.2070244550704956
1.4001331329345703;1.2078065872192383
1.4008797407150269;1.207709789276123
1.4004353284835815;1.2072051763534546
1.4000952243804932;1.2063665390014648
1.400142788887024;1.2085256576538086
1.4002532958984375;1.2076114416122437
1.4000942707061768;1.207651138305664
1.4001922607421875;1.2085155248641968
1.4005910158157349;1.2073653936386108
1.4001946449279785;1.2075916528701782
1.4001189470291138;1.206756591796875
1.400193691253662;1.207228183746338
1.4002177715301514;1.2062067985534668
1.4001548290252686;1.2062846422195435
1.4004042148590088;1.2060140371322632
1.4001569747924805;1.2087944746017456
1.4003674983978271;1.207629919052124
1.400094985961914;1.2067904472351074
1.4000941514968872;1.2060822248458862
1.4000587463378906;1.2049520015716553
1.4001528024673462;1.2080289125442505
1.4001941680908203;1.2089977264404297
1.4001548290252686;1.2072957754135132
1.4002317190170288;1.2075567245483398
1.4001344442367554;1.206657886505127
1.4001545906066895;1.2067209482192993
1.4000473022460938;1.2075321674346924
1.4001548290252686;1.2073347568511963
1.4001935720443726;1.2068003416061401
1.4001193046569824;1.2061729431152344
1.4001556634902954;1.2060656547546387
1.4000983238220215;1.2076027393341064
1.4001424312591553;1.2072185277938843
1.400303602218628;1.2080004215240479
1.400313138961792;1.2068417072296143
1.4002176523208618;1.2076365947723389
1.4001545906066895;1.2082407474517822
1.4001554250717163;1.2065463066101074
1.4001193046569824;1.2090823650360107
1.4000937938690186;1.2062158584594727
1.4001197814941406;1.2104911804199219
1.4002423286437988;1.206864356994629
1.4004546403884888;1.2076095342636108
1.400343418121338;1.2072908878326416
1.4004037380218506;1.2079541683197021
1.400155782699585;1.207741618156433
1.400659441947937;1.2081807851791382
1.400193452835083;1.20561945438385
1.4003827571868896;1.2088061571121216
1.4002171754837036;1.2063827514648438
1.4001569747924805;1.2081372737884521
1.4000589847564697;1.206275224685669
1.4002325534820557;1.2062324285507202
1.400154709815979;1.2073018550872803
1.4004226922988892;1.2084109783172607
1.4003138542175293;1.2065653800964355
1.4001548290252686;1.2086173295974731
1.4001544713974;1.20610773563385
1.4001555442810059;1.2085747718811035
1.400443196296692;1.2072917222976685
1.400094747543335;1.2081363201141357
1.4001929759979248;1.207972764968872
1.4001349210739136;1.2078278064727783
1.4001190662384033;1.2060655355453491
1.4001175165176392;1.206871747970581
1.400172233581543;1.2069898843765259
1.4001550674438477;1.2058660984039307
1.4000940322875977;1.2082343101501465
1.4002541303634644;1.2069592475891113
1.4004554748535156;1.205997109413147
1.4002320766448975;1.2070698738098145
1.4001550674438477;1.2061508893966675
1.4001961946487427;1.2080062627792358
1.4001551866531372;1.207105278968811
1.400192379951477;1.2063795328140259
1.4003527164459229;1.2068727016448975
1.4002529382705688;1.2058675289154053
1.400246262550354;1.207606554031372
1.4001541137695312;1.2075092792510986
1.4001954793930054;1.2074522972106934
1.4002324342727661;1.2070131301879883
1.4002543687820435;1.2090996503829956
1.400193691253662;1.2062764167785645
1.4005017280578613;1.2059690952301025
1.4000952243804932;1.2065913677215576
1.4002927541732788;1.2078086137771606
1.4001433849334717;1.2076282501220703
1.4002535343170166;1.207348346710205
1.4001834392547607;1.209922432899475
1.4003123044967651;1.210581660270691
1.4000940322875977;1.207462191581726
1.4005032777786255;1.2092342376708984
1.400094985961914;1.2070215940475464
1.400277853012085;1.2080081701278687
1.4001553058624268;1.2082979679107666
1.4002536535263062;1.2079952955245972
1.4001964330673218;1.2079062461853027
1.40041184425354;1.2067300081253052
1.4003682136535645;1.208338975906372
1.4001550674438477;1.2075291872024536
1.400232195854187;1.2071269750595093
1.4001578092575073;1.2075449228286743
1.4002052545547485;1.2061022520065308
1.4003489017486572;1.209810495376587
1.400625228881836;1.207985281944275
1.4002413749694824;1.2076901197433472
1.4006836414337158;1.2084639072418213
1.4002562761306763;1.207144856452942
1.4004114866256714;1.2083631753921509
1.4002418518066406;1.2073894739151
1.4000877141952515;1.2067681550979614
1.4000945091247559;1.2060651779174805
1.400181531906128;1.207961082458496
1.400254487991333;1.20694100856781
1.4003974199295044;1.2078602313995361
1.4000524282455444;1.2077747583389282
1.4002525806427002;1.2074772119522095
1.400275707244873;1.2074530124664307
1.4001328945159912;1.2061713933944702
1.400154948234558;1.2070741653442383
1.4005417823791504;1.2084826231002808
1.4006507396697998;1.2074698209762573
1.4004418849945068;1.207679271697998
1.4001544713974;1.206845760345459
1.4000954627990723;1.2077558040618896
1.4007326364517212;1.2103755474090576
1.4001964330673218;1.206933856010437
1.4001550674438477;1.206913709640503
1.400083303451538;1.2077635526657104
1.4003121852874756;1.206266164779663
1.4001550674438477;1.2084743976593018
1.4002513885498047;1.2075412273406982
1.4000954627990723;1.2074096202850342
1.4002535343170166;1.2074923515319824
1.4005634784698486;1.2066092491149902
1.400094747543335;1.2090694904327393
1.4001953601837158;1.2079559564590454
1.4000945091247559;1.2059019804000854
1.4003130197525024;1.2061436176300049
1.4003525972366333;1.2078279256820679
1.4001182317733765;1.2074629068374634
1.4001424312591553;1.208093285560608
1.4000952243804932;1.2061430215835571
1.4006376266479492;1.2069860696792603
1.4000827074050903;1.2069528102874756
1.40021812915802;1.2069021463394165
1.4001339673995972;1.2101047039031982
1.4003150463104248;1.2083243131637573
1.4001725912094116;1.209021806716919
1.40030038356781;1.2060927152633667
1.4000943899154663;1.2071279287338257
1.4002535343170166;1.2077059745788574
1.4001555442810059;1.2065860033035278
1.4005616903305054;1.205720067024231
1.4002537727355957;1.2075445652008057
1.4001545906066895;1.2085177898406982
1.4001944065093994;1.2067244052886963
1.4004420042037964;1.2088490724563599
1.4000948667526245;1.2060625553131104
1.4002532958984375;1.2084485292434692
1.4000943899154663;1.2065261602401733
1.400383472442627;1.2075554132461548
1.4001556634902954;1.2081328630447388
1.4001330137252808;1.2068508863449097
1.4007365703582764;1.2081724405288696
1.4001723527908325;1.206286072731018
1.4000808000564575;1.208427906036377
1.4005388021469116;1.2095117568969727
1.4002528190612793;1.206501841545105
1.4002492427825928;1.2092691659927368
1.4002922773361206;1.208010196685791
1.4001188278198242;1.2071828842163086
1.4000587463378906;1.2063037157058716
1.40041184425354;1.2069514989852905
1.4004403352737427;1.2077281475067139
1.400038242340088;1.2079967260360718
1.4002532958984375;1.2081772089004517
1.4010117053985596;1.2072491645812988
1.4001933336257935;1.2076865434646606
1.4000952243804932;1.2074768543243408
1.4003158807754517;1.2080334424972534
1.4001553058624268;1.2061570882797241
1.4001891613006592;1.2099107503890991
1.4001818895339966;1.207146406173706
1.4000952243804932;1.2074233293533325
1.4001935720443726;1.206074595451355
1.4001930952072144;1.2076150178909302
1.4004100561141968;1.2077956199645996
1.4002532958984375;1.2087520360946655
1.4001185894012451;1.2090002298355103
1.4003181457519531;1.2077150344848633
1.400217056274414;1.2059985399246216
1.4006319046020508;1.2080529928207397
1.4002506732940674;1.2072008848190308
1.4002313613891602;1.2063801288604736
1.400254249572754;1.2064142227172852
1.400193452835083;1.2063450813293457
1.4001426696777344;1.208621859550476
1.4002766609191895;1.2075073719024658
1.4002920389175415;1.2072159051895142
1.4004130363464355;1.2073477506637573
1.4004043340682983;1.20852792263031
1.4003154039382935;1.2074211835861206
1.400216817855835;1.2088842391967773
1.4004040956497192;1.2061597108840942
1.4006248712539673;1.2076928615570068
1.4004037380218506;1.2070695161819458
1.400150179862976;1.2090860605239868
1.4001564979553223;1.205489993095398
1.4002532958984375;1.2077566385269165
1.400193691253662;1.207614779472351
1.4001193046569824;1.2070724964141846
1.4003753662109375;1.2089531421661377
1.4008275270462036;1.208755373954773
1.4001929759979248;1.2058510780334473
1.4001543521881104;1.2056690454483032
1.4001719951629639;1.2051982879638672
1.4002165794372559;1.207231879234314
1.4003546237945557;1.2078865766525269
1.4002175331115723;1.2057842016220093
1.4002171754837036;1.2068158388137817
1.4002529382705688;1.2069334983825684
1.4003134965896606;1.208945870399475
1.4004663228988647;1.2065412998199463
1.4002423286437988;1.2056976556777954
1.4001554250717163;1.2060927152633667
1.4002528190612793;1.2068713903427124
1.400122046470642;1.2086403369903564
1.4003512859344482;1.2087587118148804
1.4003435373306274;1.2067201137542725
1.4004124402999878;1.2077988386154175
1.4003653526306152;1.2078953981399536
1.400151014328003;1.2068744897842407
1.4002320766448975;1.2069569826126099
1.4002498388290405;1.2062149047851562
1.400831937789917;1.2071139812469482
1.4002537727355957;1.2065232992172241
1.4000463485717773;1.2074248790740967
1.4001545906066895;1.2079403400421143
1.4000977277755737;1.2069439888000488
1.4001574516296387;1.2071963548660278
1.4003443717956543;1.206729769706726
1.4000823497772217;1.206426978111267
1.4001924991607666;1.2082133293151855
1.400322675704956;1.2084643840789795
1.4002982378005981;1.2068331241607666
1.4003524780273438;1.2066110372543335
1.4001966714859009;1.2065322399139404
1.400353193283081;1.2062662839889526
1.4002327919006348;1.207092523574829
1.4001569747924805;1.2078570127487183
1.40021812915802;1.2086408138275146
1.400503158569336;1.2088738679885864
1.4002177715301514;1.2068475484848022
1.400511384010315;1.208077073097229
1.400787591934204;1.2074998617172241
1.4004982709884644;1.2081152200698853
1.400315761566162;1.206619143486023
1.400559663772583;1.206394910812378
1.400253415107727;1.2087773084640503
1.400352120399475;1.2075564861297607
1.4001550674438477;1.2069108486175537
1.400309681892395;1.2064626216888428
1.4007890224456787;1.2068302631378174
1.4004123210906982;1.207431674003601
1.4003510475158691;1.2068660259246826
1.4000942707061768;1.2054123878479004
1.4000827074050903;1.209036946296692
1.4005308151245117;1.2081221342086792
1.4001545906066895;1.208908200263977
1.4003677368164062;1.2067512273788452
1.4003510475158691;1.2089742422103882
1.4002535343170166;1.2062480449676514
1.4000946283340454;1.2066720724105835
1.4001060724258423;1.2067275047302246
1.4001550674438477;1.2071505784988403
1.4003756046295166;1.2057085037231445
1.4000940322875977;1.2055598497390747
1.4002171754837036;1.207587480545044
1.4006978273391724;1.207538366317749
1.4001938104629517;1.2080810070037842
1.4003376960754395;1.2061375379562378
1.4000976085662842;1.2083489894866943
1.4001834392547607;1.206550121307373
1.400151014328003;1.2054684162139893
1.4002184867858887;1.206343650817871
1.4003753662109375;1.2096836566925049
1.4002196788787842;1.2071821689605713
1.400154709815979;1.2053545713424683
1.400193691253662;1.2070903778076172
1.400795817375183;1.208739995956421
1.4001551866531372;1.2089787721633911
1.4001928567886353;1.2080118656158447
1.400094985961914;1.207734227180481
1.400253415107727;1.206924557685852
1.400443434715271;1.2079598903656006
1.400172233581543;1.2080453634262085
1.4007883071899414;1.2082993984222412
1.4001189470291138;1.2084161043167114
1.400116205215454;1.2077162265777588
1.400193452835083;1.207444190979004
1.4001535177230835;1.2073866128921509
1.4001193046569824;1.2066380977630615
1.4001939296722412;1.2062612771987915
1.4001497030258179;1.206831693649292
1.400322675704956;1.2068099975585938
1.4000813961029053;1.2062879800796509
1.400193214416504;1.2067338228225708
1.4006154537200928;1.2080490589141846
1.4003136157989502;1.206264853477478
1.4004788398742676;1.2077794075012207
1.4003005027770996;1.2070722579956055
1.4002468585968018;1.207041621208191
1.4005664587020874;1.207728385925293
1.4001550674438477;1.2067104578018188
1.4001330137252808;1.2081717252731323
1.4003127813339233;1.2089260816574097
1.4003510475158691;1.2077370882034302
1.4002772569656372;1.2071611881256104
1.4000945091247559;1.2069127559661865
1.400057315826416;1.2061245441436768
1.4000587463378906;1.208074927330017
1.4002529382705688;1.207012414932251
1.4005035161972046;1.2067540884017944
1.400331735610962;1.208235502243042
1.4002931118011475;1.2092262506484985
1.4004437923431396;1.2081018686294556
1.4003515243530273;1.2067947387695312
1.4002470970153809;1.208604097366333
1.4003682136535645;1.2063008546829224
1.400376319885254;1.208031177520752
1.4001572132110596;1.2077573537826538
1.4002516269683838;1.2082408666610718
1.4004530906677246;1.2083896398544312
1.4001930952072144;1.2072417736053467
1.4003143310546875;1.2070475816726685
1.400193691253662;1.206590175628662
1.400141954421997;1.2070132493972778
1.4000942707061768;1.2056962251663208
1.4000520706176758;1.2064541578292847
1.4005028009414673;1.2077126502990723
1.4000834226608276;1.2079540491104126
1.4002742767333984;1.2081149816513062
1.4005100727081299;1.2071278095245361
1.4000736474990845;1.2061505317687988
1.4003995656967163;1.2089768648147583
1.4001563787460327;1.2067301273345947
1.4001929759979248;1.2075049877166748
1.4000827074050903;1.206549048423767
1.4001188278198242;1.2055611610412598
1.4004600048065186;1.207013726234436
1.4008535146713257;1.2088900804519653
1.4000585079193115;1.2081161737442017
1.400111436843872;1.2061129808425903
1.400498390197754;1.2073107957839966
1.4004541635513306;1.2071365118026733
1.4001519680023193;1.2059495449066162
1.4003359079360962;1.2060171365737915
1.4006719589233398;1.2072429656982422
1.4000601768493652;1.2068535089492798
1.400443196296692;1.208168625831604
1.400094747543335;1.2066797018051147
1.4004456996917725;1.2082562446594238
1.4001569747924805;1.2079052925109863
1.400154948234558;1.206846833229065
1.4001554250717163;1.2063264846801758
1.4004123210906982;1.2064580917358398
1.4001814126968384;1.206727385520935
1.4001190662384033;1.2069870233535767
1.4008538722991943;1.2069181203842163
1.4001191854476929;1.2062689065933228
1.4000740051269531;1.2063978910446167
1.400094985961914;1.2072147130966187
1.4003134965896606;1.2058873176574707
1.4000378847122192;1.2076083421707153
1.4001545906066895;1.207646369934082
1.4000873565673828;1.2060712575912476
1.400490164756775;1.2080893516540527
1.4000978469848633;1.206990122795105
1.4000941514968872;1.2067675590515137
1.4002150297164917;1.2078133821487427
1.400115728378296;1.2070931196212769
1.4005205631256104;1.2068688869476318
1.400352954864502;1.2070540189743042
1.4000948667526245;1.206465721130371
1.4000946283340454;1.2056920528411865
1.4002406597137451;1.207668423652649
1.4002410173416138;1.2074992656707764
1.400428295135498;1.2081732749938965
1.4002646207809448;1.2070585489273071
1.4001555442810059;1.2072436809539795
1.4001567363739014;1.209214448928833
1.4001126289367676;1.2080652713775635
1.4001424312591553;1.2076181173324585
1.4002498388290405;1.2058743238449097
1.4001935720443726;1.207346796989441
1.4006462097167969;1.2076674699783325
1.4001193046569824;1.2066622972488403
1.4007902145385742;1.2083632946014404
1.4005417823791504;1.2067968845367432
1.4009664058685303;1.2092241048812866
1.40076744556427;1.2098602056503296
1.4001338481903076;1.2072242498397827
1.4001867771148682;1.2059683799743652
1.4001537561416626;1.2067127227783203
1.4001182317733765;1.2069551944732666
1.4005284309387207;1.2073510885238647
1.400253176689148;1.2070705890655518
1.4001553058624268;1.2069494724273682
1.400181770324707;1.2071799039840698
1.4001935720443726;1.2060561180114746
1.4005626440048218;1.2078545093536377
1.400230884552002;1.2094776630401611
1.400153636932373;1.2066371440887451
1.400538682937622;1.2087268829345703
1.4004603624343872;1.2071576118469238
1.4006383419036865;1.2074657678604126
1.4004449844360352;1.2079375982284546
1.4002526998519897;1.2089016437530518
1.4000952243804932;1.2066302299499512
1.4000943899154663;1.2075328826904297
1.400253415107727;1.2097365856170654
1.4005999565124512;1.2081265449523926
1.400555968284607;1.2070692777633667
1.400193452835083;1.2066075801849365
1.4003514051437378;1.2083369493484497
1.4002538919448853;1.208512306213379
1.4001555442810059;1.206595778465271
1.400153398513794;1.2061594724655151
1.4001970291137695;1.2075083255767822
1.4001717567443848;1.2058947086334229
1.4001222848892212;1.2076165676116943
1.4000592231750488;1.2052081823349
1.4000734090805054;1.2081530094146729
1.4006019830703735;1.2076433897018433
1.4002269506454468;1.2079938650131226
1.4003899097442627;1.2061301469802856
1.4001340866088867;1.2065738439559937
1.4007422924041748;1.2091928720474243
1.4003227949142456;1.2067797183990479
1.400490641593933;1.2096030712127686
1.4001480340957642;1.2083892822265625
1.4003556966781616;1.207865595817566
1.400313377380371;1.2085567712783813
1.4004122018814087;1.2077938318252563
1.400253176689148;1.2071173191070557
1.4003159999847412;1.2079390287399292
1.4000946283340454;1.2070069313049316
1.4006010293960571;1.2087633609771729
1.400193214416504;1.20745050907135
1.400088906288147;1.2067689895629883
1.4002537727355957;1.2074495553970337
1.4000953435897827;1.205742359161377
1.4003119468688965;1.2078009843826294
1.4004015922546387;1.2071247100830078
1.4001179933547974;1.2071564197540283
1.400317907333374;1.2076222896575928
1.400253415107727;1.206413745880127
1.4001553058624268;1.2074865102767944
1.400231957435608;1.2080984115600586
1.4001555442810059;1.2070167064666748
1.4000729322433472;1.2076078653335571
1.4000948667526245;1.207572340965271
1.4002989530563354;1.2070475816726685
1.4003132581710815;1.207240104675293
1.4001566171646118;1.2067210674285889
1.4003679752349854;1.2071763277053833
1.4003514051437378;1.2067569494247437
1.4001554250717163;1.2075316905975342
1.4001930952072144;1.2060234546661377
1.4003713130950928;1.2087818384170532
1.400094747543335;1.2080471515655518
1.4000940322875977;1.2094485759735107
1.4002541303634644;1.2066705226898193
1.4000959396362305;1.206051230430603
1.4002166986465454;1.2084647417068481
1.4004039764404297;1.2085050344467163
1.4002702236175537;1.2081953287124634
1.4001555442810059;1.2079732418060303
1.4001065492630005;1.2085875272750854
1.4002176523208618;1.2081241607666016
1.4001545906066895;1.2064735889434814
1.4003913402557373;1.2056728601455688
1.4002166986465454;1.206562876701355
1.4004034996032715;1.2060463428497314
1.4006245136260986;1.2059898376464844
1.4000945091247559;1.207202672958374
1.4001715183258057;1.2087476253509521
1.4003735780715942;1.2075436115264893
1.400252342224121;1.206768274307251
1.4005355834960938;1.2069308757781982
1.4002646207809448;1.2073249816894531
1.4001928567886353;1.2060647010803223
1.4000942707061768;1.2072323560714722
1.4000868797302246;1.2075947523117065
1.4002536535263062;1.2073031663894653
1.4002536535263062;1.2065091133117676
1.4004663228988647;1.208646297454834
1.4000372886657715;1.2083487510681152
1.4003398418426514;1.2077802419662476
1.4001429080963135;1.2066816091537476
1.4001809358596802;1.20722234249115
1.4000943899154663;1.2071377038955688
1.4000945091247559;1.2088847160339355
1.4002306461334229;1.2086715698242188
1.4000585079193115;1.2061505317687988
1.4002102613449097;1.207596778869629
1.4003520011901855;1.2065653800964355
1.4001729488372803;1.207866907119751
1.400313377380371;1.20778489112854
1.400390863418579;1.2068496942520142
1.400192379951477;1.2059212923049927
1.400411605834961;1.207985520362854
1.4001479148864746;1.2075270414352417
1.4005628824234009;1.207735538482666
1.4003924131393433;1.2087360620498657
1.4001966714859009;1.2064720392227173
1.4001933336257935;1.2085065841674805
1.4000940322875977;1.2063279151916504
1.400343418121338;1.20767080783844
1.4000593423843384;1.2072330713272095
1.4000909328460693;1.2073657512664795
1.4007365703582764;1.2071833610534668
1.400253176689148;1.2062362432479858
1.4007673263549805;1.2079875469207764
1.4001939296722412;1.207829475402832
1.4000976085662842;1.2098673582077026
1.4001545906066895;1.2061433792114258
1.4002169370651245;1.2075839042663574
1.4002528190612793;1.207399845123291
1.4001193046569824;1.2053823471069336
1.4002530574798584;1.2070828676223755
1.400217056274414;1.2066329717636108
1.4001575708389282;1.2075366973876953
1.4003760814666748;1.2077122926712036
1.4001712799072266;1.2068246603012085
1.4003123044967651;1.2073169946670532
1.4001545906066895;1.2058641910552979
1.4004218578338623;1.2061481475830078
1.4001715183258057;1.2074718475341797
1.4001573324203491;1.2064623832702637
1.4000940322875977;1.2078675031661987
1.400479793548584;1.208668828010559
1.4000834226608276;1.2073227167129517
1.400238037109375;1.2071199417114258
